0 0
-0.9979633579977525 -0.06378978048127924
-0.5995955367828185 -0.9810155318753766
0.40033489056348714 -0.9928113136228717
-0.053663868255306 -0.10180899769378537
0.6563748381108747 0.6023536507489169
-0.1634005999102628 0.029668544239892958
0.5364234561425825 -0.6846467156907234
0.2250304510710352 0.2656345039450807
0.4534803858743707 -0.7079211581967157
0.47327041939589265 -1.707725316306301
-0.4018999679467925 -2.1915401498102507
-1.199490678668877 -1.5883411294447995
-2.18285177669823 -1.7700027678897539
-2.1706980880129354 -0.7700766266916447
-2.8163034825054174 -0.006405444439618879
-2.6980763704344355 -0.999392025401998
-1.6980764328491877 -0.9997453375878945
-1.9235288309496792 -1.9739995221776954
-0.9419241444054068 -1.7830748266710092
-1.5302084740899966 -0.9744206685492861
-0.5707354740464027 -1.2562212402082975
0.1869481637317294 -1.908843263314549
-0.6091525717617086 -1.3036791376867924
-1.5997242078244929 -1.1666833938554653
-0.8198575288168874 -1.7926290488237289
0.1703849625854672 -1.9319840208242196
1.0115752715969202 -1.3912448378300368
0.09201001179986634 -0.9983075235235729
-0.47657506785479065 -1.820931986564946
0.3669515983926509 -2.358019282383305
0.14711401777466318 -3.3335557697316918
0.46776846087281876 -4.280752015565369
0.9931594373197355 -3.4298910857606475
1.113869006211154 -4.422578952100339
1.1547463937340938 -5.421743122389335
2.1520934788094914 -5.348950321291918
1.4750062198821994 -6.0848530620113195
1.5923408226507376 -7.077945500303521
0.8662845076222524 -6.390310257309638
0.6329605748638455 -7.362709322715478
0.05003417897646267 -6.550184358804986
-0.10759688899662675 -5.562686284675389
-0.9594829022166561 -5.038959046048178
-1.8479722011729587 -4.580061709337517
-2.844876800367948 -4.658682445176589
-3.1250930112826176 -3.698745533113809
-3.9337867904633566 -3.1105156702928416
-3.2495454317964163 -2.3812600476956485
-3.4367210298742643 -3.363586518622804
-2.649093786404104 -3.9797385496537805
-1.8238364176432815 -3.414981721181593
-1.5642096411299722 -4.380690754440218
-1.2776714591968927 -3.4226219310801813
-1.7038275015087745 -2.5179722598808416
-2.3776094764705356 -3.2569024664745556
-3.299112878504972 -2.868532179198405
-3.7851255817925518 -1.9945804343960396
-3.017758356813367 -1.35337255700545
-2.0733204042008535 -1.0246828040999418
-1.8907650828623774 -0.041487220987911244
-1.6142383768440869 -1.0024934545049857
-2.612035255746466 -0.9361504936675954
-1.6260982350967788 -0.7690331956029768
-1.7522933833076193 -1.7610386313582675
-2.752262364669744 -1.7531623179062696
-3.568983494609735 -2.3301948957643526
-4.08691672429231 -1.4747738476304073
-4.481413483653414 -0.5558765155776979
-4.227739248399552 0.41141319405864896
-4.423649307646967 -0.5692086742910603
-4.039962971444356 0.35425480382348706
-4.998966489711117 0.07086064024213473
-4.075827598262048 -0.31360598652042915
-3.298533550183499 -0.9427434618162998
-3.028145852826846 0.020008060186219256
-2.0600462319566404 -0.23055754813017476
-1.7309783081057706 0.7137487059487009
-2.592373846994531 1.221683471034279
-2.669149263535583 2.218731882805216
-3.422863022089855 1.5615290448883419
-2.6515125508517077 2.197939643889245
-3.1988895258334167 1.361053482419315
-2.8585189173138352 0.42076211860913415
-3.7430794485960868 -0.04566329503988753
-4.546712886261345 -0.640787902047798
-3.7350210288402637 -1.2248737935023986
-3.66758167113298 -0.22715041849706719
-2.822649699864873 0.30772336467891814
-3.82187753472493 0.2684329836565529
-3.525475880757458 1.2234963635038525
-4.412864895048429 1.6845177700737637
-3.8509039631283666 0.8573539948783463
-3.949527602241425 1.8524788000199413
-4.5073852307880635 2.6824154640325153
-5.266936477763855 2.0319680001912612
-6.226532692002898 1.750587287245087
-5.629569122431924 0.9483189427336752
-4.84943999876444 1.5739374769906167
-5.844522278611163 1.6729892631181187
-4.888402911865164 1.3800118637624177
-4.068164199680808 1.9520332401410898
-5.0239272441084 1.6578955123561245
-4.26486659015075 1.0068756020512355
-4.4676495571873405 0.027651895087480893
-4.433721279286991 1.0270761653344649
-5.427657417643172 1.1370350343246542
-6.244431730255658 0.5600777375890978
-5.80884697201132 -0.340069982724197
-5.199046387038753 0.4524849027992691
-6.112721660284315 0.8589298499442026
-7.112113506153827 0.8938001583674028
-7.719128382253915 1.6884906265329618
-7.661235847645684 0.6901678057797573
-7.977426141075666 -0.25852798231074614
-8.23242271091727 0.708413975290131
-8.936982977371242 -0.001230182675189151
-8.76863506174061 -0.9869578221896861
-8.618376206821758 0.001688867239088121
-7.926084895972654 -0.7199292734162241
-6.986904298528664 -1.0633529263359816
-6.83997098151811 -2.0524993261940994
-7.776388069162316 -2.4033882515934946
-7.051869435882161 -1.7141330375908312
-6.183343077703957 -1.2184900560509886
-6.603752205288173 -0.3111554069584511
-6.027032331547454 -1.128097379948264
-5.220997232031771 -0.5362296427393979
-5.697387715323102 0.34300417566697594
-6.301310618972925 -0.4540385624889939
-5.329636816807156 -0.6903646553875941
-5.548118111706155 0.2854764811603875
-4.5615362265243355 0.1222092651276322
-4.261715276501848 1.0762047566932962
-3.9935465345803625 0.11283280056407208
-3.994607115549008 1.1128322381479183
-3.090159135860285 1.5394161713158094
-3.9379425259832948 1.0090735241229436
-4.666793857788621 1.6937455157551429
-3.6810205376916256 1.5256652926920247
-3.0763908167147562 0.729158606899976
-3.608065386050463 -0.11779012373352027
-4.586225814914268 0.09006120631990161
-5.470896270762354 0.5562780920603696
-6.0316300175828745 -0.2717180825543567
-5.069879158133856 0.002207608736317812
-5.384916228664632 0.9512869753813771
-4.405340413638425 1.1523621419627865
-3.4145934141844183 1.0166404300929337
-2.5311812456631593 0.5480436519258542
-1.5804948331270303 0.8581973960902364
-0.6223820339739671 1.1445884994769897
-0.07707329793999107 1.9828237781458296
0.8396850120522448 2.382266140771753
-0.15828013956093046 2.4460278547205814
-1.0459576785951472 1.98556223527201
-1.7117222536675658 1.2394003690669337
-2.709728526403449 1.176285556385365
-1.849996285148234 0.6655405384495214
-1.1820742843528946 -0.0786907433799583
-2.143404717489247 0.19670678443369766
-1.249494574919075 -0.25153941690009457
-0.251670532670902 -0.3174725702564792
-1.1686923718611273 -0.7163095625831395
-1.5123888375608447 -1.6553903575446396
-2.1028076107477083 -2.4624874225055517
-2.3832094281935348 -1.5026047105177396
-2.852593790894013 -2.385598662961507
-2.5204155900867673 -1.4423820161043488
-2.129643249347942 -2.362869374905924
-2.2751857446175667 -1.3735173738109188
-1.4895169849749896 -1.9921647694424647
-2.3613493416177773 -2.481969160920004
-3.054487016930503 -1.7611639423886243
-3.7105095208759993 -2.515905271796973
-4.542094695725222 -1.9605080293020292
-4.318942202455563 -2.9352915769409575
-4.355729651214907 -1.935968464222264
-3.9279364067644074 -2.839845081909941
-4.782062706816581 -2.3197794480143874
-5.7574273798987985 -2.5403780756239422
-5.041582671813677 -1.8421185580328632
-5.137779511851304 -0.8467562280410279
-4.85230944093105 0.11163139636195096
-5.844212922510507 0.23862542468829467
-6.061386153262714 1.2147585036507118
-5.674023004330438 2.136685719242741
-4.68295210025805 2.003349815971569
-5.406036420921383 1.3125900420914993
-4.49486824630695 0.9005553863041461
-4.632253452139837 1.8910730818645312
-5.270555827017009 2.660858817135172
-5.123313659956717 1.6717583448678757
-4.229206571935007 1.22390511539494
-5.040335680514407 1.8087722534828887
-6.036393419936625 1.8974795234053783
-5.872347579902369 2.883932240147268
-6.482181326040072 3.6764616099952603
-5.533608195162844 3.359903534158024
-5.010099542901596 4.211923892487338
-4.015024097245554 4.311044311435349
-3.0211162163432945 4.200830318311159
-3.888261600972685 4.698885417588284
-3.7111324294383303 5.683073030084779
-3.349929118337435 6.6155601174215155
-2.555566517174122 7.223003989621289
-3.0799463586655373 6.371519531843322
-2.0973615319244248 6.557334112159663
-1.9816117891479181 5.564055703531361
-0.9855803502591552 5.653057797580773
-0.7955149685885123 6.6348292326359966
-0.11918901045494978 7.371431702326887
-0.4840343550414325 8.302499838680811
-0.2487614689567365 9.274429192632722
-1.2436914523185572 9.173859176188222
-1.820690612451838 8.357114436869082
-1.907365358385754 7.360877774013669
-2.11270807458704 8.339567903167467
-3.1099013056371536 8.26469694786546
-3.615841004049801 7.402128097529372
-4.218289442322692 6.6039702940703355
-3.8007912208287085 5.695292554137547
-3.002648592102224 6.297761096228814
-2.15993149481929 5.7594044356895155
-1.5303825629617054 4.982443598583182
-2.4680566446082617 4.63492767577059
-3.451482224467683 4.453615434379777
-2.4518080206643273 4.479139663067963
-1.9797134806485612 3.597591737378553
-1.0370098303638944 3.931223012501202
-0.6251899999012958 3.019957723335771
-1.159768731236377 2.174839045276781
-0.39253877688767713 2.8162111659291305
0.2741310410516409 2.070857992025137
-0.11152051822265835 1.148213491239866
-0.9469601646960959 1.6977956935538945
-1.0242915232674554 2.694801140370264
-0.7816123651591721 3.664907745965677
0.20640934311299042 3.819222696579536
0.8317835603736998 4.599547685533213
1.1565850388348817 5.5453299012623045
1.1239114183447203 6.544795975986236
0.8693432804100563 7.511850815769626
0.9589266709516924 6.5158714906131925
1.9588931085613437 6.524064393289506
2.186656014091969 5.550347771851704
2.4893464549149447 6.5034366958427405
2.975258693781788 7.3774443022852765
2.1858099449359893 6.763627820797688
1.187162804695065 6.711628885341046
2.1869851109189664 6.730479773307393
1.8596367264023608 5.785576055908436
2.8332908536494497 5.557546144504888
2.2372171682020268 4.754616408153614
1.242020918893067 4.656716329699209
0.44922094618170316 4.047234415883171
1.1149404178063713 4.793436523290925
1.5055840523884654 5.713978510796379
1.484982680983291 4.714190741569217
1.0564418593836788 3.8106683211375327
1.3838849991970765 2.865797435677967
2.00616270323609 3.6485939986851985
2.532091306434948 2.7980652782193354
3.5271407057819384 2.8974468301250758
2.804856481371239 3.5890431713295636
3.804477680020197 3.5615211944452567
4.282969678459818 4.439613107304758
5.068668216890959 5.0582226826486645
4.081751788114621 5.219455317717869
3.557607541003402 4.367825815985917
4.276701888077116 5.062738270908571
4.3307378688010845 4.064199281791371
4.157847216722835 5.049140306637
4.8782638923350135 4.355598805715896
3.9296876880541087 4.672147671883557
2.950818062762914 4.876633017769945
1.9514539419635537 4.912289069976013
2.836437337490761 5.377911652805857
1.92618738371668 4.963852452142131
2.339805615962244 4.053402037262741
2.037134103205215 3.1003071021354094
2.647533198560579 2.3082130771678218
2.061222868528372 1.498126540495643
2.697673234759502 2.269444199650586
2.5424967937138936 3.257330970563335
2.0132623509225565 2.4088553347532415
2.3971037088834115 3.332254388206713
1.398802834715554 3.273984630736035
0.409025922087359 3.4166088335495766
1.3153826716774346 3.839122078871558
1.3452532258866123 2.8395683034341195
1.4414664120522709 3.834929053518154
2.3623383558209485 4.224794239421817
3.220706250560284 4.7378288944703435
2.92458531414801 3.78267843982023
2.4363683372824374 2.909956156673844
1.827890574223051 3.7035270809536116
0.848692049459874 3.906431612942471
-0.036593664637769474 3.4413840837429004
-0.7512202659070599 4.140890210062251
-0.6001321135250952 5.129410503333868
0.3993426044841023 5.1618186513901065
0.2149906614156082 6.144678947203744
-0.4748742974050185 6.868617023693312
-0.056314619951059075 5.960427728221472
-0.7365255447656018 6.693444165801792
0.18421091299453296 7.08362921850284
1.1559555867605278 7.319663726588883
0.8261509622659375 6.375614517245438
0.07179555804186655 5.71914827735344
0.1574494494993599 4.7228233249015865
1.1338125037666895 4.938960286714626
0.18793638610924557 4.614432367969133
0.5082787402651956 3.667130527934066
-0.4902001268008477 3.6119947680090347
-0.7763017611600458 2.6537954908140478
-1.1190472685987878 1.714367198111215
-0.8015679303568088 0.7661020085205419
0.015233944483832307 1.343020284584677
0.17313368152542627 2.3304754344736205
-0.8214494858473629 2.434419280749917
-0.5385505719364834 3.3935690107233167
-1.234382986405958 2.675364825986426
-2.204138410475642 2.9194435376501584
-2.583757035373853 3.8445866074671415
-3.0370473043916517 2.9532236443517945
-3.48540330416847 3.8470787206724077
-2.581933619173864 3.4184267309467717
-3.02671916322549 2.5227896282077777
-2.2549591574557013 3.158703532360074
-2.978336123983861 2.4682502288727797
-2.2836106172790305 3.1875251904373516
-2.4022325000344744 4.180464689566858
-2.4415491473671436 3.1812378878634013
-3.0471907830190266 2.3855003625669555
-3.2334645023345168 1.4030024737690336
-4.113771587031583 0.9285981771694436
-4.114150141686011 -0.07140175117874059
-3.3974220550918277 -0.7687544954101241
-4.13708813740491 -1.4417285563334383
-4.871656207070915 -2.120263559872062
-4.91967838140555 -3.1191098297115074
-4.897071571216087 -2.1193653963021197
-5.895991305114448 -2.1658343669000195
-6.799618832463951 -2.594153514051093
-6.87830717080164 -3.591052779478475
-6.900890373423922 -2.591307812519741
-6.311464208051819 -3.3991300674587457
-6.748434372455689 -2.499654066989108
-6.384251854862675 -3.4309816644968882
-6.06588997325176 -2.4830124074335815
-6.314205839776295 -1.5143332910941358
-7.308983385012743 -1.6164001098617762
-8.118044102220804 -2.2041251781299063
-8.694240880078626 -3.0214361796380613
-8.409366575115024 -3.9800010602650877
-9.125131505181471 -3.281659764846455
-9.218912487706666 -4.277252617028816
-10.200825255524306 -4.4665864924888155
-9.230793692532295 -4.223607549369711
-10.144013194531153 -3.8161395860045446
-11.143524420926397 -3.847401516685119
-11.60862409611176 -4.7326598361277945
-11.837186239249082 -5.7061891611737705
-12.748152699547893 -6.118669594904455
-13.06737368805033 -5.170989289896734
-13.524792794347112 -4.281738053634083
-13.218975011418472 -5.233828114313539
-13.843711867349594 -6.014663475219598
-13.098628755830996 -6.681635106497693
-12.326196949281368 -7.3167328188463365
-12.12054416730684 -8.295357840632587
-12.674358037082941 -7.4627173433928595
-13.5441016109624 -6.969213426797069
-13.189821970806635 -7.904352954659677
-13.16118742459777 -8.90394290196978
-14.160523130035694 -8.94038666463074
-14.706264574161557 -8.102433040518154
-15.57242814701278 -8.602193648275113
-14.922432110901859 -9.362131246397546
-14.258322912299704 -10.109766834322574
-14.661417186372045 -9.194608374704737
-14.614853583598608 -10.193523701895565
-14.23883879456261 -9.266910039992064
-13.330553447920176 -8.848558836964475
-13.273133039980284 -7.850208749694476
-13.977073468116458 -7.139949731000971
-14.04131985636273 -6.142015664242396
-13.05892950646776 -6.328855703937418
-12.56574303904815 -5.458932081799148
-13.412631704071162 -4.927161840947385
-14.256001951931172 -4.389828959928043
-15.040201647273701 -5.010337491557291
-14.6611771226399 -5.935724118717053
-13.66493259918683 -5.8491397697285405
-12.779271111375778 -6.313471255854897
-13.686041848940523 -6.735095293946048
-13.26252288423075 -5.8292080567409075
-13.69295367278398 -4.926584471703688
-12.776450314822055 -5.326611464348577
-13.597090260022442 -4.755165858589371
