0 0
-0.8133283784059909 0.5818049062009372
-1.398631881180191 1.3926191942103752
-1.4577768213875413 0.3943697884765831
-0.5142865340989754 0.7257699661955148
-1.0102304845042755 -0.14258456857492396
-1.9346665441275532 -0.5239216526202441
-2.8349193032758304 -0.08855402676146007
-2.4282898005011133 0.825039125288831
-1.5759192487612825 0.30210084735659126
-2.5145364642420662 0.6470613129219946
-3.191713247646288 1.3828816741639978
-4.153107212130279 1.1077060119884443
-5.115266754778956 1.3801927355000463
-6.051951061942491 1.0300177667864512
-5.4523975729110115 0.2296830781778797
-6.405175451988932 -0.07398501882899838
-6.004463316329321 -0.9901890268616602
-6.520954696924701 -0.13389663884768366
-5.526950299373735 -0.024556538018471505
-4.727576829140137 0.5762779276097035
-5.467568971956024 1.2488934407899688
-5.186423811867907 0.2892281871942023
-5.604339894430673 1.1977138216075325
-4.666958364958752 1.5460180969256554
-5.659271991855319 1.4222696994597446
-6.452632189971222 2.031022191073122
-7.123074208812758 2.7729841168966005
-6.141529261737757 2.9642156960657697
-6.896037321899378 2.307924916646199
-7.891947229340986 2.217573069627738
-8.89143723831381 2.249506155346229
-9.873825271076777 2.0626539327635003
-9.90228332167381 3.062248920424111
-8.915502114320715 2.900190755511729
-9.679504376920493 3.5454043191807045
-8.726839516800968 3.2413818458445283
-7.97445760152622 2.5826546993206416
-8.191513417191004 3.55881389375877
-8.927976166901136 2.8823357948602224
-9.718900619839333 2.270421985778901
-8.744069945374882 2.047475453796047
-7.943714668913962 1.447949448153952
-8.15801231579197 0.4711810423675299
-7.415180978866692 1.1406596491069874
-7.447304617541914 2.140143551847929
-8.43647956848164 1.9934025676840221
-8.80101428686645 2.924592365250613
-9.773979891866224 3.155542428007526
-10.273518478306942 2.2892507908224435
-10.009584613806258 3.253791570245343
-10.899393692215268 3.710124567058971
-11.890643292568456 3.8421254375093006
-11.086480798942151 3.247715912144234
-10.326321398943502 3.897452540782095
-10.939226618817147 4.687608975579433
-10.413187528385937 5.538069365802461
-10.70865315501971 6.493422736800811
-10.956044908186724 5.524507198446228
-10.082891935272503 6.011953488709122
-9.91273668370361 5.026536221576296
-9.211348157583954 4.313757058421468
-9.089923418048977 5.306357699479524
-8.245872612156866 5.842620915701631
-7.92924978536775 6.791172435417914
-6.973330890831766 7.084803270088087
-6.137307844818927 7.633497598959283
-6.6257456998039865 6.760898915819323
-6.185106846222468 7.65858338194
-6.4026453659656335 8.63463511849291
-6.238221554839538 7.648245332285263
-5.367174584614521 8.139445063211307
-4.523215020837768 7.603038263562239
-3.534174558183274 7.455393543940495
-3.0757937937526547 8.344149458013646
-3.6396909758958205 9.169994460402712
-3.847609230176231 10.148140666006448
-3.2711456082593884 9.331017852344685
-3.7500395321418862 8.453145077013074
-3.399927479703496 7.516437251307867
-4.3094880671677505 7.100865912387966
-4.16764086044419 6.110977347980475
-5.1668228501709415 6.1514168262868285
-4.172545802339132 6.044584470912331
-4.397035041418837 7.019061038889937
-5.3718573977126765 7.242043938839076
-6.189698613297412 6.6665999831918885
-5.870770906333149 7.61437902797528
-6.292812550944792 8.520955472746211
-5.29283231649852 8.527242818512041
-5.643914924293676 9.463587307737964
-4.667984206807196 9.245506509256474
-5.378083579069469 9.949607980290818
-6.376103661187234 10.01250405083301
-6.0165650150369485 9.079373855241624
-7.015379098141475 9.128060890395387
-6.118727705566338 9.570798149041039
-6.744309936466949 8.79063991356479
-7.702610066393583 9.076403558877828
-7.242836980002805 8.188367124360248
-6.329519727450915 8.595615937975545
-5.334273849282549 8.693010198529631
-5.114074883554912 9.668465177240837
-4.564195550750682 10.503709284885288
-3.5768451472268765 10.66226268491625
-2.58065643080678 10.575038598350208
-2.9524561676479735 9.646725636206073
-2.245180412275325 8.939787869594294
-2.0506134039650994 9.920677098445957
-1.5301949623419522 9.066765718021422
-1.048081694335355 8.190656822499868
-2.007058287984314 8.47414208284587
-1.1316051211518814 8.957445044437318
-1.034553999956964 7.9621656465420285
-1.8966678318534544 8.468880300812803
-2.337551155319528 9.366444724734288
-1.6822657918847423 10.121826146579002
-2.6422401943858635 9.841738398645225
-1.667085219299336 9.62021464243837
-2.014993531103286 10.55774320551137
-1.1335334889985749 11.030001814932904
-1.8981783139572852 11.674453746161186
-1.3841823122771864 10.816661166188107
-0.3942437537852791 10.958159047483074
-0.3772813142754395 11.958015174956358
-0.5621838102152801 10.975258304212014
-1.1986812928565764 11.746537082988723
-1.5086941910307738 12.69726943384549
-1.893549700897344 13.62024626807555
-1.7622162443319054 14.611584516700393
-1.5861001164666988 15.595953913576265
-1.4382834485131948 16.584968692371366
-2.263448863628117 17.14985986569435
-3.0583584134764417 17.756587817547512
-3.9647601170577005 17.334171018940978
-3.678181955255311 16.376114153625583
-2.9358086033648174 15.706127731074444
-2.26808269688569 16.450534954183293
-2.977258656997185 15.745503424675613
-3.857859063690258 15.271643821278158
-4.066079154082451 14.293561823715036
-3.5496550044015036 13.437228887511885
-4.548637490297387 13.482328697636548
-5.283847405044583 14.160168192839816
-6.108650605256209 13.594748277272048
-6.024107983653621 12.598328413393089
-5.057201335561964 12.34319798816678
-4.828123596186519 13.31660611907726
-5.815286630044929 13.4763219435389
-6.618833262626463 14.07156375093055
-7.4593858195557825 13.529833745263904
-6.462506564735442 13.608775187541339
-7.43952017576962 13.82195211840853
-7.045115241159652 12.903015370011065
-7.252040948255638 13.881372028772494
-8.009983318239247 14.533693547491316
-7.7549085111481535 15.500614869413344
-6.7973300880093355 15.212442067887984
-6.825860914764479 14.212849154785522
-6.096737401351878 14.89723128648452
-5.210186091827188 15.359861566059966
-4.213378683468688 15.4397051045688
-5.202234000073284 15.58858479701483
-4.267411735566673 15.943700741155236
-5.1769830580026435 15.52815289866044
-4.181229933973249 15.436089246844416
-3.9460587512096628 16.408043214271668
-4.776644385218411 15.851152287268645
-4.944751638797291 14.865383576416974
-5.3177687933502895 13.93755913051722
-4.452181660695842 14.438317471219651
-5.12199075738786 15.180850819958025
-4.293668452110186 15.741102690619318
-4.85985740725537 16.56537817070568
-4.051835268808022 15.97622604792331
-4.286747593328112 15.004209484387191
-3.2872964015591126 14.971083735014124
-2.5275783082699244 15.621336315731064
-1.6508070518323437 15.140428669831286
-1.1280105269524134 15.992886172334178
-0.5997657943162049 16.84197833602555
0.3436290223578501 17.173650191739185
-0.60916486027976 16.870032311487794
-1.1710885928859414 17.697221358038785
-0.4240930620580887 18.362050416461486
0.5636988451200888 18.517829581028828
1.4555504687328016 18.970157649425392
0.8190697656217537 18.198865023655337
-0.07731289130609209 18.64214612223611
0.3508275998808608 19.545858310826148
0.7350452639587745 18.62261577139758
-0.22304422941487168 18.909084832008023
0.428538818383846 19.667662139750178
1.3765578807842158 19.34944859930049
2.194694770072247 19.92447210350367
1.2003639073023948 20.030802415942606
2.0135356003403064 19.448778535296928
2.7764257586348844 20.09530665253335
2.7547194581604315 21.095071043037287
1.754721902432213 21.092860039286034
1.814471893682937 20.094646666030826
1.4258647105390532 19.173243140310973
0.678995582973033 19.838214197041093
0.3284247996733961 20.774750435473265
0.3507931700202264 21.774500232176432
0.926552136337276 20.956880753014197
1.6991313797377336 21.591799104195495
1.8356776011836302 22.58243280512074
1.4723748556337934 21.650761664065083
1.6554708970290954 22.6338566948863
2.616487593992305 22.910347034966968
3.590939449649335 22.685750550117874
2.746246590414291 23.221001868245466
2.2411339592491673 22.35794843430441
1.2536738445253937 22.200079748905086
0.5513282984789543 22.911915919627486
1.4761444816124516 22.5315016357022
2.4170053243942093 22.192708373490564
2.1589278165097654 23.158832589067504
2.0860519409246354 22.16149157078053
2.4659897634253443 21.23647954327309
1.7772570634515863 20.511464186203423
2.7758025388380174 20.45754819984236
2.4222854978644905 21.392976284593573
2.0336683510907334 20.471576961154803
1.4459251565075153 19.662529411735665
1.2960471312991901 18.67382491717743
2.274313247262843 18.881178254158993
1.3303405156331531 19.21120171080955
1.9262568233765633 18.408155165355637
2.8780056835322476 18.715033165858046
1.9170822966995915 18.438218706990636
2.157277286471023 17.467494046291886
3.041267092962695 17.935000219533286
2.1926651757250855 17.405968286602338
2.290394040643394 18.401181363768117
1.9005621930353698 19.322067421101224
1.7114971577261062 18.34010285329671
2.711280358449676 18.319280952544517
3.709394838946869 18.38066078491492
3.6349532877035036 19.37788616337682
3.018823057989405 20.16553046128829
3.8873899192583647 19.669958460964033
3.6159525497351126 18.707502355769464
3.293949650926885 17.76076367315472
3.474354642476722 16.777171258064048
3.4931345381393135 17.776994900272463
4.4924371927191995 17.739655851682652
4.722336411776588 16.766441410217258
5.6728461678552495 17.077136121468165
4.840427907061702 16.52298827197541
3.8956721804132455 16.19521301823446
4.039063631108581 17.184879068913922
4.302278013814444 16.22014170116207
3.457936154044427 15.684336863707136
2.7190253667424455 15.010533592411452
3.264230602250936 15.848836193608735
2.718351329111901 16.686700036459825
3.479314891732946 16.037905418446478
2.679081723269931 15.438216435646524
3.43779423447061 14.786790825659045
4.277117402959705 14.24315802786496
3.9041903568069305 15.17101869534029
3.362545609681687 14.33041119602112
2.3708907971527804 14.459332617004055
1.4568155233189963 14.864877181467312
2.24264302672778 14.246431440204331
2.3907213844418838 15.235407071843804
3.2912741283490035 15.670153843472251
3.84169359570792 16.5050421054285
3.060884893460883 17.1298122795688
2.2878760532751423 17.764207529389207
1.4491202525317628 18.308715294916322
2.447291862586106 18.36915896192553
3.4461485544049326 18.321354054136165
2.942007741796039 19.18497552275656
1.9586820635848774 19.003122256163522
1.0509524747993912 18.583566546342606
1.571629220405479 17.72981264351987
1.2934586507038326 16.769280950054288
0.30363403688119506 16.911573725242864
-0.5186968137590222 17.48058336671244
-1.5181981541702698 17.51215979013434
-2.370810053476189 16.989615103851957
-3.2295358615971397 17.502050452424847
-3.5308408954918065 16.548522646564034
-3.55779004594577 15.548885840874183
-2.634475693905039 15.164840781908955
-1.6429241583218541 15.294554128495296
-1.7481894057398875 16.288998308771905
-1.2577575304869408 15.41751877617468
-2.2067872357977505 15.732705416814282
-1.2722888888836135 15.376737946931506
-0.2769666294272142 15.28012738937899
-1.115100463020113 15.825592032584094
-1.492692870911321 16.751563940096908
-0.6708286382599756 16.18188053408229
-0.05533418922444655 15.393739313737578
-0.16226189968310228 14.399472516174635
-0.14195648417827927 15.399266339970909
0.5641869580272871 14.691197530440315
0.5255915867057841 13.691942609355332
-0.18018254939879197 12.983505689929304
-0.6093339439224386 12.080273117122937
-1.5394345690345927 12.447577932182554
-1.052497971405459 13.321015250992188
-0.15639413371066646 13.764859719323905
0.6745664921151711 13.208528488556539
-0.21013280126514045 12.742366327616402
-0.8446793748793243 13.515250954138692
0.14970694090554004 13.409440486888027
-0.4753684495933699 12.628876103769866
-1.0983677407178023 11.846653703644137
-0.6654349121846619 12.748079888075393
-0.6009759321898944 11.750159530582856
0.3936469785361054 11.646596673056909
-0.3832929037582573 12.276171465516407
-0.6640071093565805 11.316380063817423
-0.18082850512732546 10.440858255742336
-0.7747483338262462 11.245382486004075
-1.0937079179675222 10.297614168489492
-0.45841826714117506 9.525340214796286
-0.6657726517187289 8.54707432088172
0.05896853793999002 7.858053125262844
-0.8673882146981544 8.234700396382271
-1.8587902805938616 8.365551241766333
-1.4648079296482726 9.284669246781677
-2.098053435872797 8.510718260706689
-1.3979541648655047 7.796672736433161
-0.6428675696609608 8.452297807447387
-0.10875304762571536 7.606885672834297
-1.0605237128036076 7.300075306472871
-1.023410788345959 6.300764228360454
-1.3604912664061386 5.359288391543215
-0.7127870846850463 4.597396474680324
-0.15081175469581432 5.424550467890472
0.7482984161428581 4.986828066482396
0.07588683458538781 5.727005521547991
-0.9161537280954117 5.601086809690052
-1.7619951683357447 5.067652410750353
-2.749970468839277 5.222264200711386
-3.3969725569521065 4.459775972620199
-2.5035128565327978 4.010632606058208
-1.751354420629796 4.66961491788452
-0.812925997988927 4.324141191561127
-0.8377093200847007 3.3244483452598756
-0.9724768323054735 2.33357109875059
-1.8450232707162217 1.845039919789903
-1.9067824473178132 0.8469488397248153
-2.68510716803822 1.4748107904078462
-3.519451943525851 2.026053745570536
-2.8258089392665906 2.7463726906512465
-1.888473519297651 3.0948010340328542
-1.0767122650822385 2.5108115939274525
-0.23519153374691248 1.9705867715313892
-1.0707097383767774 2.520049536177081
-1.1763611695525091 3.514452761780518
-1.64622139368698 2.6317119335776393
-2.426561798045893 2.006356951727356
-1.8476449643620623 1.1909703564993697
-2.7380146130021004 0.7357320795711053
-2.767701367306128 1.73529133075079
-2.2800209400866516 2.6083135532096624
-2.0070589360077795 1.6462887383897713
-1.0079570565908886 1.6886613067050917
-0.2084373990379389 2.2893012297758233
-1.2043703693565635 2.199203956607754
-1.8936782131433954 1.4747353951822437
-2.050827038888044 0.48716046305452
-1.1798136004124764 0.9784196512586378
-2.0687057660528136 1.4365361406619672
-1.0726275199475697 1.348059433920018
-0.7894052593707996 2.307113734319002
-0.7964073129508229 3.307089219641348
-0.8123140536553083 4.306962699437747
-1.7878257518310705 4.087015144956593
-0.8085740754600438 3.884367287024331
-1.7841827132174464 3.664850121560795
-2.6794201165108946 3.219260633641249
-3.0373376366934126 4.153013839122439
-2.2483228308027634 3.538639656652715
-1.2861443131999466 3.81105937007971
-1.392645160077496 2.816746758465855
-0.42123477140182597 2.5793402362871594
-0.5558253311576759 3.5702415337051248
-1.4612068515379457 3.9948405239935036
-2.017660396197277 4.825719247175212
-1.1556431078696792 4.318840371481684
-0.7095919487767841 3.42383290588607
-1.2173042952505142 4.285359558542933
-1.8683627814840449 3.52633199151832
-2.1359461422019237 2.562797277526694
-2.7447736092699953 1.7694946143876646
-2.3944070213992914 2.706107263300672
-1.8519973728309007 1.8659931203772746
-2.8511665199403904 1.8252375629096695
-3.841035461931424 1.9672216383602352
-3.654168623910736 0.9848363855962546
-2.656125790185818 0.9223023784454596
-1.6613190688465664 1.0240844356964738
-0.7590265887150285 0.5929599985578695
