0 0
-0.9711865307149196 0.23832062973632506
0.01431321715258449 0.068643739874783
-0.7454710105524939 0.7188190449507276
-0.43229740247633364 -0.23087684911460937
-0.31963703731497095 0.7627567061368768
0.6377677581993423 1.0515058317220398
-0.3414872946443718 1.2541373728997518
-0.15627495723213225 2.2368358974077998
0.4446811759649456 3.0361179039441764
0.7267630475956047 3.995508240406528
-0.20443134254397843 4.360031227024066
0.62430770651617 3.800395998895171
1.6224683661747528 3.8610202309310724
2.519645749389546 3.4193498300121794
3.4890281994374037 3.173794000231633
3.7118213766074875 4.148659734682516
2.7118249180805747 4.151321112827845
2.400011593502321 3.201177728587626
2.242521985832704 2.213657084005413
1.5346480215337732 2.919995848811449
1.912703126681028 3.845778942992855
1.5271899030081442 4.768481253802436
2.500639790623171 4.539581021600083
3.2294714204660293 5.224273985884515
2.4521013914773455 4.5952303959560155
2.7892388478268173 3.6537749612559933
2.1720305205738057 2.866975189541779
1.1948237074519223 2.654685659917323
0.9096108739144186 1.696221451099118
0.4360178438398873 2.5769652514547174
1.3577066741424528 2.189035231869369
0.9971904046436739 1.2562823066921367
0.1347309223523656 0.7501561945364721
-0.865008637885367 0.7729774937033703
-1.1451322112995193 -0.18698645542059866
-1.879926901490149 -0.8652760420041289
-0.9368732234283814 -1.1979166292663752
-0.952436527475532 -0.19803774481729552
-0.6666093626226501 0.7602434413865052
0.30111268742069097 0.5082235337206362
0.49842402212735565 -0.47211734433978336
1.3727359227652633 0.01324715827956724
1.805315639209976 -0.8883485321053258
2.8050402094274545 -0.9118173135708877
3.325004943633709 -1.7660050418729392
3.1010988857266355 -0.7913943107435747
2.124188906471475 -1.005045644536935
1.478709467834371 -1.7688232916939652
0.7923810192643354 -2.4961150218019377
1.7118233286295579 -2.102890099207824
2.1824542249586267 -1.2205599119080257
2.6778814548875944 -2.0892093577979716
1.8096464886503305 -2.585362603683733
2.8090650025800112 -2.55126518421263
2.8486096142320108 -1.5520473782817645
3.6909769687564076 -1.013143639167283
3.2580412427853624 -0.11171884630992868
2.9380450287038826 0.8356999750006466
2.8692086815247118 -0.16192799037874706
3.385346604216254 0.6945774939934545
2.485587575744941 0.2581904058660001
3.39900830449154 0.665207079106829
2.6658515893338737 1.345266805174489
3.6539078181205866 1.1911730390585973
2.8017616085128916 1.7144768107354675
3.2703714925397933 2.597882027265398
4.212974239257865 2.9317982770639777
4.281503500740064 3.929447383874937
4.413405815331688 4.920710103543831
4.080626100941071 5.863714696157302
3.1522148527190725 5.492160454928824
2.1602261378168883 5.618486974340676
1.4954400877766632 4.8714531680963296
1.4880430806094356 5.8714258098645775
2.3957857643654337 5.451898432822914
3.3905753691568257 5.553847646645219
4.256795130304048 6.053510858617093
3.6941214273124663 5.226831777013027
3.0550057454338813 5.995942396610021
3.560018381996832 5.132830447375313
4.459365832018413 5.57006512594013
5.308745050864642 5.042282080937575
5.653609962279166 4.103629752929461
5.372233644777126 5.063227256025937
4.624901715408559 4.398776364427277
5.614516077141971 4.255028616441533
6.441036803433096 4.81793490438935
5.539562610490705 4.385102050438931
6.522558119101182 4.201472450287897
6.559887293828188 3.202169426818939
6.932669060349066 2.2742503815625255
6.21751836123172 2.9732206796095686
6.9630707878025095 3.639667661172549
7.961526573057076 3.584115479472027
8.38263212552747 2.677103840253101
7.714487667750192 3.4211354145438073
6.724728866747122 3.2783855779871054
7.500592028912851 2.6474843546611435
7.4008406822683295 1.6524719583350453
8.28518839100522 2.11930075998701
7.299826610026991 1.9488244842551339
7.05179732193063 2.917577018314484
7.2183585007910445 3.9036081403875293
7.299874453333643 2.9069361033156182
8.138433670420948 3.451746565254379
9.131868649653578 3.3373483920300506
8.489533550721418 2.5709244749451168
7.584878656673642 2.9970694299491702
7.929434213726966 2.0583035016668996
8.400840935807299 1.1763875746208599
7.409247980736111 1.0469912398459211
8.40903786561181 1.0264927984360075
9.384818013550783 0.807739277577038
10.381122030970644 0.8936363373232611
10.165982718394874 1.8702197061067074
9.238224813458672 2.2434023287305216
9.912771584836667 1.5051702153518627
9.084761691142951 0.9444567270663377
9.82906498683421 1.6122984778000962
9.335455673982352 0.7426147155819449
10.2422710286172 1.1641427841592042
11.163635368825611 0.7754427036442668
11.011137604551262 -0.21286111193641022
10.890047016668392 0.7797803487764602
11.547274696640093 1.5334724455102757
12.448062046194178 1.9677329098439835
11.683673027014171 1.3229775862079327
11.256016672223815 2.2269189793344033
10.484116398490821 2.8626626127362087
10.53240284028488 1.8638290832935547
11.503060830652705 2.104293354517148
10.674376905051384 1.5445765051638483
11.418435860816997 2.212690470251381
12.387683883470308 2.4587763710718997
11.50321778399499 2.9253808276289686
12.375368130696975 2.4361428765789634
13.375363348033293 2.43305009393397
13.925128545619147 1.5977308570410402
13.880844535251088 2.5967498390557573
14.790115189245094 3.0129551703350574
15.788050882170543 2.948734046198168
14.944271556944553 3.485424320305285
15.625576943472 2.753425023660345
16.369394207400177 2.0850419913484806
16.768582885507932 1.1681731897903822
17.766105203351334 1.2385239211606422
18.719016104695914 0.9352735063238997
17.75769811567333 0.6598325435359126
16.882770754641722 0.17557836139778166
17.40874804195242 1.0260769758782984
17.269705438883467 0.035790575622387966
18.190470319596958 0.4259085506564394
18.95276183732457 -0.22132528807615914
19.950654817321574 -0.2862067220361141
20.806555652137565 -0.8033467040151604
21.441640252364884 -1.5757892912370894
20.580790995684872 -2.0846493479063746
20.003821862211172 -1.267883396719251
20.452417041271072 -2.161618461111499
19.454497066738682 -2.097153552600959
18.54724944314743 -1.6765566559314458
18.407026972333327 -2.6666766782917595
19.40669537243401 -2.6409261474207613
18.420533578443777 -2.806711900952136
17.653030779908764 -3.4477574954623247
18.64890607403079 -3.5384900615969075
18.652988988006342 -2.5384983967249104
18.411131785686447 -1.5681865428933737
19.26696431315654 -1.050933524609136
18.278421788861767 -1.2018761549721986
17.694397215303297 -2.013612132664358
18.61421113014656 -2.405967025663934
18.161764098189092 -3.2977583035271323
17.352964944563876 -3.8858432711084605
16.39714970877556 -4.179811356170308
17.358314414757263 -4.455786731838342
17.13400054847587 -5.430303683663139
16.615915224713653 -6.2856326246573015
16.748241540126582 -5.294426416923896
17.61735487087376 -4.79981341839116
16.644769027190826 -5.0323575575724195
16.44804098393826 -6.012815653055351
16.068976087513207 -6.938185743504715
15.382679435637861 -6.210864008902558
14.91231165216224 -5.328393528791053
15.90855190133902 -5.241760013797229
15.162012482795038 -5.907101201880467
14.308831364490741 -6.428715982507923
13.328663456651709 -6.626884780360803
13.214954791379764 -5.633370643852382
12.313767091634002 -5.1999416071843925
12.360537328491379 -4.201035933487269
11.618754981463683 -3.530395232636149
10.62079613819707 -3.5942556049022465
11.584998507599776 -3.329088127940594
11.918826571043514 -2.3864541459213777
11.234278337912775 -1.6574865770147886
10.883876389102321 -2.594085997402094
9.90392901254481 -2.3948295315645964
10.903414131196246 -2.426915316490664
10.85503175340499 -3.4257442034974748
11.456844646114412 -2.627107088050967
10.948621939330945 -3.4883327729383176
9.958072598210057 -3.3511759181880874
10.958039296377867 -3.3593369570538094
10.309075889172911 -4.120156578323486
9.910554941339566 -5.0373158088489225
10.52553956761125 -5.825854907086591
10.771885397198059 -4.856672915794354
10.830488960402027 -3.8583915815103764
9.86488118467641 -4.118394703526682
9.163414213690025 -4.831096666913332
9.736274799296304 -5.650749489429567
10.618742032283425 -6.121123364877654
11.5237156793037 -6.546590987851272
12.439632248627873 -6.145222281999111
13.184439573651627 -6.812501870021223
13.890427271270497 -7.520725966484205
14.754189307046905 -7.016826030434007
14.605438125805282 -6.027951374029455
14.846533541455724 -6.998452791108452
13.863808720139193 -6.8133800336091594
14.225464586906073 -7.745691695036333
15.048124281582737 -7.177157591613769
15.955111209433953 -7.598316365364254
16.9331012489325 -7.389664783434866
17.549388532800645 -6.602143365476966
17.682378322973772 -7.593260773108225
18.167558583328145 -6.718846617823407
18.763253131102466 -5.915635558542009
17.83942798120955 -5.532820861298905
17.892738321672347 -4.534242868551348
17.3465163491725 -3.6966023986847247
18.210268372459247 -3.1926853000781685
18.24187065726504 -4.192185823137088
17.625948818285963 -4.979993089077578
16.68343510216384 -5.3141605544623305
16.339537376097482 -6.2531676651949315
15.554777469259035 -5.633367787315859
15.327801021559463 -4.659467539759836
15.113227793401654 -5.6361754437710285
15.374401201846275 -6.60146734300225
15.600206097988435 -7.57563988874465
15.268977622510427 -6.632089308737137
16.255863555947187 -6.793508497140047
16.32140086936131 -7.791358616421725
15.569584101537869 -8.450730702287904
14.644431129718138 -8.830325194783674
15.455271392542194 -9.415592713259981
15.513976977652176 -10.41386805317222
14.774882836051138 -9.740265908096191
15.050508473562484 -10.701530964127286
14.945445024105386 -11.695996484690054
15.515437445160956 -12.517646434449203
15.212172072933146 -13.470552575686382
14.963021044692992 -12.502087932487223
15.025375052178582 -11.50403383688394
15.534339170921614 -10.64324610124168
14.783604951637665 -11.303850469979974
14.518608473511257 -12.26809984985045
15.114604857547388 -11.465112732758367
14.318303585561406 -10.86021250608168
14.798908493856201 -11.737149745639307
14.22637899870557 -12.557033869880389
15.220675895121133 -12.450386404939216
14.229441773095143 -12.582503456569068
14.228752914672585 -13.582503219306076
14.932221572879213 -12.871776938012802
13.954427516532274 -13.081345025689808
13.391738091429637 -13.908013405923178
14.106391840258294 -13.208535015059566
13.216469031098285 -12.752423851266396
13.74995878838066 -13.59823037694162
14.60086140712839 -14.12355383292684
15.111051789735791 -14.983615326946257
14.14539893222451 -14.72377968893581
13.152012625328034 -14.838599744982579
14.09517767133805 -15.17092442956819
13.103246684231895 -15.297703437367629
13.58349889206067 -14.420572992749733
12.683535882874267 -13.98460673018329
12.329155464200614 -14.919708071675583
11.367324469947269 -15.193352253951801
10.473005656522894 -15.640782538974193
10.645899200655382 -14.655842021786832
11.07100667691069 -15.560984902017264
10.211655102298739 -15.04959965466263
11.087123646949708 -15.532874759883986
12.057661756189905 -15.291927092303526
12.250165134677344 -16.273223402941102
13.117495066120835 -16.770957056637762
12.261924521594075 -16.253270816393552
11.634064258383798 -17.03159689836789
11.892543821886516 -17.997613624543707
11.088486245221356 -18.59216506336742
10.22140696112441 -18.09399489656703
10.264047635999214 -17.09490442376378
10.433524390910785 -16.109370238895167
11.43119225227816 -16.041114554921993
10.597732860760654 -15.48853384344966
10.809158487388183 -14.511139754862485
11.098584017448246 -13.5539392207269
10.630643189699947 -14.437699019386148
10.112788324436464 -13.582230528719812
9.599440247353163 -14.440411017751622
8.797292059662656 -13.843286001540749
8.545713203493579 -12.875449197565688
7.547870702406941 -12.809795994862665
7.7420410689286445 -13.790763817354732
8.186081317832773 -12.894756977340014
8.633775590849055 -13.788943668086652
9.420791318156866 -14.405876602018823
10.4019744689514 -14.212797279985335
9.434233129000809 -14.464743105413412
8.488814259419083 -14.79060068325811
8.022156184368098 -13.906162872561557
7.158632521822972 -14.410471195142746
6.158632875403761 -14.409630266220395
5.767100504749581 -13.48946593158776
4.783927562751509 -13.306788713186407
5.112640353172923 -14.251218647810129
4.202421486272335 -13.837091113905164
5.197487175426273 -13.9363094301003
6.092807750156447 -13.490887081688332
5.191596630509041 -13.924267420217745
5.603956359517479 -13.013246315142737
4.612055441484529 -12.886232265504953
4.736335560479995 -11.89398509265815
5.721278961122252 -12.066862209510752
5.333359642977641 -12.988555543874314
6.333354254503879 -12.991838365600623
7.238836400376286 -13.416222723825925
6.245872372033566 -13.534639101145105
7.194579381328849 -13.218482477754105
6.874203240805034 -14.165772891821018
6.390728758576971 -15.04113134698913
5.3929089425539125 -14.975134265601325
6.0360022505934525 -15.74092209336745
5.281025502212795 -15.085170532633837
6.124494823823507 -15.62234788091052
7.032756257693054 -16.04075099722926
6.8580220978395765 -15.05613534968942
7.325175300836167 -14.17195896178369
6.325345035228677 -14.190382858636854
5.358240988515638 -14.444763995577594
6.146965970420116 -15.059510205748735
5.15729345149762 -15.20285700651388
4.639101511362311 -16.058121359318793
5.582621640271203 -15.726806152387766
5.395042788904862 -14.744556604401062
5.939441818808707 -13.905730224129343
6.274713014606888 -12.963608562522914
5.289939071234987 -13.137448375154419
4.664016857689908 -13.917333868410209
5.3614708936624345 -13.200704349268252
4.386966312331811 -13.425071951576665
5.311382886646845 -13.806456268416856
6.309351686141318 -13.742751674896775
5.57656495452029 -14.423210054197208
6.387285345853221 -15.008643608989704
7.373139131055978 -15.176251228749063
8.135511406928346 -14.52911251643061
8.872448894380604 -13.853151615499533
9.793554468136762 -14.242464499945116
9.148747751299414 -13.478118833429344
8.238448338800177 -13.892069288923166
9.148817648011214 -13.478272574525118
8.572770583330016 -14.295689101928483
8.762408606461923 -15.277543174681977
8.559035507502335 -14.29844186091533
9.438768653439306 -13.822974099716065
10.392455846046746 -14.12377426370628
10.194106042000671 -15.103905558602472
10.784164105542517 -14.29654474604761
9.859625135238097 -13.915457233278635
9.624093122021865 -12.943590642253762
10.583632756715957 -13.225164237342376
10.726867322556881 -14.214853006172438
11.560986809948254 -13.663269213123773
10.81169615348888 -14.325510492524778
9.961576140682695 -13.798921503059168
10.958356079929422 -13.879107241911488
11.813292732547076 -14.39783965849148
12.801166726545574 -14.55309741830224
12.10466768688216 -15.270655142633839
12.76460939562244 -16.021971947360683
13.712598306511618 -16.3402753008321
13.05681794649573 -15.585323567661407
13.12557356031287 -14.587690034960833
13.393257265768957 -15.55119687657292
12.436202257317873 -15.84110325939106
11.487114707674577 -15.526090841997581
10.689736201080374 -16.129570350532543
9.755348031651243 -16.485826927778323
8.767733429507672 -16.642726251017127
7.860540621961485 -16.222011133703205
7.036770367384321 -16.788934909597174
6.585325155646688 -15.896636069073908
7.583401276558522 -15.958636527665647
7.76494830709137 -14.975254264400387
