0 0
-0.9797638326823513 -0.20015701878172928
-0.07950641801299796 0.23520098026371358
0.8722615936111151 -0.07161761768804378
0.34165312089830435 0.7759994236020534
-0.5204700287230137 1.2826982245548666
-1.4093768331346155 0.8246101401532373
-1.169780403356973 1.7954827120378318
-2.163419486551598 1.908094311565347
-1.2095193563436717 2.208218521833865
-1.8198151005555105 1.4160448637279432
-0.8199536326484003 1.4326895323830608
-0.23575034273881923 2.244296898083263
-1.0268649372167173 1.6326289339032918
-0.22190464467473958 2.225957618049553
-1.0495355344017545 1.6646848587162055
-1.600873854526016 0.830403097701045
-0.6397961357761868 0.5541249434386708
0.3197492088992787 0.27257080741569883
1.028674065902935 0.9778548261785981
0.4612804738834161 0.15440809946509182
0.011349303194426286 1.0474713344280115
0.9937169187536143 1.2344308698910507
0.5469378095076736 2.1290751721371466
-0.07717549484858077 1.3477413233084161
-1.0236513641656937 1.6705159022337324
-1.7921948100100127 1.03071829997991
-2.7869450085067293 1.1330512985226235
-1.9098764995584367 1.6134166080644543
-2.649632291109205 0.9405411598074266
-2.9738924637105706 -0.005426778584003533
-1.9837393594792903 -0.14541545734467803
-2.922740245842806 -0.48933017847265153
-2.520063813418028 -1.404672568384565
-3.2829661516818716 -2.05118631322806
-4.2141334122631635 -1.6865940302302809
-4.344380743725209 -0.6951124960366196
-5.239788729592343 -0.24986589150676813
-6.022346863445685 0.3727116274737791
-5.055742102117503 0.11643982766410921
-5.214958628132255 1.1036835148274124
-6.148427044413052 0.7450239048819651
-5.565860173524998 -0.06775887110661405
-6.471283371274694 0.35675123828621674
-6.0400266769216895 1.2589805126814335
-5.241057588150288 0.6576084188927406
-6.135366392867325 1.1050587086519328
-6.6916926050898216 0.2740947229135797
-6.402353997180281 1.2313215351022946
-6.787756014924449 0.308572769338436
-7.780821977945976 0.19101430265854705
-8.780304517257127 0.22318033461980988
-8.628270172143978 -0.7651948764746488
-9.601002877414654 -0.533265826770235
-9.848212178714782 -1.5022279319893725
-9.025345237321217 -0.9339938281539902
-9.62199825627082 -0.13149449794970536
-10.59715824303031 -0.35299619144939265
-11.534105919187967 -0.0035265187412035215
-10.75748067661967 -0.6334894006681735
-10.752549532845467 0.3664984411684551
-11.748144315943769 0.2727379597946637
-12.387368558830003 -0.49628243480259276
-11.402154344049237 -0.6676094641760036
-10.972402640726367 -1.5705565686572638
-10.233743399048995 -2.2446355882718856
-9.335307564001623 -1.805530759896326
-8.495352562465113 -1.2628747036380346
-9.435445236582513 -1.6037937029190885
-10.170689247959748 -2.281596213783361
-9.21282752097586 -1.9943664939084074
-8.58765315023385 -1.2138813843980905
-9.566184034472796 -1.007781145216897
-9.583726925699143 -0.007935033573999939
-8.597430096986326 0.15704546730728544
-8.942588339766848 -0.7814990374662826
-9.45987381914924 0.07431387013685053
-9.968138150685826 0.935514990252046
-9.008137466328511 1.2155126438734443
-9.079190177456349 0.21804008172379596
-8.582160006621264 -0.6496931775671261
-7.759816596813303 -1.2186846681409453
-8.430515301832564 -1.960414569847413
-7.431775836187498 -2.010608989487533
-7.312184018492258 -3.003432134433474
-6.840619395587307 -3.8852636412557873
-7.63372721306104 -3.276182374213325
-6.800702188163495 -3.829417683909339
-7.277228246464688 -2.95025733689639
-8.054342506515036 -2.3208977998856293
-7.498573965168614 -1.4895607271830642
-6.5065217990373565 -1.3637334659306635
-7.133982621750669 -0.5850853323299128
-6.1407122404344125 -0.46926672588061014
-6.427085838501021 -1.4273847574040672
-7.352584167986777 -1.0486330681417266
-7.327448987116272 -2.048317129574441
-7.535159108233156 -3.026507553564376
-6.648177723727104 -2.5647023743602806
-7.239969190248072 -3.3707934735252336
-6.27455625954757 -3.6315191401487326
-6.100269168537445 -4.616214021778179
-6.1511469787830135 -3.617509136226588
-6.662760012401944 -4.47672511828886
-7.38568621740759 -3.785799867544516
-7.262780351198604 -2.7933815343546167
-6.851800634032273 -3.7050260221226736
-7.8014076296890495 -4.018469085213422
-8.134700491396497 -3.0756457357280267
-7.523277559506614 -3.866949721791018
-8.519233029934567 -3.956797932260865
-8.119566127917665 -3.040137489440181
-8.651585853747093 -3.886869448993131
-8.949642867842861 -2.9323213798272483
-9.854633703625478 -3.3577524402230345
-10.831174155925789 -3.1424184089574094
-11.82758353416577 -3.057752294393128
-12.679569331925595 -3.581317190481048
-13.376208698241259 -4.2987386797739955
-14.07115722221793 -3.579679190564205
-13.61621497523777 -2.6891582464463006
-13.772418119922117 -3.676883196819997
-12.783934541810224 -3.5255550242839235
-11.786776028560938 -3.450223095764374
-11.565369577606772 -2.475041480127635
-12.539299470847538 -2.7018906878671123
-12.981268663630669 -3.5989209173636594
-12.89157689275225 -2.60295134642452
-13.783156875729139 -3.0558146082982653
-13.731703139072104 -4.054489987480124
-13.660575135493529 -5.051957183485549
-12.695130213164354 -5.312564362874022
-13.514031935095545 -4.738630595076612
-12.78494283530938 -5.423049388340647
-13.291406895526034 -6.28531046000564
-13.763290769246822 -5.4036497487780935
-13.464159399632255 -4.449437810206524
-14.463731839772358 -4.478677114445155
-14.289214943717095 -5.463331293835684
-15.262909923517256 -5.23547588724641
-16.17451536978663 -5.646542196169944
-16.307072914588392 -6.637717507260836
-15.986813150844188 -5.690387742223072
-16.81997194755026 -5.137353910101303
-15.918771539692349 -4.703951297191859
-16.45522649019711 -3.860022339234534
-16.38929061917492 -4.857846201903966
-16.57691934918147 -5.840086223322421
-17.57620819978349 -5.877792894648512
-17.836221375494596 -6.843397963222941
-16.934074176865863 -7.2748263257657015
-15.934080459480732 -7.27837106697877
-16.887765461624387 -7.57917817574826
-16.026310836487383 -7.071343627071169
-15.02808643687216 -7.011778133596944
-14.638292001545729 -7.932680027496913
-14.317570628861638 -6.9855064419785915
-13.600520332315465 -7.682527870790537
-12.601943581694078 -7.629194268639257
-13.53595545951304 -7.271952316885134
-12.941588259195951 -6.467758539747295
-11.947572220435344 -6.576992759141536
-10.960026218655319 -6.7343232850044075
-10.040873022490315 -6.340423041313625
-9.058862958808277 -6.151594455481923
-8.414264203098952 -6.916115510874113
-7.618722800549162 -7.522014740803574
-8.58228588443947 -7.254533557607819
-8.018067124729722 -6.428908224183758
-7.734374010408466 -5.469993099218724
-7.334163828897959 -6.386416478784811
-6.450467402365446 -6.854476972453808
-7.009912983489435 -6.025609889164309
-7.147832385184946 -7.016053344711344
-7.215564982312785 -8.013756855422978
-7.950090366200878 -8.692338066792738
-7.168401967806886 -9.31600724818319
-6.177198624903807 -9.183659475184324
-6.557423425906624 -10.108553577610309
-7.519619917078107 -9.836197354297372
-8.510547336703153 -9.701799255221347
-9.35487471378855 -9.165971596077016
-9.971823438836472 -9.952974944647876
-9.426284568410829 -10.791060465853626
-8.62288669655678 -11.38650304033112
-7.697641822152898 -11.765873469317544
-8.615544812244913 -11.369068604453037
-7.775943008140038 -11.912270970559664
-6.791842695559069 -11.734657415958559
-5.825966949387202 -11.475651541590933
-5.935661842144106 -10.481686235102295
-5.883034731222064 -11.480300468525792
-4.966925600818649 -11.079371470832312
-5.961963259333977 -11.178870506688604
-5.204321071501246 -11.831540649422307
-4.205030819860486 -11.793871126253746
-3.216001141259335 -11.64615418461839
-4.215712633516366 -11.622134770611813
-3.9462792740176713 -10.659115734045429
-3.766038438345812 -11.642738243525722
-3.868834392631281 -10.648035779578567
-2.9875807577027182 -11.120679441257423
-3.9610599305450456 -10.891903786866012
-2.9890544861359394 -11.126862115169258
-3.429156363491658 -12.024809963069108
-4.059811319773502 -12.800873314940041
-4.999592982182328 -12.45909791061711
-4.064529055322097 -12.813577039318258
-5.043685963916834 -12.610471775104848
-4.7506320877547195 -13.566567704217801
-5.643806171246712 -13.116856622990932
-5.451294744886069 -12.135561891159261
-6.288911195951674 -11.589303087198848
-5.474388227250999 -12.16943439428289
-4.844163681077056 -11.39302147489022
-4.031223050810956 -10.810674901394199
-4.373530532793355 -9.871086913082902
-5.373306978305807 -9.849943143350773
-6.361917172917392 -10.000441924442333
-6.082654640450059 -10.960656711851865
-5.61965486757761 -11.847015110198752
-6.145981730450925 -10.996732784486912
-5.556004766800361 -10.189312706484353
-6.54035731587786 -10.01310243684995
-6.4656672301305615 -9.01589564230277
-6.624959622882326 -10.003127091159326
-5.892163698982979 -10.68357557114624
-4.898342933353351 -10.572578788294937
-4.307932306498602 -11.379681812509926
-3.5392339488143945 -10.740070340682221
-3.1972571102682603 -11.679778721988885
-3.3775344519381236 -12.663394541341363
-3.7538812391508474 -13.589873410908641
-3.139444467403652 -12.800907344765816
-4.126279541167003 -12.962637172535718
-3.13645353686056 -13.1049202748309
-4.063577685742965 -12.730165938553018
-3.7138713770059315 -13.667025318411874
-3.2213355621388104 -12.796733142718457
-2.802379962501541 -13.704739863801828
-3.1399839857934055 -12.763451638305968
-2.643703553139232 -11.895289365361222
-2.5611831672623526 -10.898699988579224
-2.437652198772802 -9.906359270970583
-2.8909273124717316 -9.01498860099023
-2.959862878184043 -10.012609715331704
-3.175648911564226 -9.036169042378122
-2.478050433974681 -9.75265795650363
-3.076999665271715 -8.951870957153183
-2.884985136589903 -7.970478874051276
-3.24647632655738 -8.902854399028147
-4.246233223083728 -8.880805638337224
-4.05543768700005 -7.899175838763809
-4.776120981305813 -7.205911394768163
-4.403757002604624 -6.277824616839601
-4.7847057431252 -5.353228457916265
-3.9209811728547956 -5.857192610124738
-3.5148985743149956 -6.771028986705996
-2.6616000387515157 -7.2924516647755455
-3.4284252243170035 -7.934307672601643
-3.7317278278787347 -8.88720196404885
-4.600200406822498 -8.391464755819765
-5.341727054062567 -9.062388172785443
-6.281954266016577 -8.721840393610199
-5.567763243797489 -9.421791237442575
-4.706277581748044 -8.914009341267427
-4.060079725602935 -9.677179263836095
-4.5376476445480245 -8.798584429572623
-4.2325822008805005 -7.846253040254841
-4.407327633387918 -6.861639393275583
-4.974982944523036 -6.038373064715929
-5.8376709112152065 -5.532636500757451
-5.060299707862974 -4.9035943621063875
-4.254032452734252 -4.31204291607046
-3.4426169142881724 -4.896512610723877
-2.4433350063236876 -4.934402826015679
-1.4453756105025197 -4.998254562814687
-1.8305484735235569 -4.0754101200226325
-1.3648218186427323 -3.190481488474575
-1.6347344570899436 -2.227596673137629
-2.237133690854909 -3.025791613712538
-3.199245778381645 -3.2984458471932347
-3.992779456941737 -3.9069721826881647
-3.1335987160054914 -4.418644396516749
-2.303911829430916 -4.976873444709502
-3.1766891285350805 -5.464992063662356
-2.187939528874343 -5.3154118872661105
-3.096586949749913 -4.897847683177476
-4.030620591464723 -4.540662638494794
-3.4027338296284615 -3.7623579331828103
-3.6307903141825326 -4.736005836612401
-2.894508651578008 -5.412681027019377
-3.866724588394948 -5.646766849313595
-4.485871093549521 -6.432042345655406
-3.7705004908349253 -5.733297112561286
-4.704402463469372 -6.090826279916187
-5.161433837580698 -5.201375706203452
-5.904436908600893 -4.5320876990984695
-6.797438998023838 -4.9821402163520165
-6.070838097811476 -4.295080443253209
-6.805228200816516 -3.6163528273363026
-7.344213273272856 -4.458668143396289
-8.059095831193737 -3.759423602208803
-8.71562877766086 -3.0051262535437044
-8.679810977442761 -4.004484590271595
-7.76829087251889 -3.5932290756343135
-6.888278222226878 -4.0681793207400805
-6.178466135203292 -3.363788235393864
-5.690466719483385 -4.236632190667101
-5.2870004839605915 -5.151626724417476
-4.692923435416337 -4.347218581499375
-5.69287671572492 -4.356884873451504
-5.603395707057031 -5.352873402043966
-6.602999176530392 -5.324714854197545
-6.024959821008031 -6.140723741077641
-5.208022659829863 -5.5639970513136285
-6.193313169340526 -5.393109334176855
-6.072866327630756 -6.38582911252427
-6.817858442302812 -7.0529023836695455
-7.812074054861014 -7.160304970908025
-8.100736789298091 -6.202874124451055
-7.118249497609256 -6.016544519530266
-7.774880261666576 -6.770756717584301
-7.450732261196925 -5.824750336109246
-6.768848336797203 -6.556210733974527
-5.78795864221805 -6.361646073595474
-6.331816547718212 -7.200823396111387
-6.256903734460678 -6.203633308710875
-7.166833692478744 -5.788871363130954
-7.740328280578567 -4.96966201417294
-6.83674064021634 -4.541258727322077
-7.197460594649585 -3.6085845535219887
-7.874661703631318 -4.3443825271492
-6.949366300542457 -4.723629698559379
-6.5750458959809945 -3.7963302675615256
-6.384097968305454 -4.777930435102474
-6.693826642337964 -3.82710545200513
-7.484492022531601 -3.214856926842961
-6.49383618303829 -3.3512424380888524
-6.814676143680349 -2.404109015779618
-6.929344940766443 -3.3975127941974517
-7.421541911294045 -4.267996649420195
-8.42108020242428 -4.237612367884327
-9.001296822681619 -3.423150168898302
-10.0001850821243 -3.3760094736597885
-10.997431937220203 -3.301856186468111
-11.548780707133417 -2.467581331330318
-12.460129594496955 -2.8792161276015293
-12.662827275052678 -3.8584574922799884
-13.662826301410115 -3.859852943525019
-13.154314831810433 -2.998797727359661
-13.514120178008136 -2.065770336096387
-13.415698402217018 -1.070625545600992
-14.069319581852026 -0.31380366858332853
-13.603833127232921 -1.1988586728435922
-14.595227459654293 -1.329768098183341
-15.310254522317608 -2.0288648723563245
-16.30916028746108 -2.07563315608726
-17.136528930057516 -2.6372924204532393
-17.955153047142343 -2.062962763438137
-18.572894765929966 -2.84934382174849
-17.789769204036908 -2.2274802078348905
-16.78979615023112 -2.2201391137526936
-15.96390164547034 -2.7839637912952315
-16.899698620826314 -2.431424402127706
-17.899696447081993 -2.4293393400377106
-17.02739904493907 -2.9183150472202914
-16.619763253770493 -3.831459647904306
-16.969234084132605 -4.768406892270827
-16.21126557164813 -5.42069803438612
-16.156774099940574 -4.422183798377867
-15.261975435104226 -3.975713923238356
-14.967203565775744 -4.931281579164713
-13.97770317207887 -4.786751406281226
-12.978299179411875 -4.752230985639692
-13.191675526689005 -5.72920106421051
-12.406961193167616 -6.349058640405301
-13.247673230179533 -6.890541115489467
-12.619551592349527 -7.66865627926007
-13.257947806680795 -6.898948364835705
-13.745733470761232 -7.771911792430244
-13.133649300865981 -6.981119171723879
-14.133637159252418 -6.976191385232266
-13.136139558693754 -7.046891716771165
-12.16960527732589 -6.790354228398207
-12.560749520352637 -7.71068361570855
-13.558604078397057 -7.776153310911555
-13.22518096460962 -8.718930605500415
-14.169011633999972 -8.38850108575655
-14.956471724758753 -7.772135443088033
-15.4665458554232 -8.632265887396866
-16.050630034184273 -7.820572797540235
-15.44255382520584 -8.614451455821472
-16.40339493697922 -8.89155136185916
-16.008532145279123 -9.810291464244381
-16.338471895347105 -10.754293456469545
-16.014677925651213 -11.700421072168703
-16.39763445122824 -12.624187438474586
-15.527183918413225 -13.116443337293545
-15.152875431895042 -14.043747579126002
-15.64424722549396 -13.1727976606718
