0 0
-0.8592848144644756 -0.5114974170323364
-1.7906522272549497 -0.14741673587501536
-0.9529483964127959 0.3987080591969355
-0.6207488311472746 -0.5445010633402665
0.31489262731365086 -0.8974529881248074
1.2368058461618512 -0.5100565285217926
2.220444288022359 -0.6902103952419723
1.4067712579466223 -0.10888759324004726
2.0294763781838148 0.6735690082596038
2.854071865806081 0.10784621236659975
1.8646524277152183 0.2529295523059658
2.489152687006264 1.0339541525237927
3.434387148442977 0.7075620372506942
2.4353608980916897 0.7516817732998482
1.5271889260999751 0.33308450946660184
2.0912532404316977 1.1588153671299715
1.401929289216231 0.43436213173054494
0.5562203415932443 0.9680065600818775
1.2580959994152041 1.6803060483289147
1.1393527356679027 0.6873810575493298
1.996132380480646 0.171698364185911
1.0675252823892194 -0.19936612801755965
1.8876636488740197 0.3727991101957064
1.9705283042841863 -0.6237617002337197
2.961535922607726 -0.7575671576138503
1.9773145383790474 -0.5806257355923682
1.057032279090454 -0.18937062286068468
1.092529877859761 0.8099991387799272
0.2632435852307553 1.3688231225687757
-0.3257520922698174 0.5606869385715231
-0.7773496665804662 -0.3315348000544409
-0.335487918927887 -1.2286179600576863
-1.1401926774298463 -0.6349427528573995
-0.2016761596961334 -0.9801770876808429
-0.936061144459921 -0.30144393381734436
-1.064299202436827 0.6902994808249268
-1.8791048297918342 0.11056524030552028
-0.8860443300231635 -0.0070393675939911665
-0.13476008991795474 -0.6670181479873755
-1.1112617540200578 -0.45150828741059423
-1.8898797042471145 0.1759899895465752
-2.8880006341985287 0.23726485546176163
-2.413066927467661 1.1172864314534403
-2.7644928269463027 2.0535021315864963
-3.727770328301367 1.7849943004471713
-4.727691010562604 1.7723994925398836
-5.66476851644301 2.1215208868613407
-6.6040072291532015 2.464785566877362
-7.234474007792937 1.6885693334529153
-6.416113147643873 2.2632740424784155
-5.521099617321621 2.7093130324110213
-6.3021971390862905 3.333722082227799
-5.407333045577136 3.7800608035460814
-6.22894981853721 4.350101046327831
-7.098247545372033 3.855812201501439
-6.114212078607505 3.6778397313002396
-5.531536445278858 2.8651349224519955
-5.426308525690249 3.8595830532959594
-6.400019828019826 4.087368697522367
-7.129109346433739 3.4029503502091405
-6.175489962752492 3.703965418050267
-6.778360164622667 2.9061261361789024
-7.482917949455961 3.6157727579779513
-8.457828175447814 3.838371166005756
-9.440587001446126 3.6534790625442564
-9.073980573108333 4.583855183637982
-8.437757107734583 5.3553600132455585
-7.445072201539543 5.234626103292539
-6.80661188346865 4.464971361054947
-6.880309382114105 5.46225200294739
-6.158971904859229 4.769668257897328
-5.1854953005950275 4.998454841748393
-6.148060086338965 5.269506558669218
-6.216036644442673 4.27181964006781
-6.929161399781673 3.5707824917491986
-6.104274542137299 4.136080353133433
-7.101531509722621 4.0620631888907575
-7.425474453398899 5.0081398080090755
-7.090309529755507 4.0659803342685
-6.199352501901512 4.520067962945581
-6.815548172817715 3.7324748604211053
-7.223531817045727 2.8194856238786197
-7.1768981067551785 1.8205735671566392
-6.3047779752579665 2.3098653780806364
-7.183431693317805 1.8324058051955365
-7.842171559858044 2.5847765836223355
-8.831944353055611 2.7274293713479323
-9.095498571236812 1.7627847870170523
-9.532261809592208 0.8632082902024083
-9.8149963068632 1.8224064991524251
-10.201183897723688 0.8999862344870326
-10.681910542589113 0.023115723569696378
-10.202183196629711 -0.8543018928130317
-10.206390944158832 -1.854293040204213
-11.184572986487321 -1.6465434503945908
-10.82630771631949 -0.7129236154555666
-9.826817695447522 -0.6809909021767038
-10.642258725279609 -0.10215074559944537
-11.640524943513167 -0.16101123772844878
-10.826113209148224 0.4192762142543453
-11.800791030395597 0.1956623846988526
-10.985755454560296 -0.3837485317696065
-10.309435590184465 -1.1203565965168347
-11.297570086406424 -1.2739476684454307
-12.236608783931985 -0.930136201868908
-11.386221605738339 -1.4562936375892888
-11.867498890298368 -2.332862046423719
-11.019474816283754 -2.862819752181127
-10.617618314378614 -3.7785224069094863
-11.5995120343795 -3.9679550403780106
-12.412351404829277 -3.38546713677244
-11.413663055139196 -3.436668505829367
-12.336100587344376 -3.8228148500814094
-13.332646943606512 -3.905853153415836
-13.155042769629821 -4.889955158995571
-13.3641707766803 -5.8678434331184866
-14.033193799333525 -6.611085113300608
-14.190572206939962 -7.598623485628115
-13.304812734332533 -7.134478942747118
-12.328400267338663 -7.350392569688415
-11.646795343935093 -6.618672180200727
-12.450496989798893 -6.023639689965263
-11.5865856363457 -6.527283585366242
-11.155891022190755 -7.429781313528437
-10.566841054217496 -6.621684700968588
-11.222833777890601 -5.866917487525966
-10.808877863010762 -6.777214417398849
-11.805888956001478 -6.854472947370995
-10.822668191198106 -6.6720533002397895
-10.940224701273358 -5.678987105598703
-10.082604356708082 -5.164703774556624
-10.368950192241575 -6.122830103634699
-10.217686245054816 -5.134336695320065
-10.85485165435406 -4.36360960925618
-9.856563447943756 -4.422095991791767
-9.367723278042417 -5.294469356980566
-9.238186414216809 -4.302894750150488
-8.408676897478985 -3.744402170395499
-7.412116920230362 -3.661527495456621
-7.510923255425797 -4.656634177237649
-6.512823537322374 -4.718253595620718
-7.5008717732262085 -4.872398603737492
-8.411282712326193 -4.458693488991389
-7.447587704579332 -4.19168799832916
-8.078869528840135 -4.967241515733312
-7.081343136360517 -4.896948583609248
-7.942111145334205 -5.405946063688937
-8.789893016737405 -4.875600988742363
-8.495600998335306 -3.9198854411525907
-7.959662550956242 -4.764142499530499
-7.172178776790806 -4.147807115647536
-6.260181706720268 -4.558003829655286
-6.886070999751853 -5.337915743186823
-6.9214349813355875 -4.3385412444094404
-7.310277420318237 -3.417236974558256
-7.738411027417449 -2.513521524611638
-8.70694487751729 -2.7624033865678226
-9.64022491337842 -2.403253870818394
-9.843593312303048 -3.3823561608365686
-10.129645258300448 -4.340570272708806
-10.67914862254219 -5.176061776368183
-9.894541408950968 -4.556068614808623
-10.655038894683882 -3.906727738077522
-10.676220471022251 -2.906952092833139
-10.004141379401487 -2.166472724716641
-10.995599440011304 -2.036046829849793
-11.713327074307239 -1.3397228801195258
-11.955974807925283 -2.3098373462368116
-11.25274639408572 -3.02080133827065
-12.24813370503798 -3.116739345312856
-13.194479539246688 -3.4398949766668885
-12.195817935227998 -3.3881745681339077
-12.483122138824095 -2.4303351794073778
-13.436334185582613 -2.7326376668507306
-12.734967310949244 -3.445438134840911
-12.685365460551367 -2.446669064215921
-12.49930586740495 -3.429207525446925
-11.614469181408616 -2.963306206372782
-11.939794004819788 -2.017703880195181
-11.400078608273192 -1.175856334180732
-11.384083647124694 -0.17598426175453508
-10.819117429159878 -1.0010982978480514
-10.423862950938242 -1.9196699594214655
-9.453968849101749 -2.1631970240832423
-8.693576862995998 -1.5137326082249507
-9.520665634461437 -0.9516612923621036
-10.52006502732599 -0.9863146261406354
-9.632513810203124 -1.4470236850744933
-8.973857390847552 -2.1994675176903886
-9.818378871690353 -1.6639458389554538
-10.10252904254799 -2.622725626185856
-9.505401258626776 -3.4248717535649886
-9.44119849950145 -4.422808628182164
-9.04151149489689 -3.5061569504167034
-8.636333950600035 -2.591918930206665
-8.128231172183408 -1.7306224849769731
-7.870438385269098 -0.764422257790624
-6.961805647916539 -1.1820184127192783
-7.6862549519661645 -0.4926903298284
-8.581368990277813 -0.9385275853571562
-8.64685967721651 0.059325595188107094
-9.302943026070777 -0.695362843411671
-9.7306483428142 -1.5992810709242082
-10.702271890175803 -1.3627484469323845
-10.374153854198367 -2.3073851784150796
-10.936891577283445 -3.1340206815342118
-10.363953552856294 -3.9536193761192595
-10.305650829210613 -2.9553204266980475
-11.087991137179117 -2.3324692064794883
-10.303309732815876 -2.952368467365104
-9.345176901363192 -3.2386925447537545
-10.038244251934083 -3.95956538206464
-9.52537316760624 -3.1010997445109973
-10.503905325822966 -2.895005554064696
-10.022857074642726 -2.0183114340681994
-10.946627411143929 -2.4012583826138885
-10.901258481501651 -3.40022868258437
-11.865979857174747 -3.6635016726904786
-11.820689992439629 -2.6645277850676465
-11.463350120441017 -1.7305533657819705
-12.26588445721273 -2.327159297953606
-11.529810795592196 -3.004060741790551
-11.62167703665622 -2.008289385628522
-11.089808574435173 -2.8551163684854806
-11.30489569911304 -3.8317112326936678
-12.27400527774784 -3.5850806899819396
-12.145803769098407 -4.576828829975159
-13.067391411836565 -4.18865848495596
-14.060751969960425 -4.0736158773540225
-14.714460082980644 -3.3168690881493745
-15.398262623170812 -2.5872019818402903
-15.256804069703646 -3.577146160898371
-15.859298909213354 -4.375268938648869
-16.272322876252495 -5.285989094707386
-17.047479089635825 -5.91775870845374
-18.047021066315928 -5.88749591191354
-17.245636855612105 -6.485645848664026
-16.247874092864066 -6.418791759234882
-17.154704408679308 -5.997295877501232
-16.87102164717 -6.956214065264116
-17.65485108651705 -6.335237890187415
-18.654780782085755 -6.323380237811363
-18.404865864653072 -5.355112437022441
-17.731973678964494 -6.094853004004711
-18.67510097554329 -5.762421202806378
-18.208032343571308 -6.6466422685064765
-18.639196395533066 -5.744368717804741
-19.24098542345613 -6.543023815998832
-18.345378625485647 -6.098177254329462
-19.183398858637233 -6.643816410575203
-18.640194292861246 -7.483416791542316
-17.983546955208105 -6.729219023080328
-18.358335025382186 -7.656329535616557
-19.29461190863434 -7.305066674090281
-19.7002849366279 -6.39104840602419
-19.179814925907532 -7.244928355396899
-19.841401798519634 -6.495059826928515
-19.846506787730362 -5.495072857470833
-19.684351498598346 -6.4818381092944435
-18.686247539637794 -6.420287421993058
-18.038251461999444 -5.65864374981734
-18.96278381884684 -5.2775401928381385
-18.71156013000204 -4.3096111364692264
-17.7135182263524 -4.247062287084174
-17.968655085082055 -3.2801573365758196
-17.576862205056322 -4.200210780219798
-18.511417876993338 -4.5560277219895156
-18.91282872581801 -3.640129621518804
-19.730667998329988 -3.0646829043180914
-19.334763245456944 -3.982974484728439
-18.887429063233785 -3.0886075972517517
-19.07860663339734 -4.070163065203696
-19.8275411406038 -4.732807090239323
-19.757550086634268 -5.730354709335391
-19.85136612907543 -4.734765160283835
-20.679153228182912 -4.173722810232415
-20.070739710495072 -4.967342991109079
-20.866791353963034 -4.362114289763911
-21.535347235840852 -5.105776197358061
-22.08438940233882 -4.269981545899214
-22.53242478433183 -3.375965720266145
-22.723623915347254 -4.357516988564926
-23.722849701585474 -4.396859435319146
-22.76279884189291 -4.117033870362034
-22.791441055913864 -3.1174441427357555
-23.70852885528424 -3.516129442497362
-24.65183387881776 -3.8480565919992094
-23.697339658046136 -4.146286004555327
-24.46431064922408 -4.787967778249676
-23.735476572732498 -5.47265813815309
-22.916105588691597 -6.045921769052388
-22.246077910604114 -5.30358565205639
-22.973724667955203 -5.989537688656942
-22.92373207353756 -6.988287277144162
-23.071650709600846 -7.977286810564263
-22.231033441872157 -7.4356572238573
-21.785514386217685 -8.330929680179255
-22.71374007316711 -8.702947252462161
-22.395888899243264 -9.651087870321787
-21.99423851954845 -8.735294786437107
-22.553582242162157 -9.56423061023328
-22.708668785481482 -10.552131498015683
-23.05972251174612 -9.615776180160482
-23.48609884645133 -8.711230315539263
-24.20522740706322 -9.406107364600658
-24.015922724498335 -8.424188968215802
-24.118428501305125 -7.42945655911211
-24.846824133314527 -6.744299786344284
-25.234746237311402 -7.665991948202372
-24.78701564814069 -6.771823440861139
-24.61023273582638 -7.7560733084830105
-23.849687490240107 -8.405358245483798
-24.832252886352443 -8.219440945690021
-25.825832721246908 -8.332574104803903
-26.799757359810826 -8.559445871223046
-26.16778211046831 -7.784457300843802
-25.81613679900616 -6.848323990397748
-26.416631582274313 -6.048695317032585
-25.416730406278905 -6.0346369301052265
-25.65377973649397 -7.006134544638885
-26.621601486257536 -7.257771308019335
-26.857570016948657 -6.286010610870354
-26.53044477637339 -7.230991603789564
-26.00766559238586 -6.378523466678662
-25.460510418820505 -7.2155546584754005
-24.823210818798522 -6.444938528478225
-24.751133587258526 -5.447539474591803
-24.282509813777565 -6.330937323201627
-25.080443636897968 -5.728192257754836
-25.97383884932919 -5.278920631224772
-25.10016592137854 -5.7654343668645165
-24.100356385766943 -5.784950834273392
-23.203536116434964 -5.342555756864842
-22.796809550482656 -4.429005812664393
-23.11195917371922 -3.479963814134374
-24.111199225220215 -3.4409853652645936
-24.736284412514564 -2.660428827514003
-25.65344155602187 -3.058954578392812
-25.333003556955696 -4.006224069485218
-26.000849852015918 -3.2619248513112793
-26.364952211839185 -4.193283789407182
-27.314406122821445 -3.8793773209798985
-26.39001986739791 -4.260835117838284
-27.19103143443028 -4.8594839877782094
-26.254992073543782 -5.2113793058362905
-25.54776601792846 -4.504391819201064
-25.173421460362604 -3.5771021383457104
-26.06055298243559 -4.038618836358331
-25.252562346929626 -3.449423509718113
-26.210596176067163 -3.162768347148051
-25.926091437856634 -2.2040937131163796
-26.415207027152768 -3.076312688091986
-27.299131611837517 -3.543942165980083
-26.88955447179853 -4.456217654172922
-26.213128852736748 -5.192728605806968
-27.212921970164075 -5.17238844000259
-28.206701061861626 -5.283757721695479
-28.796379367598103 -4.476119500866527
-29.60345627819649 -3.885673177837104
-30.224747612780988 -3.1020935216628174
-30.52193890019456 -4.056911482682332
-29.826524578997027 -3.3383024639013428
-30.150382562320395 -2.3921967580535655
-31.149374867910186 -2.3473149870056726
-31.237835125456176 -3.343394694074789
-31.68514946863411 -4.237771504142724
-31.472990511167804 -5.215006673775301
-31.71286076615721 -6.185811628836469
-32.67279302311702 -6.466043786248925
-33.644264070447996 -6.228885602334326
-34.56031821474912 -6.6299402179526306
-34.04995422781573 -7.489898705812051
-33.17735933708626 -7.978343335911328
-33.609079009041146 -8.880351165615243
-32.61038616057419 -8.931464710013426
-32.68925076359782 -9.928350046644438
-32.324389556775934 -8.997288126170575
-31.389990802641893 -9.353516940660299
-32.32598461113816 -9.001500477328468
-31.444427901915752 -8.529422339278252
-30.603892287642164 -9.07117863240065
-29.677397992462215 -9.447487443085448
-30.57638802854707 -9.885456523067306
-31.519589925647747 -9.553236443442847
-31.288195382531658 -8.580376450732643
-31.246834917027744 -9.579520740559342
-31.04487004904527 -10.55891350758431
-31.055924576141084 -9.558974610735763
-30.46407139776359 -10.365020400529655
-30.138987876128443 -9.419335091369526
-29.345069986829298 -8.811310104176737
-30.31576662737127 -8.571001901985202
-29.495840830951288 -7.998532087615
-28.79291822812029 -7.287265741982581
-27.975155123453774 -7.862820695610976
-28.38997807968706 -6.952918549783263
-29.389828167811018 -6.93560377925299
-30.365754883126034 -7.153702487031014
-31.36550854510107 -7.131507546898015
-30.666826980141852 -6.416074761245762
