0 0
-0.24995320431109547 0.9682579179405743
0.1588469251540519 1.8808818570027044
0.3198349406130834 2.8678382181851845
-0.6566475032094828 3.0834351497642514
0.3106210759206738 2.8296803550755047
1.1919874891379867 3.3021136791038264
2.1803471072173726 3.4542493598298503
3.1255682149801713 3.7806801448971714
3.8004842505599026 3.042785609806052
2.932294398917114 3.539017794881218
2.6691508510225432 2.574261103688326
3.407491355114569 3.2486892318214378
3.8504281461151626 2.352136389442308
4.84802365760926 2.2828312998252405
3.863381535665784 2.1082463872621866
3.246414243604271 2.8952351804011256
2.4656210482117897 2.270445627008306
1.5353860757263973 1.9034811928118827
1.5819608907011298 2.9023959972922597
0.5910065593896056 3.036595525066876
1.0446543425746357 3.9277765890551697
0.73510585735121 4.878660249287
1.0924910519004456 5.812617326843032
1.9702419080748514 5.333499977454495
1.3029940243176439 4.588664249510723
1.6923249436347163 3.667566298550173
0.6963134194671474 3.756790979695002
1.6692411460969696 3.5256813979920225
0.946733668234564 2.8343182919233625
1.0934279318982052 3.8235001725743287
2.0458512152251815 4.12827859926602
2.5602517188271907 4.98582866887945
3.491903709357689 5.349180521139158
4.450314690828803 5.634572165367885
3.6666498138993586 5.013388327307719
4.5779387884584155 5.425155743268601
5.470933693299786 5.875222516011658
5.156321237910967 6.8244427238213206
5.582002553352107 7.729315873872918
4.582922309514766 7.772195547075002
4.903056895398954 8.719567621246897
4.0992325980732485 8.124700830251774
3.190405249701957 8.54187327763104
4.184777461031358 8.64781621196777
3.512634164636338 7.9073951229169275
4.407138664953864 8.35445406635917
3.5097917269207723 7.9131282538321495
4.46545558821051 8.20758807150646
4.644463124978659 7.223740368973086
3.668136753764429 7.440042973838707
2.722586933018521 7.114565576025309
2.4730388876014135 6.146203157801377
1.556533991838492 5.746179688436646
2.5417197122431796 5.57468888311258
3.517392196147175 5.793922101746545
3.2993009815024 6.7698504915860696
4.054164359937352 6.1139684290948235
3.8321351203796605 7.089008436879855
4.214917396840734 6.165169853128733
3.216465298154388 6.220788255019031
3.306386426007327 7.216737144654266
3.9420493349945196 7.9887038966183255
4.203920107858247 8.95380684362437
3.2392431654826623 8.690371088934745
3.6603557710311803 7.783362724338178
3.4199084846894694 6.812700526407864
4.120929877050946 7.5258407702951216
3.7745610574739397 6.5877423528437165
4.045713391750519 5.625205905940867
4.979702258195164 5.267903796574792
3.9862617351447733 5.382253816956799
4.9731445997995705 5.543691766184175
5.240426965856263 6.507310018810772
5.7633816905740645 7.359670480056675
5.487112125788312 8.320750667956254
4.4877106697960905 8.28615688584693
3.873020979786771 7.49738785438319
2.878050401141519 7.597555452089896
3.7028561164484075 7.032139205421044
3.2153228839046686 6.159034774573592
3.6859941829907883 7.041343410038861
4.634848320084104 6.725628623370736
4.240328314127488 5.806741271787316
5.114825530377561 6.291771805641498
4.671877625556015 5.395224454067582
5.669930414097404 5.457599379195849
5.532740303851021 6.448144115010736
4.532740632080374 6.4489543363380974
3.9665404735201113 5.624686551909801
4.787245902050313 5.053334996752158
4.232013309141404 4.221639879674001
4.698201503565216 5.106325455107367
4.216463322463464 5.982640652321688
4.452004962598196 6.9545049102109475
4.976359743808646 7.806004800652362
4.076089018316876 7.370674327537371
3.0821441847374706 7.260794084541603
4.07309000739222 7.12653174222961
3.0730922908207527 7.124394722844559
3.603605147187761 6.276717833204811
3.239757523042537 7.208176316661736
2.2398757877942654 7.223555377650812
1.6310861409296527 8.016887064822363
2.617045337109644 7.849900647805572
3.3388903616139762 7.157845909653783
4.33812271229124 7.118670542903877
5.266253681933062 7.490924358454142
6.095693362377524 8.049520649619941
7.0940538750118245 8.10675950716075
7.1840639813219695 9.102700359200686
7.624959223494212 10.000258928559743
8.61791759175468 9.881795099052544
7.729347912698657 10.340536775230191
8.292083253321124 9.513899650238507
9.191790076288202 9.950394361210458
8.423009497078048 9.310881717841072
7.4705237992745035 9.615465032354022
8.428643806131154 9.32909804322816
7.520607051380282 9.747988544459098
7.291963429425679 10.721498736567778
8.252731734783236 10.998850973660558
7.262968878012075 11.141572686641418
8.261220978476834 11.082473245715997
8.68357718539892 11.988903184803618
9.665141273762604 12.18003649020791
10.178858678900964 13.037995945927065
10.096224367278928 14.034575882782486
10.77928092099388 14.764941369663577
10.98151661142771 15.744278250167294
10.661314175871295 14.796929106364578
11.201947974531482 15.638187149860304
10.758027311211377 16.534253243782754
10.100452905082836 15.78086363647144
9.727046124858909 14.85319592846237
10.083193276009148 13.918766045203295
11.023912712860028 13.579580342186553
11.792482925911159 14.219345789526855
10.809805773590076 14.404671487437659
10.678126556987998 13.413379106797587
11.6728584318555 13.31086814581007
11.696932126594728 12.31115795919517
11.196386629600502 13.176868190992623
10.335198386038206 13.685154339879338
10.891625600380342 14.516050696315837
10.58803304452277 15.468852648469518
11.56044760441969 15.702111997050622
12.295500995890876 16.38012122389544
11.31159222133829 16.558792775515798
12.050103489236212 17.233033909819987
12.380952723680203 16.2893502848334
11.897722821060583 17.164843780648322
12.0168743411943 16.171967698123506
11.497504558471032 17.026517303935822
12.379184406653986 17.49836542071503
11.585576354658933 16.8899360823292
11.898152453609006 15.94004336082579
11.261435520316596 15.168945736099381
12.191094717029783 14.800525082543434
13.172505955482515 14.608608483369018
12.488122312660046 15.337730578382637
13.159284171907029 14.596419740277504
12.283677773206627 14.113394446369503
12.185217582768317 15.108535436832087
12.316309497307035 14.11716521842598
11.661456323122959 14.872921343284416
11.207164746753262 13.982068289386335
11.989545154337566 14.604869138637698
12.798470888222486 15.192779979717146
12.027972582695018 15.830222025066606
11.631079644756703 14.912357113538393
11.0031094012131 14.134119763352867
12.003063985373466 14.143650220669805
11.87120476005711 15.134918673057436
12.734205130185632 15.640121960020252
11.858540707562936 16.12304205584653
11.062638739876261 15.517616537857338
10.406431989117467 14.763035395594569
10.742374227421301 13.821152806030769
9.97563122311042 14.46310698300941
9.29558209091616 15.196273524664056
10.294977355033975 15.231045727051649
11.27135985401824 15.447094831833972
11.047587001993499 16.421736155961323
11.040239351334558 15.421763150310774
11.926054640091259 15.885801159750606
11.084267328314336 16.425610498064962
10.612855049213065 17.307523454718023
11.134405625558149 16.45430308675081
12.13344476022284 16.410476069872793
12.707225838592112 15.591467355569096
11.790556125192326 15.191821716864565
10.938348744154748 15.715025864119795
11.076295534979508 16.705465505340374
10.707468373293725 15.775967509214073
11.654056112569481 15.453521154214034
12.53648335212868 15.923970053547352
12.10858696476448 16.82779784780944
12.878232259928417 16.189326141598414
11.878259102768979 16.18199913944308
12.422123124862367 15.342825781028738
13.240751235518406 14.768501816315684
13.597744582395872 13.834394889735421
12.597898029015768 13.851912586328472
11.757213056990746 14.393437080521753
11.319124105928143 15.292368708042371
11.986389564847718 16.037188691214713
12.644347537963643 16.790243341033158
12.85660119508942 15.813028735617984
11.857055326711446 15.78289475133902
12.66153702771142 16.37687218589036
11.665584214865348 16.286994521345736
12.32290095235258 15.533380092994513
13.096653715776167 16.1668677890821
13.330037650658715 17.139252455219292
12.349302608521713 16.943909738117963
13.120311427339791 17.580734204752805
12.152153332659653 17.831073781538667
12.148327227259047 16.831081101106722
12.907657120285352 16.180375243167315
13.62550300475403 15.48417319910871
13.693751793407891 14.486504866020363
13.55652039634576 15.477043882748314
12.727378899842233 16.03608268173805
11.755609501515274 16.27201537653735
10.755609928489676 16.271091283131078
9.882056986751527 16.757820425448063
9.809100441160785 17.75515554588425
10.379687423449807 18.57639271969113
9.944403295645898 17.67609958516105
9.420922026832951 16.824062402168437
8.48567131608263 17.178048430199233
9.45789195581311 16.943982141122703
8.530157142343558 16.57074211663897
9.527594185308734 16.642291717063333
10.3567738299177 17.20127393231365
9.505400056434365 17.725833459750476
10.502203234973155 17.805729787919947
10.966818486126943 18.69124244643777
9.96687291596524 18.70167588853462
9.076752840941502 18.245949817259632
8.084103127851465 18.12492689752015
7.978578808191697 19.119343620006426
7.622847119759373 20.053931746319343
6.646192797210732 19.839114767830548
5.7717576651731815 20.324257220990926
4.875306010703818 20.767398768579437
5.307042520867999 19.8653989981852
6.134562637138851 20.4268350650415
7.134544474328653 20.420808018458928
6.616968243309732 19.565170919517882
6.095966237343537 18.71161546743571
5.1446355594667565 18.403443532745825
5.174941348556527 17.40390285866215
5.956663608038701 16.780276120115698
6.6416918132842255 17.508792666268285
7.431319564731467 18.122378857560406
8.388038493548434 18.41339241608185
7.393207244556578 18.514934456780782
7.117726831672415 17.553627772045274
8.110237316527554 17.431468296552723
7.324950729931664 18.050600735464283
7.487695571423264 19.037268925165296
7.310622872611886 18.053071150662806
6.356099927073555 18.35120861298653
6.830044275789685 17.47065381382861
6.625717165364605 18.449556481076655
7.212361778313653 19.25940097114735
7.4763755362833235 20.223919885219402
6.529418612045892 19.90255936549306
5.595637499110282 19.544714660174215
5.166749661000283 18.64135691137182
5.98297712071035 19.219087587392448
6.457920204431567 20.099104102706438
5.466914574557672 19.96528391903356
4.489856861515522 20.178258625007867
5.4892618373778514 20.212750569308184
5.698264197120113 21.190665705514885
4.77734358050136 20.800915506173645
5.067873077404184 21.757781542476216
4.416257080906329 22.516330547556382
4.779102420015005 21.584481171376353
4.015030755816657 20.93934979563249
3.5545795353764524 20.051664787538332
2.844186891056787 19.347859210055095
2.782822743477347 20.3459746549771
2.927036742778009 19.356428131358474
3.2394441993763716 20.306376330505007
4.117879350791808 20.78423790539646
3.9872643449663974 21.77567107019035
3.0482622906328656 21.431759538023417
2.2151229579760123 21.98482269208459
3.1907052350244336 22.204456980639492
2.9230962065737867 21.24092939520579
2.168696073141419 20.584514557867976
2.961679902213803 21.19375724090135
2.1126893984613258 21.722165345057704
2.972059364921912 22.23351968477287
3.6785028881783477 21.525750267201698
2.9228373234738023 22.18070794088738
3.2306160190830173 21.2292499678118
2.6961812684345534 20.38404023212526
3.1089062153544123 19.47318452555588
4.043960298998691 19.118679432982926
5.043793493615217 19.13694368612702
4.699003005163439 20.075623354103897
4.092885131376466 20.870998185913376
4.360143022517723 21.834623226903247
3.3613250733927256 21.786015567982712
3.8104515555960923 20.89254737997397
3.576235448023974 21.864731938046027
4.505090575938919 21.49428875570073
4.004513943769172 20.6285965267154
4.546507312235036 21.468979289829342
3.6717330800204886 21.95351003462625
4.471918486940872 22.55326274579283
5.346566035191315 23.038022135943745
6.343759561777695 22.96315511694193
7.317906538649806 23.189070294499626
6.416479599680018 22.75613903702385
6.841848918569551 23.661158894567016
5.897963046726114 23.330887095991425
6.755502179034135 23.845305832586824
7.45687661184138 23.132512801613377
7.601495357761873 22.14302534927839
8.559140889271925 22.43097506012879
8.416292255303794 21.441230513403003
7.424320084101332 21.567686875678188
7.017186968426392 22.481055709239318
6.109447084553184 22.061522274068942
5.243447094878602 22.56156629001516
5.818792096818383 21.743655458235246
4.947642791586202 22.234673673776676
4.686238226016098 23.199903000464953
4.400994927864683 22.24144785761282
4.806600408812277 23.15549610241463
5.492179868116744 23.883493908029315
6.308279950711055 23.305583313568928
7.306545222643001 23.246706774483826
7.8978054578181265 24.053187607672474
8.391333431601788 23.183457684596927
8.557435176051547 22.197349064570336
8.212563275311673 23.135998824640655
8.830120769047992 23.922524566069452
8.994413401922124 22.936112922391576
9.966752812093855 22.702540510863827
10.757229803911716 23.315032245833848
10.151213942268459 22.51957968569165
10.13406360512549 21.519726763539655
11.006321796686917 22.00877241299785
11.46982079264221 21.12267496872412
11.80920737626344 20.18202798560138
11.140559795818845 19.438448525714552
11.075240470979772 18.44058411318018
11.105177345222547 19.44013590451496
11.09612924106978 20.440094969582745
11.665010508788965 21.262514633281402
12.664923790036337 21.249345351405992
13.478950338962425 20.66851768536082
13.602630447962593 19.676195544804784
14.583302488644264 19.480536789250003
13.981107304636339 20.278885685634073
14.79380141774796 20.861576236882087
15.492033136476792 21.577448059879043
15.914325022351468 22.48390796694852
16.430382564040926 21.627354049401333
17.359457555943617 21.257462633684487
16.363376087844284 21.16902220792186
15.8631273451784 20.30314046342022
15.734784926914315 21.294870378101695
14.824816683822732 20.88019243491588
15.591122155995741 20.23771603588032
16.319034921659078 20.92338578552978
16.310198749211644 19.92342482526359
17.04374332229988 19.243783479189947
16.121915913199047 18.85618287569397
16.282598956863133 17.869176817212644
16.27902188928708 18.869170419485958
16.36772595329914 19.865228444416104
17.121638316282404 20.522203443134465
16.92202992167519 21.502079194851145
17.0963754693077 20.517394661601678
18.06764270727115 20.75538615821206
17.650007381437792 19.84677142433633
16.668738720315602 19.654127154503396
16.526696489517104 20.64398775310796
15.651327223694258 20.16053284471135
15.142941938702233 19.299403120451657
15.92243952249412 18.672997886707073
14.95910883455192 18.941314836728512
14.391699080779928 18.117879246457843
13.483860471248587 18.537199003974944
13.110480047976706 17.609520687144528
12.278610283337265 18.164491582488346
11.580744176908782 18.880719826484874
10.623092229004357 19.168648197221174
11.327851713987869 18.459201886126547
10.715179552861944 19.2495390439151
10.227275223534619 20.12243615436034
10.762658868442116 19.277827160348576
10.303560530359563 20.16621261496264
