0 0
-0.9409288663679836 -0.3386042947681871
0.026437391712595737 -0.08522212742569624
0.9763567721118873 0.22727294572238704
1.7537020447825546 0.8563471281973682
1.7933077705487745 -0.14286825723588803
2.3617654831457386 -0.965580739813506
2.335080270060971 0.034063146479318074
1.5293805299159478 -0.558261028892785
0.5813861731135992 -0.8765481625801231
0.29649933780157256 0.08201299408433205
-0.21235157240717129 0.9428676572997513
0.6760938817757794 0.4838854409322209
1.2249525086220825 -0.35202975078066495
1.7516060129783386 0.49805029624389313
2.668937687148736 0.09992644671496004
2.9116822758178404 -0.8701637886095004
3.6717108426336083 -1.5200534543405149
4.671322987558616 -1.5479023271799102
5.599985400527984 -1.1769762931274173
6.193865260649309 -1.9815300276549972
7.0673807263062685 -2.4683264237572122
8.01859047272713 -2.776871425845984
7.227703875630182 -3.3888341620745956
6.229799655531681 -3.4535424885063892
6.897501255722908 -4.197971513398672
6.001225198312598 -4.641468107425088
5.970227555979124 -5.640987565049484
5.029538396667588 -5.980257229997231
4.029919147303076 -5.952664544373518
5.028784052019978 -6.000297538452159
5.420878303181618 -6.920222588772017
4.465741713186323 -7.216388242506815
4.925395292541249 -8.104486540549438
4.701255263559611 -9.07904348983876
5.076052532070663 -8.15193669581951
4.083790102888372 -8.2760949481963
4.799198397048762 -8.974801590963148
5.756554422243871 -9.263712374809343
5.857072535383365 -8.268777146299026
6.495915442110929 -7.499439937707192
7.388331168394028 -7.950654045955827
6.9833614777846105 -7.036323936155371
7.96604421715722 -7.221620006645664
8.552909353123953 -8.03130470588775
9.482237533429577 -8.400559541048832
9.273679326554104 -7.422549584890467
9.672414986492003 -6.505483680228273
9.1346764711558 -7.348595350841375
8.135757088282636 -7.302118835047945
8.637568969894721 -6.437142051849147
9.135252829684031 -7.304500556566323
10.114955184956939 -7.104042842639627
9.485097233442968 -7.880753188209083
9.385867043965886 -8.875817693402762
9.91161105179257 -8.025174855171384
10.851288944330511 -8.367235461315172
11.772457839167519 -7.978072427119007
10.77964712063081 -8.09776736084064
9.923137511408004 -7.581636283197571
9.526219454807844 -8.499490332785387
8.607450680526151 -8.10469425959707
9.6015098365339 -8.213535402356417
8.639093902687778 -7.941955634554952
7.643933936988734 -8.040223852559956
8.504453321660206 -7.530806156946001
9.475518803719703 -7.769619535031391
10.13102871244564 -7.0144329623474535
10.190140193355354 -8.012684349937103
9.190149258875874 -8.016942396303232
8.318226173043117 -7.527299534217117
8.479442622524527 -8.514218607098277
7.486451060438401 -8.632403875324718
6.539334105630782 -8.311515306011408
5.890328838175728 -9.072299219363678
6.333345501137505 -8.175785841695385
5.649864800239946 -7.445817259151874
5.426628889929428 -6.471052811529868
4.426774240791645 -6.454003453842212
5.288336218049105 -5.946351053725542
5.861429607130544 -6.765841119187687
6.848248950233179 -6.6040153360797875
6.267839540945578 -5.789690512922334
7.010414692110094 -5.119927760245689
8.009352749448757 -5.166001153874313
8.557032277654482 -6.0026893481165615
8.598226539369252 -5.00353819198363
9.21497679127204 -4.2163792964753295
8.52691490736784 -3.490727283511677
8.574716927449549 -4.4895841135309285
9.401707530886375 -3.9273683703973923
10.160317971015045 -4.578912843267653
11.102542868086342 -4.243931883601309
10.182179895036283 -3.8528666744117728
10.860033158267196 -3.11766945357426
11.859592098568974 -3.1473666733563346
12.825627359855291 -3.405776955565612
13.767003721806766 -3.7431351408212916
12.803846191682208 -3.4741972815222346
11.8510216635153 -3.1706755878601305
11.807048073714862 -4.169708281719577
12.770274735082658 -4.438398435670645
12.919277755591327 -5.427235176431875
11.94230730173055 -5.640609805390114
12.611924149941823 -4.897903082253989
11.677372636059674 -4.542075219516141
12.070099688751723 -5.461730297294661
11.98772331304565 -4.465129006544176
11.011069404101415 -4.2503101476328995
10.011070568677036 -4.25183630289614
9.334202212679516 -3.515732214706695
9.814028627777049 -4.393095657855913
10.735023314030405 -4.782670795529097
11.555736680998402 -4.211330643535512
11.257201599044997 -3.2569319821559635
11.491198286571322 -4.229169376122431
12.483892319330494 -4.108510529267612
11.635722927685343 -4.638235630689373
12.42949775762376 -5.246447369606204
11.769851831463926 -5.998023880748439
12.67430498940878 -5.5714509267492645
13.532691116657748 -5.058446778085222
14.13107673399467 -5.8596550237768845
14.016226524703908 -6.853037844962085
14.484328147927636 -7.736712485503111
14.633201520274898 -6.747856217380209
15.582176695908313 -7.063206999893159
14.601197630249157 -6.86909344359559
14.606139147995703 -7.869081234222236
15.342060623503228 -8.546148130390428
16.31920523294466 -8.333572468002771
15.335697793159378 -8.152704792927878
14.634694289436782 -8.8658626210197
13.90580063297725 -9.55048955415413
14.557570241235522 -10.30890657515963
14.212268892582456 -11.24739843906596
14.440653866474431 -12.220969342339245
13.683774988414788 -12.874524515180203
13.662223471153276 -13.8742922542595
14.400703387377806 -14.54856772714355
13.42613750336278 -14.32446654973921
12.963477810047442 -15.211002509631056
11.97235905245087 -15.343982238688628
12.492125553643534 -16.198290604700535
13.475101199416189 -16.014554707778256
12.575122479405534 -16.45048853707805
12.073385811587144 -17.315508950806247
11.143289771274924 -17.682825375426123
11.789409095862034 -16.919588964872293
12.625232879059956 -16.370591147535364
11.629182831541723 -16.281797550700208
12.022160833123849 -15.36224967795376
12.82615447879245 -15.956887565852362
12.883098885222182 -14.958510215059404
13.551737774718664 -14.214922940119258
12.877379944427796 -14.953327650779608
13.68596291088138 -14.364945473652254
13.685851790191858 -15.36494546747835
14.460264578500382 -14.732264795018525
13.914496545370426 -15.570201101675217
14.880176378238584 -15.310465735597115
14.44601048907042 -14.409632798431284
14.278882363910999 -15.395567983816559
13.279326688832233 -15.425374902775632
13.046605243595213 -16.397918335701274
12.87248573931538 -17.382642864810478
13.25388938218754 -18.3070514655947
12.932554010792222 -17.360086007359694
12.295804941247281 -18.13115709515488
11.301235124590551 -18.027085582263997
10.95764367497283 -18.966204805658766
10.338209623111979 -19.75125350185235
9.97464477199978 -20.682822393043853
10.024788953241057 -21.681564382292148
11.014285529189621 -21.826120690304176
11.46990133998651 -22.716297208165603
11.460129596620046 -23.71624946354162
12.225444131759627 -23.072592985050115
12.590560493671491 -24.003554875926557
11.685284993597406 -23.57872988964913
12.634408159498552 -23.89363498003318
12.591868988943638 -22.89454018024264
13.30915712295789 -23.591316853791884
12.55523544399913 -24.24828116179956
13.53315479140275 -24.45726381651923
14.50895970797049 -24.67590682418749
13.509202765374253 -24.697953495832564
14.076738180010624 -23.874604509597976
14.763411082767641 -24.601571031949074
15.683784899730542 -24.992610719256056
14.762564090984688 -24.603570590819885
15.729883002230729 -24.350007730870374
16.690492666969718 -24.627908921961822
15.730958592526932 -24.34631637947671
16.53429326185169 -23.75078853876657
16.22381975660456 -24.701370572333143
16.986213795559074 -25.34848364542518
17.92328291502325 -25.697627548918614
17.812064994290505 -24.703831506408942
18.59072730317054 -24.0763882749293
18.36091228981744 -25.0496226041828
18.185126618020455 -26.034051066586688
17.778229596870165 -26.947525102440483
16.925968870546797 -26.424407855193977
17.749756695941556 -25.857509611475255
17.990556006744104 -24.88693468293186
17.009657322060264 -25.081454014581723
16.61064890927562 -25.99840127943782
17.405185731482366 -26.605617252677664
18.244766151457465 -26.062381835575252
17.722743393916172 -26.91531339238915
18.234324857038796 -26.0560786127222
18.41258272759447 -25.07209480615577
19.321629305714495 -25.488789321128397
18.440137502659017 -25.016589997594362
18.679883394916363 -25.987425672230255
18.28120429137281 -25.070335179204783
19.113358781740757 -25.624879049570747
19.598653378917568 -26.499229753779876
20.07496199033823 -27.378507927446503
21.070248556613308 -27.475485507290355
21.883531097509348 -26.893616528332306
22.393031433091526 -27.754086985722708
23.196466051136344 -28.349479977390544
22.31470453702403 -28.82117546415119
22.640349639054055 -29.766667541074025
22.314601460488596 -30.712124110230583
21.3351285819541 -30.913700101398533
21.708108942624918 -31.841539338849646
20.78279088737976 -31.462347439361643
20.113915556395806 -30.71897284227004
19.659935526042542 -31.609984700799686
20.627099379968673 -31.86413835444007
19.715701208186942 -31.452612690024207
20.71506992184768 -31.417085599570754
19.888534388829264 -30.85420105309789
20.65887958161589 -30.21657398031119
21.101439202654845 -31.113313062667846
20.727382904070062 -32.04071906086338
19.977944337690857 -32.70279295041309
18.992222252976877 -32.87117338783717
18.270094836207022 -33.56293345747786
18.973837676331144 -34.273388251939856
18.626787370257443 -35.21123476659679
18.78017168248156 -36.19940137844093
17.821605186138925 -36.484270246675784
17.209063219923163 -37.274708314853505
16.329990469232655 -37.751395947369204
16.881842633147706 -38.5853379052909
16.26161946983753 -39.36976331773846
15.269707110552572 -39.24283864914426
15.48270887351676 -38.26578683425718
14.81626854544864 -39.0113452083128
13.816369889143795 -39.02558167977755
13.364020471954962 -39.91742247541819
12.48759553770902 -39.435883967475164
11.48792377238906 -39.46150352293724
10.977130239750878 -38.6018001048825
10.513031049820116 -39.48758334129286
9.53697161528613 -39.70508731885925
8.541775644714155 -39.60718440696536
7.998633666936826 -38.76754353613061
8.483186711627765 -39.64230541623327
9.328093477010293 -40.177219014687104
8.446848974457197 -40.649879703469175
7.9904590314535024 -41.539659575080734
8.003141982896674 -40.53974000694403
7.197945748005347 -41.13274845824707
6.729014820441472 -42.01598329971002
6.821999636201741 -41.020315772852776
5.865154484808864 -41.31091404582759
5.752019305672618 -42.30449365071177
5.783376112091484 -41.30498539627301
4.793603939456797 -41.16232830294074
5.1415642559619945 -40.224819039979785
5.129996260699183 -41.22475212848401
4.484639075428684 -41.98863307694374
5.267839995041832 -42.61040177953106
4.272275527653079 -42.51631994667822
3.287434297137242 -42.342861736506286
2.6810623283926915 -41.54768060272553
1.81159910418022 -41.053682928903015
2.6712867569826955 -40.54286286310786
3.670105176460199 -40.59146085599297
3.7166810714149503 -39.59254610186769
4.368393312137844 -38.83407978403153
3.3686938255062406 -38.858593788773916
3.6221847909724962 -37.8912560347154
2.6514474579605256 -37.65111226465919
2.879512399409582 -38.62475818720077
2.0837801042250046 -39.23040669450536
2.379855312111621 -40.18557132496176
1.6368445405129157 -39.51629186667225
1.5422257166858424 -38.52077829158772
0.7524193556546072 -37.907422023115146
1.0926702544328695 -36.96708733488941
0.10906394920931228 -36.78675809065969
-0.032552650155395796 -37.776679672798586
0.7925328081139373 -37.21167172015324
0.5058661604546666 -38.16970211273993
-0.4503042511248687 -37.876891347876644
-1.256548377957281 -37.28530837994379
-0.9488245405727872 -36.333832663014896
-1.268706789018539 -37.28128996924526
-2.240300615326508 -37.517944647374044
-2.9238478605210787 -36.788038376961936
-3.8110490532106374 -37.24942112879627
-3.6801030137782975 -36.25803163179876
-4.670801198296431 -36.3941092096449
-3.7905658019752053 -35.9195719117818
-4.141818323606915 -36.85585267418556
-4.528391302383085 -35.93359385363674
-3.7386776814111835 -35.32011818431362
-4.121742274138464 -34.39639662572647
-3.61002734088074 -35.255551924308186
-3.4688047060600535 -36.245529786391124
-3.994566399225876 -37.09616169385722
-3.995580512614796 -38.096161179644106
-3.1079400540251427 -37.6356240842058
-4.025218606262398 -37.23737785684699
-3.114539978011555 -37.65049338069856
-3.6935821292900375 -38.46579098712384
-3.1069451154128456 -37.65594099240305
-3.428569247370694 -36.709073568873045
-2.634619176692668 -37.31705653349488
-1.7977983359448926 -37.864533364502535
-1.2760801615189292 -37.01141546733143
-2.275094916371847 -36.96703619755189
-1.8307537009983519 -36.07117857252412
-1.3029126008008436 -36.92052171457112
-1.7580394924278502 -36.030095124380814
-2.2136036654864446 -36.92029806990809
-3.0974755511531606 -37.38802714718249
-2.2230693091827627 -36.90283262536345
-2.145470033118271 -35.90584799541459
-2.4070120896143203 -34.94065591469499
-2.6538580747677205 -33.971601189917465
-2.736657111977115 -34.968167454366146
-3.72914286191733 -34.84580718235922
-4.004239318931069 -33.88439055085211
-4.5990073125874265 -33.0804931483672
-5.578623946985083 -32.87961694367533
-5.626367910424281 -31.88075733694618
-4.939323836567758 -31.15414159215487
-5.3022948279217 -32.08594203186046
-5.195284658350545 -31.091684105762635
-4.448485739660155 -31.7567340099374
-5.437048952168797 -31.60592693160686
-4.441403184244585 -31.512709418152543
-3.4421064193056408 -31.47521307723026
-2.6005708622292594 -30.93501134993189
-1.6130528275284306 -30.777505378170144
-2.2676619219088816 -31.53347292612072
-1.3478700358397337 -31.141066394165197
-0.6982825308695506 -31.90135323042281
-0.9896254175727102 -30.944734538170003
-1.4745888811637786 -30.070200125478454
-2.3351674161104743 -29.560882361023886
-3.2281426743637716 -29.11077660884174
-3.982639293815872 -28.45447267678331
-3.4334802754519016 -27.618754798220504
-2.594056790574097 -28.16223268464791
-3.4943508905651095 -28.597514815594465
-4.490716187919553 -28.512331517772694
-3.676543569001848 -27.931708622422633
-4.496178415172965 -27.358822316998904
-3.4964112106852454 -27.38039861952761
-4.1913847231597385 -28.099433957295417
-4.735520519560985 -27.260436796945765
-3.741816556433543 -27.148399152982606
-4.515945336026976 -26.51537100779064
-5.377397753924136 -26.007532714926526
-4.442633067126376 -26.362800192069997
-5.438114909311027 -26.457752295157043
-4.707411792157529 -25.77505693514486
-4.218355216606989 -26.64730900072612
-4.464173513623009 -25.677993074491468
-3.5639295618886013 -25.242607237140714
-3.9951444771072677 -26.144856480361764
-4.164049366616464 -27.13048883489356
-3.3684069412854205 -26.524722270106977
-3.3740398407950267 -25.52473813501127
-2.537876523273505 -26.073218678359346
-3.507647195754838 -26.317236798168313
-3.272985071264346 -25.345159801562794
-4.261866770129508 -25.493864158087916
-5.239916738664466 -25.28549367301681
-5.293277051115155 -24.28691834934054
-5.469264252901182 -23.30252589467242
-4.7439101651595745 -23.990901843843034
-5.656281572870363 -23.58153841803189
-6.161162352886399 -22.718349332158812
-7.026290213154878 -22.216797953547125
-6.434455356742293 -23.022857196242782
-6.492361609890094 -24.02117922136613
-7.295422780442768 -24.61707582007313
-6.446985820611613 -25.146372263658826
-7.446407275691881 -25.112361160688764
-7.766943376881495 -26.05959746058133
-7.2160683898315945 -25.225009688898343
-6.580504037355354 -25.997057584991232
