0 0
0.1596882041531893 0.9871675022276256
0.9407251256082199 0.36268265267237143
1.935536662970386 0.464417627637344
0.983047236224679 0.15984597442970472
-0.003991646758390477 -0.0006353125776419333
-0.3972659566625353 0.9187858733700274
-0.6556059837956569 1.8848399248499939
-1.0868933436721027 0.9826253089127407
-2.0282880914065253 0.6453184324070242
-2.686960182585583 -0.10711168149180628
-3.4268909176715283 -0.7797947474858692
-2.4719351619771652 -1.0765429651152385
-1.6144840389242152 -0.5619775450030483
-0.6174936350974252 -0.48445248662000606
-1.612724042315032 -0.3869002618915211
-0.9915147595248239 0.3967444452144961
-1.3624978920859285 -0.531895159452002
-0.4835492603204614 -0.05497870689703577
-1.4124537344157595 0.3153407200923372
-0.971645088553414 -0.5822603815853542
-1.7446552821607844 -1.2166539822616975
-1.0258647196748707 -1.911880655571334
-0.4178925743412646 -2.7058390112162964
-0.8540436800764774 -3.6057124539658596
-1.7175291957136813 -3.101338818369438
-2.2852888030922216 -3.9245332232516423
-2.2911597280924108 -4.924515989222957
-2.8543107589319288 -5.750869979026594
-2.5906634769827805 -4.786250825826313
-3.3416535429051573 -4.125937323854784
-2.400794107625809 -3.7871401529016815
-2.046922570307961 -4.7224341895961865
-2.082723435895628 -5.721793133131078
-2.4061422730097006 -6.668049047669941
-1.8402658104730205 -7.4925390895424755
-1.7924055220030595 -6.493685049761101
-1.1165153608572496 -7.230687417509191
-0.4509293421675479 -6.484366272341247
-0.442599528087034 -7.48433157883812
-0.832496576433733 -8.40519003250542
-1.4810697436367979 -9.166342347606797
-2.3633432096753952 -9.63707956848936
-1.8604786399503341 -8.77271435371309
-1.6650934807825002 -7.791987766137857
-1.2064331952800562 -6.903376072256432
-1.970017726136303 -7.549083950663569
-1.0020738690358626 -7.297917293836827
-1.8440402865205132 -6.758387357848042
-2.711481436447168 -6.2608475590239445
-1.7123673175464282 -6.21876457655837
-0.7382085563428067 -6.444628934017057
-0.547425481249054 -7.426261155502157
-0.9442390987053089 -6.508361949161243
-0.4077918123412795 -7.352295778885273
0.5904847157505976 -7.293610401994366
0.5183558125347975 -8.291005720471892
0.3759014938506262 -7.301204342877261
0.8450549302009538 -8.184321013063414
-0.04123283206386563 -8.647455985247138
-0.14085696447829466 -7.65243084373529
-1.1122954412885622 -7.889722406527876
-0.6634538464179403 -8.783333744142835
-0.9606362395131272 -9.738154473512605
-1.246460608428544 -10.696436493658085
-0.7173416268274246 -11.544984137169864
-0.6558203276604274 -12.543089907992178
-1.1094717699816923 -11.651910706664053
-0.21012269901672087 -11.214679362231333
0.3537231491207098 -10.388799310687418
-0.29869090926964215 -11.146662026761135
0.18993949556673512 -12.019152902054074
0.31712158295764203 -11.02727351591537
-0.12048959589150077 -11.926437825786632
-0.9648867672955759 -12.462155491096258
-0.30523772252430303 -11.710581717117718
-0.8844979012947062 -12.525724431794652
-1.2437266861929315 -13.458973959038328
-0.537124558953045 -12.751362883814044
-0.28934277690891164 -13.720178753051865
-1.288278082947197 -13.674045745885659
-0.4462071032038547 -14.213412471846844
0.3478170585914606 -14.821298670477185
-0.4870552549408488 -14.270855012963349
-0.6071161145043558 -15.263621546444847
-0.06526641995588511 -14.423146140190905
0.19402707617298076 -15.388944712805957
0.7819117970516489 -14.57999999593254
1.3575316535044166 -13.76228257477943
2.339448811557133 -13.951593680427452
3.2033667335764435 -14.455226308454902
3.7939586321234406 -15.262196697856306
4.381691120621406 -16.071252024743156
4.501903171443363 -15.078503787355057
4.375117374393515 -16.070433906701393
4.227688169423858 -15.081361295857267
4.956949190507158 -14.39712569087274
4.738667898676739 -13.42123979711423
5.086827281475063 -14.358675151775815
4.333694956570188 -13.700806090956432
4.841754234887551 -14.562128196626338
3.869398208527426 -14.328624967524153
4.7652492296114275 -13.884270437871589
3.798183298968542 -14.138796440059595
4.004120218848917 -15.117361708720907
3.5127514291770217 -15.988313321921305
4.320069387064502 -15.398196625942969
5.262917258586157 -15.731420111260384
5.765565687900564 -14.866929187937439
5.406366660478791 -13.933668206914845
4.456799352776995 -14.247231483055344
3.472851369905142 -14.425686987320164
3.349194504901447 -13.43336194997733
2.3517327237142553 -13.50456584784026
1.7057793999136723 -12.74118893996907
2.4842168475484536 -12.113466756101202
2.4737333475952523 -13.11341180270563
2.6653152459939657 -14.094888433199674
2.0017907402776003 -13.346733883448186
2.835215336257869 -12.794100693334594
3.750030576190629 -13.197973293032526
3.1368505705406227 -12.40803007945888
3.679443885485097 -13.248025611933647
2.9969695062923236 -12.517116095135954
2.128243770806744 -12.021822650292355
1.5485450561584635 -12.836653553139769
2.4577431618407934 -12.420289764340042
3.3284247901909327 -12.912136795492565
2.4809184063961234 -13.442921996329066
1.5798492295086417 -13.87659738007054
2.3873914807159475 -13.286787654383488
2.949576112111221 -14.113799407760041
2.527806027558816 -15.020502223337811
1.6189976506671533 -15.437715998387894
2.4550184239735358 -15.986413790073078
1.4572627091996568 -16.05337298388592
1.948554571656283 -15.182377974782023
1.2314474327879692 -15.879340923140184
2.165810723017412 -16.235662746597026
2.049129652684863 -17.228832182205096
1.4779046912341158 -18.04962572714535
1.6773600475087527 -19.0295326415272
0.7792605256967138 -19.469324920814806
-0.07486730333542524 -18.949261798037536
0.9139472547438322 -19.098411956369745
1.7798854071549954 -19.59856304973928
1.8822748687045878 -18.60381866138437
0.9986666851219606 -19.072045719451083
1.1177406596896602 -20.064931104871096
1.4649220201501665 -21.002729112412588
1.257544958426955 -21.98099019937815
0.601061500595733 -22.73533061960894
-0.01016158800899536 -23.526788979825383
0.7225448476277864 -24.20733381977088
1.0493923079567953 -23.262256713034887
2.0346536257773997 -23.433312655949496
2.2284099165536713 -22.45226296312827
1.784320977176477 -23.34824567162372
2.2913186919420907 -22.48629827344768
2.810612276455281 -21.631702361286006
3.670770879579109 -22.141729005170482
4.547444943386408 -22.62281380626858
5.490364718854648 -22.955833771181982
5.593028048632323 -23.95054993206355
5.234673995793586 -23.01696417123916
4.319714253603266 -22.61341904343928
4.933987834416955 -21.824325913375198
5.610483865866061 -22.560772190732624
6.526017911036057 -22.158531700310956
6.488758080526166 -21.159226088883514
6.003606757273943 -20.284795878091014
5.102302472468908 -19.851609329140004
4.718560109015429 -20.775049526711637
5.446241964818559 -21.460964329536967
4.502867632160474 -21.792694443457776
3.5569122026620343 -21.46839778081318
2.5569130609770223 -21.46708757882923
2.6870952815018563 -22.458577664235644
1.784978912250198 -22.02708484120355
2.1130769960226847 -21.08244117959097
2.511489831623956 -21.999647379105646
1.5873092207603854 -22.38160313374725
2.561887848161988 -22.60564888579805
2.907907013759745 -21.66742144160393
2.5104157680473236 -22.585027408008894
3.226294435400918 -21.886802706621125
4.217952570298465 -22.01569856959399
4.827824196799146 -21.223198349285244
4.699088978977802 -22.214877351630506
4.658237505124697 -21.215712121508865
5.3052722820103355 -21.978172610649484
6.2877906910775465 -21.792007157774798
6.019525905759147 -20.82866194189522
7.017479648319261 -20.892601974036754
6.734759184664273 -19.933399628631623
6.61916170607655 -20.92669576923832
6.981171757764581 -19.994521578179146
6.000513715459408 -20.19025048269298
6.06726658206456 -19.19248094276906
6.382814965019788 -20.141390431611036
6.653011944558006 -21.10419549612224
7.2701191768131945 -20.31731643051029
7.780117495217073 -21.177491828452602
8.555678980652747 -20.546219793345067
8.908749942381625 -19.6106232478278
9.439687073500979 -20.45803446016733
10.417142550153555 -20.669176097846602
10.697222889545403 -21.62915266187624
9.79013916223253 -21.20820241345704
10.713422912995446 -20.824083791704386
10.477338394595526 -21.795816316719307
11.424416442678494 -22.11681969807121
10.436247110872074 -21.963452910019644
10.054578024511212 -21.039153873713502
9.754947227283747 -20.085098641898888
8.861472446383024 -19.635985275481893
9.785059691304145 -20.019373591708423
10.288045670636631 -19.15507902120891
10.446953865985721 -20.142372384627755
10.823464475877607 -19.215960078665212
11.236678440390161 -18.305326112940335
10.421768347670167 -18.88491350133236
10.69961209407899 -19.845539782766252
11.342507231447588 -20.61149398658513
10.941021942397313 -19.69562851465368
10.506235318979806 -18.79509501050339
10.37549553504157 -17.803678292419725
10.230149330663263 -18.79305914976073
10.514947717400782 -19.751646589127482
10.906427267879907 -18.831459781160394
9.907332046732716 -18.78893050793777
9.169355232323419 -18.11410444042533
8.382953833683025 -17.496388615618784
8.079868313850165 -18.449351976754794
7.079953056676839 -18.436333586992564
7.993280308111555 -18.843559975855943
8.357208964976998 -19.77498680213491
8.916606162028026 -18.94608706396904
8.494461049610036 -19.85261533383248
9.342747982146685 -19.323078479508283
9.019150271990599 -18.376883720496302
8.127759654824217 -17.923647835302138
7.449467811314283 -17.18885522848856
6.528229938091784 -17.57785494692096
5.7482727364222805 -18.203687802852862
6.408894589070577 -17.45296896879877
7.309483207824229 -17.018296517668738
8.093211929374936 -16.397193232363875
9.088947200330372 -16.48944977779727
9.721605297431173 -15.715018546393994
8.770777725879986 -16.024739274111838
9.76619654481675 -15.929128736478493
8.829324913161248 -16.27880222103109
9.600479946579512 -16.915449622999933
10.421658812507438 -17.486120517783718
11.324372908556304 -17.916361451209024
11.115482236385986 -18.894300450881413
10.937915565532217 -19.878409224037057
11.91924495364725 -20.070743911552796
10.931326648811085 -20.22571946759193
10.482248084963823 -21.119211741477315
10.879807379431112 -20.201635255628492
11.191341027224421 -21.15187037721293
12.19067323111433 -21.115330723841048
11.313677776492632 -20.63483205311148
11.504261407931638 -21.616503016024982
10.75192537049597 -22.275282559404705
9.813958301029267 -21.928558206934262
8.829618902029077 -22.10484192023741
8.844972327535999 -21.104959791021567
7.8455528048087775 -21.1390276291052
7.215856657991474 -21.91586915907347
7.129804135257754 -20.91957855722521
6.541963485515942 -20.110601814351153
5.748137166906215 -20.718746349706464
5.999891607578527 -19.750955204054794
5.240564315954452 -20.401664097643046
4.403777115476839 -20.94919234450967
4.666044994360061 -19.98419723586606
3.691028778182432 -20.20633093027251
4.477525032843614 -19.588735883818984
5.455855786991544 -19.79578403157294
6.335783265098673 -19.32067600883282
6.73523664963047 -18.403922501293255
7.515137265765673 -17.77801913099403
6.927195549526207 -16.96911583745061
7.254983685351669 -16.024364580234156
6.333323561074817 -15.63636636462231
6.981681358766993 -14.875030587076193
7.647442550523865 -14.128865702114116
8.595661088431267 -13.811247055985229
8.95924950636926 -12.879687362599267
8.057620791835074 -13.31219824237853
8.90385575320069 -12.779388341792462
7.973540812935939 -12.412626686326417
6.974648814123856 -12.459688079306233
6.718659547838203 -13.426367703352655
6.30751992615981 -12.514795319234889
5.457786831414137 -11.987582205120738
5.65256160009674 -12.968430200217144
5.523606207119272 -13.960080595579354
4.857264836585721 -14.70572741406346
4.213469159404572 -13.940529971541032
4.3353815926298935 -12.947989111613804
4.897271076210065 -13.77520142308046
4.7848700826222474 -12.781538493994107
3.809358027543087 -12.561592522457383
3.3491711617737856 -13.44941460405562
4.024065524200267 -12.71150024617596
5.000041079442762 -12.929380294755687
5.8831219067406755 -13.39860119418242
5.39447570407615 -12.526119166504177
6.262214969066838 -12.029099480783962
6.906326992013868 -12.794030655397131
6.708070107008228 -13.774180749794851
7.663237343213636 -13.478113948414281
8.521887874308286 -13.990675423215963
9.472352836630664 -14.301507138775232
10.069576572725142 -15.103581829215813
9.633332782135794 -16.003410343529644
10.118295127083757 -15.12887531050777
10.183984573968125 -14.131035194773778
9.207236975898118 -13.916642728337873
9.521969481163385 -14.865823138022696
10.358094888624683 -15.414361471229846
10.403761868812142 -16.413318190472754
11.363054188467016 -16.69573321388895
11.822022900470303 -15.807280783309775
12.650704497615553 -15.247560486596498
13.639064621111196 -15.095428089377238
14.034585039566942 -16.013885273237538
15.034193669391886 -15.985910513551403
15.016168149572593 -16.985748040670305
14.027951312911796 -17.138808433130688
14.234704287045615 -16.160415256699647
14.285978522151076 -17.159099867983084
15.285087253254915 -17.201310570797396
14.38139747461485 -17.62949836135368
15.23189564472375 -18.155476367206976
15.627837453646261 -17.237200763726644
15.095673513259214 -18.083842093069673
15.46762207561092 -17.155588751053337
15.32642584006918 -16.165607123411267
14.326465915975753 -16.174559788213674
13.542389845097807 -15.553895051760406
14.094576451061855 -16.387615599782286
14.878078478318068 -17.009004828273902
14.875860328055214 -18.009002368175583
15.000890037259406 -17.016849369986133
15.84421192592666 -16.479440594383522
16.47278535327624 -15.701690347562602
17.471980057210253 -15.741814450421394
17.331628643072303 -14.751712697797212
18.239059239334697 -14.331510707122634
18.911323312549534 -13.591199275450398
19.54290024334891 -14.366512489888304
19.0393798412056 -13.502529154038914
19.402379509802415 -12.570739885696225
20.120282805164496 -11.8745970422307
19.199916415197055 -11.483539874775227
20.15186038871741 -11.17726765716762
19.473278873010585 -10.442742554437272
20.121543520494612 -11.204157649390353
19.68959467587897 -10.3022595422656
20.466567987103126 -10.931793078818952
21.343625313779448 -10.451407352840981
20.36337736787628 -10.649179859910642
19.39339396239438 -10.892350978857237
18.73155875042605 -10.142701626026971
19.564508153438855 -9.589352466796914
18.58072486738453 -9.768713683563956
18.439939318984464 -10.75875379859046
17.46412038277627 -10.977334227123078
17.59537205146121 -9.985985146593208
17.58588813484161 -10.985940173244684
18.443621952121177 -11.500034229517485
17.91261665925561 -10.652665727064889
18.912378188268576 -10.630828027880652
19.80602012077297 -10.182047350411342
19.149934578923 -10.936733882539368
19.443134765763567 -11.892784953579328
18.96253999576271 -11.015842157812225
19.96224886265536 -10.991713721140641
20.070753218844235 -11.985809694720675
21.04184312790798 -12.224523725549542
20.27961065024012 -12.871827093367378
20.513796225148557 -11.899635179954801
20.693184740926583 -12.883413488521805
21.599419529410447 -12.460638716164695
22.33956713896043 -11.788194282715025
23.32782456692608 -11.635396193490319
22.52069800652791 -11.045017742410153
22.527394419815163 -10.045040163636966
21.55309355011749 -9.819789602469278
22.377113130115546 -10.386350924639991
22.822183384743422 -9.490855269460427
23.659381006500176 -10.037755755952103
22.896828353586624 -9.390829599783947
23.77812610818273 -9.863390990233762
23.058649396640103 -9.168874423442292
23.376135892994746 -8.220611630418936
