0 0
-0.5278066161976286 0.8493645718406255
-0.7429322400369068 -0.1272218124427933
-1.2724869401294598 -0.9754976046294419
-2.244757476734308 -1.2093565442706724
-2.5293998243699978 -0.25072275917208575
-3.329294714812346 -0.8508628796808076
-2.6181846313075052 -0.1477821950238204
-3.6180666302899183 -0.16314409955854714
-3.908587727389134 -1.1200126862204085
-4.200070285566637 -2.076588829702096
-4.587940821398762 -1.1548749655157642
-4.666234453944186 -0.15794462336399562
-4.5387018625351105 0.8338897570284598
-3.7784492527187954 0.1842621950612341
-2.8528734214221343 0.5628244495445553
-1.9336759913632178 0.9566214588946559
-2.719342156156471 1.5752721499142814
-1.7547356803367 1.8389658108289142
-1.0484476648867547 1.1310412108666175
-1.5883071138355416 1.9727963863070255
-2.177790835524083 2.7805766422332434
-1.6265058081782375 3.6148936195412027
-2.579627108067258 3.917482098664027
-3.194933981892851 4.705769768885359
-2.5669892827536795 3.927511807266581
-3.414833520325624 4.457757173880989
-3.958932894582695 5.2967779548709855
-2.9836659064406073 5.075747862258551
-2.1987547718324203 5.695356214984762
-2.973743181569876 5.063380768647952
-3.5839904186597247 4.271169742705871
-4.531536074184443 4.590790190575267
-3.9322102552677065 5.391295382800641
-4.930598566549929 5.448047298143053
-5.921921643471465 5.316599372473538
-6.67597570851574 5.973411725425434
-7.090924018969062 6.883256712031358
-6.564566301309135 6.0329934862831
-5.848735856637571 6.731267626203311
-6.660030016592442 6.1466294594513275
-6.279946907726349 7.07158179895574
-6.894635298650234 6.2828117551131735
-7.3866934188225875 5.412249404461337
-8.012200611421342 4.63203100426353
-7.737356159246906 3.6705423006850983
-8.373179883923264 2.898707997781501
-7.420176895531296 3.201668893139266
-6.958376813789292 2.3146848546678407
-6.022435173473813 1.9625297099892913
-5.730561621503407 2.918986624680266
-6.572589916742906 2.3795532645549753
-6.048824892709479 1.5276904824126496
-6.911766864811041 2.032993513064028
-6.842668442390595 3.030603360659272
-7.458052572511555 3.8188307215109933
-7.4319122860301166 2.8191724371844598
-6.600359422665013 2.2637268183977977
-6.977859077078061 1.3377170933311384
-6.011105458479665 1.082007412390219
-5.1045671845102305 1.5041310409974318
-6.104564187222505 1.5065794213736756
-6.884066227943256 0.8801797338640275
-7.069074511813557 1.8629166950593241
-6.119233878265439 1.5501823495503775
-6.068265108820643 0.5514821019578963
-5.619671163776015 -0.34225358182635146
-5.631572945245099 0.6576755894642266
-4.659952355919706 0.8942203640820029
-4.608374655481582 1.8928893486897733
-5.463035837230606 1.3737031928541603
-6.39684616506547 1.731471653773991
-5.534211952057767 2.2372998998700164
-4.679699283329931 2.75673045247896
-3.9717674121710846 2.0504497251491443
-4.558772779569961 2.8600327651425164
-3.6606264629988585 3.2997294720096035
-4.542723370612811 2.828661487979801
-4.352110406268259 1.8469962202720234
-4.60664389810547 2.8140601796527647
-3.793969010725128 3.396777544608837
-4.2568420317912254 4.283202141723078
-4.278490579214702 5.282967784458641
-5.040650234124286 4.635578673932287
-5.85386272125468 4.053611792765328
-5.222943559170985 3.277763218032083
-5.861870651263889 2.50849592314057
-5.376044545529796 1.6344404357787856
-4.543207320241221 1.0809224539808784
-4.2443081416020725 0.12663775798662613
-4.706032610975903 1.0136611592458342
-5.552843239425765 1.5455556596351032
-5.996814805682572 2.441596533901159
-6.93861976719476 2.7777563388615754
-7.903708103244192 2.515831724475415
-8.097613579400223 3.4968519415538926
-8.99565172269796 3.936769539726952
-9.995650070471847 3.9385873542107324
-9.280729107246742 4.637792629034435
-9.399782324829863 5.630680503561618
-9.900945205117615 4.765327530826397
-9.553781907043673 5.703132225030059
-10.527050800519751 5.473463635554156
-11.520892607223857 5.584271862898148
-12.27463520512237 6.241441624917977
-12.95616856689345 6.9732286682529985
-13.801051533742736 7.508179855117695
-13.0313915373809 8.146633839364249
-14.028964914562138 8.216256803529948
-13.13112661502911 7.775931483009268
-12.281519865972307 7.248514786310038
-12.528237597917698 8.217602171814422
-13.40531172405636 7.737247118486053
-13.34239145136031 6.739228561903134
-13.893563046943529 7.57362047954271
-13.457646778779475 6.6736332534389575
-14.446426831825603 6.524254517676141
-15.17068522720809 5.834725854952113
-15.988049667146923 5.258604884735373
-16.975078425296655 5.419148432053229
-15.99346093140447 5.228289594990789
-15.108401859350025 5.693768315207003
-14.590556093827463 4.83829431611039
-13.717023237089345 5.325059504059305
-12.926905112923448 4.712104897367616
-13.356755365041202 3.809204703130012
-12.363023728433813 3.920996627729238
-12.777293269028393 4.831150871654715
-11.993576683297324 4.210032273277531
-12.491465251207854 3.342791260672615
-11.604171445998636 2.8815866387992592
-12.518423260890268 2.4764402220961657
-13.027296421543872 1.6155987114994634
-12.458168094110372 0.7933499979627705
-12.016841251898898 -0.10399643365862343
-11.193570371646414 0.46365227613318094
-12.029854287337729 -0.08464437017792226
-11.622907112120465 0.8288073234450574
-10.652643001465037 0.5867586597965468
-11.651253668159606 0.5340639127734528
-12.597372313488815 0.8578840927505851
-13.354000099334781 1.511729941315696
-14.272600129470268 1.9069184844632443
-15.194325715976602 1.5190758060747587
-14.840992211683348 2.4545732324442007
-14.072881908094008 1.8142556850351885
-14.953755037809854 2.2876081217508033
-14.390100333022367 1.461597605007263
-14.168545827055462 0.4864496157842114
-13.171398997060624 0.5619360346371884
-14.123684728054055 0.8671439744852671
-13.871266621343626 1.8347622356837223
-14.677669857642295 2.4261282986997137
-15.520041039984422 1.8872305429430882
-15.858180888635184 2.8283264162495434
-15.030756471787154 3.3899035119396155
-15.339262212665597 4.341125992669042
-14.346256548750775 4.45919271716449
-14.992405186731972 3.6959811228899766
-15.41750476125289 2.790834531589907
-14.423441316715984 2.8996364995657724
-13.504236956175493 3.2934173314549704
-14.324299963503904 3.865690573893828
-14.98386498293957 3.1140430600039535
-14.377500541267478 2.3188561864480004
-14.476809077653195 3.3139128755873313
-15.332130759600426 2.7958155677474243
-14.731092637208821 3.5950359224882007
-15.72383409186311 3.4747678709911933
-16.113612309384358 2.5538591126736514
-15.142175221869293 2.3165618623730024
-15.824004112630396 3.048073559971532
-15.20913802837314 3.8367050952464967
-16.043652396495947 4.3876912741989225
-15.332698106239663 5.0909294964011735
-14.651615073586619 5.8231356850066325
-15.51908139057414 5.325639766538846
-16.24751978320753 6.010751077303515
-17.082596616397772 6.560884409023156
-16.13627838412542 6.884120860044581
-15.660088065636529 7.76346310318854
-15.50877910044921 6.774976584790872
-14.508810357543513 6.767070055109652
-13.512424643094294 6.852014201709155
-13.52652641061122 7.851914766841958
-12.822224652424582 7.142014046025864
-12.532847545147554 6.184798871791784
-12.37912032394374 7.17291219599147
-11.854643583412766 8.024336971671628
-12.227801493318015 8.952104816703534
-12.20825293157201 9.951913725312405
-11.248514156749932 9.671019645447739
-10.762826256191987 8.796887353828435
-11.705605791768273 9.130304130998637
-10.762088720269832 8.798980217296343
-10.930836372335191 7.813320930360726
-9.981029545301409 8.126157934757616
-9.046514384835367 7.770234607537934
-10.029660152230038 7.953058019752959
-10.57179442021171 7.112766144581017
-9.639433659331518 6.751236876649761
-8.81441180429168 7.316337698367997
-9.78828304718323 7.089236834721755
-10.618597255933166 6.531941298450409
-10.40264229236993 5.555537973121987
-9.486615174298686 5.154421632195702
-8.511800668838264 5.377438851136196
-9.434975151427754 4.993057693044873
-9.681777647091153 4.023991891288193
-9.541340135557263 5.014081435397295
-9.906593310076829 5.944989657781961
-9.554303443104335 5.009098718821389
-10.55428272956754 5.015535072178765
-9.770796828068809 4.394125511459974
-10.590163472450426 4.967395345024246
-9.635073529191956 5.263711392997579
-9.18443586856157 6.156418343133833
-8.647119063290624 6.999798833051299
-9.477677593621973 6.4428674838763484
-10.359170309144588 6.915065104031901
-9.625271204387138 6.235806608290984
-8.625274099802219 6.238213020927915
-8.000368805510185 7.018913586552013
-8.711176782373183 7.722299696756025
-7.818715244766643 8.173423187491068
-8.81844941471831 8.150366964230344
-8.793948054638546 9.150066760846428
-8.526220360895081 10.113561380448845
-9.304078539679042 9.485121523581936
-10.30166106394903 9.554613302024554
-9.416891929373941 10.020642891753841
-10.337238325344678 10.411747112421011
-9.633804530920495 11.12250789979043
-9.35601074937722 12.083148631248287
-10.291495202527054 12.436516481957652
-10.873247766519363 11.623150663713256
-10.104971781727318 10.983031915986075
-11.097631886984589 10.862094264981005
-11.426120659050289 11.806602140346143
-11.54571425105022 12.79942507156427
-10.574722260750933 12.560313058535586
-10.074985019977536 13.42649011329067
-9.262813949989154 12.843070750333005
-9.620072252313406 13.777076374202794
-9.923012646141396 14.730085879815064
-10.438938605720283 15.586719059322258
-10.777115738429158 16.527801535470232
-11.65049572040167 16.040762104736235
-10.695822298056918 15.743106839927163
-9.900000375340305 15.137576107987293
-9.871880014646345 16.137180652451974
-10.621414935272622 16.7991454572277
-9.668437395281233 17.10218639220507
-10.407807290676207 17.775485848452902
-9.732571663116545 17.037883755672446
-9.465654711112064 16.07416422140294
-8.609890519288788 15.556798153716763
-8.213509962000225 14.638711853958615
-8.770556118740915 13.808230319389406
-9.76722721234676 13.726702832180939
-10.027393795815636 12.76113908553024
-10.48871447791528 13.648372554391237
-11.396769347032434 14.06722378654011
-10.900667490586617 14.935488117277595
-10.112308987681125 14.32027200004999
-9.41305099097204 15.035141396540284
-9.424810560015668 16.035072250417645
-10.413279186383793 15.883646444539277
-11.185002971409482 15.247688584594433
-11.357105574323118 16.23276761394708
-10.831301774149079 15.3821617335756
-9.890677348060738 15.721610829974423
-10.876763037031385 15.88784865361058
-10.516538753006888 14.95498292629553
-11.268290831135026 14.295537088466505
-10.322861806739402 13.96970897453166
-10.318835305483846 12.969717080920697
-11.011243946009202 12.248211519940167
-11.238167077315033 13.222124191835526
-10.971377380686171 12.25836942127785
-11.90256718504475 11.893834720242912
-12.703024853322955 11.29444542996937
-12.205749364031977 10.426852733048506
-11.330890193602446 9.942475367851333
-10.360336418679912 10.183359925230215
-10.097779833445548 9.21844332803123
-9.477384444349415 8.434154120411835
-8.48602274315875 8.302997811328543
-9.43674891997097 7.992965979536999
-9.633475207030722 8.973424427396818
-10.134656759123876 9.838766586222734
-10.724285390910188 9.03109209945359
-11.600411767060384 9.51317359983908
-11.27587812067042 10.459047752335506
-10.287369223167454 10.610210444682101
-9.377840816703511 11.025852210912543
-10.076851519200348 10.310741004319556
-10.796385978824826 11.005197742650253
-11.788462588410281 10.879563349614635
-11.57175192588032 11.855799227231222
-12.131055178841885 11.026836097033858
-11.394276273078631 10.350702349893321
-12.345334683191728 10.65971351563519
-12.302217838464431 11.658783552069455
-11.609819108562256 10.937268480272714
-11.806415969363844 11.917752888268557
-12.421734630644291 11.129474419020514
-11.579246103090284 10.590760133949214
-12.185053861478952 11.386371194629053
-12.817281556921465 12.161153835835893
-13.540177572637065 11.470196998933247
-14.06524680961714 10.61913748492899
-13.141523099333261 11.002196889015854
-14.02749353834431 10.538455170816414
-13.281163372546107 9.872879267091207
-13.51011844769505 8.899442277058702
-12.521382454573075 8.749772186843238
-11.816014391096719 8.04093095283691
-12.584830562776707 8.680400806827953
-12.038330157642681 9.517859645928924
-11.615745611864327 8.611536137644325
-10.83541625139582 9.23690490020831
-10.262499595332375 8.417291268546977
-11.193190364558076 8.051484363092646
-10.296132235733948 8.493396926288753
-9.299403294262843 8.574214110314736
-8.472646653318368 9.13677384639101
-9.022288275984991 9.972174400994849
-9.804357140947042 9.348982383670357
-10.531341217885192 10.035636701270112
-9.998464826676845 9.189443607648586
-9.002648013746272 9.280815786591612
-8.071410411594005 8.916403206762517
-8.135439173449642 9.91435126034809
-9.109376833817647 10.141167118957881
-9.957114466743986 10.67158290465854
-10.747718220964467 10.059254803219059
-11.06218601627499 9.109986661062935
-10.115096714907992 8.789016482952615
-10.27058633583127 9.776854008958352
-11.083992924798665 9.195158451966186
-11.870393015443327 8.57744096198062
-12.861120764495725 8.713303124695509
-13.64255487661952 8.089315361667023
-12.84926001227628 7.480477732896724
-13.751294887886997 7.912140892295296
-14.492723273489595 7.241108889315762
-13.593222078733527 6.804190589593256
-12.682303795239235 6.391603773522003
-12.637993708663423 7.390621599302726
-12.235477914074874 8.306034640015358
-11.437974398882185 7.70272034111693
-12.353502347852652 8.10497470672895
-11.41688982965559 8.455341644034052
-11.449158049653631 7.4558623986376515
-11.691487765525773 6.485668444417503
-10.7105438938383 6.679959773608466
-10.755231011027778 5.680958741798542
-9.758282330134584 5.759018511624743
-9.407318972061969 4.822629318345371
-10.38215982744654 4.5997273069747235
-11.320796259502785 4.254819133083873
-10.506167448078944 4.834801804892419
-9.628412520141715 4.3556919151156475
-8.896396598696455 3.6744043908275197
-8.114555647402838 3.050926462685478
-8.990248301620365 2.568057561896182
-9.95625397600311 2.309536698017966
-10.926934987614954 2.0691653734049704
-10.837782481199834 3.0651833604915
-10.997677765293608 4.052317342342278
-11.550248425905213 3.2188512872259016
-11.363206536688555 4.201203226033101
-12.341564845515423 4.408121131371018
-11.698469764430198 5.173907470165324
-10.955210957065438 5.842911465127024
-11.384482736506191 4.93973610044098
-10.689051243423533 4.221143699681813
-11.232076137756305 5.060860297192474
-11.519969246964195 4.103197748237669
-11.436604591383505 3.106678639439492
-12.137224898028611 3.820212931479136
-12.930002067523482 4.429724506043312
-12.947276115919719 5.429575298537875
-12.443721033358585 6.293538422072005
-11.515252495783857 5.9221273630903895
-12.454936194885908 5.580082708634448
-12.211858954922699 4.610075772879931
-12.440845711300158 3.6366462349041564
-11.454528240474612 3.801503284326678
-12.2770131379974 3.2327163353317756
-13.276982626054401 3.2405280544138546
-12.993124996053528 4.199394492396896
-12.001874038490945 4.067403814198535
-11.449971996548706 3.2334948646722763
-10.715601843403013 2.5547456634434487
-11.581526657797431 2.0545714779680373
-12.3292023302693 1.3905074081722555
-11.626731615363276 2.102220057139111
-11.54299537946104 3.098708011304602
-12.116367462134026 3.9180031075985093
