0 0
0.9665741747155586 -0.25638713847019867
0.9089895961496476 -1.2547277698738226
0.36249431233390517 -0.4172655887771768
0.289516600813952 0.5800679831140488
0.030416792486353372 1.5459185353862943
-0.8280416607181156 1.033035425777691
-0.3209183138625843 1.8949089147968419
-1.2242559588188402 1.4659787349250062
-1.071896484353366 0.4776535907843724
-1.5587862607930896 -0.39580982894107664
-1.6136238216107366 -1.3943051178250907
-0.7844473147227499 -0.8353182481894644
-0.6734759126271244 0.15850535181052094
-1.6680903561125908 0.05486120672698974
-0.7981128320720985 0.547952585341922
0.18606075022990753 0.37074547516053974
-0.352017689560698 1.2136402447685304
-0.06678821815401581 0.2551809870840607
0.4915162043824578 -0.5744551812308306
-0.43819747953523736 -0.9427383140731969
-0.752122424538993 -1.8921861161689146
0.0369612126770531 -1.2779003410789365
0.9083108214603106 -1.7685630146880709
0.48128636628721794 -2.6728030904888085
0.2987032828094083 -1.6896126625310628
-0.6552066091729671 -1.9897058446898264
-0.5416045744545332 -2.9832321793724215
-0.849864326988709 -2.031929953490673
-1.7489224487572377 -2.4697592509138184
-0.8098242428967326 -2.1261103606936107
0.08880465688740968 -2.5648199462655947
-0.1777905379285763 -1.6010113542199405
0.704617839753674 -2.071495631317676
0.01628663852362011 -2.7968921831520444
0.04066469153464125 -3.796594994257121
1.0242798619524451 -3.616314111954103
0.9732670143637838 -2.617616114869451
0.7154289867149937 -1.6514279595403858
1.2001610612093456 -2.5260906464982793
1.2588126993765114 -3.524369157406086
1.5545861636187077 -2.569111046814938
0.6907693240380525 -2.0653050646582267
1.6884194690646448 -1.9967909191959987
0.7533853877866304 -1.6422330722251839
1.1764943943544122 -2.5483118593961587
1.377114165333056 -3.527981042075943
1.2783516241750636 -2.532870012861607
0.7827441991622189 -1.6643233645621978
1.2686634789116153 -0.7903196725975541
1.3987922329711244 0.201177431466255
1.054208898367677 1.1399331640791475
1.4932678515339357 2.0383914188937764
1.1372668839947748 2.972877005251951
2.039861071882455 2.5423845755956567
3.024289447115935 2.7181707355604576
3.8899751466074224 2.217582811519202
3.826100440754518 3.215540737462077
4.345431666228477 2.3609676988938597
4.5404435396808935 1.3801668173625579
4.777363564889463 0.4086376610037943
4.243669782052109 -0.4370401418033717
4.707243753788581 -1.3230983637777929
5.580946318127206 -0.8366378524635549
5.9192766960846654 0.10438954105438236
5.228596979009805 -0.6187712491032363
5.3320374692328985 0.37586439523211834
5.561619366876905 1.3491537418676276
4.860637410303426 2.0623327492412447
5.327521038414185 1.178013984427258
6.127113582675921 1.7785568747865086
7.126509321810986 1.8133154219177865
6.510282649789821 1.0257465749655217
7.2224242790963356 0.32371074980510794
7.23645728308017 -0.6761907827465677
7.362123486974313 0.31588179786376025
6.672344580990971 1.039901867240586
5.694798763035544 0.8291788884322588
6.35455296076482 1.5806603576506282
5.375927813285706 1.7863125414987078
5.766706573299465 0.8658279078832903
6.76285581675753 0.7781541674707543
6.5012509493698225 -0.18702089093008323
7.493659368911489 -0.31000677964424384
7.7048787740726565 -1.287445454387249
6.890451719280918 -1.8677114041234493
6.429044160639025 -0.9805231124806166
7.20263783985079 -1.614205067000078
7.4626475081977555 -0.648599053987472
6.4626594431260775 -0.6534847181389681
7.068579491549357 -1.44901026450359
6.393450302544053 -0.7113107469810149
6.743963401819329 -1.6478685760745744
6.044782710176292 -2.3628135812557867
5.41731587161002 -3.141456867041806
5.8817550325972645 -2.255851838972597
6.418857479944763 -1.4123348201440926
6.330712933391984 -2.4084425145792903
6.425871040931323 -1.412980343238997
6.314215955164449 -0.41923332220074905
7.2125907548285495 0.01999636637743285
7.043993334797542 -0.9656886289222257
6.072671853437074 -1.2034586435323649
6.500957873738253 -0.2998154148106652
7.359970269656208 -0.8117702015441165
8.066267106496184 -1.5196860004000574
8.499406232667958 -0.6183589247060275
9.489381876396088 -0.7595971094333764
9.109275884716208 -1.6845400455591975
8.852644586901661 -0.7180306679626728
9.668398261207432 -1.2964301344705824
9.77024828648073 -2.291229899424228
10.700219296024754 -1.9235970371721336
11.700109617236187 -1.9384073561321669
11.030747749117122 -1.1954708248536488
10.489380459428883 -0.35468461085177105
9.715308244913848 -0.9877819230525021
10.44694899819812 -1.6694723279531591
11.071873857076554 -0.8887874230422403
10.37514825605823 -1.606125165591492
11.183909922028965 -2.1942616868654565
10.31634180515776 -1.6969433154085487
9.407862703106245 -2.114873598034337
9.551060721479523 -3.1045676555763464
9.997530022281698 -3.9993666069845477
10.65609049796253 -4.751894413694064
11.548309362371816 -4.300291160835756
12.112927473504813 -5.125643442337786
11.867151456874188 -4.156316794788477
12.69702987619238 -4.714261065437384
11.737360630512816 -4.433129532348657
12.541704590943946 -5.027293477163525
11.554196511482012 -5.184861852789487
12.543204825795181 -5.3327217669630835
11.982018735011412 -6.160411425899833
12.064274593862088 -5.163800180887647
11.59051380711358 -4.283146607148555
12.19408332347504 -3.485836229115513
11.583810270780313 -4.278027368396091
12.574871325505597 -4.411436460315678
12.363015954070438 -5.38873748947408
11.549994352351877 -5.97097101233152
11.406950038231088 -4.981254727632863
11.481424062966294 -5.97847768146001
10.880826941274643 -6.778029491798592
10.041370745873751 -6.234602131424586
10.668588696664287 -7.01344591692083
11.117417762540018 -7.907063547468212
10.61126716365221 -7.044618435449184
9.632484954576471 -7.2495217960775955
8.633655977239599 -7.201141283139249
9.570133061618382 -7.551870053606418
8.803159824157134 -8.193549142418117
9.77756950752676 -8.418328520821714
10.505526561763402 -9.103951250307187
11.21110460111818 -9.81258347535786
10.212538133486236 -9.759057689786204
11.16180789292615 -9.444594776531101
10.496287803820172 -8.6982148391022
9.539777414593953 -8.989913099814032
9.536471339377002 -7.9899185648956355
9.587462470754584 -6.991219458797691
10.047915867780839 -6.103535579724187
10.961978294457454 -6.50910909974005
9.991900890925558 -6.2663132366022785
9.381177865913312 -5.474468942110053
10.033623585644921 -6.232304401034945
10.613439903203025 -5.417557177723714
11.597774666108881 -5.593866776257296
12.40463933602929 -5.003130452307067
12.268579698308363 -5.993831100829743
12.775613669514449 -6.8557571719303825
12.38728282375792 -5.934237148146841
11.628141523416796 -6.58516301651926
12.541243568196768 -6.992894123768428
12.764708161759726 -6.018182076328908
12.278312611551025 -6.8919208065779305
11.71783030421436 -7.720087204811141
12.641619316120229 -7.337185309435866
11.990690508783864 -8.096324089751862
12.744402511759532 -8.753528941050456
13.690096110625948 -9.078588346487502
13.227186805892778 -9.964993996058539
13.44248944078184 -8.988446621165837
14.392096525101561 -8.67500382668844
15.392059610381127 -8.68359615339154
15.328095141929351 -7.685643976794042
16.09826391185992 -8.32348413374846
15.819801731237716 -9.283931328529686
15.161920223062642 -8.530809876703163
16.103205872814343 -8.193198671954976
16.494541033304838 -7.272950448830433
15.828688706494214 -6.526866888576706
14.93700249517833 -6.979520951354369
14.341561158412922 -7.782919740543788
14.154980137975542 -6.800480163362297
14.722153916335083 -7.624078308783572
14.118704489599608 -8.421479581276053
14.514718589837756 -7.503235151718993
15.086202010524458 -6.68262153991364
15.608488062304096 -5.829851183887801
15.384471181765704 -4.855265919668272
16.27641810528428 -4.403125802419482
16.59010192333158 -3.4535983081912915
15.660606043797445 -3.084765812430594
14.662825674315668 -3.0181750151924662
14.23153180149815 -2.115963512677637
13.28829085291362 -2.448072700917526
14.135154860749566 -1.9162631934507637
13.14974083947721 -2.086437241648037
13.522340785209025 -3.014429310817084
12.583616524463377 -3.359098372799062
11.760528740146835 -3.9270125382403607
11.443617565091547 -4.875467759705812
11.156974976440717 -5.83350535102024
11.521811392001807 -6.764576986223749
12.347147939010462 -6.199935875276425
12.878127199295363 -5.352551060008119
12.638446682464064 -4.381699243379298
13.090763854207934 -5.273556393457508
12.090765491873007 -5.271746606877428
12.477820513448675 -6.193803226762053
12.780722745766765 -5.240781591301074
11.991132221770652 -5.854415687824031
10.993101264849665 -5.791692414413115
11.878692605360591 -6.256157674267993
11.668339241535623 -7.233783094522357
12.667953869766343 -7.206023501096661
12.142428801175745 -8.05680161687236
12.632451443948748 -7.185091911999366
13.12052297850643 -8.057895542350723
13.304794231850593 -9.040770969447653
12.62290585381285 -9.772227215505513
11.85028209554872 -10.4070913963866
10.855674845979305 -10.510804554201624
9.899625040052925 -10.217600242179902
9.77702172161944 -9.225144486839092
8.881203379675624 -8.780724079750225
8.769042877603177 -7.787033976259778
9.468219328825962 -7.072084824182855
9.154522979352379 -8.021608178464858
8.266661302426822 -7.561497710591175
8.991332666954523 -8.250592343739308
7.994270664670335 -8.327191061751071
8.982455805891494 -8.48045595228285
9.982082587788653 -8.507774387705231
9.555952023455589 -9.412436060454322
9.45530646268201 -8.417513716199972
9.443053211952337 -9.417438642305205
8.72667173191596 -10.115147446220485
8.24224149549578 -9.240317550731145
8.508646602851641 -8.27645639954042
7.510024300478721 -8.328930175880672
6.790588881932098 -7.634370834614106
7.516472914380995 -8.322187940708254
8.121167052922384 -9.118645722899933
7.744333730947879 -8.192364638428455
6.768259792921569 -8.409803520659326
7.149134762089395 -9.33443007114412
7.570987417390715 -8.427765669496395
7.59742100696912 -7.428115097875491
8.593166125171024 -7.335964896697862
9.586598720990352 -7.450383765612346
8.595486434276625 -7.317355816950853
9.222321021758644 -6.53820345705181
8.404008814863364 -7.11297744049763
8.101988118812434 -8.066278808983437
8.866487533572302 -7.421654387454265
8.186514629750135 -6.688417147491885
7.406851837201801 -6.062217554777443
7.162737965217361 -5.092470980921797
8.159556302401556 -5.172177960875478
7.198886953774148 -5.449872762065184
7.920290544419745 -6.142387642341153
7.915817153492308 -7.142377636677901
8.360588152704441 -8.038021962434415
8.904436026184209 -8.877205786463177
8.47549915665229 -7.973871317976473
9.29934794564315 -7.407061673670473
10.211377977094958 -7.817185096227651
9.516845717085598 -8.536646658652142
8.587768174950716 -8.166761648546832
8.499920482511229 -9.16289556671901
8.109802313028371 -8.242130768391368
7.177952320453912 -8.60497452448892
8.077751858068845 -9.04127807949157
7.17331652438857 -9.467888823836633
7.630623580127661 -8.578579959171918
7.057032679087866 -7.7594380433573535
8.054543285499678 -7.688921448885279
7.395538892300847 -8.441060538246177
6.805319973572644 -9.24830376551743
7.071262259838645 -8.284314813103757
6.0729862797069645 -8.22562011579528
5.849447251062183 -9.20031509509524
5.81843782527765 -10.199834187215302
5.279941422793972 -11.04246199622242
4.617756527767443 -11.791802482782904
4.483338557150075 -10.800877758510111
5.331563716824283 -10.271241960536008
5.0858947898459546 -11.2405957547295
4.098914931663651 -11.401439652787337
4.555960289230195 -12.29088304116395
5.265922305162423 -12.995123011581311
5.240070170626315 -13.994788789299008
5.933441749497325 -13.274208569188906
6.860419987978656 -12.89909345967977
7.856851397746397 -12.983499890881848
8.53120056562995 -13.721912512506615
7.6739789874212825 -13.206964781320776
8.426908674394573 -13.86506575113795
8.223678199109795 -12.885934823265929
9.151723332693416 -13.25840258030237
9.321045470777753 -12.272841819337046
8.894650344620562 -13.177378825981547
9.604003678176504 -12.47252575748211
8.629023664252538 -12.250233219485843
9.566030650127088 -11.900922600663154
9.02630077276385 -11.059084338595277
9.984716630477337 -10.77370907042489
9.022968046005087 -11.047642749014475
9.051134141558734 -12.047246005842535
8.501246072235993 -12.88248436177245
8.99894071929918 -13.74983667674293
9.982900980351982 -13.92822446967984
9.533663742078577 -14.8216369744885
9.528554170832528 -13.821650028432863
10.034089491771603 -14.684455938984609
9.097459350425364 -15.034775761891801
9.512598623818272 -14.12501789097954
8.617704622179945 -13.678739137472565
9.602482073061559 -13.852559079467465
8.76653052881385 -13.303755821760413
8.476585118334095 -14.26079900727595
8.041319259145236 -15.161100974298451
8.47109630733109 -16.064036015623493
8.02087330902634 -15.171119865138197
8.579674109807973 -16.00042177942865
8.906672206165572 -16.945446776441166
7.906944259481758 -16.968771283281924
8.782978874944403 -16.486523056212903
9.772613798624146 -16.342916935753536
8.855415091740996 -15.944486851432739
8.744832074960083 -16.93835374211762
7.992206505111872 -17.59680248849858
8.968594422201242 -17.38077787100816
9.709415772491731 -16.709075759240022
10.703074537827355 -16.821513555695148
11.598422519502657 -16.376146300825685
10.733267842495243 -16.87765142029327
10.449674359677939 -15.918706825176558
9.517045185135599 -15.557870542643226
10.517045126352158 -15.557527662374905
10.178336297576903 -14.616636420355034
11.071220472375314 -14.166350011061393
11.874879351165422 -13.571259760307925
12.11985417326766 -14.540789201086273
11.131466101520918 -14.692739915558947
12.11232083951803 -14.497999105894886
11.963164772681427 -15.486812772732998
10.963386400316045 -15.465760310871595
10.885605569125929 -16.46273079303211
9.91513028504593 -16.703931379660432
9.649122961236186 -17.66790238735702
9.54499101583161 -18.66246587851596
10.538992766826205 -18.553101720677663
10.51208640256471 -17.553463762433665
10.294503089717622 -16.57742201026807
10.982353404551302 -15.85156944646244
11.855573868870257 -15.364244071897778
12.760786466237816 -14.939285069678647
11.78819674524502 -14.706757147443147
10.80412016791301 -14.884502161287465
10.500706455554194 -13.931643242479103
9.694993259342382 -14.523949114010144
9.093540655394229 -13.725040630387655
8.095464300586073 -13.663043937146275
8.151866526430805 -12.664635809715534
7.5919356316824 -11.83609649676397
8.590658666838372 -11.886616780302782
8.906366430491667 -12.835473254153825
8.844223372077547 -11.83740600176502
7.9047487816169 -12.180024585439051
7.973964126907194 -13.177626327606909
7.139028663567041 -12.627278463018552
6.248033129574807 -13.081290531587102
5.629069255782731 -13.866709988272705
5.329621480699304 -12.91259729576852
4.433248761073512 -12.469296102999246
5.402497140606483 -12.223211607809668
5.945404851897236 -11.383419242387694
6.926211303864601 -11.578403097563418
7.754882359602151 -12.138139000809597
8.297470326639694 -11.29814001388993
8.613625346726824 -12.246847557484744
8.78217423177208 -11.261154261702531
9.737427100355251 -10.965363867903777
9.363633010196414 -10.037852154682684
9.03910901204707 -10.98372961747856
8.635881722792906 -10.068629757790701
9.298702096253233 -9.31985131757897
