0 0
-0.9160013570890925 0.4011751659947819
-1.9135248139010654 0.47150974575390125
-2.6036603222031625 1.1951899100396206
-1.7386201872462628 1.6968925758823972
-2.726934733505031 1.5444643709683268
-3.2469631746653187 2.398613316050156
-2.3773848690641506 2.892408385312498
-2.003468382783662 1.9649460080229104
-2.6855208924615104 1.233642805485038
-3.4675459516602 0.6103958185005149
-2.886604876557458 1.4243414353929893
-3.083596382352412 2.4047466305264282
-3.6911188523663636 3.1990491222939834
-2.779994296978493 3.6111802234854067
-2.9873229665171146 2.6329088793342326
-3.956829185374259 2.8779755877981175
-3.0192616398162793 3.2257788332061863
-3.1539056317908636 2.234884794761536
-2.384617016352787 1.5959833734472872
-2.6109859536906934 0.6219417397331491
-1.6843810566705557 0.24590535210782916
-0.8259006576352449 -0.2669410230106595
-0.12717102032671124 -0.9823268587291794
-0.7786285608288707 -1.74101195343111
-0.674701700847262 -0.7464270109679922
0.23112521158965627 -1.170074983587949
0.37083670837907834 -0.17988273070729777
-0.36411269718850303 0.4982392135297685
-0.7862959407366468 1.404749725805919
-1.5076477787349831 2.097318513592679
-2.344296433516179 1.5495785858415467
-1.344329099444041 1.5576613321979278
-0.515258478209826 2.1168052358634446
0.051077650907950356 2.940979603855979
1.027917980277222 3.154949159909482
0.2711867069420555 3.808675234008211
0.35126316264051666 2.81188650953207
-0.28827100347755436 2.043123834600682
0.4395935506742065 1.3574029068104778
0.5841426075523396 0.3679052715653792
1.3608194883618596 -0.26199394483038263
1.5847692626094645 0.7126067419200663
1.7437888652888758 -0.27466868366475095
2.7301037325064414 -0.43954130936591407
2.547368826859252 -1.4227035311066158
2.681103859392343 -0.4316864065959578
3.442729860995792 0.21633044016155
2.468218339150623 -0.008007015005911416
1.56970883691876 -0.446961083672611
0.827329555577442 -1.1169409360824787
1.5380505845808958 -1.8204149007267092
1.6788702664939437 -2.8104501613037796
2.455214545843898 -2.180141062590616
2.146157697207896 -3.1311846285281515
1.7881750078494698 -2.1974564056925616
0.9391114256586927 -1.6691657343785913
-0.056225220713918445 -1.765627956972328
-1.0457419591282613 -1.6212097295983532
-0.04826550476820801 -1.5502116803484165
0.7836935720297689 -2.105048678514056
-0.05645759643014181 -1.5626963814455852
0.8024218418155115 -2.0748741929122976
0.7150965005432491 -1.0786943473162913
1.7150036416181136 -1.06506683002622
2.7053972681803655 -1.2033435976514113
2.8832479289812007 -0.21928610824710515
2.225543158652667 -0.9725619110491671
3.1109825109159557 -0.5078069718999761
4.032372236367976 -0.89644687442087
3.402815742341953 -0.11949216478223113
4.341429032808879 -0.46446330989273177
3.667372256252585 0.2742162295413436
4.649791534343434 0.08752835624622535
4.12191512215535 0.936849551940432
4.111212344238985 1.9367922755725773
3.180264214217916 2.3019437225233936
2.355172466039556 1.736944955190245
3.320765524210567 1.4768871808170223
4.101835374507754 0.8524435172598283
3.5588103739802976 0.01272698842277109
2.5820675385334235 -0.20168717482956866
3.324635021369843 -0.8714584293889025
4.312675623779195 -1.0256523591999214
3.7645471461208957 -0.18925821049968372
4.238488605484374 0.6912981437993565
3.966647325763306 1.6536402444265774
3.462896244017193 2.517489101368358
4.279687780596432 1.9405561886544742
5.015264050095622 2.617998106275207
4.629132549379807 1.6955543604809433
3.6587863063723827 1.9372735543431134
2.9645444754136947 2.657015369265054
1.9978885217607312 2.913094004194405
1.4103035750025361 2.103931517209764
0.44203201750008525 2.353831879217861
-0.12746148784286826 3.1758277109422046
-0.9953294987127312 3.672622553617516
-1.0060571146627686 2.672680096145073
-1.1604621309605905 1.6846724590581579
-2.135613877052289 1.9062104289285882
-2.996054379636683 1.3966595075161008
-2.7294372555336865 2.360462033521842
-1.9641978586143505 1.7167162254558546
-2.7428586047942964 1.08927105465725
-2.4152820585482657 0.14444641148290827
-1.4171651258531057 0.08310646799413826
-1.8038010489251828 -0.8391259663683727
-1.5599589405974417 -1.8089409106779981
-0.7947057814633304 -2.4526703588433456
0.056136790364700095 -1.927249653155929
1.0320862490900695 -1.7092527403024247
0.06506446790244702 -1.9639464283057162
-0.6326701829444134 -1.2475901224022854
-1.5956160191651114 -1.5172849805386992
-2.491288350602462 -1.9619995796891891
-3.4900442609841265 -1.9121334441090927
-2.7664243340211403 -2.6023321121041003
-3.6073157624529353 -3.143535960565967
-4.605627414303154 -3.201620775966287
-5.537772608338085 -2.839536065936189
-4.812210905447054 -3.527693181207016
-3.880377584156551 -3.1648066130721366
-4.20332145905993 -4.111224730852217
-5.1892924790004935 -4.278141320313438
-5.380561869103812 -3.2966037405899185
-4.380622937495092 -3.3076551230016826
-4.401911530378063 -4.30742849522814
-5.216625310157458 -4.8872918041532465
-4.232446228944963 -4.710115236561111
-5.219350627613252 -4.548808981601232
-5.57294131935489 -5.484209228935852
-4.704258086493021 -5.979577214321112
-4.4717049877931645 -6.952160915749989
-3.6723320096140877 -6.351325795473957
-2.7990020581281034 -6.838454932189765
-3.3100689121967664 -7.697995897282389
-3.7490848891747612 -6.799516642119502
-4.449834107858 -7.512924332374402
-5.2392966746871075 -6.899125623044057
-6.017792355882507 -6.271475661393368
-5.020961128602246 -6.191930049830386
-5.022738363613734 -7.191928470546996
-4.333709748374568 -7.916662606200615
-5.0684448856195345 -8.595016701122743
-4.5029142370260775 -9.419743980592425
-4.731415433225381 -8.446200348629539
-5.39552383878431 -7.6985640562614
-6.162699409797855 -7.057126886119194
-5.5327177128139455 -6.2805169058425605
-6.302303998625476 -5.641974073535429
-5.651468041818555 -4.88275568774171
-6.633358415549059 -4.69330571024007
-7.140117530194762 -5.555393408634788
-6.487750799867923 -4.797489952274633
-6.9927504479864595 -5.660609501004792
-7.71027358141613 -4.964074826352291
-7.215761155543593 -5.833245385366837
-8.014270577592297 -6.435227696485231
-8.71912573747527 -7.144578951919623
-7.800817799012034 -6.748712143314252
-8.609614160059877 -6.160623335092426
-9.267482266053692 -6.9137564940464795
-10.156889834478402 -6.456641434976181
-9.164895813394558 -6.582926280202777
-10.119619035647446 -6.28543078630234
-10.729895846432894 -7.077619030482688
-9.744248300077391 -6.9088028157301515
-8.82837362975382 -6.507338510642276
-9.819248568980253 -6.372554035226843
-9.061359335152252 -5.720170781879851
-8.061400270504127 -5.711122631348062
-7.162402613559116 -6.149076068150858
-7.000603246921541 -5.162252393447176
-7.209537785736941 -4.184322764849087
-6.67641585619587 -3.33828434477444
-6.782518514735133 -2.343929163840132
-7.686991918561944 -2.7704591883049328
-8.106853365246144 -3.678047401972481
-8.61625463599851 -2.8175182941813075
-7.740827114736293 -2.334168881213122
-6.803423160944964 -1.9859249617882693
-5.882061993137637 -2.374632561992742
-5.854238448562954 -1.37501971175156
-6.8151771951692055 -1.0982585777915932
-5.942003327074509 -0.6108497185404026
-6.181348794723734 0.3600847525315508
-7.067805421038559 0.822896430930594
-7.788772339319178 1.5158659127585792
-7.813273433916733 2.5155657158812574
-7.2349170433544465 1.6997815008490202
-8.080522406039515 2.2335900532329758
-7.721129923267004 1.300403553477107
-6.7350712388320835 1.466801482702429
-5.7363651510694265 1.4159472767229129
-5.0540882230023225 0.6848534431917339
-4.484932833496334 1.5070834247639742
-3.564462139392417 1.116271831671019
-4.540699016732324 0.8995656727330992
-4.109111317063395 -0.0025053097812938185
-4.75454624816358 0.7613099491103438
-4.0594077890543225 1.4801858234219023
-3.6564947694627485 0.5649475491765559
-4.463554682623153 1.1554171051822149
-3.6714779046499846 0.5449956296461353
-2.861727633364747 1.1317702866938681
-3.8541762413037275 1.2544314484362051
-4.371329111683162 0.3985384009949303
-3.9528227173143633 1.3067522512925502
-4.528126224427883 2.124692270305488
-4.704494750347821 3.109016476583495
-5.665580349694328 3.3852672154581
-4.732458046283888 3.7448263439446317
-4.784672919266183 4.743462217043252
-4.731005434872353 3.7449033549230273
-4.065151238059061 4.490985246263465
-4.021273562505694 3.4919483352396363
-3.5903854115788247 2.589542993172767
-2.800249866159577 3.2024751426518328
-3.687254623464441 2.740714857960156
-4.678994868510963 2.612452289940235
-5.020052026465042 1.6724097297291105
-5.394087598461368 2.599824087436269
-4.818452564150664 1.7821173507181995
-5.553893466641932 1.1045284790985213
-5.156791470268187 2.022302963640332
-4.191361442417267 2.2829653148224147
-3.1970384013712345 2.176561884215267
-3.735531083998393 3.0191920704517954
-2.765220857050994 2.7773283412957137
-3.7427841651646316 2.9879701667481173
-3.9476825458757223 3.966753418332437
-3.4936876718406396 4.85775771369238
-3.030380997751149 5.743955730923368
-3.9404971595139635 5.3296025336409985
-3.1025387590102556 4.7838684234506355
-2.6267680960025594 3.9042990536899453
-2.8479811675047912 4.879524554277655
-3.831431726229797 4.698347848977349
-4.206532191535854 3.771363684642715
-5.1464188219106415 3.4298770494097575
-6.146274651804335 3.4468570207758655
-6.053186134664002 2.451199183978196
-6.897620050099979 1.9155394389333913
-7.300860752206903 1.000445489568456
-7.203245680374247 1.9956697345258956
-6.46742092311639 1.3184977278640604
-7.385904405412275 1.7139570718548476
-7.592645217512363 0.7355613254351301
-6.688193668850033 1.1621376915436068
-5.688452098173819 1.1848707481321323
-5.20675062836404 0.30853537056079483
-4.3838428725549425 -0.2596396248668762
-3.7790446073708317 -1.0560183403222114
-2.779046027949192 -1.0543327678073988
-3.5557463302170436 -0.42446243158173713
-4.286912525504896 0.2577369490015985
-3.7989227694328442 1.1305863048292464
-3.453428588697612 2.0690071971148405
-4.407515535253776 2.3685369926463298
-3.7135930111338262 3.0885866649044305
-3.8791027447782427 4.074794821466195
-4.5804183563510374 3.361943916322436
-3.5808743197757806 3.3921386004049383
-4.502896114807033 3.7792765725638935
-5.03084349632075 2.929999490362325
-4.729961889955439 1.9763379891203852
-4.982952498251886 1.0088692546830422
-5.616398619085869 1.782656054777473
-5.4202137358198685 2.7632229783364446
-5.127408180946055 3.719394985370241
-4.785107641069968 4.658985502776914
-3.989493582163455 5.264789323555806
-4.788160546105593 5.866562603709925
-5.1519466559111144 6.798045113643721
-6.140292073095723 6.950273022813431
-6.05409823827648 5.953994636598437
-5.087835131290219 5.696437636931845
-4.101475541945703 5.531832775192837
-3.401568037337206 4.817599280463902
-2.4068927526142536 4.9206578946662765
-3.2574115346880084 5.446602569836371
-2.3963821455430088 4.938047370247784
-2.3103748850575254 3.9417528600030556
-1.315277557490521 3.842852361172129
-0.5680529661517026 4.507423960097734
-0.3420382990015145 5.481547858907834
0.6573665114064868 5.447051120897595
1.385993305258645 4.762140181226806
2.116861209157104 5.44465912385849
1.4207804934543398 6.162622658605714
2.399592459753383 6.367383823453445
2.32635358950176 7.364698251246539
3.1945431465441336 7.860930951743561
4.120884232258546 8.237616753065359
4.327706420823582 7.259238205509675
4.76771233245932 8.157233081734258
5.49196369172335 8.84676913489189
5.267181262789434 7.872360155231619
4.2957286762637645 7.635126363092753
4.575425828638478 6.675038084363408
4.605550796620997 7.674584224521055
4.689116176030462 6.678081927803104
3.738695769624134 6.989049853940883
2.835462949648733 6.559898979632925
3.7978303856851623 6.831650553789672
3.1404704743972065 7.585227322958873
3.939084211800163 6.9833834076192876
4.226513395894092 6.0255815157172625
5.2149775709448125 6.177036375795437
6.0213995607998685 5.585695886501653
5.021735363856294 5.559782697790927
4.707119416480569 4.610563647383238
4.057440146901235 3.850355224199922
3.46201683053296 4.653767368945696
3.371201537247907 3.6578996154233976
2.3925054611610905 3.863213985724815
3.1106354157160405 3.167304962668708
2.5300474570369413 2.3531074299797194
1.717964750534743 1.769565076932347
2.014196753603656 2.724681091015338
1.2008419383487747 2.142913143718739
0.6745519401373283 2.99321828764214
0.057383640947588965 3.7800494578910344
-0.11389869973636793 2.7948274728694735
-0.49300464862841387 1.8694742000516478
-0.79108351668132 2.8240154450590587
-1.382619611334414 2.017736926975781
-0.4440640560991769 1.6726087337821858
-1.433801490231712 1.815506639563712
-2.0187617173572496 1.0044446612406994
-1.5306811100215623 0.13164610444604785
-1.8776035460577674 -0.8062477186355977
-1.308828557926978 0.016245450258114413
-0.7463150351174593 -0.810542634232963
-1.7031607346770923 -1.1011391022676533
-0.9170574129923943 -0.4830439901398479
-1.1764872082829254 0.4827179791442574
-1.5883072688534947 1.3939831643190521
-1.1082965960237128 0.516720516094759
-2.050928855417409 0.18288758849423792
-2.318607198042316 -0.7806207430159692
-3.0320593136554868 -1.4813247309645825
-2.302270608802292 -0.797651968402919
-3.005625208797464 -0.08681281172566346
-2.699839252738163 0.8652874713731807
-3.288293174883192 0.05675671653936942
-3.3044474032782802 1.0566262284782821
-2.46004582327899 1.5923369449052562
-2.1167954857045785 0.653092990570147
-1.8301423590925203 1.6111274288882753
-1.044910925493022 0.9919250421944927
-1.2130882216966155 0.00616827856481883
-1.5697345960345022 0.9404077359158987
-2.3829557619582116 0.3584529822677456
-3.3829320839146697 0.36533451744779066
-4.193438627785563 0.9510640986902442
-5.08192983088607 0.492170448687313
-5.643186400769335 -0.3354714199750158
-6.621206380207637 -0.12696022166781662
-5.621709462957175 -0.15867634385863894
-6.198084965648879 -0.9758613167361911
-5.234087840304956 -0.7099486575252135
-4.757996815973138 -1.589344664197225
-4.245633638282382 -0.7305757929946
-4.453934148992614 -1.708640666731438
-4.865926198669548 -2.619828106835283
-3.8841821583608285 -2.810034939831131
-4.4404810426559145 -1.9790526588334902
-4.55764246945855 -2.9721655426838463
-3.8875860592682727 -3.714475725264497
-3.1977228125603196 -2.990536017249001
-4.127706760476421 -2.622935885831203
-3.659952146977782 -1.7390775139464658
-4.180943000732385 -2.5926397731309088
-3.669165856241114 -1.7335215307589051
-3.2716196829515907 -2.651103701522296
-2.94189314093405 -3.595180185441451
-3.7741384716905237 -4.1495877155436744
-4.3852194450869675 -3.3580196237455935
-3.484916882828137 -3.793284251748128
-3.181060988126736 -2.840566247690678
-2.327942169730854 -3.3622829157192298
-3.0941340804174207 -2.7196710919885514
-2.606181359041796 -3.5925411520216137
-1.7998318363456374 -3.001101850615563
-1.1058786433553585 -2.281081735661407
-2.079767455382344 -2.054056226502928
-1.1052208173832234 -1.8298713689308557
-0.10632905317464225 -1.8769377411754657
-0.073235163003961 -0.8774854939753451
-0.7205917064833488 -0.11529817735664183
0.21397960649009073 0.2404776804065028
0.17873161168729668 1.239856276766452
1.04056341165785 0.7326620846077522
1.9127391342139544 1.2218547961067454
0.9293850981194511 1.403554657682506
0.9490675973200822 0.4037483768334521
0.19100423312299963 -0.2484325304784697
0.5212640984325146 0.6954575168076224
1.4115207905639253 1.1509166501173398
