0 0
-0.6276389038715876 0.7785045962271977
-1.0427171942741327 1.6882902923317804
-1.0783245268982309 0.6889244344682066
-0.12882957090589986 1.002706729292375
0.8139061503068656 0.6691660871669411
1.0968073440839854 1.628315144696312
0.4104520791988979 0.9010487214616618
-0.5884121804241007 0.8534022016748102
-0.9385340411204718 -0.08330195795218265
-1.1240302662998807 0.899343018854899
-1.3141676556102424 1.8811005108997727
-0.32270082910420594 2.0114597527587565
-1.2768339457425648 2.3108424438649258
-0.2772082630215088 2.338201070373995
-0.8103697098707479 1.4921875529916626
0.1892644459862638 1.5192348161441465
0.4593552115815416 2.482069681705296
0.20054745663319223 1.516140830299254
-0.3646151683083388 0.6911613109357742
0.6162950556361759 0.8856224447417917
-0.34780954746600223 1.151145163689138
0.28898730544847495 0.380113537801965
-0.2101050601438592 -0.4864352551736226
-0.05724586487256811 -1.474683233375963
0.7969748723957539 -0.9547727295190354
1.4848147416193451 -1.680635191908759
0.904355299095566 -0.866346032221008
1.8988682525983762 -0.9709595366796434
1.1006236968632739 -0.3686260499471947
0.10180756774281041 -0.41727109295070747
-0.5167297552486947 0.3684843270538271
-0.7523349760948672 -0.6033645191717711
-1.7523287805470553 -0.5998444258152417
-0.8018312017994496 -0.910576388759093
0.16125928169380432 -0.6413985282193924
1.1610441057502758 -0.6206547198330262
1.3129586662040016 -1.6090483490729923
0.9541470331828215 -0.6756383576926376
1.042952109597225 -1.6716873817888573
1.3336692936156396 -2.6284964112803246
2.2947742143859955 -2.9046799214162635
2.630285834470784 -1.9626438537478963
1.7918556479206227 -2.5076528649407956
2.537724080558195 -3.1737461626061987
2.8220147183231354 -2.2150080162496435
3.669569079111097 -1.6842994281249455
3.800034849113276 -0.692846613888313
4.283103970430715 0.18273560613993622
4.118217229857597 -0.803576901528487
4.392289780599742 0.15813211731749144
5.12498206475885 0.8386921930886968
6.0684422434423295 1.1701780770091703
6.841598689925803 0.535962727730199
7.837760011283296 0.6234991306223229
6.837928571734876 0.6418592093403828
7.813669519409644 0.42293090365391983
8.158292860499714 1.3616719503627115
8.786608308089729 2.1396306242778222
8.093864144264774 1.418447205523297
8.911953785248423 0.8433564828410027
9.886551651710718 1.0673185302667734
10.747598976828847 1.5758433614273724
9.765722928682464 1.7653675711643921
10.763304779183283 1.834869021159076
11.679039040112059 2.2366534949273222
10.887124867128342 2.8472859069621865
10.131794401152526 2.1919418086682017
11.050417401306461 2.587076954647628
10.11787912259375 2.2260058276718837
9.123230408469556 2.3293205676226147
9.48506919426175 1.397079883519829
10.45210002980151 1.6517391914496073
9.461358261007822 1.5159793020582422
9.993044990193393 0.6690382049281347
9.209123231683469 0.04817857785071922
8.375909489439703 -0.504772468568528
7.393765786749789 -0.6929047286053083
8.387175239103028 -0.5782850968870092
8.775971021325136 0.3430388633605792
8.297640175778918 -0.5351408461516827
7.952497638361048 -1.4736911265654462
8.2039529751034 -2.441560029683937
7.223139855383241 -2.6365103417760434
7.671729422767481 -3.530248222831793
8.342487872292322 -2.7885723486178406
9.295088931964413 -3.0927946704675175
9.150762461943197 -4.082324796361224
9.376562089971323 -3.108151029529885
9.780790486441402 -2.193492949432613
10.63378808643026 -2.715407783877133
10.399466668843464 -3.687566964906719
9.954612728187195 -2.7919638321059295
10.902868007659613 -3.1094727689135193
11.881222902766519 -3.3164068144941266
11.084677722463576 -3.9209858215198024
12.0566670892184 -3.6859609910963855
11.28854927520947 -3.0456524531225884
10.337409863906517 -2.7368906998786473
9.932721519728863 -1.8224360295495226
10.747588670344326 -1.2427882685361316
11.601957760134976 -0.7231215884321471
11.863713812281613 -1.6882556564064402
10.9046663727536 -1.9715011484001506
10.007633553011422 -1.5295372128744134
9.134897362126917 -2.0177293278459736
10.101357751634346 -2.274545050715799
10.460015969386177 -1.3410760995240198
11.143559592486255 -2.070985761961241
10.59290397557478 -1.2362532350019506
9.934529106350851 -0.4835630387230472
9.404287639652676 0.3642836378605008
9.107299432705577 -0.5905975091595606
8.357910502347192 -1.252727580260635
8.262978056923679 -0.25724386326376125
9.092341725760184 -0.8159530047802133
10.092337931817035 -0.8187076139910358
9.39672878614303 -0.10028718245064516
9.37517805286403 -1.1000549384295712
9.08263429129868 -2.056307074411079
9.900743586154116 -1.4812443111659348
10.599439740479289 -2.1966628487585913
11.429716217659657 -1.6393111003618008
12.344084603304667 -1.2344278389975694
11.513604613445398 -0.6773793793072587
12.474623385691173 -0.4008962525323601
11.485390810876513 -0.2545442353766075
11.417866118209037 -1.2522618386492785
11.495098952519706 -2.24927492246731
11.59812207711824 -3.243953883639182
12.0678024702189 -2.361117359509823
13.03732580443996 -2.6061163480809664
12.671560098540134 -1.6754093864718884
11.69069511750695 -1.8700985977363371
12.631453839197253 -2.2091753258726485
11.79510313122913 -2.7573700844039766
12.771572002110712 -2.973028481410089
13.04392615009799 -2.010831402806062
12.156718520284324 -2.4722017763677115
12.646833816445636 -3.343859390611234
12.773111157817581 -2.3518644142852283
13.32099073505692 -3.1884216262223695
14.318129402075469 -3.2640157975351967
14.250674037365885 -4.261738090446354
15.208816697487011 -4.54802927587827
15.637885600490836 -3.6447575136300014
15.769403501927655 -4.636071309358506
16.712622923211363 -4.303900986612434
15.883676462992378 -3.744573027280509
16.874463077712853 -3.609140815119811
17.863850019528634 -3.7544455960611653
18.155455201281715 -2.797906826342576
17.922624891963622 -1.8253894501158885
18.746020316578793 -2.3928574886192058
17.930348177147717 -1.8143430454495202
17.02336393729062 -2.2355076078842537
16.581114336252686 -3.132399625008829
15.675312086400549 -2.708698923849617
15.587295991418376 -1.7125798712137943
14.979938788300455 -0.9181510022640454
15.21706835325714 0.05332703115897175
15.697470315331204 0.9303754647334179
15.700999642051984 -0.06961830717363648
14.901405942519622 0.5309230449980097
14.222742934741966 -0.20352676395709168
13.975858052380536 -1.1725715796706804
13.08223181149344 -1.6213835019699872
12.698380683344306 -0.6979885098790417
13.620746424261354 -0.3116707132626498
13.074245325645395 -1.149129099817797
12.228134999245631 -1.6821369004733637
11.973201387552292 -0.7151783420909533
11.915653386428234 0.283164398437882
11.264677056230624 1.0422624273659336
12.172700503185498 0.6233430797819496
13.053877470909619 1.0961296611826088
12.706305800495288 0.15847624230898716
13.604327438928992 -0.28147504693204345
14.460099413382327 -0.7988282413169265
14.243009334429173 -1.774979816442487
15.115106685542056 -1.2856474036780208
14.80380838143756 -2.235959650185275
15.662296337408348 -2.7487933751421085
16.658601225304665 -2.834680337795975
15.943643863364906 -3.5338483938512715
16.41035184712076 -2.6494369184064173
15.605139428819532 -2.0564504418207483
14.795094187226248 -2.6428178237342346
15.752072088860231 -2.352657013519935
15.037106945172624 -1.6534969150362193
14.574983030750662 -0.7666815522242514
15.571001200071734 -0.855832022678985
14.67847287322007 -0.40484068599127293
15.294011672288109 0.3832658974362965
15.613453085357554 -0.5643401302018756
14.794101019768362 0.008950540064724066
14.893184032998823 1.0040297110301162
13.91702234886943 0.7869850924889805
13.594041404206923 1.7333905602378281
12.594042227606137 1.7321072840592415
13.410494401751627 1.1546942193186682
13.855256914814598 2.0503427591901464
14.729460064716772 1.5647824100046746
15.240438979644308 0.7051891640450071
15.678065872067092 1.604345826161446
16.554056328862565 1.1220173907533102
17.509876562084276 0.8280655549638539
17.833105598088977 1.7743863199708734
18.526414681692973 2.4950266703483592
19.44636933901025 2.103001889906803
19.926407064664858 2.980249735129778
19.287943319169734 2.2105978360946765
18.608676734117847 2.944489453727652
19.157112324680654 3.7806822562582796
19.269722653169644 2.787043029014507
20.269719385607587 2.7844866422209757
19.279539708682037 2.924287240945059
18.73767603654325 3.7647536357618105
17.76075129123373 3.5511698301914034
16.971274846631804 4.164950689634494
17.71838418793736 3.500249529612957
18.51456506289709 4.105308216310666
17.542764409006494 3.8695042954403585
18.538290082489667 3.9639957418039136
19.108974681345423 3.1428263995675856
18.56258946088648 2.3052924057117954
18.237716231709577 1.35953483372827
17.836101885094426 0.44372594722798875
18.53165376295598 -0.274749929335215
19.37440949673708 0.2635462467417443
18.817664797878514 -0.5671374116342246
17.941548541385227 -0.08503752042060064
18.77146713250096 -0.6429220354597631
18.88250542426538 0.35089409328943355
18.46418521054452 1.259193712794218
19.253403676190448 0.6450811714115411
19.998593593617734 1.3119334691242446
19.005202756679417 1.1971526123275162
20.000109091870243 1.0963489209409627
20.16365215980861 0.10981272549281451
20.561056322628467 1.0274564098133954
21.555923954099782 0.9262714511947757
21.852404549319907 -0.02876742584527503
22.702786030607207 -0.5549340689191347
22.183731164888986 0.2998068546209983
22.72843772162213 1.138433569585364
21.826515257243543 0.7065355859720404
22.796794361372346 0.46454703233569977
23.450916508613798 1.2209359643595834
24.368947228928548 1.6174452285116112
25.03821500061182 0.874423930172118
25.39344862588575 1.8092014820392675
25.67656335340149 2.7682875319136717
26.454163880101127 2.1395288970811577
27.444956539906443 2.004140916536685
27.033169663110534 1.092860735638038
27.20578153233031 0.1078708155858299
28.15761554841492 -0.19874295746463222
27.495110337285706 0.5503143469030887
27.23896172263828 -0.41632306558113963
28.013234998657236 -1.0491744652342279
28.97111723768311 -1.3363357720963784
28.22114608747609 -0.6748652331778591
29.216160349558976 -0.5751324990749288
28.316297378954868 -1.0113052104354052
29.01037204633265 -1.7312082289763886
29.24608809598324 -0.7593862576580189
28.264959703977123 -0.9527436428272723
27.275797234483107 -1.0995687392668707
27.843077183774056 -0.2760437189229482
26.8504648880715 -0.39737314824698344
27.231396316157785 0.5272301434928545
28.22761470819039 0.44034564904207074
28.830114076245767 -0.35777371013478276
29.734460363852623 -0.7845731854058967
29.562258648348358 -1.7696348937152737
28.789559188914986 -2.4044069357834257
29.74796517923567 -2.1189985306559205
30.710694814912507 -2.389464145086933
31.709413718134215 -2.4400660457195387
30.8175316144365 -2.892334011757086
30.28136691130524 -2.0482206241626404
31.281312241248234 -2.0586770635755967
31.245700922715372 -3.058042779413573
30.248060663138492 -3.1267007175662553
29.252366169337307 -3.0340051134957164
28.744853232053906 -2.172360976690982
28.91813580734838 -3.1572331252967363
29.75230139309909 -2.605719049729142
30.638013580995832 -2.141484281307854
30.528940920145406 -3.1355180607414344
29.877802032917522 -3.8944766561467645
29.64208880432414 -4.866299311710054
29.86999696557501 -3.892616678592236
29.447301692485297 -2.9863448065209393
29.55144434709777 -3.9809071763551627
30.519692232397265 -4.2308992414553535
30.30488798372358 -3.254242119046606
29.424117410172357 -3.7277853554741234
30.1834919064806 -3.0771315501701046
30.440264801190498 -4.043603319308914
30.814170351042822 -3.116136532955014
31.63132595889919 -2.5397193987987747
30.63136139477554 -2.548137860475158
30.601464350785307 -1.5485848770067245
30.873020212371255 -0.5861621974951113
29.885647006811467 -0.4277508565419167
28.97005590086446 -0.8298614466918592
29.95049145130912 -0.6330210762789974
29.492072532476687 0.25571515841412273
28.92626115841502 -0.5688195521847995
28.409116728598622 -1.4247176995772763
27.43744310244202 -1.1883908830039498
28.246041144042135 -1.7767523425850995
27.24639374765629 -1.8033057397124352
26.314875852650324 -1.4396102471865335
25.962230167806897 -0.503853323107791
26.86875855120889 -0.9259981917092784
26.762258135988233 0.0683144661392614
27.554451057209143 0.678585205702846
28.316887531111167 0.03152213052095165
27.469516041110687 -0.49947839484071677
26.806132282913833 0.2488009576477901
26.070606818839515 0.9262980363855949
27.031598508394076 1.202875281666317
26.100133875637756 0.8390434002648427
26.84028888437481 1.5114796894710754
26.204726404109195 0.7394302521429855
27.089479246179934 1.2054907722986286
26.71511862363247 2.132773967598681
26.37717239739245 3.0739393877933083
25.47323716147293 3.5016087568894867
26.3914851078041 3.1056028111530756
25.48393132251362 2.6856669508066213
24.968746302748684 3.542745940987692
24.961098382085876 4.542716695214802
24.606452802859565 5.477717504377679
24.18018051621503 6.382312406883127
23.26481607888757 5.979686095179358
23.111671654591234 6.967889912874343
24.1079979438618 6.882251572696914
24.867906742555054 7.5322812779170505
24.188922093183933 6.798128810156861
24.043299196157868 5.808788640214421
25.021573016833564 5.601471656393563
25.669106253807605 6.3635088648118385
26.667045351330263 6.299340666803281
26.576267984569157 7.2952118781975654
27.43029021518741 7.815448391343102
26.963066125706312 6.9313094598348455
26.576729905515936 7.853667484123144
27.03315417108492 8.743429750012082
27.31050670021291 7.782661528958581
27.42463671245519 6.789195706544152
26.551579935698356 7.276814271160972
27.436237430532106 6.810572792059776
28.40359642900378 7.063982673626926
27.88426634087351 7.918556403367435
28.32853573620805 8.814449647213532
29.224850477249543 8.371031238719112
30.07481550448246 8.89787035313731
31.05661314461359 8.707940382271875
31.518076730673954 9.59509953301108
32.47408053751871 9.301745273968635
33.42885600679821 9.004417503213688
34.34536995375313 9.404420234500765
35.073041107134344 8.718494077733984
34.30062046619037 9.353605369905441
33.74961053060216 8.519106687531957
33.74269608547095 9.519082782470495
33.91653932760258 8.534309444506288
34.85165435683171 8.17996514568126
35.403753408288445 9.013743675856135
35.287996163441704 10.007021210216745
35.65637076915934 10.936698654205992
34.71080968033052 11.262143315082243
34.9867291408467 10.30096255616722
34.4472111171279 9.458988505449168
35.19422709848076 8.79418242575117
36.178129182150315 8.61547403268945
36.29461070048482 7.622281173328042
36.88679271616446 6.816476941330219
35.95900755007218 6.443362098983883
35.73974198660465 7.419027314453444
36.73126495999095 7.289095820014336
37.43542621578647 7.999135907499882
37.674653849557714 8.970099418266487
36.68267593791816 9.096510742202385
35.91175399310842 9.733440373331888
36.885385940875615 9.505315779552411
36.48161713062096 10.420176833410066
36.52800131663361 11.419100507815646
37.26672850464647 12.093105063950553
36.378450328548176 12.552410933570659
36.365214849397034 11.552498526361088
37.29084061599437 11.930938667217069
37.52304481287106 12.903605727907854
37.700902617172446 13.88766192622637
37.79924227311163 12.89250901733761
37.74648797132076 13.89111653966185
36.96469346519604 14.514652705568217
