0 0
-0.7020073051552632 0.7121697434661522
-0.3161598686204252 -0.21039285913569516
-0.5615278414962512 -1.1798228761492018
-1.3269705010799284 -1.823326982499322
-0.6158524531938496 -1.1202543532705256
0.2951776031767672 -0.7079144008170304
0.1501984749255785 -1.6973491143638744
1.1326796936170171 -1.8837107384139598
1.514730233472674 -2.807852169687334
2.259858846793376 -3.4747729667920337
2.954416299708588 -2.7553357251927872
3.2487232059371807 -3.7110466882700948
2.95160637219449 -2.756205556402223
3.6790939992024954 -3.442326356662834
2.8844070047088075 -4.049345780390436
2.3197553118133083 -4.874675087824897
2.5986177305617533 -3.9143440243838734
1.6382463785549364 -3.6356203866266883
1.3225124257921297 -2.6867726269345584
0.33062738769316524 -2.5596346263390797
-0.47399109572612164 -3.1534267584358657
-1.367095822814873 -2.703577954445317
-0.5258056999277062 -2.162994076464762
-0.6372233661141187 -3.1567677446918756
0.30183275934915044 -3.500531607292227
1.205950979911729 -3.9278140001505757
0.5764354561369662 -3.150826094629141
1.414574643099343 -2.6053696772335386
0.7826073174492729 -3.380364709030968
0.05706881623016413 -4.068546286268203
-0.7860376992808498 -3.530799688414831
0.2029455408515387 -3.6788272221281315
0.2443457926757049 -2.679684580085017
-0.43582373902876237 -3.4127394266967324
0.5339486329446308 -3.1687280610657464
-0.30655501193590895 -2.6269221706007873
0.6880003708121067 -2.5227128109110355
-0.07668887114866085 -1.8783135843212864
-0.5625249990051557 -1.0042636676292203
0.16518134674333151 -0.31837484693202944
0.33506408775295476 -1.303839130560339
-0.39013282075278993 -1.992380664451876
-1.1997349392538987 -2.5793597183528787
-0.5548873236403198 -3.3436708805358486
0.24542682289952578 -2.7440899711931657
-0.2856497470585586 -1.8967661388589419
-1.2835723630067544 -1.9611901450919413
-1.379005439666845 -2.9566259932907037
-1.6079927701020413 -1.983196590354794
-1.0415653005620857 -2.8073081858020137
-0.6834160073218223 -3.7409725172142725
0.31335805624901214 -3.8212312624853406
1.1756378493081954 -4.3276634479572085
1.3993262403815054 -3.35300273586349
0.4171354825538849 -3.1651162934627557
0.5116986011807798 -2.1695974254368626
1.327058492465933 -2.748551868967149
0.5355320674711066 -3.35968681195021
0.4291246498807643 -2.3653641975630313
0.7297797140115303 -1.4116312514966154
1.379806983413724 -0.6517203691995347
2.3311465170315024 -0.3435757736345505
2.609683023626647 -1.3040014159899456
1.850371851862457 -1.954729119744821
2.3951480976987165 -1.1161476735080522
3.237608939531706 -1.6549052534807618
3.1124053807337435 -2.6470363279181695
3.189070773205913 -1.649979450103725
3.6622969668140812 -2.5309204070827525
2.908098381563569 -1.8742740075600521
3.8814219655607207 -2.103710710890055
4.068458500097201 -1.1213577525555343
4.901437581641473 -1.6746622344727333
4.119309249118474 -1.0515448527020173
3.189030353688883 -0.6846917803170361
3.443482908613264 0.2823934782266223
4.43124472143864 0.12642360573860556
3.521191351849194 -0.2880674852379029
2.5275168855025707 -0.4003664386201729
1.8127596898554863 0.2990062454837427
2.3789048774476926 1.1233117874802683
2.6569620316031037 2.083876318900721
2.850873970409108 1.102857379232125
3.6019185558252067 1.7631088697394626
4.545323007583511 2.094753318513466
5.154271731093665 2.887962907547382
4.157362724897731 2.8093980721218865
3.5400720486906816 3.596133237897412
4.3678844356289614 4.1571382753360675
3.4010894909521387 3.901584885713978
2.4212682685090727 4.101460777332192
1.4249759574687184 4.015428045410731
0.48228627260340284 4.3490987783924115
-0.4291148537526568 4.760617899305287
-0.9222498020551734 5.630570727200383
-0.23162510421951588 6.3537840613829095
0.5588985636889503 5.74135257094782
0.7240757421794913 4.755088661182333
1.494450423201683 4.117497216101742
0.5388736742427797 3.8227548254465584
-0.2715789223254269 3.2369506015663854
-1.195571838304406 2.8545410158854523
-1.187128150027543 3.8545053673141836
-1.8021826674173003 4.642989952222762
-0.9029496663625103 5.080459962410885
-0.7001031146695649 6.059670499765483
0.2629878347418525 6.328846693292724
-0.2964397344674141 5.499967453108359
0.39678967194066583 4.7792504558819155
1.0958513270295103 4.064189058249205
0.36814794695802344 4.750081025422268
0.329167120863533 3.7508410666551097
1.244965478135513 3.3492027108946782
1.1697129934555077 4.346367222672693
2.117947475611889 4.028796180463836
2.483701543452196 3.0980846452080035
3.4567330550088564 2.867412415588223
2.4568495324014052 2.882674827524561
2.408858506096996 3.8815225944011003
2.2811661620088213 2.889708768493603
2.623035988459807 1.9499614504541354
3.3854259784767744 1.3028436071505154
2.82735828521976 0.4730481807092781
3.149392876573701 1.419776083525869
2.5946156832332123 2.2517750413072175
2.6402337282723205 1.2528160862110584
2.078262707485811 0.4256591653090035
1.0902574071237514 0.27123919750536496
0.13173679999866872 0.5562624346572905
-0.8557812373130042 0.713768390049782
-1.3116241977014829 1.6038286101833794
-0.6290767586598345 2.334669901749262
0.3033447679119575 1.9732973837217713
-0.6500183545844201 2.275123089492431
0.05543569837735407 1.5663674340230682
-0.10278576025216274 2.5537710850337114
-1.0358354254363122 2.913518666401184
-0.17459785563247632 3.421721232666234
-0.37670712933016975 2.442358255274608
0.4733615244137814 1.915686361281824
0.4285864066861215 0.9166892697783131
1.4273308629725623 0.8665942496954543
0.610623409348038 1.4436461842681976
0.13255940572056096 2.3219711858682133
1.125217738013308 2.4429233885343176
0.7434534969094495 1.5186636500330697
0.4386396130799571 2.471075586237557
0.5353707624703034 3.4663861331211026
1.0237853957339758 4.3389978142335615
0.07141717267769732 4.643948249079335
0.24716667492497388 5.628383169457434
-0.059531570146684004 6.580189970478505
-0.8835103224267356 7.146810668821771
-1.8621415778379768 7.352433785061696
-0.9052653530287637 7.061937846372585
-0.4029835258697849 7.926641822370057
-0.9810508074422145 7.110652718291172
-1.674698152660007 6.390337953433261
-1.4253586950596042 7.35875410100802
-0.9106071533405943 6.501414698963589
-0.4444673235364634 5.616703639311808
-1.4277011905093553 5.43435462550166
-1.0614544859379398 4.503836838787952
-1.056432130150268 3.5038494508963134
-0.231832663236062 4.069566446544144
0.6783026790782868 4.483877511651441
-0.2908042546695859 4.237236576359271
-0.15477484816936835 3.246531776448016
-0.05166869206181711 4.241202134191085
-0.21714164997580998 3.2549878064716014
-0.5259012255556765 2.303847688251504
0.33636311343131486 1.7973891907304074
-0.3927292875960612 1.1129739141883537
-1.1573488142001533 1.757455860821255
-0.9976485061359174 0.7702903166473367
-1.5618240217791328 1.595945200693154
-2.1957501029276707 0.8225515598868327
-2.5345603768527214 -0.11830315699714622
-3.5172160217311594 0.06713654637982994
-3.0098766470255085 -0.7946097961556515
-4.000130525089476 -0.6553357606024595
-4.991576474342029 -0.7858536892969687
-5.976453753739201 -0.61260027799657
-6.208929195122833 -1.5852025446778097
-5.208929284495346 -1.5856253271483407
-5.517922055387818 -2.5366897137890096
-4.56034917994498 -2.824880949284009
-3.5628522080120746 -2.7541717491422704
-4.532035707278253 -2.507831852352967
-3.8629159480687223 -1.7646772602017917
-2.8720101258903385 -1.8992345029387834
-2.6349839190445565 -0.9277312465014719
-3.4461982220766436 -0.3429822793744103
-4.283601626429252 0.20360306471986978
-3.872424283176726 1.1151584346211145
-2.969138896434668 0.686118214946723
-3.318518713634309 -0.25086297127504176
-2.832506850367977 0.6230892406704329
-1.8832513383721707 0.9375951594471392
-0.9734617485120924 0.5225254036442978
-0.25405468418488686 1.2171141134547234
-1.024836550059943 1.8542132542783216
-2.023750054311396 1.90081594759193
-1.6515513277921294 0.9726628847960157
-2.603901677356036 1.2776691333967691
-1.7761664666558465 1.8387880343144916
-0.8699713180658364 1.4159283026398741
0.021149602739440554 0.9621623888658718
0.9240387295852815 0.5322888904694774
1.3914178205324026 1.4163458939174691
1.2013196653387548 0.43458080419795186
0.32962026264458355 -0.055460164847111915
0.4321232049070819 -1.050192866042529
0.42276352250570604 -2.0501490632558594
0.3628719442611268 -1.0519441750413339
0.3022373597223863 -0.053784144205689555
-0.6672991646873303 -0.29873092992766415
-1.3381850823422323 -1.0402915043194936
-1.1977254242622528 -2.030377906838009
-2.1356390899856166 -1.6835091194711398
-1.3158416065988483 -2.25616266764204
-0.31591899025626013 -2.243722357091525
-0.42269960526298866 -3.2380049629228775
-1.1202472928966145 -2.5214666014397107
-0.4392157586101365 -3.2537206893814616
-0.8497809825566476 -2.341889456704191
-0.02969740630269002 -1.7696456905009064
-1.027247736789319 -1.839598089645023
-0.843350749148915 -0.8566525682976875
-0.09147373793147029 -0.19734917834529042
0.7510444451957039 -0.7360170826240634
1.579066713883012 -1.2967122962276072
0.9629867595572199 -2.0843959191866794
-0.02758046129291547 -2.2214235841935643
0.6972881529337865 -2.9103107245213984
0.786380790422418 -3.906334068597891
1.716187987058929 -3.5382870918640066
2.70462037195827 -3.6899492838638595
1.7520518309985291 -3.99427341168456
2.565059030075511 -3.412019777733684
3.085890581655371 -4.265679250169219
2.6979161092329744 -5.187349369435632
2.6530498011249577 -4.188356369261578
1.6990578905560738 -4.488188713362629
0.699226576312575 -4.469821812205441
1.1085906752280204 -3.5574507065038494
2.108542739067393 -3.5476593826209895
2.403078359919769 -2.59201888115137
3.091688410472683 -3.317150730043358
3.8671083322651665 -3.948596646086323
3.8486679387219174 -2.948766684599886
4.342342444174971 -2.079119927194511
3.4532963408774027 -2.5369376051094306
4.399838974245431 -2.8595163446703618
4.79063451301473 -1.9390388344192893
5.523021882269717 -2.6199270347545274
6.428541372113729 -2.195622364131354
7.344464501487632 -2.5969760997286664
7.278937813574926 -3.5948269168206757
7.038848997625303 -4.5655778428856
7.802438272697224 -3.919875574812196
7.662941391819211 -2.9296530643503775
8.26865332751085 -3.7253370788691367
9.176888190016504 -4.143797870974366
10.094527593318405 -4.541211918924022
11.090791563687443 -4.627572218509663
11.963640921980776 -4.139582466847891
12.677451776349072 -3.4392439314337637
12.222730330656686 -2.5486102206258767
13.05763920208465 -1.9982220154371353
12.515779515167338 -1.157753051290407
12.793301131332832 -0.1970336580434029
13.519169348363091 -0.8848674544690461
13.84449735776793 0.06073377559396809
13.18048923960867 0.8084591389584858
14.1026726616231 1.1952119491121524
14.091137793143808 2.195145420303694
15.061471487167239 1.9533758559602021
14.064336054190402 2.0290126743894255
13.218664732438347 2.5627167268062405
12.668020808429016 1.7279764864011145
13.650016174440264 1.9168814919791495
14.025389991575125 0.990007985286028
14.90170954336792 0.5082777255496527
14.956523157145433 -0.49021887822256327
15.374128027567018 0.41840985354865456
15.23938300026656 1.4092901579334975
15.146340654440568 0.41362800545244816
15.714881359271692 -0.409027126999863
16.66850751147774 -0.7100207512324876
17.575735827559686 -0.28938220984675633
16.6025405285208 -0.059401971720481894
16.324109824627445 0.9010543485405961
17.23693343023531 1.3094084412653486
17.018821219889716 0.3334847435829126
16.098473137763182 0.7245849963647426
15.298570409319783 1.3247146698760646
14.520028768628315 1.9523076221225315
13.53370489599105 1.7874888784498837
14.53237886607065 1.8389699573570963
15.340175178753654 2.428431675550689
14.347659637519051 2.5505500624045205
13.35583830409508 2.678184080460426
12.769207038924163 1.8683299215379883
13.6541557399144 2.334018440416965
14.563432414495725 1.9178262623761881
14.27309365602987 2.8747501910834314
13.414201788544835 3.386907159178244
14.00492369463908 4.193782384761717
14.832118849713167 3.6318676444122957
15.168385252023418 2.690100737647506
14.18668246462595 2.88052037218145
13.226089703428787 3.158479986398354
13.518737136775108 2.2022595726046457
12.80808580634169 1.49871519834442
13.7874224149247 1.2964781911248502
14.597728531792443 0.710471367814132
15.425363318833774 1.2717383802770517
14.494399639199724 0.9066265793143463
15.454386819820353 0.6265826308990011
16.314942016440295 1.1359398273441006
17.19794384137444 0.6665702744724116
17.79567818396095 -0.13512396630313062
17.247075944651378 -0.9712074448054432
16.56320306464853 -1.7008086262714626
15.60000085306509 -1.4320308377531916
16.129203789130468 -2.280526124988061
16.509675674237403 -1.355733637646617
15.969246123616381 -0.5143443693435565
15.10704339823851 -0.007780986980627569
14.399433593642815 0.698822412699874
13.488834835228033 0.2855308676938601
12.565117598369952 -0.09754414628025965
11.618113285135971 -0.4187649904299466
12.427892430933536 0.1679698176659818
13.261321350416388 -0.38465685212986384
14.26091995604553 -0.4129875355716018
15.259856303608395 -0.4590979846885313
15.592844030688623 0.4838331759027092
16.43777986413518 1.0187008580054613
15.487454447818632 1.3299589552539974
14.54789219456049 0.9875808422670805
14.165425339714519 0.06361163014785043
14.374615577330374 1.0414865937736821
15.320991850548548 0.7184201153366924
16.214125578980966 1.1682113370567357
16.965449492506483 1.828144952630831
16.768615624856327 2.808581808601618
17.711902925378666 2.4766042963010433
18.67207463375441 2.7560149089033734
19.500064296295463 2.1952715462809085
19.843486755359212 3.1344525802730816
18.91245055639352 2.7695257434749188
18.13119352634954 2.145316281029129
19.11561884259317 1.9695129911320826
18.277413663455974 1.4241579896261114
17.96349571159709 0.47470787534905
18.95047589103813 0.635549802067592
19.058039528254227 1.6297480036093388
18.309440491219263 0.9667250162625013
17.497032754891922 0.3836352547716282
16.89502171367468 1.1821230168898293
16.572595316044097 0.23552847955562084
17.5551784577788 0.04970498917090285
17.493262921534097 -0.9483764034877974
16.91471304152329 -0.13272939874893308
16.790573135301358 0.859535325849906
17.78427462691484 0.7474757632720416
17.4597856471069 1.6933652398934935
16.60488744664407 2.2121610251938515
16.25035262050975 3.147203835474701
16.87015610127887 2.3624467741961883
15.882392286345118 2.206489581647978
16.818019149990498 2.559480193456717
16.248529075488964 3.381478402119144
17.083942110558272 2.8318557489867575
16.26179473528504 2.262581040843723
17.261774169263045 2.268994434721125
17.762502073748728 3.134599174581863
17.822247795639644 2.136385545785034
17.264969209428752 2.9667111309326843
16.509359330421717 3.621733047166771
15.662195589041566 4.153064954067521
16.385230663481707 3.4622536331344183
15.610026175823819 4.093964011642696
16.121299316087306 4.9533822893428585
16.31847518699851 3.973014156481325
16.758203370240324 3.07488325017487
16.30933469512939 3.968480985458568
15.451916246022849 3.453861122713519
15.682983761483294 2.480923404614906
15.740582246200166 1.4825835754192953
15.980548290615811 2.4533648574429594
16.980523677404637 2.4603809686549503
17.6351301340272 1.7044111366192718
17.21146715848979 2.6102310321607565
16.4946289700285 1.9129914667576324
15.502977169904534 1.7840468766776403
16.502427149061603 1.8172091920814029
16.885146088952645 0.8933443680683456
