0 0
-0.45597360257855907 -0.8899932998351899
-1.4472267508959482 -1.0219675244052326
-1.5875091880186092 -2.012079052383231
-1.3248742024783404 -1.0471837915542315
-2.1327950476438735 -1.6364748129918665
-1.554117252525292 -2.4520310706692245
-0.6277191413870175 -2.0754855359998605
0.05408332294640994 -1.343949207695609
1.052668087250535 -1.3971325556503522
0.8277207876983159 -2.3715034872899228
1.2621549513674502 -3.272207077510979
2.205053463008505 -2.939126911867505
3.20343597009081 -2.995980843587748
4.191912262264284 -3.14735660059983
4.949794182102071 -2.494964850511748
3.9590406490519623 -2.630638859624499
3.379959337426859 -1.8153690671468494
2.478499897462351 -2.248232646232542
1.4856408584746652 -2.128939189997721
0.6529173915715185 -2.6826282974116236
0.11411478703607991 -1.8401962506886682
0.5180694325864733 -0.9254172367523755
-0.1825662667911555 -0.21189805918416116
-0.8364764103802604 0.5446741608393315
-0.5484935888244733 -0.41296141415189014
0.4511639982915606 -0.3867944785011664
1.2693214699377289 0.1881997402432915
2.1644477165266736 0.634012484192573
1.2017410108035098 0.9045597051275769
0.22401314649976578 0.6946830190377697
0.27723093320729103 1.6932659485824082
-0.5209020452086908 2.2957472750688264
-0.5497423016056683 1.2961632417774993
-1.1544393714574679 2.092618798423724
-0.15443988076231174 2.0936280602471693
-1.0992578518825518 1.7660322705180687
-1.9929877767906907 1.3174268522230017
-1.2302221894194316 1.9641019319362827
-1.9537030649122835 1.2737575086256452
-1.033542829492447 1.6652995129522703
-0.8947906680673311 2.6556266496600647
-1.8402606838141486 2.329917501302649
-1.1000199976999943 1.657575529816973
-0.5273827535728375 0.8377666577995648
0.21694805922081606 0.16995557588646937
-0.15282021780987365 -0.7591684316075547
-1.123669278925687 -0.9988601096661467
-2.123371855778841 -1.023247767060083
-1.7447426516024216 -0.09769932114018876
-0.7625109798497737 0.08997311425190238
-0.529321756515391 1.0624044928698013
0.38483492244184114 0.6570434608034669
1.1109937107504604 1.3445704887537562
0.23977667363343225 0.8536724604046633
-0.7381887935633837 0.6449057365942976
-0.37080596277866495 1.574975548836694
0.6287893578015511 1.6034219031573274
1.537928137465539 2.0199152156019275
2.2553224315070497 1.32324784384071
1.2891746700426192 1.581237190553457
0.2952908109252709 1.470806784477925
-0.31308725374208624 0.6771594254880515
0.5524043777129163 1.178082808732793
0.7677394745412144 0.2015425913971487
0.7725654613808536 1.2015309462548558
0.7537805072692358 0.20170739907314217
1.5554409353640055 -0.3960722911363117
1.4038564055547391 0.592372006901015
0.9881922385492534 1.5018901761904666
0.5328890907965482 0.6115536984212592
-0.33423787816456874 0.11346653767496356
-0.7349387827730487 -0.802742382302323
-1.6915367237030476 -1.0941533968650643
-0.9119028310553695 -1.7203889702997173
-1.6889842011294536 -1.0909888239033374
-2.4647189070144844 -0.45992966179136485
-2.931026866983053 -1.344552115988607
-2.3790697037485273 -2.1784245822291557
-1.6488538309139926 -2.861641077244095
-1.6056435307313832 -3.8607070760440387
-1.789236968252289 -4.8437093393676065
-0.7956365179569019 -4.730757379788306
-0.046848880260199954 -5.393567362839702
-0.23924901969227091 -6.37488392050421
-1.106045243243665 -5.876221402525325
-0.3048350900153861 -5.277838339292485
-1.2953968066208168 -5.140770890218306
-2.237834062822923 -5.475153931238997
-1.493284243342293 -4.8075870309875235
-2.268188465581842 -5.43966570200508
-1.2767489408348507 -5.30909898048133
-1.5031766535404865 -6.283126952830633
-1.140580285490222 -5.351180670110026
-0.5648385252614677 -6.16881226534635
0.390619399834348 -5.873684914239072
-0.5683370687520456 -6.157238244948329
-0.12457185755222533 -7.053381334710661
-0.3565364899832637 -8.026105555289718
0.564460364515453 -7.636535543605721
-0.415403144617554 -7.436867059689131
-1.3850537750849385 -7.681361752544015
-2.1913751430786834 -7.089884067828272
-1.348869015960482 -7.628570828170764
-1.5818634220192187 -6.6560927529704355
-1.0147810926773335 -7.479753867597187
-0.24082932301224402 -8.112998416118748
-1.1070565235047711 -7.6133481012715745
-0.29488436932114004 -8.196765954931127
-0.8571708255110297 -9.023708480857454
0.07082508382606612 -9.396298862179378
-0.9267103485004214 -9.326134332299905
-0.6105192404517009 -8.377438815713617
0.38873594307643167 -8.416027391641709
1.3481402513731604 -8.698061739233763
1.1615284433845687 -9.680495468866063
0.8579889510997059 -8.727676610623087
0.3032653788987456 -9.559711320502792
-0.5829257773111387 -10.023031117894819
-1.4816040081215598 -9.58442259373295
-1.1756770722325072 -10.536477586838672
-0.6063904362920084 -11.358616702888717
-1.1437523383786115 -10.515264945799265
-1.0509095461060898 -9.519584165667881
-0.4509663754955987 -8.719541546779467
0.5466608910174358 -8.788388021705428
-0.45110523183251905 -8.721584098969043
-1.2718444801117668 -8.150281126515708
-1.2428863958883274 -9.149861753257797
-0.8270462097943876 -8.24042404806334
-1.7060040896219806 -8.717323456208268
-2.239454339217875 -7.87149201247608
-1.5022834004438026 -7.195785710132411
-2.459615485836726 -6.906795609476288
-3.2608655987685373 -7.505125164593498
-2.2612487480755745 -7.477445717151708
-1.2724761817412538 -7.32801743313345
-2.261865904336984 -7.473303278355701
-1.3926200633455161 -7.967683362824155
-0.5673411993800942 -8.532408779900404
-1.0133650613264589 -7.637387710553738
-0.03239935518452619 -7.831568768778941
-1.0126984694836625 -8.029087493218748
-1.6260173279326036 -8.818922905105863
-2.0337087230071003 -9.732042681686247
-2.999840544958654 -9.990091713098053
-2.7140603472217624 -9.031796519234772
-3.7105466709528527 -8.948040882905648
-3.3123752977437757 -8.030729835573938
-4.1934875403244325 -7.557822639631134
-3.233158524227472 -7.836692108813839
-2.814849841166115 -8.744997038710993
-3.683173792869702 -8.248999543860599
-2.6921731262160673 -8.115142610188668
-3.5762674355474484 -8.582451129486003
-2.784498177166521 -9.19327143160678
-2.792771058662017 -8.193305652476432
-2.1103680003277008 -8.92428175740461
-1.87400236518561 -7.952617573376057
-1.489419819685309 -7.029526968020056
-1.1707331840564645 -7.977387099195309
-0.2519387889135507 -8.372123542222765
-1.245212782280983 -8.48791116720883
-0.26836409725044397 -8.701842573398073
0.612908488769409 -8.229234248111815
-0.21385275376823942 -7.666681274750547
-1.2020322204341114 -7.819982747867908
-2.0231077825393404 -7.249163230582818
-2.994696324646592 -7.012486859041624
-3.610004955537682 -6.224200560320827
-2.9194737775613513 -5.500897931926168
-2.406899715975783 -4.642254914491289
-3.3438360006590764 -4.292754702125308
-3.718923319346782 -3.36576521817219
-4.67193347984763 -3.062826884542806
-3.925375608116296 -3.7281473668338445
-4.364404783627771 -4.6266201727938885
-4.312629459974825 -3.6279614143279986
-5.304384592904045 -3.7561088150372814
-5.320403868713047 -2.7562371318686085
-4.341884049313859 -2.550084365593256
-5.295088552650941 -2.2477580934667545
-5.8814778307575 -3.0577874846135624
-5.849110234163796 -2.0583114525393826
-4.875031024529671 -1.832104261321779
-4.578324308870682 -2.7870729125783824
-5.516660091272969 -3.1327981784521524
-4.989042983195055 -3.982280483896768
-4.024330112203814 -4.2455846360551375
-4.6433341927030405 -5.030972405456538
-3.67041412777586 -5.262114239104389
-3.5784846401411037 -6.257879758342333
-3.80509634880773 -7.23186493969531
-2.930589621395562 -7.716878324779536
-2.4759427010837665 -8.607550081293123
-3.3825745784545593 -8.185627530420204
-2.490387225694023 -7.733962026342079
-2.6617080346231448 -8.719177322827
-3.4740002653964908 -8.135926663311505
-2.5928005876155966 -7.663182411227095
-3.4336931551106393 -8.204384489873874
-2.6857707659563985 -8.868170675178911
-3.434339503078091 -9.531227871658999
-3.613453709194168 -10.51505616011558
-2.6253260819823456 -10.66869141759489
-2.837559243075081 -11.645910474578832
-2.1278397271685905 -10.941426117945232
-3.125219879701515 -11.01376442960233
-2.3657033552663873 -11.664252438031374
-2.4169414049270332 -12.662938906482296
-2.273945074373899 -11.673215687876034
-2.2846066845901363 -12.673158851294634
-1.9867284921561192 -13.627762739026211
-2.187058377735179 -12.648034237376963
-2.453593866879533 -11.684209132377836
-1.4566157823618444 -11.606525807323871
-0.6162010620763676 -11.064581992959795
0.20925708767265472 -11.62904531596043
0.390277564917791 -12.61252464305274
-0.2820747813161063 -13.352755905911703
0.6093523271614888 -12.899591796265678
-0.3238803846399114 -13.258864263376372
-0.1377192887193979 -12.27634502877296
0.6688657413177507 -12.867463112847515
1.587534735488255 -12.472434912398796
2.566929277062491 -12.270478649969053
2.6741272472380784 -11.276240954450405
3.6615132811192033 -11.434572316146381
2.914147623259665 -12.098985270153284
1.9999482965621325 -11.693720429504877
1.0026118458338256 -11.766658787374132
0.17514989488851151 -11.205136998181784
1.1360054674775917 -11.482186756572784
0.9355522523180886 -12.461890032331429
1.9348564417688183 -12.499187980615753
0.9790605243278719 -12.205157090736442
1.9689065061546647 -12.0630130361251
0.9814398710412378 -12.220840931434408
0.6339075519256233 -13.158508936204818
1.201592232795281 -13.981755013089437
1.1821296400006227 -14.981565598891422
0.18764912532103095 -15.086487026267408
-0.4584879753685712 -15.849708388070415
-1.4045873839633312 -15.525832008788681
-1.2910210352337868 -16.519362423238203
-0.7312353365558326 -15.69072500460709
-0.16833418600350025 -16.51724922972506
-0.0661527356890954 -17.512015006785994
-0.8591863038342872 -16.90283706907411
-0.8576209475972438 -15.902838294244935
-0.003771507120647666 -15.382318234114873
0.8067626457122112 -15.968009609406947
1.287092678044705 -15.090921780258995
0.5817463562156037 -15.799784648719573
1.0335307276758865 -16.691911815498074
0.05601380163457559 -16.481054851414015
0.1474249132993066 -15.485241611562175
0.5641872852057795 -14.576226141197182
1.0683507029094028 -13.712617868744097
1.8386806498633266 -13.074972377247478
0.8465631475531188 -13.20028343665468
0.32278870233389245 -14.052140426140175
0.25360823599789717 -15.049744587657926
0.5526106655549912 -14.095492237847377
-0.44704133846422733 -14.121871602137675
0.3560544373712323 -13.526021642134957
-0.1096352431266116 -14.410969731842943
-1.0979020863224758 -14.563706913431714
-1.895575440651164 -15.166796641245096
-2.533244316634589 -14.396486051546347
-3.1994481418278595 -13.6507163395723
-4.10237280356451 -13.220917485190677
-4.172365463460577 -12.223369978772725
-4.988613865133939 -11.645668891041637
-4.080277267576239 -11.22742897719158
-3.1144900665944064 -11.486764825889129
-3.0400880489628155 -10.48953649708356
-4.034827934185503 -10.387103295692825
-3.397429552243109 -9.616568869014031
-3.0686584257068787 -8.672159240539132
-2.3954614297216748 -9.411622427314848
-1.518362339734062 -9.89193189666029
-1.7939923155800535 -10.853195708740584
-1.5786775255742929 -9.876651013806054
-2.5404198879942905 -9.602695491272192
-3.203714970830062 -8.854337533416537
-2.3649753387947623 -8.309804862538755
-1.3826428966718123 -8.122660604938472
-1.9518567668389948 -8.944850102566177
-1.954377267745394 -7.944853279033631
-2.9386257561893174 -8.121643869834873
-1.9503583841747538 -8.274377629729104
-0.990560487448307 -8.555069627191605
-0.18922544724928747 -9.153285435532739
-0.6546708658405196 -8.268208849969415
0.2949950130437262 -7.954944235812289
1.1086895310857416 -7.373651511525831
2.083774381457241 -7.151819289844691
2.9720525292361057 -7.611125214233381
2.285282541363527 -6.884250408123348
2.681497555822994 -7.8024081627150546
2.511884851437894 -8.787918959465234
1.7569078749436224 -9.44367025756808
2.7099867175967605 -9.746392439918424
1.7099928790739674 -9.742882038737642
1.1870921724807098 -8.890488437726775
0.9315218734450408 -7.92369796288188
0.5323827392510976 -7.006807592360459
-0.46258606704609684 -6.906622391379795
0.22896796842483558 -7.628947121694263
0.6810525702488164 -6.736972058817697
0.2554291329162113 -7.641872434324956
1.1120404453224704 -8.157834699861523
2.099271664739876 -8.317128514580181
1.1500615617953274 -8.631771455813572
0.30730500269764005 -8.093476571853278
1.1965329274068262 -7.63601214928318
0.9670293641951674 -6.662704328255756
1.9552888957291583 -6.509919844972221
1.0494175751351968 -6.086366837043636
0.09707646305737261 -6.391401927232246
0.9678984876937499 -6.8830003420061345
1.6809627328283212 -6.18190164545146
2.680231124275309 -6.1436566215274295
2.1848140449267412 -7.012311856640725
3.1559441710277385 -7.250862224863165
3.8192847492241304 -6.502544593560737
2.8218970355996147 -6.574778579404388
3.820772152089591 -6.622196947756075
4.19694942569459 -5.695649237800938
4.300778538859232 -6.690244389236658
5.293031618651645 -6.566011440135093
6.0358455096612085 -5.896513476491266
6.0026930994884244 -6.895963784260359
5.018066904134234 -7.0706384974341105
4.053030824187558 -7.332755578909455
4.60416963264198 -6.4983420041065045
5.455665709066886 -7.022702978849088
5.858431101911559 -7.938006228229683
4.92276595125478 -7.585117115552021
5.445013389792875 -8.437911119365602
5.23688783901416 -9.416013238325098
4.399042689149769 -8.870105274608944
5.398216956469967 -8.829475439202616
6.04914964573836 -8.070339987493359
7.047387431319496 -8.129680727614033
6.058273461103847 -7.982529261687808
6.4881591336934115 -7.079645931183684
5.652506376162618 -7.628904038844538
6.623612529125932 -7.867551979704696
6.279086968850397 -6.928775042239343
6.643119537208514 -7.860161261363607
6.439759802482208 -6.881057171753086
5.863739183235454 -6.063622008451074
5.213201373055868 -6.823095877341077
6.0433475293001315 -7.380641713369716
5.395161377297261 -6.6191597947717025
4.998399341037699 -5.701238291274173
5.7226292814673645 -6.390796840916799
6.696600775011774 -6.164126309610077
6.99806022388792 -7.117605308163946
7.872226471273185 -7.60323209071652
8.574661556162754 -8.314979905266158
9.55621232054198 -8.50618162321491
8.678001928091966 -8.984456132877293
8.622657815502187 -7.985988792799687
7.906891599604943 -8.684328770303582
7.065210438967408 -8.14435393401225
7.702588122037136 -8.91490548266079
7.457640261149447 -7.945369229884988
6.458190087782457 -7.978525691648793
5.49026449401244 -8.229762721015405
5.596682160913505 -7.235441203511467
4.662700023185873 -7.592760901269263
5.517235371792591 -7.073367661053725
6.510590425885628 -7.188457784469327
6.067630271825243 -8.08499908408402
6.840476905102705 -7.450406237109133
7.82674173131201 -7.2852345307477595
7.004652849620911 -7.854593706136967
6.384918851974929 -7.069781771873904
6.878818756332221 -7.939300537902481
6.010055835103401 -7.4440723211195845
6.260838385275195 -6.476028875540136
5.9915734163667915 -5.51296274254679
5.011594673890503 -5.313860597167608
5.7307101558580635 -4.618970013266399
5.2419193313134755 -3.746568998915188
6.223251298628208 -3.5542474714508994
5.34335307312985 -4.029409667721648
4.965306992314011 -3.1036228883929606
3.9790803400946286 -3.2690223758533166
4.967597634821494 -3.117914606278485
4.356443686545871 -2.3264028555715752
5.0797519376731355 -3.0169281439218416
6.021748441510069 -2.6813054588140046
5.99315851189903 -3.6808966832276826
6.972615704286416 -3.8825488795475303
7.628616263780438 -4.637309282552041
7.269059353740807 -5.570432440791484
6.562819549563676 -4.862459744286987
