0 0
0.9934350755068297 0.11439733717503822
1.967269427537871 0.34165634096648767
1.0321543220072444 -0.012687756498737546
1.4878221755690753 0.8774621225836302
0.49103443993869 0.9575508864450435
0.16236370778550074 0.013106314315007639
-0.16822889012192205 0.9568798751911434
-1.0723142380906108 1.3842318186620195
-0.22946714552767888 0.8460787005272153
0.6496971880400959 0.3695599972402085
-0.2456746044421234 0.8148793806350678
-1.1650101111564743 0.42140482479407354
-2.0363476633886517 -0.06927925898085169
-1.172835427117647 -0.573607146183462
-0.9036089080361729 0.38946973622171377
-0.060775241016117754 0.9276438806559543
0.8839310996542432 1.2555614463599216
1.8555110935858974 1.4922729065636196
1.2449600251534232 2.28424979564307
0.4144436257875769 1.7272556211812629
-0.42559081209355465 1.1847225409237256
-0.3494634063670914 2.1818206394563417
-0.7691726314856844 1.2741620217203837
-1.6692882401223263 1.7098131333781958
-1.541884634410514 0.7179621762018522
-2.066154544162143 -0.13358997236511516
-2.267734807339728 0.8458820269780287
-2.9575392241857945 1.5698777911228599
-3.5490431371066546 0.7635756635061013
-4.454100739746526 0.3382866607047488
-3.5915637842669934 0.8442807322432393
-4.529967418745777 0.49873967998314905
-5.261241711079619 -0.1833438261740059
-4.9750330875706625 0.7748234994164195
-5.7885990065247475 0.19335080399865878
-6.558385602876136 0.8316521404203709
-5.558476339748768 0.8181812268624684
-4.561454152166243 0.8952964488886941
-3.5978967627752247 0.6277947529128245
-2.6112660715196947 0.46482273361922033
-3.3530211158622945 1.1354936321919165
-2.5861979854299992 1.7773520952770543
-2.8975539091302283 0.8270587254292071
-3.1929399029245755 -0.1283192702720367
-3.891059202891509 -0.8443007246503459
-4.891010641238947 -0.854155720687405
-5.862423835577512 -1.0915507624741831
-6.707397176456368 -0.5567423358352376
-5.711565228008365 -0.46553526127270606
-4.76067021519191 -0.15602165155450204
-4.70071728799478 0.842179553874792
-3.7511543878957636 0.5286029304547015
-2.907683026774113 1.0657770763027594
-2.358737463197172 0.22991897337547773
-2.2501272810611495 1.22400339048319
-1.2578954532229891 1.348405962100273
-1.6205642829504254 2.2803240485993665
-1.006558133670805 3.0696252893476705
-2.0005539320151264 3.179043536792214
-2.185366940592501 4.161817240073177
-2.841760538222051 4.916235853967967
-2.098117043980973 5.58481221720026
-2.2862727853360605 6.566951421689684
-3.0406684409046454 7.22337140528193
-2.685781772602952 8.158280733859693
-2.733132021986129 7.159402385969745
-3.6050842873239146 7.648993283528415
-4.49053754204194 8.113721735109825
-3.4905528854486807 8.108182188371952
-3.3998241255629096 9.104057829267736
-2.7206887395666306 8.370044799759619
-2.8921382605137342 7.384851893894473
-3.6954937877683105 6.789352190427274
-4.56362157641917 7.285692942907029
-3.9920158416821634 6.465164525351752
-3.0827810183996145 6.881448125953976
-4.055102154359959 7.115096598161229
-3.897170746426899 8.102546683172255
-4.893493946666005 8.016872412441145
-3.9277334441587364 8.276307667942222
-4.74245951643907 8.856153705392389
-4.268194674246882 7.9757714818892005
-5.2681470860183355 7.966015755752548
-5.643550320609424 8.892877348148385
-5.252340137118014 7.972575988629332
-4.5739545249836695 8.707282025932082
-3.574206072863986 8.684853640250152
-3.6030737810828164 9.684436881117161
-3.2125090715957567 8.763861404742036
-3.95359020440215 9.435276890561653
-4.2992412730327265 10.373640007246522
-4.965155429202011 9.627611632039955
-5.831460308002533 9.128096009695254
-6.819357635375289 9.283205231116048
-6.570872293151371 8.314569574793268
-6.923207565123096 9.250443421059211
-7.456659466473144 8.404613019060076
-6.749211793983297 7.69784729359746
-5.842542129604745 7.276005949374678
-5.598419416166468 8.24575029753224
-4.899272881409108 8.96072870485429
-5.8044501738073215 8.53569450702235
-4.93637795513522 9.032132441883997
-4.729858074582921 8.053690037377393
-5.452384836053019 8.745032990592028
-4.672434347672613 9.370874213008038
-5.671261467006714 9.322455356322415
-4.825998841400011 9.856806452281301
-4.327477725523349 10.723684008240092
-3.43742793410836 10.267820685738561
-3.3027448895555684 11.258709416883482
-2.327444921323073 11.037824895095076
-2.7343288498899305 10.12434502740559
-3.3084220687918755 9.305555081197893
-2.317684573700124 9.441346155349777
-3.272444297733987 9.143967828360768
-2.7751747258741233 8.27637173979057
-3.6605867654915807 7.8115647689946766
-4.36067322557496 7.097506684236914
-3.3888998554788867 7.333423019347733
-2.536374035014249 7.856108130519934
-1.54225594656012 7.964409682717065
-1.0916038492513007 8.857109345084629
-1.723238333740536 9.632375672229061
-0.9524896760522894 10.269514987192254
-1.9452586789748711 10.389555425529103
-2.1175380753277606 11.374603551050026
-2.0563554026844653 10.376476965606965
-1.85617259343152 9.396718402041635
-1.9172156615049865 10.394853535097365
-2.2267298680041296 11.345748353663122
-3.0585017076408025 11.900866004965462
-3.3765109612275817 10.952778395810496
-3.8260497338110735 11.846039215472999
-4.688748784100985 11.340321558445993
-3.8594539339638594 11.899132842813124
-3.357656971641819 11.034147404436053
-2.364149117821739 11.147910950433083
-2.671615254734771 10.196351927223395
-1.7004381355579579 9.957992947557376
-1.917946985534246 10.934051296316298
-0.9823343924072014 10.581022861792833
-1.148965444609316 9.595003545327879
-1.9674122836765773 10.169585803686775
-1.020842358216724 10.492084448978392
-2.020267088969162 10.458169738889449
-1.0232240559553445 10.38132450274167
-0.11300638226181703 9.967194346273992
-0.2546017000434635 8.977269719859276
0.7081282731292254 9.247734132961838
1.6916600317404424 9.066998746821971
2.4192669945044156 8.381004499224089
1.4564511140693153 8.651162934927997
1.2632766895924212 7.669998503383508
1.7078388291931876 8.565746517075745
2.063253456165967 9.500455264725941
1.802322356221778 10.465812691320835
2.6306959044958864 11.025988792667334
2.9267540610294924 10.070818876919397
3.865248039227443 9.725523274737462
2.942985513624275 9.338959135340044
3.9173332509787633 9.564006878523994
3.889325881464083 8.56439916184066
4.087582316809641 9.544549347191902
4.30401942942886 10.52084590883752
4.417602960469859 9.527317458577409
3.466830232534265 9.217428414218126
3.674173474741364 10.195696669816277
3.134523311705389 9.35380730562687
2.9308398281218597 10.332844096822827
2.9923359368413482 9.334736773629393
3.870521818440574 9.813056287510847
3.9211755323802815 8.814340010851597
2.9917076243925993 9.183242989995167
1.9917217389251856 9.188556074405621
2.0122637048277694 8.188767082849475
1.1635191732626902 7.659963981366159
0.3552289625670316 8.248748267241359
-0.6446912373963741 8.236115227023635
-1.3469416130164489 8.948045286749634
-0.5715450957032308 9.579519942566106
-0.9390848804536847 10.509527741794473
0.05020518131204332 10.65549066068678
0.997917754802592 10.974615836829186
1.247984744860718 10.006387299507924
2.005251366068509 10.659493159537167
1.1117393393229391 11.108532420694834
1.9855470523031742 10.622260808592861
1.7203495846075665 9.65806668751151
1.3688639922831036 8.721873396364687
2.171082632465069 8.124843034201591
1.3396583057549356 7.569205032482305
0.3857692076675888 7.269045760511393
0.2530007508083369 6.277898679164122
0.25123861943161124 7.277897126609422
-0.4577201620065707 6.572647209047081
-0.9505125385358675 7.442794135511002
-0.9760106765525952 6.443119265887042
-1.5446266491138987 5.620516156393672
-2.5444979552511464 5.636558948027112
-1.8540542885334088 4.913172783458445
-2.8371468053520292 5.096282322738164
-3.818787508848049 5.28702175033466
-4.154471074919784 4.345046939912766
-3.9332567797886595 3.3698217168849576
-3.60155608483675 4.313206393975072
-2.9212646902743282 3.580264637432088
-3.4973575514588555 2.7628803855087805
-2.7218761504834066 2.131509973831804
-2.7403151820832674 3.1313399604363563
-3.4049641691369805 3.8784957166267726
-2.8981864993589257 4.740572507530184
-2.5012835881632625 5.658433106469047
-3.5006212797386165 5.694822365830057
-2.917912373499853 6.5075033183508015
-2.6620143937402156 7.474207111637523
-1.6846032362355698 7.262860407888852
-2.6584182475722544 7.035518542638887
-3.6113552469791843 6.732350148571634
-3.6845015976583286 5.735028930817633
-3.0594779775760834 4.954423092805077
-3.755758442597891 4.236653273135138
-3.8303454949129154 5.233867779461112
-2.8822295188051097 4.915943109375346
-3.6610556156736163 4.288703194481078
-2.9814681913584984 3.5551086656623694
-3.59003932953142 4.348607984995987
-4.5590303342599645 4.101511985928488
-4.2440032554008 3.152429302709864
-4.483569120978117 2.181549188560753
-4.773002342738931 1.2243509801727748
-5.756417114227287 1.0429801246901322
-6.6920020393445885 1.3960818775790889
-7.6919980117278 1.3932437060981604
-8.559306441270122 0.8954725859587611
-8.452715955035346 -0.09883042029448064
-8.841753788620608 0.8223913575849217
-7.863071872056951 1.0277732121663035
-7.415708080760359 0.13342113482945328
-6.832897322273311 0.9460290475350536
-7.828720134551981 0.8547222759055565
-8.51157388837411 1.585277373684654
-7.586558514311516 1.9652070484243869
-7.906322095177931 2.9127044111391798
-8.28813019957956 1.98846279153247
-8.238960230741373 2.987253217079517
-7.294248364886907 2.6593515694566765
-6.470952033919332 3.226963365859225
-5.483712174361837 3.3862036236488198
-6.457610790494669 3.1592201760264107
-6.587056836392343 4.150806642856942
-5.598776654029753 4.3034574900519855
-6.297549311546266 3.5881136754374254
-7.208908823106079 3.176502401673625
-6.505808819994642 2.4654114190105787
-7.312240917184495 1.8740847135236907
-6.333344287587449 2.0784407473556876
-6.706843908779428 3.0060710794219956
-7.703254058459305 3.0907281146578502
-8.196694472684158 2.220948511764332
-8.676172652610457 3.0985023135192806
-9.669278164974159 2.9812784195691644
-9.235476500314853 2.0802700312958837
-10.211489812278607 1.8625591797759316
-11.20733937387079 1.771544616783738
-10.431133422909205 1.141065178822575
-11.390903735086985 0.8602788759832645
-12.276818512344489 1.3241269194595597
-11.776184708053286 2.1897860868002157
-12.720390814062043 1.8604309147203164
-13.106066928553826 2.7830651514092226
-12.170188721438665 3.1353888398647554
-11.462596981213421 2.428767350547446
-11.316016239476602 3.4179660596811994
-10.50528866641293 4.003389668937173
-9.974023015979604 3.1561843758295014
-10.125672565767779 2.1677500512286993
-10.756519716143657 2.9436571802477807
-11.327918456160914 3.7643297580196298
-10.641844182711877 4.491861263393366
-11.100909032391941 3.6034585034988353
-10.724731134572162 4.530005960023266
-10.106538902832279 3.7439790109836912
-11.104817125960308 3.6853224748743476
-10.945223758290826 4.672505313560229
-10.213179306375986 3.9912484453961694
-10.925147243396262 4.693460419557172
-11.669308253218153 4.025460126547608
-12.066213526494915 3.1076005490276586
-11.73646337697729 2.1635323105548747
-11.359009508170363 1.2375039217229329
-12.235103559768678 1.7196441635136903
-12.612989104844896 0.7937918454723899
-11.613514143031644 0.7613912172624829
-10.667080975621086 0.43849145011295215
-9.667839838339669 0.39954084595155215
-10.019193740277693 1.3357835685363129
-9.903673369643721 0.34247845731993043
-10.329287284134598 -0.5624263972320565
-11.158194287191176 -0.003039965251657617
-10.939105544466523 0.9726649710950489
-11.790005335047052 1.4979930080300798
-11.403648057340863 2.420342211945529
-12.288532412835812 1.9545314377031455
-13.034465036164166 2.620552849862305
-12.072156675075835 2.89251354220495
-11.791017192593607 3.852180459103529
-11.149012215886966 3.0854799896345817
-11.031140972303266 2.092451102876481
-11.436451780596183 3.0066300507203603
-12.088047564893813 3.7651964182094257
-11.72940912167046 4.698672966946634
-12.44135494206091 5.400907364301656
-12.151746882306567 6.358052688547313
-11.732897789717162 5.449996832535674
-11.170153562702302 6.276627908023069
-11.552504481053761 7.200645102254754
-12.219721168360685 6.455781428701549
-11.252275294819725 6.202703413519336
-10.281602465340212 6.443107777269741
-9.427471631970453 5.923049588710922
-9.266995203510838 4.9360099157955695
-9.098612619504335 5.921731633829261
-10.0712522998752 6.154050492659236
-10.80433567154824 5.473911705222077
-11.570715569236327 6.116299323735695
-10.574769938902259 6.206256543670927
-11.289181559791349 5.50653085746338
-12.124556435186129 6.056211507986166
-13.115855062651573 6.187843689405182
-14.092000578892549 5.970726368302888
-14.701253765928444 6.763702127129476
-13.729447198163472 6.999481674268041
-12.731073818726545 6.942467682724825
-11.741391335883483 7.0857456752903
-12.464929810578482 7.7760297296013015
-12.218894825602993 6.806768781162693
-13.18457814308566 6.547046371009721
-14.175162079787869 6.683953143477545
-13.217214036438007 6.97089485575056
-12.82649412512852 6.050385240968451
-13.699544733476902 6.538014849649588
-12.955589357275562 5.86978554901909
-13.954182431182709 5.9228126434584
-12.966811553233262 6.081238491656666
-13.66030506181725 5.3607756171434335
-12.695245375940234 5.098745461064108
-12.245103465667372 5.991702492850016
-12.934961278459403 5.2677576067365806
-12.760085416184198 4.283167116840652
-13.748583908655 4.131936397795373
-14.272061134315654 4.983976064838301
-13.788090584379882 5.859060350375909
-14.782872522888342 5.961084341757111
-14.40492341632288 6.886910714705285
-14.046314715579692 7.820398689856161
-14.924452520069044 7.341990917838795
-15.714730781072754 7.954739047321824
-16.620907184888164 8.377638947024074
-17.234084587073127 9.167584181486378
-16.270317408551623 9.434329051361509
-15.540700022769366 8.750473459614051
-15.59317433427897 7.751851185362374
-15.388166871855868 8.730611595447927
-15.825109220786025 9.630101108289182
-15.423171608221296 10.545768163285574
-15.733685945526236 11.496336859555377
-14.736254301626726 11.42471203321758
-14.881297247579758 12.41413739363102
-14.66952393096989 11.436818580565367
-14.473112767768326 10.456296956647869
-13.47546552239503 10.524853311561737
-14.02906038951166 9.69206719069869
-13.188948621603652 9.14965386359243
-14.051724603193946 8.644067465841358
-14.054116261907492 7.644070325861149
-13.206654892651752 7.113213256944113
-12.228086276604431 6.907292243720033
-12.462226915944731 7.8794949802978085
-12.826451449262475 8.81080614705652
-12.239444169922638 9.62038780075307
-12.635068410966298 10.538800267947755
-11.685636093666698 10.852772041945215
-10.929389293179744 11.507058505776804
-10.016475505872382 11.098906062510654
-10.596872925735905 11.913239430988064
-11.2509992871011 12.669624718633937
-10.276429572071763 12.44554020210583
-9.361737066283066 12.849690693697756
-9.75829102436345 11.931679278555885
-9.642431661331978 10.938413650439246
-9.998604282892662 10.003993475330324
-9.13628804996518 9.497623339530673
-8.304539803336109 8.94247033879172
-9.30396170785029 8.908472445073926
-8.432168288178042 9.398346136361965
-9.214767302619041 10.020872266412727
-10.209222185199256 9.915708173147145
-11.144834074852128 10.268738472045388
-11.311685851703706 11.25472046202364
