0 0
-0.9773511739871993 -0.21162391808546438
0.015213447105945743 -0.08990509064196087
0.0048357011531749965 -1.0898512403865057
0.9723788854830229 -0.8371455094327775
1.4205042256861249 -1.7311162469112782
2.157676732619886 -1.055411655376639
1.4980043827819798 -0.30385833666975237
2.494983263577768 -0.22618523162574533
3.3885082293035462 -0.6751987454811155
2.777334360841104 -1.466695114713883
2.6186690507185286 -2.454027540679782
3.5657725702139516 -2.1330993191731915
4.560180380628228 -2.23870758867461
3.824754262405096 -1.5611026708683302
2.8247884721212304 -1.5528311376389892
3.6779644627809005 -1.031207970053528
4.00760369107252 -0.08710099562144291
4.8801717691168855 0.4013915316274002
5.365945141637712 1.2754763275995888
6.287157843841103 1.664535651224054
5.9331063097234304 2.5997615657436004
5.468439962312261 3.4852474129391178
6.410493246097066 3.1497841354998948
7.046419857487373 3.9215336705989716
7.921094853677157 4.406243533342037
8.8526842442218 4.042731212471532
9.841657978275846 3.8946401818478047
9.604043347427764 4.8659996864633355
10.011787952294306 5.779095703978595
9.235353617251944 6.4092938659620495
9.1202088496215 5.415945144471288
9.331356969297664 4.438491068027171
10.185475976668167 4.958568678820432
9.187707348572475 4.891802184318756
9.749473676135878 4.064506231702084
9.425672022747587 3.118381245633642
10.42141196283768 3.026175108585298
11.412890860322166 3.1564425098910314
11.526655572210933 2.162934789574342
12.436829706172086 1.7487089503657454
11.710209651882735 1.0616694342500126
10.741024048232305 1.308001051540104
10.341435439785828 2.224695626630307
9.615449007563571 1.5369866036931359
10.108224307252753 2.4071432011031866
9.569135068344325 1.5648945486892267
9.94050771419019 2.4933784515747006
10.82226771909785 2.021680143601009
11.53127699699511 2.726879295511734
10.95439943904319 3.543709928587788
11.086426008686399 2.5524637508356385
10.794568983551198 1.5960017929516717
11.173911622293957 2.521258061469578
10.485827262657173 1.7956273606146336
9.489125655860352 1.8767809619434512
9.64118168197508 2.8651528377686373
8.793701727888722 2.3343254388697257
9.73392812315977 2.674875472837736
9.079733991593155 1.918548798560143
8.455098390833545 2.699465161728236
7.7189069495348575 3.3762385076562227
8.532548070974045 3.957605969338749
8.042597644738711 3.085855672618516
8.924022924531599 2.613532185861791
9.045218806584376 1.6209035754674255
9.120963767895418 2.6180307994644383
8.799050431344684 3.5647999390918206
8.137247654802534 2.8151219515791137
9.022231761437974 3.2807431828419014
9.221814385581869 2.3008621818321684
8.32613235917985 2.745557254416036
7.702491234528666 1.9638464718091904
8.689137791751554 2.126722409627587
8.402126687764861 1.168795154462384
7.9647855980139575 2.068090862900655
8.405330506707546 1.1703602889397602
7.422400035598672 1.3543377032212052
7.282048627452276 0.3642359497476928
7.25716703997049 1.363926355125471
8.107464288040065 0.8376236001209891
8.599083813738956 1.7084337068328928
8.068516017938947 2.556076210521754
7.0740296422645565 2.660942070543094
8.071153705569074 2.585155512506147
8.916445051864368 2.0508498510367126
7.917611487392616 2.099135568227763
8.623487246545528 1.3907999044070716
9.12168859302164 2.257861273843739
9.476919840757029 3.192639729218251
9.149063891825017 2.2479120029659247
9.476061959559157 3.1929370098827463
8.849449518040537 2.41360598385204
9.570284024849103 1.7204987671863563
8.636144118871776 1.3635917259828076
7.89185078390818 0.6957388742791053
7.501308196453451 -0.22484598730844296
6.507789207037539 -0.3385122429430245
7.303954321096488 0.26656718255044
8.132807298598038 0.8260336620528448
7.1668340423094214 1.0846756310663186
6.613512274067954 0.25170803218258286
7.448745247968874 -0.2981882119477314
8.329034230555047 -0.7726260973841701
8.676154014338001 -1.7104468988737054
7.739049220492839 -1.3613987569900747
7.065052508886866 -2.1001331021672396
7.594149753457841 -1.2515719047351381
6.707074279093077 -1.7131963221791564
6.365990259887455 -2.653229136416265
6.781378891953824 -1.7435850937545045
7.170665259133026 -2.664701874802608
7.34329815310898 -1.6797156394076727
8.318697684023936 -1.4592711904168167
9.172812180032075 -0.9391861707241091
10.02230971965642 -1.4667787504408698
11.002209272946232 -1.2672872331715164
10.40407703635831 -0.4658898114422415
9.407532192002382 -0.5489462572343704
8.460671846670625 -0.870591226786553
7.606910270898334 -0.3499270627279769
8.54646619369168 -0.6923225474294317
8.467686477695523 -1.6892145959219276
7.468751906963034 -1.7353635221878534
6.484370497427334 -1.9114124942396922
7.457915512524829 -2.139907797427349
6.55022490916828 -2.5595478438698023
6.562183583747836 -3.5594763363642907
5.57629831359074 -3.726898658912002
6.260838838779057 -4.455873466004061
5.692013366027155 -5.2783317212052445
4.724468082067224 -5.025634029314526
4.2465175044233305 -4.147247300515719
4.656189488202435 -3.2350143994940046
5.194839762541186 -2.39248494484284
4.36254289125046 -2.946815097405073
4.809838914290037 -3.8412010698872994
4.683345393467085 -4.833168503420182
3.696092001424471 -4.674012165499403
3.6495962568929743 -5.67293065353557
2.709010193496493 -6.012486035387059
1.7403941810212147 -6.261047939902797
1.0887147487189242 -7.019542447143399
0.5753945056556178 -7.877739585370641
-0.09498174537717818 -8.619760934154632
0.7891040564382951 -8.15243631996414
1.5185019666145716 -7.468346641171601
0.8780187655175717 -6.700374461263669
-0.03361992165470662 -6.289381877327164
0.9558983620607094 -6.43378951629719
1.3536268442779584 -5.516286353123807
1.9263537364323435 -4.696540107628788
1.7731897442042275 -5.684740892633913
2.772609130609506 -5.7188127296448075
3.3162385825353424 -6.558138065255984
4.315113429840025 -6.510714026815061
4.502012130858328 -5.528334835485323
4.895650179109185 -4.609069320539148
4.069222480614238 -5.17211217784252
3.451308269667245 -4.385866651362556
3.7222852550225123 -5.348452477877663
4.490527166183964 -4.708292836901288
4.690450223104871 -5.688104436807821
4.783466712171448 -4.692439868410548
5.413271639436534 -5.469193209949945
4.415772879480055 -5.539877181862156
5.121745019262186 -4.831637577030968
6.12153628877144 -4.811206781327586
6.106913187291534 -5.811099858062848
5.911149698605051 -6.791750997101241
5.820299041743337 -5.795886469091635
5.812418338902919 -6.795855415870855
6.741192115801726 -6.425208317750385
6.181628475845754 -7.253995704743709
6.460070882912158 -6.2935427772417585
6.526823725701594 -7.291312318759001
5.634838554088891 -7.743376975222051
5.995904942494015 -8.675917088656362
4.999108763486299 -8.595933480863156
4.030224978990662 -8.348417396251644
3.467467344520599 -9.17503934420951
2.9067561292844113 -10.003050777167026
3.6918830255536217 -10.622385708165332
4.579268316914985 -11.083414280680646
4.3801728096327865 -10.103434189566524
5.363626971481128 -9.922277043576708
6.237204412713881 -9.435591874119865
6.955233526855419 -10.131604942420395
7.67190381422345 -9.434192797986544
6.7039457471294 -9.68530468609133
7.702593116358544 -9.737299223609316
8.033014355258656 -8.793465655185457
7.285841688243031 -9.458095631687238
6.387567605220905 -9.897531260387003
6.600941358782723 -10.874501905437786
5.944812340180559 -11.629150638921226
5.262253946175856 -12.359981699272195
4.394576869608718 -12.857109943088522
3.403147816935556 -12.726463728005207
3.802083094078703 -13.64344281427202
4.8008431020854445 -13.593658816779104
4.523489508418851 -14.554426730523224
4.629946609686623 -13.560109434289439
3.6306332462130295 -13.597160771419063
4.615677671837817 -13.424860221374868
3.766935781735442 -12.896052880289812
4.754111091645195 -12.736412949493717
4.778908002972887 -11.736720440174674
4.169389864634168 -10.943948317155643
4.514295293270194 -11.8825857579694
3.62044789463405 -11.434214452072826
3.699880397353322 -10.437374205337296
2.723691006511178 -10.220454235746566
3.537231666372177 -10.801962270732266
2.922802008188717 -10.012990664687692
3.808289830142593 -10.477653248904863
3.144345598223249 -11.225435340761196
2.4044159403691108 -11.898119591675291
3.2841174979694623 -11.422593388868847
3.0461021544482456 -10.451331994470575
2.9725160647548354 -9.454043125885534
3.75922100104893 -10.071372327536084
2.8125576004708384 -10.393596482443694
3.480637517702089 -11.1376860094445
2.8307328379935655 -10.37767028112504
2.1029919762465363 -9.69181808265682
2.228071633828169 -8.69967138016809
2.103982945729334 -9.691942511203306
1.4556871918412013 -10.453331121238035
1.36402411612542 -9.457541042682156
0.4553205776406035 -9.040098975869078
-0.2285556984452043 -8.31050097764882
-0.4797533741111338 -7.342565169994183
0.5077365106755891 -7.184882807493158
0.35439468213384034 -8.173056012766137
-0.14725000942077865 -7.307982256699598
0.6540960602622561 -7.906183290302477
1.65366928257952 -7.935395842848969
2.551044701115859 -7.494127944394152
2.5751044487739234 -6.494417422021485
3.507929888904939 -6.854746019615926
3.101505151995279 -7.768430283039519
3.8035669473968667 -8.480546309707576
3.1588659246178765 -7.716111491539458
2.610840492741615 -8.552573161920616
2.0442118420996325 -7.728599878208307
1.1439838796465196 -7.293180981492148
2.1396235662082486 -7.199898536502419
1.2504083250476445 -6.742409460252844
0.2765166345047563 -6.515396299639819
0.4316605248568918 -7.503288183039214
0.9955774336148688 -8.329119715506247
1.4987159368278478 -7.464913926018232
2.4756293121348407 -7.678549730944042
2.7222167133898143 -6.709429174180169
3.094030178376043 -7.637736637930695
4.079130468483237 -7.809717504397644
3.0989062254125663 -7.611827551907554
2.141807245243708 -7.322066370656974
2.941424203666986 -6.72155598789752
2.154533241213057 -6.10446392571528
1.2026935310037223 -5.797867829737836
0.6532861246912895 -6.6334224371029356
0.3113079984983296 -5.693714524395188
-0.3135205743571876 -6.474476494872322
-1.2290198091024838 -6.072156782229781
-0.538635702110542 -5.348713774928626
0.2078930902592101 -4.6833606640446686
0.10572990083858616 -5.678128316678894
-0.204811521501126 -6.628688164879536
-1.1656241565846166 -6.905886794500822
-2.0359237959148926 -6.413364167831151
-2.642029770030325 -5.61798026798053
-1.6847635583590828 -5.907188497449521
-0.820652698674788 -5.40388697532221
-1.600992148119967 -6.029243148746279
-0.7571816388388911 -5.492601905058458
-1.1619132673655794 -6.407037418842855
-0.4442395555366817 -7.103416944209399
-1.4274968382144655 -6.921194234150798
-2.216881621603208 -7.53509297478667
-3.0400044030457942 -8.102956414946556
-4.030786005045998 -7.967487536092745
-4.290574440151298 -8.933153093615399
-5.279031663123964 -8.78165286802757
-5.473396018004052 -9.76258227300636
-4.484155889547136 -9.90888322396207
-4.252580659874872 -10.881700222683946
-4.0232535313781606 -9.90835081566946
-4.059786342133691 -8.9090183616091
-4.398355590721462 -7.968076884198994
-3.5999791096119473 -7.365918271862354
-3.992178224768069 -6.446037924169919
-3.005547101795736 -6.283068518506301
-3.375716274467586 -5.354104157724125
-3.7527414638677365 -4.427901152677293
-4.158213871594688 -3.513793868726384
-3.6422178021371114 -4.370384819124724
-4.2083046100037125 -5.194730454134337
-4.157019438104587 -4.1960464044252825
-3.2277520504878714 -4.5654542038989865
-4.227044559393596 -4.603063799016508
-5.20428530611019 -4.390930532043145
-5.93943727084399 -5.06883287659436
-5.513933772277388 -5.973789656063734
-5.912348429887335 -5.0565842479889955
-5.160643804457864 -5.716084176804714
-4.611578364937605 -4.8803048140992065
-3.9245371606712247 -5.606923272191348
-2.928607887096249 -5.697061399731367
-1.933363881740328 -5.794474796156622
-2.915246487405018 -5.983965029923745
-3.9089196317448254 -6.096275680433124
-4.528253903958429 -5.311148264492473
-3.644087620770147 -5.778320592090136
-2.7368744144696615 -6.198991720543221
-2.466616813551671 -5.2362036705830795
-3.295890755907287 -5.795045981552797
-2.610127727519575 -6.522870870448824
-1.6129927301284197 -6.5985134310727265
-1.2126139933443851 -5.682163679541565
-0.9612931698456849 -6.650067519639297
-1.0134102246952534 -7.64870850247237
-0.7648747669069196 -8.617331301203611
-0.33884401142952775 -9.522039981048877
0.11198407321586268 -10.414650779826804
-0.723377001739879 -10.964352402935912
-0.6708197379704128 -9.965734491007098
-1.4792233066394282 -9.377105855819172
-0.6348880143531475 -8.841290669211102
0.11524572022635404 -9.502576825308301
-0.7853187046667806 -9.067854250995788
-0.8572550921058395 -8.070445028979961
0.1203307818879884 -7.859907956311693
0.21055585334138635 -8.855829357066405
1.0275967468909273 -9.432409081187682
1.687998594615025 -8.681496703128433
1.6942082698346876 -7.681515983347463
1.966643632897044 -6.719341896732633
1.167790853172912 -7.320868484945513
1.6779091145096348 -6.460764212516408
1.993736785105102 -7.409580781978726
1.5001515914222672 -6.539883330805574
1.7595258617115177 -7.505660213896031
0.8886249853565511 -7.99711892382409
1.8570307065974674 -8.246498873033847
2.7516386763359435 -7.799647017850944
3.6723025192185634 -8.190003378640167
4.0938693259783285 -9.096800725040328
4.85875239759651 -9.740969869560566
3.899459278901177 -9.458557560296644
4.726226337455687 -10.021101985999293
3.9031210961728267 -10.588990849926631
3.192290336097676 -11.292353935772757
2.304354965369863 -10.832385700553779
2.027711792183081 -9.871412987762646
2.9683300861532897 -10.2108790759785
2.303067393143047 -10.957488444583502
2.4984400479765876 -11.938217523250641
2.550973859968792 -12.936836669170429
1.6209045381731992 -13.30422074157244
2.61027785397383 -13.158823210707347
1.671242234240123 -13.50264308341882
0.706351013518372 -13.23999325536997
0.031729024028476216 -12.501829878266571
0.6012505856624308 -11.6798534851542
0.14017051773101458 -12.567212020897426
1.1148079680651728 -12.343422297259071
2.0222693409160404 -12.763557819184578
1.2577282137188823 -12.118982870226663
1.9925275200010522 -12.797267456139716
1.1403134044947354 -13.320460633973473
1.7559811846360815 -12.532454806269245
2.687085140969539 -12.167700885796574
1.960627667118159 -11.480489463681463
2.738410254195596 -12.109022873484896
3.6068806841419168 -12.604763846482744
3.23602348919095 -13.533453752184911
4.2247661498700495 -13.683079789201251
3.8981986032210902 -12.73790592293342
2.898223525251368 -12.744965911562856
3.6181034158004843 -13.4390645667863
3.927098444679985 -14.390128219823128
4.126230567977633 -13.41015556843383
3.2296462866085394 -13.853028717768789
2.7646283519752775 -12.967727458044498
1.889532094211861 -12.483778556146309
2.4510883635474077 -13.311217107562632
3.4510759202614922 -13.31620573633165
3.5510097166821444 -14.311199824923616
4.286956391855311 -14.988239329902138
5.281577667326925 -14.88466076851408
5.688897104143452 -15.797946526856705
6.336732985143005 -16.55972646311752
5.3394609995432445 -16.48591192025562
5.29732787651816 -17.485023925960764
5.608188058220966 -18.43547957849364
4.634996636751896 -18.20548293247677
5.243643232251934 -18.998924374415754
5.2338091809669764 -19.998876018964292
4.949541338232419 -20.95762092434165
