0 0
0.9937191147389027 0.11190317690991404
0.6535668808711421 1.052273560213627
1.038346263985803 0.12926498694363786
1.7093081641946313 -0.6122268393553162
1.0926250380668132 -1.3994383242494464
1.655627413229258 -2.2258936016610225
1.3327814323622666 -1.279442085397231
0.38679601616897485 -0.9552329054692028
0.2719407253181775 0.03814932819696193
1.0292497524138156 0.6912060159963123
0.24519444623503617 0.07051504872443348
1.2372651444239424 -0.05516601506393651
1.0151928774012924 0.9198641938113684
0.07348324956559327 0.5834374159806655
1.0723170106945252 0.6317190649689911
1.9076785216836698 1.1814200254538105
2.171341257154575 2.1460349548033406
1.9675312908558609 3.125045423407899
0.9909691879297988 3.34028124553941
1.7970788411349887 3.9320474383972046
2.691149229456758 3.4841209480819293
3.061738293743571 2.5553240136387623
2.6946450024388953 3.4855081435179494
1.7937986664526846 3.919646230928187
1.2739487653517108 4.77390385034127
1.2099420044422378 3.775954385409364
1.974384982846237 4.420645732310207
1.5643271331596469 3.508586216757406
0.5949674615432423 3.2629404819201486
0.9027254844956495 4.214405141961931
-0.05567860787737666 4.49981992035057
-1.0470106286068876 4.631200378091989
-1.0390471535300227 5.631168669121609
-0.31977134031013177 6.325893294075169
-1.319257521127348 6.357945975014753
-0.7294308131104174 7.165475822456884
-0.24248119287407355 8.038905881105933
-0.4508374918552622 9.016958871835403
0.5491211865525192 9.026049607612196
1.1276213532827586 9.841731872402283
2.048583785829098 9.452080492527491
2.7427934309907442 8.732307633519497
3.5692225670477433 8.169266886258624
2.79876412059828 7.53177666492603
2.486590053804541 6.5817517431363655
3.2644026543433204 5.953255475491838
4.24860461602056 6.1303048997514855
5.118847419897997 5.637681856949449
4.121432935087169 5.565818476222199
3.1292495708096704 5.690606983910142
2.9896161968548127 4.700403711405964
3.817044471327725 4.138832299559903
4.795912327608955 4.343326113499078
5.025883637590512 5.316523522345488
4.39247461251829 6.090340688707839
3.404885959763284 6.247403265248374
3.826097629965758 7.154365628792331
3.9887407583562755 8.141050590057752
3.2786949756880532 8.845206103076766
2.340891202486315 8.498040317077365
1.3507037117499374 8.358295073189794
1.0121385562050875 9.299238023347183
0.615026786449395 10.217008279087421
1.564292375465393 9.902532776845815
2.252035173297979 9.176578340238802
1.9095604486146693 10.116105382400491
1.3534995691345642 9.284963819060158
1.6881782605123736 8.34263151379962
0.9298025417816156 8.994449179439028
0.7542985995979313 8.009970451239182
0.6972884272599381 7.0115968537066795
0.16332009943015713 7.857101333218567
-0.061530169032957105 6.8827080056695396
-0.7177557848797789 6.128143269476243
0.055641790508803246 6.762064550380317
0.04157644571460526 5.762163472235174
0.6198220861705166 6.578026193098024
0.21595346242173635 5.663209197873697
-0.2455002915329667 6.550373462799372
0.24236451600751358 5.677454262893968
1.177152717624048 5.322248663109103
1.8332102770638854 6.076959520790271
1.535807715857499 7.031711696272412
2.392111585539661 6.515239351642658
3.1848484117108775 5.90567530707311
4.086443691045908 6.3382558802392985
3.086511804201895 6.3499272842924865
3.780995925396738 7.069435314413226
4.478733614944199 7.785788660594403
4.801050285106275 6.839156755292437
5.800906946572919 6.822225821450043
5.7662238646547035 5.822827460520501
6.726529690429971 5.54387814436776
6.0621096658712785 6.29123751640067
7.061858557753793 6.313646291014278
7.232032182643075 5.328232196639714
7.679778653517541 6.222392751472827
8.457501872112102 6.850999620079046
8.026879269086653 5.948467529921811
8.8546272518662 6.509567589629873
9.854468698409285 6.491760799502746
8.950183989024834 6.9186907286169745
7.979523134108861 6.6782380207224845
7.077994505604134 7.1109574817897965
7.5828340323343255 6.247744268121912
7.410318601565512 7.232751083401203
6.838998407670187 8.053478343852206
7.550417471824265 7.3507103059064445
7.672965066960036 6.3582476683596
7.608166348679315 7.35614602295749
8.402786538374354 7.963252895039352
9.24158005837851 7.418803236394002
10.131649644878463 7.874627907937571
9.140989417552374 7.738274272143642
10.103861718541898 7.468316994065905
10.62696420326014 6.616047206685406
9.650094767338672 6.402210574738321
10.504490620265274 6.921833251785642
11.47620851571317 6.685688525682529
10.863587018933783 7.476064956052125
11.261040842037003 6.55844277971775
10.261041900839588 6.556987580744906
9.64007137363887 7.340821494497087
9.776274947973299 8.331502364575098
8.839422594296549 8.681227495800083
9.137333546123315 9.63582116055052
9.572026929597959 8.735242645170898
8.764041084913453 9.324444541628695
9.62129889019737 8.809557121623309
8.635485074233202 8.641714575604233
9.606788433762407 8.403870543164318
9.002937372674213 9.200967711659265
9.721601413156522 8.505610251846226
10.005467563146398 7.546746336115779
9.007871730663155 7.477445867054861
8.734211317603862 8.439272243447304
8.108938196930474 7.658866243621979
7.483497507142722 8.439137954987848
6.485362773799198 8.500187558534906
6.380349610570266 9.49465839045943
5.4017035625230205 9.289105690059975
4.46852493283137 9.648518607310889
3.492847221248308 9.867728559457317
2.531795571866896 9.591359734838354
3.106408815692495 8.772934649677701
4.091762702351849 8.943456548697462
4.980802244416957 9.40128696778805
4.143516401742175 9.94805238152266
4.032236143520132 10.941841445725942
3.1139302973777774 10.54596978351611
4.076559242436704 10.27514601400033
3.8850451856286385 9.293656143423503
4.863628325792573 9.087804163139383
4.20455621027909 9.839883910608084
3.4936356050487842 9.136611635412356
4.290118773014613 9.741272336257977
3.6587197865125147 10.516730471713478
3.7214025119295617 9.518696967298776
3.8516218240345546 10.510182181890958
4.851138203509411 10.47908544313148
4.731397252566946 11.47189061267251
5.365947788396593 12.244771986156378
5.076078499404602 13.201838230101528
5.87229199827665 13.80685398544508
6.328505143920737 12.91698345231033
5.879822427498509 12.0232923311818
5.061667277927307 12.598289853985266
5.422079511642849 13.531082983134583
6.2133456468261885 14.14255489852565
7.1905726039781745 13.930358116703989
6.1995330616801185 14.06392692145143
5.661271339185653 14.906704660892435
4.740289781537267 14.517098487338227
5.079357275513402 13.576336437439984
5.616672682652082 14.419717818104388
4.6510570807458915 14.15974376294629
5.612867910007001 13.886028712727898
5.83253324590945 14.861603999521728
5.2647438397639394 14.038430147732855
6.243087354959339 14.245417988619968
6.144903635686412 13.250249682618549
5.193521773594443 13.558263566205664
5.594719933557797 14.474254852431695
6.547807626190646 14.171560534427885
5.919572708779175 13.393536827497947
6.451688393374495 12.54686516846615
6.568604514584139 11.55372337566852
6.220509513350779 10.61626411249153
5.485991520161512 11.294853323783025
4.597656560237775 10.83565728832835
5.147517892285367 11.670913246414761
5.2395924955581314 10.6751611349773
5.203172534731549 11.674497708136409
5.412110971975682 10.69656891244524
5.626081778756333 9.71972885703922
6.6192259317664615 9.836624927725083
7.544095897594705 9.456341419919573
7.927545638491709 10.379903164583144
8.506727347115012 11.195101636365441
7.958376561497069 12.031350053949705
7.1892349394749155 12.670428425726696
6.224414747959655 12.407517798241885
6.136737226810195 13.403666708940023
7.130878773821299 13.295580703803518
8.123063395358793 13.42035921471185
9.105305977581232 13.232743891059982
9.877626417377401 13.867977028005033
10.575110193828912 14.584577601258319
10.878389391905655 15.537479342265192
11.661375245966173 16.15951885253855
11.169520033188507 17.030195859047527
11.232381587429728 16.03217360228249
12.004075395176645 16.668167837386132
11.298094565968475 15.959936894267617
11.878133093450458 15.145347852703386
10.87824361928634 15.130480456972954
10.26835304813954 14.337994815950841
10.787261696255065 15.192824515312601
11.551498298389001 14.547888537126568
10.551891023665146 14.575911676121809
10.592283335275486 13.57672777855201
11.092709871889854 14.442506781215016
11.147401816189996 15.44101005673727
11.591627718265563 14.545095246096688
11.521644078147004 15.54264338534399
11.111366689789298 16.45460416553269
10.846484108904649 17.418884839581427
10.056017471643647 16.806379741335473
9.833337097923408 15.831488233956414
10.74927071113118 15.430158424203693
9.750401235563036 15.382621377826975
10.73942235579241 15.530395610155331
11.216678194595547 14.651631213784885
10.315477129490311 14.21822996753242
9.957751200996361 15.152056589600532
9.024834082006215 14.791965421845577
9.796843040300416 14.15635377286996
9.459088326311258 13.215119607968312
10.183371262763233 12.52561672330103
11.121133616594994 12.872894375527476
10.259891428165437 13.3810891146473
11.259620770000597 13.404353746040021
10.95220368140669 12.452778875816744
10.954519176169454 13.452776195055153
11.376981880378974 12.546395886601807
12.120032189573386 11.877160324182947
13.108972775704261 11.728848095748736
12.118121135583841 11.593892446475826
13.048382998815988 11.960788706767278
12.151687423541555 11.518140940159052
12.927541438065427 12.14905341281052
12.05068319444794 12.629802433194396
12.975350611348789 13.01057817838034
12.3099996203776 12.264047496617255
12.254739745822897 11.265575490868372
13.002489731333824 10.601595100217859
12.644177396138026 9.667993327272598
12.827721329187115 8.684981819384276
13.563752162575797 8.008033806386852
14.296300688151678 8.688748620150003
15.106853180566933 8.103082625713396
16.049164734552146 7.768345512106352
16.290223856584916 8.738855944654498
15.325740202924958 8.47471340392556
14.358727443050368 8.72944134161542
13.978329918079599 9.65426441820689
13.175939829898725 10.251064339779516
14.171911949170354 10.340727808559066
14.690178090502153 11.195947199562948
14.453592684805999 12.167557896195907
13.954126992701395 11.301224229292405
13.470799458432563 10.425784628510256
13.585643053226711 9.432401042610651
12.617532636907557 9.682924937308053
12.820508573531159 8.703741211364974
13.79686449827791 8.919910377093846
14.171178857477281 7.992608505804261
13.646434710311752 7.141348510259116
14.27660004112867 6.364887528730486
13.47795591402857 5.763083940964079
12.674318785329946 5.16796431821834
11.938253816226274 5.844875214317973
11.918941987264683 6.844688723559651
12.061143938386289 5.8548510575268775
12.554838037372239 4.9852154231221855
13.498257739055969 4.653614357872114
13.252618330131613 5.622975632518101
12.934092333639914 4.675061506893332
12.178445825365356 5.330041166525958
12.703090040250263 4.478719577590379
13.595785177682759 4.028058516920193
14.595149127777976 4.063719353282835
15.506338459333271 4.475707219681611
16.430676231880604 4.857282483872353
15.50584712214548 5.237665340723896
14.706849027751668 5.838998896377542
15.026328706946371 6.786592023506295
14.974915929452148 7.785269512143308
15.334169070063068 6.8520293603275
14.337705685539802 6.936057470531401
14.813413718665617 7.815660714738453
15.082364919340367 8.778814519515036
15.475115422935552 7.8591694565011965
16.398419904182095 7.475100667206812
17.16367646636833 8.118826069867687
16.5428113335196 8.902743467820258
16.42805743016186 9.896137418709916
15.794152416460573 9.122726510069256
15.125658122946616 9.866443781308318
14.337346149704336 9.251168044062924
15.317985135427735 9.446992403322396
15.253899855629747 10.444936829086283
15.932947246602842 11.179031264981715
14.941481938036668 11.048660478722743
15.279925546169286 11.989647154565805
14.34157567464237 12.335334178628639
13.367361019314039 12.560957327581713
12.660893429004146 11.853211932795046
12.540415812861541 12.845927976791815
13.433783770221018 13.295253797064095
14.337112208709005 13.724203365450467
14.214987817910423 14.716718167945661
13.305714220641098 15.132917069084172
12.319237107488853 14.969017998840284
11.832826693520117 14.095287543160294
11.638610225316645 15.07624623927271
12.635899940319323 15.149820856838002
13.630517892760766 15.253431322917411
14.093621629320957 16.139735406843457
13.627187996790104 17.024291604291687
12.665807765939107 17.29951524377217
11.666140081302547 17.3252935348982
12.47465863031071 16.736822842416633
12.096967931944196 15.81089102183403
12.89204326351316 15.204380331795923
13.83500304099937 14.871473651113243
14.616910676446764 14.24807935403549
13.636857825259117 14.446816388528216
14.095141986615957 13.55801065753327
14.200098811531305 14.552487437002599
13.218560700882797 14.743754102536759
14.092183352701344 15.230358112209439
14.51396613179588 16.137055022571047
14.833921682632292 15.18962246798525
14.089387576816142 14.522038042405574
13.100176059922587 14.375543759769178
12.700295833397348 13.458976356664461
13.173736145103874 12.578150453746508
12.940311964144984 11.605775448029233
12.408510406641406 12.45264444819205
13.117544245643263 13.157818905436702
12.364832576617767 13.816169225033232
12.883872986367592 14.670918927020153
13.725031374791453 14.130130090611546
12.776171362561982 13.814432961717586
13.070745250242787 14.770061668222688
12.476038684714059 15.574004515020285
11.826300961986565 14.813846050182267
11.30251309636958 15.665694787830216
11.237243072903972 14.667827149294522
12.160317888219094 14.283206706089858
11.68153716665351 15.161141225662439
10.938491650602847 14.491900341468261
11.599054392021719 13.741129494505499
11.071964087081943 12.891320215644358
10.073586298919901 12.948256953386068
9.909420934932813 13.934689786004178
10.467921007428588 14.76419425797658
11.128480104409881 15.514968311467548
11.396130277394189 16.47848446852018
11.010579488025057 15.555797853890468
10.635313841296618 14.62888054669123
11.052582864952223 13.720097535242678
10.077509112133313 13.941978531643107
9.730511353091426 13.004112573619302
8.94758853010691 13.626231415360937
8.371159312293996 12.809084331384257
7.687570973679306 13.538952116198745
6.702215512483909 13.368439315821742
5.902032014549034 12.76868405770998
6.804070514134789 13.2003396441039
7.758549147009312 12.902060346488422
8.421541935944436 12.153434564258058
7.447949270440104 11.925142379380501
6.4915436722048705 11.63310071854372
7.436739889071846 11.959603569404717
8.171281797655219 12.638166893299175
7.337924158277224 13.190901047201697
8.273271947932482 12.83717161333024
7.297195433808636 12.61974429541494
6.303734581612689 12.733917563538894
5.796555330154958 13.59575815604471
6.3502007970544145 14.428510638467717
7.16708901545079 13.851714627173259
8.12939120400154 14.12369715953598
8.597110550201855 15.007574194643212
9.246681854067724 14.247273516494102
10.005100651685694 14.8990410574316
10.312082409150246 13.94732565848926
11.04983778068791 13.272257505065234
