0 0
-0.01754249636737955 -0.9998461185708531
0.9376352896982814 -1.2958788819716336
1.2517073443572473 -2.2452780311614227
2.1045878205767323 -2.767384239976855
1.5367670107053417 -3.590536429961792
2.4681114994244044 -3.2263971113862944
2.0287602452244933 -2.3280817572745187
1.382551686441308 -1.5649208970652448
1.793708872139283 -0.6533564349184798
1.000215054902851 -1.2619347470587958
1.2099686132627059 -0.2841804605658248
2.1494522089081647 -0.6267743506355103
1.5689523815390398 -1.441034720802459
1.9815754395305265 -2.3519365881920007
1.3916500962709273 -1.5444787940132314
1.0958367816243684 -0.5892330230841915
0.16471972097163523 -0.9539534905128983
-0.7182094597638543 -0.4844473011971905
-1.5719482484106677 -1.005148828715472
-1.9724078663420925 -0.08883442066209135
-2.4235270668378437 -0.9812981268956134
-1.4526975836415346 -0.7415271641899779
-1.6135889589656216 0.24544495565248436
-2.612978510216266 0.28038096645846333
-3.58998055658321 0.49361089258236485
-3.073397402700508 1.3498479188342085
-2.0782868429488435 1.4486151900870348
-2.9894899032133604 1.8605726914929193
-2.6911409178667207 0.9061158391718567
-2.2979600986207376 -0.013345330958267732
-2.7075572798743957 -0.9256118211403076
-2.5267192760590103 0.05790107474670958
-1.572890603837521 -0.24245015972418554
-2.5037722543248044 0.1228707304341391
-2.277639283823138 1.0969671731194066
-2.97449766832293 1.8141759237299524
-3.686122065009939 2.5167360407589867
-3.060859976546628 3.2971508796302746
-3.2549797666618248 4.278128711737419
-3.1783188575521857 3.2810714891997734
-4.11388057827416 3.63423471876896
-5.0877036204894 3.861542181142404
-5.172000378909614 4.8579828750724765
-6.1714987646535455 4.889652685543574
-5.43314799150092 4.21523579979343
-6.418791768193257 4.0463975770248055
-5.429389381662975 4.191597155289283
-5.441392252571928 5.191525118239586
-6.3172851178221086 5.674030754065561
-7.252553158742037 5.3200905166895325
-6.951318540070664 4.366540463197891
-7.402319285445466 5.259064035811732
-7.461258925638011 6.257325584111562
-7.331667734731745 5.265758075951126
-7.525813872583422 6.246730693895826
-7.182149324878334 7.185823169986789
-6.907289800092667 8.147307564885946
-6.382714597466459 8.99867168016781
-5.519980398474015 9.50432937257332
-4.790867114255301 8.819936343111593
-5.783122413322953 8.94415156549663
-4.783451540198937 8.969805910693221
-5.266413644494686 8.094164656631822
-4.83263107431498 7.193147075333716
-3.969134774107732 6.688791903328516
-4.800329863107787 7.244772769925732
-5.504522925251877 7.954781312992736
-4.675177305921717 8.513517246773512
-4.634514973707919 7.514344301413733
-4.052297906591717 6.701310915408825
-5.022938673388765 6.941844700627529
-5.880025416816825 7.457016821612236
-6.806425414621325 7.080475928656606
-6.987545505119203 8.063936915589
-7.868929113281847 7.591535671663669
-8.840183526361173 7.353491841510621
-9.445206773194554 8.14969964779689
-10.397164606932368 7.843470513348175
-11.131178399472354 8.522605074654743
-11.557415265507789 9.427216667567576
-12.529334881984989 9.662529776226684
-13.328663846242504 9.06163610268784
-12.341629336201835 8.901127922245914
-12.00606088476589 7.959112097325291
-11.211967089373417 8.566907329388835
-11.754320280852234 9.407057920469232
-10.80232426149501 9.100947516974024
-10.21543161491864 9.910612275620826
-10.686771657501218 10.792563841330788
-10.11021338925171 11.609619875708558
-10.947635738987575 12.156176193175352
-11.604687872971297 11.402331054418433
-12.298595875758611 12.12239472081726
-11.31775109011435 12.317185650982042
-10.969744035153147 13.254677565452365
-10.087402225239186 12.784068459635494
-10.08797851942351 11.784068625693001
-10.695149994739356 12.578639452971967
-11.26312331600367 11.75559248813218
-10.993632583948216 12.71859547116817
-11.607927868740369 13.507671705179895
-12.043739807857328 14.407709456456539
-11.259331634384022 13.787464490827416
-12.257808873664125 13.842629721177548
-12.804645107938605 14.679869312265133
-12.386963977180597 15.588462990984457
-11.805994659566004 14.774537532486915
-11.010760422325303 15.3808398563487
-12.004976009129207 15.273437030705377
-12.093012615228442 14.277319790624407
-11.590839956625413 15.142087170300332
-10.786272135555347 14.548226394277393
-10.330929517468324 13.657910102079134
-10.83387867444483 12.793594103444015
-11.816933487616968 12.61028225358402
-11.143934154276863 13.349925341379596
-11.876157361632227 14.030990077370399
-12.389579060666504 13.172853631948835
-11.562816898907872 12.610302009531662
-12.50184259390503 12.954148987321354
-12.142073208115308 12.021107729365156
-13.14168295079284 12.049042695700527
-13.737647016738197 11.246031592351466
-12.762259874333656 11.025532335137514
-13.570374622050522 10.43650724694304
-13.737142023641098 9.450510982362527
-14.602181930085928 9.952214042207611
-15.573983503812537 9.716413912219336
-15.145647254774538 10.620033333081935
-15.400100783873349 9.652948330856608
-14.497845978549964 10.084151608059901
-15.430554591836644 10.444782503437485
-15.071235856701604 9.511567605045398
-14.962071737627067 8.517543865335586
-15.047660651455978 9.513874401768946
-14.075459474453842 9.279727286826946
-13.190495411013833 9.745386611247437
-12.30010921730212 10.200592527342087
-12.261896769212393 11.19986216503303
-13.222576178981178 10.922202172152712
-13.276903347231995 11.920725361062138
-14.213546410680447 11.570440089185201
-13.933048953426844 12.530294857613354
-14.39681446871122 13.416252840157119
-13.635606957112634 12.767744456027902
-14.544305935579255 13.18519644911659
-14.312512438908135 12.212431433863177
-15.188486341552718 11.730072934523092
-15.87558540763239 12.456636678039407
-16.572678669174895 11.739656214768592
-15.652314707351593 11.348593332642308
-16.086695623590355 10.447864061658194
-17.013650454974837 10.823037009207674
-16.12640131239894 11.284327545636007
-15.274830624970402 11.808567342210521
-14.997661608785494 10.84774616401601
-14.339740862566812 11.600833338050366
-13.915979043644898 10.695059679334245
-12.9373157028515 10.900530030935405
-13.922651955635079 10.729906266616322
-13.340624003265429 9.916737487911437
-14.325570534773597 9.743878209681922
-13.729123717303018 8.941225611150516
-12.839785018233291 8.48397657797826
-13.372369809150136 7.637599923950006
-14.137721322274988 8.281212432651865
-14.107108583544422 9.280743752935233
-14.430248945622825 10.227094801117586
-13.430597905329028 10.200678941496303
-12.494619336104147 9.84862196038139
-11.878400925361964 10.6361972712326
-12.498628106443785 11.42061950692413
-12.369210409324113 10.429029339731937
-12.85523041921799 9.55508165824136
-13.5703263940233 10.25410794302416
-14.555353321453145 10.081707385489906
-15.451473774758826 9.637896464976203
-14.671849665127574 9.011648712340174
-15.53031943346215 9.52451288232632
-15.327069012148089 10.503639669946624
-14.576783780927846 11.164753935269031
-15.136691769462661 11.993308727889831
-14.169640702022292 11.73872625998907
-13.345184576772924 12.304652136353456
-12.35430805889428 12.169879266989138
-12.051549476151601 13.122946547182748
-12.920284751297512 12.627669834912568
-13.561892326089845 11.860636771760072
-14.55623508464435 11.966855783759897
-15.406372606975937 12.493416504972474
-16.36849781851029 12.766024423657868
-17.042621984160323 12.027406383472927
-17.95027663737411 11.60768858482798
-18.255325194311638 10.655351786258098
-17.486045670073054 10.016439418568085
-17.04894373192441 9.117027446406997
-17.84856280950299 8.51651988544512
-17.533696803965846 9.465656018229604
-16.57700906316903 9.756772088911191
-17.575138126343298 9.695629851081234
-16.693156505244975 9.224346051184853
-17.693149047602702 9.228208075126604
-17.653033449579805 10.227403120548301
-17.940125529371127 11.185306110271735
-18.785314373843388 10.650838321551364
-18.33603190657833 11.544228082298723
-18.37096395175592 12.543617772169352
-17.370978095527786 12.538299187424288
-16.80376935450068 13.361873254586705
-16.195854520336578 14.155875492872738
-15.252286724272732 13.82469606381469
-15.945764952307302 13.104218481066944
-16.94558423962145 13.123228812853418
-17.917495669032824 12.887881891523357
-18.234189952742902 13.836409556204446
-19.113860819943227 14.31199253045713
-18.440709260658444 13.572487981294337
-19.342685938235803 14.004272734506525
-18.721289145981963 14.78776876294358
-19.45514830893049 15.467070410929574
-19.512516621420694 16.465423493121452
-19.175908081742758 17.40706816656037
-18.421586732216184 18.06357353717695
-18.275126803229533 17.074356933393318
-17.280587442033937 16.96999478013526
-18.252576229870133 17.205022004772584
-17.392490249837838 17.715171107439524
-16.78134229371658 18.50668748486251
-15.829560752203989 18.813464109193493
-15.026760312498219 19.409711921774992
-16.000546031984964 19.18224462187525
-15.556921277426422 18.286031992449132
-15.292895634615816 19.25054765325431
-14.725278258535946 20.073840137352278
-14.538061420434586 21.056158749377587
-14.409214576103967 20.06449424426205
-15.38301854912271 19.837105101748797
-16.141322817307056 19.18520431416421
-16.121411461538788 18.185402564860144
-17.07876771515191 18.474312591802537
-16.235059912293597 19.011115296151164
-15.821754803297242 19.92170789818432
-14.822705012982494 19.965291340820905
-15.707689388635057 20.430912060775295
-14.919441778574484 21.046270253402803
-15.682870238594663 21.69216264879945
-14.68606772115431 21.612258073057056
-13.8604342976912 22.176464994372797
-14.252293883836254 21.256439959525252
-14.360102369260247 22.250611640106925
-13.591387943101484 22.890203800014632
-13.489844334608941 23.885034888981153
-14.210666851568833 24.578154574925513
-13.210810780024536 24.56118883898492
-12.82066629166161 23.640435192128155
-13.603939832124315 23.0187579761945
-14.14621934208735 22.17855982511688
-13.717539332376917 21.27510343476112
-14.301899572212628 20.463609066266088
-14.040991136044221 19.498245514055753
-13.227329193691656 20.07958383514516
-14.119165905888863 20.531941303058844
-14.458876412230115 21.472471351425916
-13.469761265997494 21.32532779059765
-12.926741277370052 20.48560802070352
-13.90822211429537 20.677168368240206
-13.633280721428342 19.7157073807382
-14.047768129605563 20.625762427679057
-13.766592328547782 19.666106151244875
-13.868486123181674 20.66090143401169
-14.826667856088072 20.37474104764682
-15.682278789135982 19.857121562649503
-16.534589621308527 20.380157168857476
-15.982352753224282 19.54646991243064
-15.847465110799606 18.55560901204093
-15.829498893341551 19.555447606530183
-14.834857624192344 19.45206121620122
-14.627433202534728 20.43031226235451
-13.706011321044283 20.818875920344556
-12.707539443362826 20.763613731831363
-12.371975307623417 21.70563109409464
-11.530244282807715 21.165733991062307
-11.281645728561479 20.19712738421581
-12.225880408848303 20.526400627197443
-12.261185256200779 21.525777216753863
-13.091290626529194 20.968170658191355
-13.1321061101005 19.96900395723458
-13.14271261143048 20.968947706717287
-13.356665524924956 19.992103732068713
-12.392790552209139 20.25845882770625
-11.482292835874562 19.844944730546892
-11.521828976552404 18.845726589408383
-10.872456360800564 19.606196974046476
-11.175331680810949 20.559227162722895
-10.208561948408452 20.814875914940473
-10.430290871115902 21.78998426011807
-9.515885756067272 21.385183956791973
-10.427589897476054 21.79603132326531
-11.186389508877708 21.144707172218617
-11.479529400664351 22.100776732367517
-12.478541620496499 22.14521303088625
-11.698879061090697 22.77141291387953
-10.738369173231037 22.493167059779555
-11.544840409500997 23.084440384959375
-11.736597063003352 24.065882887522605
-12.614068585035334 23.586254147742682
-13.361733759958527 22.922178258851158
-13.648641458775359 23.880136489861066
-14.64862512646607 23.874421216303908
-14.750168313911713 24.8692523482471
-14.368570486250468 25.793580806060785
-13.904316530074702 24.907878675446238
-14.664472294227755 25.55761955781773
-13.99603607900806 24.81385008668923
-14.934531421576644 25.1591419805661
-14.876230045933236 26.15744100871252
-13.95171391978623 25.776298079492875
-13.043955945193138 25.3568037892306
-13.733707897500732 24.632758041858335
-14.64337040593374 24.217409849673313
-13.832797180873094 24.80304714938601
-14.572052115694822 25.47647282556841
-14.764184598924405 24.495103828254948
-15.632325569760956 24.99142152364266
-14.719740292345847 24.58253509510145
-13.835641563293846 24.115234937506102
-13.040296002901325 24.721391220624497
-12.77542021225132 23.75710868136148
-13.61691666420143 23.216846040273488
-13.21938776282396 24.134435693969312
-12.650692191706606 24.95698377608458
-11.78731459456121 24.452425429857467
-12.738287977330192 24.76169816590919
-11.815849207807716 24.375554777409707
-11.676145347972797 23.38536144702052
-12.475486460931274 23.986238959608823
-11.671861444926977 23.391102980481282
-12.489804806321679 22.81580422544149
-13.480802028739774 22.94968665580344
-14.338429954512579 22.43541596741586
-13.364524247305848 22.66236898781911
-12.441892930232854 22.27668588894628
-11.769753771435372 23.01711073402579
-12.638371621910348 22.52162811088323
-13.6229605682756 22.34674355840542
-12.968932276572719 21.590273470660893
-12.2371204702776 20.908766698745108
-11.324429394473073 21.317416916103152
-11.373289547416151 22.316222545569858
-11.301782932493904 21.318782420037323
-10.460700657097947 21.859689626510633
-11.329629413892677 22.354626810014928
-10.429183089199752 22.789593954000544
-9.430083077713936 22.832010543314656
-9.20389076080751 21.85792787958816
-10.202061927345802 21.797476888764297
-11.045264416102075 21.259880792279933
-10.850791948180188 20.27897281534205
-11.539979981901999 19.554390277479964
-11.036741473877116 18.69024271829757
-12.009426495598328 18.45811377025531
-11.023851026324268 18.627350274488933
-11.777483063894138 19.28464682243992
-11.710418357766825 20.28239545069859
-10.73875962770926 20.518783505183
-9.970706815548379 19.87839699866388
-9.389318611496643 20.69202329874857
-8.610065536503544 20.065313920237447
-7.779233471478544 20.62183712705482
-8.769825689238623 20.48499028524557
-7.981022905557321 19.870343908491723
-8.91768132326097 19.52009969577023
-7.977262080542629 19.180082566900136
-7.105001937012435 19.669124734825036
-8.032321652001885 20.043394886175484
-8.981107292727232 19.727474313952985
-9.955833332306712 19.5040707603427
-10.765834981102953 18.917643161275798
-10.227193879713417 18.0751078421978
-11.22676829426883 18.04593611331172
-11.323524236324186 19.041244250361235
-11.462766097347119 18.050985847650676
-12.364337373943263 18.483616444368938
-11.364372548609092 18.475229067281923
-10.764923239501384 19.27564178945111
-11.740910511657628 19.057814232450134
-12.639328423336607 19.496955731257046
-12.99376312820911 20.432036497812504
-12.819043289167299 19.447418308946787
-12.334586624171118 20.322233569296525
-12.496832947862375 21.308983857084005
-13.442580353324704 20.984081033056157
-12.445931962961518 20.90227647336374
-12.405908219006044 21.90147520230598
-13.207078350255363 21.303038555037496
-13.36921789115723 20.316270715433806
-12.413379638091152 20.61016395110892
-11.545381715398928 20.11359612472265
-10.730014835655997 20.69254072606053
-10.852126829345167 19.70002439823652
