0 0
-0.027215144269748234 0.9996295993628724
-0.10654028405201724 1.9964783954189862
0.18703549106013642 1.0405425899031042
-0.7140770594470492 0.606957337249794
-1.2091173384379938 -0.261912688805063
-0.2596768481473245 0.05203436946529805
-0.33598178610892215 -0.9450501587682297
-1.0371026850986986 -1.6580925733550251
-1.7896787644329357 -2.316597884505898
-2.2857250672834533 -1.4483018143614268
-2.2944789254312723 -2.4482634986111425
-3.2752783713250233 -2.253244404842068
-2.301198686551057 -2.4794495500325584
-2.008893098817105 -3.4357745174884484
-1.5069842866815124 -2.5708539752993764
-1.7933432148191497 -1.6127315591771654
-2.7867246205463188 -1.7275940106376557
-2.9998653493548506 -0.7505725012925606
-2.022475978036662 -0.9620199340843436
-2.753483582417879 -0.2796506188767839
-2.0705113760773335 0.45079374270479955
-2.015536009638464 -0.5476939683286973
-2.104388122878384 0.44835086097006493
-1.1261895763750767 0.2406789957142809
-0.2544703876822506 0.7306847671749048
-0.6137136738980862 1.6639287124051148
-0.962438940171911 0.7267037187871201
-0.31680441338741716 -0.03694283415721333
-0.4003666245497576 -1.0334453965551536
0.5904112370829284 -1.1689416286007799
0.7033791235054982 -2.1625402682119748
1.6684088170430513 -2.4246808613882638
1.107500589077795 -1.5968028753294026
2.0490574541798523 -1.2599487974571189
1.2612177242836744 -1.8758291105026954
0.38144028277893094 -2.351214904799672
1.1884646084896302 -2.9417330990250417
2.1792307322029902 -3.077315133609283
1.454798788473582 -2.3879688063510383
1.7387293709991827 -1.4291239678569922
0.7397595370863062 -1.474503158375114
1.619321954949183 -1.950286673309385
0.8954103259992099 -2.640179384874739
0.04957497630805141 -2.106735328564393
1.040998145495132 -2.2374261836348435
0.051897728035404045 -2.0901836484047283
0.6437141612688712 -1.2841108791370788
-0.2660498625804466 -1.6992366683979943
0.6592110325405057 -2.078568022177212
0.4235529884579352 -3.05040406095082
-0.41659828334624005 -3.5927561979299476
-0.026185739643975303 -2.672116178313199
-0.20442970054304382 -3.6561025046424884
0.006820712709079718 -2.6786705311012056
-0.7628464466951258 -3.3171158801598866
-0.0488456964463706 -4.017260814187274
0.6898363737343894 -4.691314817360215
1.2263187533695672 -5.535226338990876
2.0301003391415993 -4.9403018375843555
2.023504312449119 -5.940280083563673
3.0156069352510695 -5.814851275750275
2.491341174655477 -6.666405978788855
3.181952799748983 -7.38963179641825
2.573626344297896 -6.595944878548038
3.566915538726106 -6.711602028055356
2.6046934923330767 -6.983867952172224
2.3583353215154235 -6.014689097846883
2.876940468209611 -5.1596752372444366
2.6789725311621035 -6.1398837333824545
1.7346104019491697 -6.468791271922413
2.6278032216711535 -6.918465139071808
3.052672557001927 -7.823719825828848
3.7115949887018096 -7.0715089318617945
4.175776293627969 -7.957249139912128
4.100171121591237 -8.954386972892753
4.94005624119374 -8.411622764538619
4.121566902196094 -8.986144480357261
3.121976315227375 -9.014756688303022
3.564995861824154 -9.911268641002586
4.373023738652314 -10.50041289351514
3.3899971913018896 -10.683876260987514
2.3989203068893525 -10.550584816464097
2.475998304302647 -9.553559750422748
3.474047305970937 -9.61599523928068
4.465606359102517 -9.486339371103398
3.9834451791191583 -10.362421899474473
3.95763468084286 -9.362755045878371
3.601517822516211 -10.29719647433473
2.818835969343602 -10.919618450741645
3.488404778240629 -11.662368482819877
4.483552556882003 -11.563976924924201
4.174275131748622 -12.514948782711206
4.49685780670046 -13.461490074901313
3.6279844104887373 -12.96645571108855
4.3708322857523045 -13.635915966978624
4.559805054249017 -12.653933638845023
5.186382874188577 -13.43329250070507
4.367399029068242 -12.859475925977648
3.5095392877592504 -13.373359827497506
4.400893883025554 -12.92005310407765
5.07027305157899 -13.662974047857478
6.066864407744856 -13.580477570263103
6.8778338567976105 -12.995389070373493
5.881129034974092 -12.914274964610392
6.792034881466512 -12.501660690952868
6.926835948023781 -11.510788008689893
6.292809311771636 -12.284099216757376
7.289921969221119 -12.360035692538327
6.347006162229653 -12.69306689366764
5.500286598739119 -13.22510634784599
4.782710012981593 -13.921585955280818
4.019665429339228 -13.275240100978303
3.0271895768911 -13.39768062657078
2.1580826149553385 -13.892304815945694
1.1588933628990086 -13.93256445547602
2.131851001647151 -13.701580834408121
1.134738161776347 -13.625646754017428
0.1449577878629431 -13.483046573737589
-0.7957811320582375 -13.143914911185226
-1.0183091560853237 -12.168988617292912
-0.9305304311484108 -11.172848619376731
-0.026093999357233222 -10.746240203087458
-0.7648592540251271 -11.420203034774401
0.2349980946154956 -11.437093338778302
1.22719297658988 -11.561790236028544
1.839325345344277 -12.352545547817932
2.5926923152089874 -11.694945206640357
1.6888763219687557 -11.267023893355807
1.819232645716046 -10.27555668317733
1.527550948289107 -9.319041242953734
0.8347457863180399 -10.040166064011949
1.5536585751709497 -9.345065782021118
0.5903098121682651 -9.613317829210319
-0.15023750270423408 -10.285322051247004
-0.12324182675326306 -11.284957601575197
-1.0759371923548238 -10.981030734777757
-0.15177354788200648 -11.363027538736533
0.8363266614535892 -11.51683903476642
1.7735286566378616 -11.168051964732827
1.695082615502574 -10.171133603666988
1.8601576230484134 -9.184852587990552
1.3559508040215964 -8.321269654134829
1.6215302485479899 -9.28535863272812
2.4875787081167804 -9.785318696811768
1.4877445915348797 -9.803532409198052
1.2583137968619298 -10.776857385994465
0.5786851232986728 -10.043301071816304
-0.10031681266740411 -9.309164592029118
-0.5784950337197114 -8.430901767521982
-0.279643167346693 -9.385201281283445
-0.7778967112947808 -10.252232656692184
-1.1469974601429707 -9.32284326725431
-0.33685745844278137 -8.736606815261416
-0.891087037584191 -9.568970662148542
-0.31339674870500667 -8.752714617678008
0.07972920982239429 -7.833229989893556
0.5589766728657601 -6.955550168337598
-0.3057433530759134 -6.4532959729987915
0.535538742738989 -5.912699602994992
-0.001671434276433681 -5.069251189805982
-0.9446574571729245 -5.402083520900572
-1.8882922527641062 -5.733071998871616
-1.143570082251169 -6.4004466228621455
-1.9763702542718864 -5.846872893823038
-1.0218116992548056 -5.548849463462768
-2.003634587888376 -5.359050055257075
-1.6178075610355325 -6.28162119362522
-2.3579129728739545 -5.609130316833959
-1.510983564719436 -5.077424968353208
-2.420702073739258 -4.662199446080369
-3.180085563731903 -4.0115561374030335
-4.011540023453478 -4.567149047193199
-3.5597441460813446 -5.459270387140599
-4.527002525290141 -5.205476715331443
-4.14163166933694 -6.128238495739527
-4.57008360351044 -5.22467392134377
-3.6685535797723636 -4.791957367120544
-3.097782679841653 -5.613066726336651
-3.279879801434423 -4.6297861772014475
-2.3169582241059925 -4.899567636748481
-1.3459649988355114 -4.66046063877722
-0.4272467928487039 -4.265546903907968
-0.15055876159043413 -5.2265067019007985
-1.0389353216725818 -5.685622251078356
-0.7968916204826295 -4.715356902467849
-1.1969551889513892 -5.631844295280233
-1.3184823250355588 -6.624432404817709
-1.22120784518172 -5.62917481224724
-1.8482645794502217 -4.850201223472549
-1.8426763112211302 -3.8502168379653554
-0.8610122350677971 -4.040835938765939
-0.7997400498827376 -3.0427148442475196
-0.8214015173766542 -4.042480207133237
-0.9973521002779439 -3.0580812065360723
-1.6316595551291755 -3.831162090221701
-0.7243125094582007 -4.251544462250018
-1.2475124691694592 -5.103754414173919
-1.753565671601491 -5.966256678697488
-0.9347205861720795 -5.392242109136662
-0.3326743398843872 -6.190703327563017
0.6519240886962324 -6.365534487361762
1.6422753615057784 -6.226954703682783
2.458969120037905 -5.649883386794942
2.6586869525948775 -6.62973683877577
3.070729012039056 -7.5409016653845455
3.408442221427729 -8.482150722863171
3.3886069353650856 -7.482347461502811
2.4858490081176283 -7.052198504986728
1.4867661555792724 -7.0950173532176395
1.6894084592485827 -8.074270178980013
2.3955432282436 -8.782347638031178
1.3972921359112545 -8.841464104918828
2.2555669821814446 -9.354654409055492
1.3799540330087707 -8.87164098973763
0.6362394471992958 -8.203143708625552
0.06056889938235799 -9.020825444006835
-0.8532231832086781 -8.614643182215485
-1.0721412193370432 -7.63889993040295
-0.3246156956773454 -8.303133015605196
-1.2337748764448824 -8.719581792798863
-0.9473007233046691 -7.761493822107967
-0.06629082861587543 -7.2883959829029665
0.8576933179854722 -7.670826756807708
1.0120124546569187 -6.682805702347339
1.2010871398385152 -7.664768412140068
0.6940280358335827 -8.526679698204774
0.22952075577770298 -7.641110397260411
0.36418804927116366 -6.650219525335986
-0.33222667627494595 -5.932579970933822
0.44840900963075137 -6.557566311496991
1.4474131436335165 -6.512948599258629
0.9656532523913233 -5.636645337145387
0.4781396912300305 -4.76352992227526
0.6728160462882387 -5.744397455014136
1.671795313091845 -5.6992263968404675
2.4964005442231105 -6.264934990368047
1.595609956424478 -5.830681243195506
0.7221602855629139 -5.343766802588303
0.22639435189874946 -4.4753106211847165
-0.7687016025430844 -4.376396307491016
-0.5698177296329875 -3.396373243937775
-1.212629054350944 -2.630348700718469
-0.8528831306161854 -1.6972983964174495
-0.6912768879476987 -2.684153716274709
-1.6547905135221985 -2.416494430367639
-2.2471908889174523 -1.61085071554603
-2.1980291068443285 -0.6120598870021379
-1.4563810356685853 0.05872930381812247
-0.8983752009970789 0.8885663290661862
-0.8556435558276075 -0.11052025702188184
-0.15001183840860055 0.5980585172666956
0.8487516829292532 0.6477719806826626
1.842666718662441 0.5376225288297557
2.3422870363072033 -0.32862197371934954
3.174667887526817 0.2255820667954337
3.9234424164001127 0.8884068588110716
4.028610694020791 1.8828612988847735
3.399768232612985 1.1053285608405337
4.100564139280553 1.8186903885254626
3.1440582562116983 1.526977352041539
3.356538963567948 0.5498120901736256
2.3868632058088473 0.7942071081554046
1.4325437250918474 0.4954190081178767
1.6790034844470811 -0.47373401747641003
0.819278334156401 -0.9844909713768608
1.8005455485233681 -1.177142610374541
1.453712817883992 -2.115069610176356
2.1940561083441095 -1.4428406222037413
2.3990395197167826 -0.46407517478438054
3.256584630586362 -0.9784839449503656
2.372601912403752 -1.4460035209624134
2.723731878128744 -0.5096767899705197
3.002396534570282 -1.4700652578575095
3.911857322916417 -1.0542755580562442
4.159550437944467 -2.023114100212625
3.6067604478987882 -2.8564347029252293
2.6246832237103517 -2.6679557233802003
3.241466483582109 -3.4550887555558094
3.373610477650239 -2.4638582249365584
4.336794506715334 -2.7327011645015227
3.8426071677949727 -3.6020566004716508
4.189547716042414 -2.664169477209067
3.2417906462868635 -2.9831624814088027
3.193987487568469 -1.9843057058816282
3.9963271480835223 -1.3874379909191006
3.8326988459466462 -2.373960052882138
4.622467020830367 -1.760554616045427
4.029418680942142 -2.5657214723900115
5.0110062878451735 -2.3747089859542267
4.486766143940958 -1.523138512347205
5.082639047588612 -0.7200597598586871
5.570424304775971 0.15290389509532176
4.936859393518465 0.9265934343959829
5.661104350013928 0.2370506561792246
6.628374813961425 -0.016696953809112403
7.619615490771938 -0.1487648175619449
8.279293632741165 -0.9003130522136055
9.277880252826431 -0.847164560356503
10.268415926234864 -0.9844200874047868
9.282785420986597 -0.8155044068891878
9.773841568160286 0.055623517311920834
8.869158330187567 -0.37046126172999166
9.809892870815618 -0.7096050720366659
8.874005260345395 -0.357306362745335
8.962191673842348 -1.3534103515309157
8.19733846914687 -1.9976149582103893
7.516063283152812 -2.729642362717053
6.550967476367405 -2.9915394488505656
7.29254000351542 -3.6624121543464043
6.9594761155804346 -4.605316415951808
7.477743045189115 -3.7500975026471557
8.291189736460328 -3.1684580262875173
7.374930490778694 -2.767872211882012
8.1134391782131 -2.093628251149763
9.039311524409747 -1.7157917805062906
9.173279910181389 -2.7067773866649976
8.179823395435118 -2.592566383218768
7.360030836594851 -3.1652269811911853
7.173279004894337 -2.1828198591910937
7.961270961961255 -1.5671343261485762
7.08850198087253 -2.055267817776991
7.8127422060230804 -1.3657200701380912
6.818143395515476 -1.4695141265038567
7.111622438817034 -0.5135486192062332
6.451987204938264 0.23803727623466686
6.9716903000544495 -0.6163096632030867
6.600552321077128 0.31226806674773944
7.2127646450840714 -0.4784253443377563
7.644209211181464 0.42371410518489516
7.806591611435349 1.4104420089596832
7.060713826713745 2.0765248343341205
6.079598417885661 2.2699480867111337
6.665718042823502 3.080172614396345
7.566940577912773 2.646816014992036
6.652303683085862 3.051092344525915
6.204798145965839 3.945373505149865
6.699437671373943 3.0762752714017774
7.6960790543427695 2.9943853834180736
8.468062060771642 2.358742214820283
7.46807189964064 2.363178163556941
7.9765541512066775 3.224250634283031
8.410116944786974 2.3231272775649567
7.417333640426013 2.44304937970685
7.347700870131031 1.4454766869665936
8.122756536492032 2.0773696478719224
9.11856755588137 2.168804945557054
10.070139451028348 1.8613786481028716
10.437892429927915 2.7913021645871545
9.90845331230876 1.942954228457968
9.371619090364206 2.786641977657389
8.5818544896289 3.400052016233058
7.629981320947817 3.093559812832983
6.69439274296424 3.446651886868453
5.740457093959061 3.7466631825842436
6.168228807501072 4.650549990261694
6.830880199270687 5.399477979447432
6.006772712597615 4.833044531980394
7.004519959827177 4.765959282887671
6.654047075682305 3.829386403994002
7.414470862209732 4.478813586119366
7.831290317654518 5.387802882845523
8.342873742851271 4.528569271384729
7.780689798278397 5.355581491647818
6.843190089886159 5.007595433357448
6.414152252182431 5.910881951478088
5.5768559489649006 5.364132556765797
5.009325148493029 4.540780390001322
5.703745401418776 3.821210718373521
4.999038869377743 4.530709628660704
5.945896434983232 4.852362781071257
6.942257686357523 4.937593390360741
6.409123030848855 4.091562989550194
5.750003993108551 3.339524364153668
6.066624834119484 4.288076546712714
5.803334433734004 5.252793170942262
6.569776377009918 4.610479581184548
7.2829882171622335 5.311428132125734
6.362790246037208 4.919974822090696
5.57924650268259 5.541311447640673
4.626964833985443 5.846532062054865
5.094579221265906 6.730464630075931
5.04956225370474 5.731478407632601
6.0023054278642975 6.035255372019914
6.440704249528397 6.934035919853215
5.510789320250513 7.301810612166467
4.549582638578117 7.025981471015029
5.5495610918386635 7.019416944021887
4.645285877341715 7.446366983776538
5.12952672772379 8.32130172352645
4.436802900262268 9.042504676145933
4.397362324322637 8.043282758367129
5.042137409064117 7.278910407940573
5.2833452299653025 8.249383893995757
4.93815510284038 9.187916672398025
5.4599323632704415 10.040998433132657
6.459430718663889 10.009327664815572
5.6762011258156155 9.387595081716755
5.150096686800479 8.537175115318641
6.110967649922028 8.81417149116112
5.299913624746722 9.399142745366774
