0 0
-0.21489793322141443 -0.9766365128834599
-0.48342573662543775 -1.939908446866284
0.004875283219943405 -1.0672331842296257
-0.9730394269959075 -0.8582288313001989
-1.8379640430478035 -1.360130623035873
-2.2719742153175426 -0.4592226530598097
-3.2706457636361215 -0.510750689884167
-2.487426001879215 0.11099427776209791
-2.9733041088582373 0.9850208592563233
-3.847933411301012 0.5002285497995163
-3.9536099932763897 -0.4941720033087377
-2.991247602119948 -0.22240256410032272
-3.4719799468175307 0.6544648219744271
-4.39119625766432 1.0482177570405908
-5.267980655572572 1.529101443169226
-4.289882599149312 1.737246085235848
-4.454841239005226 0.750945600020066
-3.4861428426883316 0.5027049567460931
-3.0260108957613316 -0.38514558890737927
-2.1580449140337077 0.11147806594969822
-2.419524937833648 -0.8537308218842165
-1.6732738767233906 -1.5193954174515447
-0.7615720656788653 -1.9302479551559293
-0.32293585760469046 -2.8289126740396235
-0.09483462256997588 -1.8552752535510528
0.010751291460692383 -0.8608650691913449
-0.8996475068234658 -0.4471332380703149
-0.036951777511492034 0.05859008413944988
-0.6219823585417162 0.869601316650713
-1.6202883227791443 0.9277838034313493
-0.8390220870563405 0.3035858629352911
-1.5291277957417093 -0.4201227184977777
-0.5864035554234848 -0.08654962798173133
0.09204343723665609 -0.821198985260706
0.9403031359150341 -0.2916185063926994
1.89485744921033 0.0064185097132636315
2.679295498367509 -0.6137886710211096
1.8821662504498589 -0.009979957839325704
0.9560327222606139 -0.3871757796132962
1.592146696296291 -1.1587708884861674
2.1990547657275687 -1.9535429282933054
2.74683238717403 -2.790166904427421
1.7761803477577418 -3.0306551959864914
0.8731537060054175 -3.4602397444580575
0.7452624634804601 -4.452027942656353
-0.22838033117588785 -4.680106237138263
0.18471261543491002 -3.769417367402606
-0.6251269397391238 -3.182765942043796
-0.8116915615628311 -4.165208633443034
-1.7856902619470512 -3.9386550379080028
-0.9687834799187662 -3.3618853182830972
-1.4450884649061622 -2.482605180172292
-1.100420711910784 -3.4213299215342725
-1.5284976772461836 -4.3250722032436295
-0.6545929590833484 -4.811169460562302
0.0483538731540305 -5.522411860203545
0.12586799788942002 -4.5254206062466675
0.3448124071170574 -5.501157940608719
1.1922770322023528 -6.032009811877003
2.1179834079994864 -6.4102527309231325
3.1136686074042172 -6.503048117049605
2.9680335756157987 -7.492386500776824
3.917101961160371 -7.177316350556561
2.934606374312344 -6.991030490051393
3.9009124024898147 -6.733634569516741
3.739724228000451 -5.74671087823925
4.72112133135306 -5.554722009991354
5.6446891337147695 -5.171286859749802
5.695328740337413 -6.170003851815675
4.697778212171854 -6.239953431918885
3.771956224896595 -6.6179132814766
2.9201973360589992 -7.141847242282868
3.8728680198890504 -7.445851466218627
4.425459055345707 -6.612398919559286
5.423287142331283 -6.678270831803464
5.185851071983389 -5.706867664988701
4.236066704330487 -6.019772850248036
4.90936335420527 -5.280400399268562
5.18302695714735 -4.3185749304725025
4.511822225973482 -5.059846951291997
3.7728460484392676 -5.733578506911088
2.783347170833568 -5.878119059065357
2.0376211845345997 -6.544371828934594
1.3104091576170473 -5.857958929939779
0.3352621586798118 -5.6364000653829684
0.21637257141055674 -4.6434925842756165
-0.5523902866153004 -4.003958638249359
0.40568627629537557 -3.717446335544457
1.376743361985907 -3.4785988186425394
2.3647800440371873 -3.632817867145302
1.5047801035097388 -4.143112000261473
0.5823951447111416 -4.529383909390406
-0.39747890905179795 -4.32976717972532
-1.326335860525453 -3.9593285698328464
-0.8801605556046832 -3.0643829864151404
-1.4130344967331343 -3.9105776229298326
-0.4174072571389029 -3.817162421929294
-0.08764843584916371 -4.761227631425758
-0.8692564741437179 -4.1374577423854655
-0.3562801725767457 -4.995860511504176
-1.254034597091683 -4.555364208155495
-2.247632253339711 -4.442387672988115
-3.0392174436361983 -3.8313288488940076
-3.4599033397057113 -2.924122490424122
-4.1131706853753105 -2.1669951728071997
-3.7353913612024026 -3.0928908376784965
-3.554202297488059 -4.076339119587779
-3.872832656298706 -5.024218170123341
-3.863506595181822 -4.02426165877695
-2.9914546385552203 -3.5348483519046145
-2.329229600096638 -2.7855433416193973
-2.4449160752446226 -3.7788291209738762
-1.8685739854568717 -2.9616205823871287
-0.8690888794733093 -2.929534402854081
-0.055024329713983744 -3.5103088072704143
0.9289212253216238 -3.3318399171924225
1.8072170814728525 -2.853722369859572
0.9050187438781204 -2.42240095879666
1.5629347705034211 -1.669309661602504
0.9653270816600902 -2.4710983184412827
-0.00871999905182741 -2.244752820238665
0.06897829064746593 -1.2477759018610104
0.3410321745717568 -0.28549388278255516
-0.6557982441378674 -0.205938139211174
0.3209350073394469 0.008519678222822985
1.2588438647010998 -0.3383621104063279
0.36164197671206244 -0.7799827306098086
0.8102163868616259 -1.6737282193027425
0.5933309855253697 -0.6975311476582866
-0.0762768469381866 -1.4402459992019043
-0.46924226854543716 -2.3597992480249594
0.523190258687757 -2.482590448399967
0.6853262741240307 -3.4693588672797206
-0.12226493968758911 -4.059101549620311
0.002107661294225363 -3.0668659646280076
-0.23637908674877534 -2.0957202129471004
-0.06953830558165464 -1.1097363622986505
-0.9837830943530674 -1.5148986337459247
-0.722797894753489 -2.4802414358581943
-1.6558877920550765 -2.8398846528854484
-1.6959508219192254 -1.8406874983468136
-0.8022880284907109 -2.289426633749047
-0.27941676841859353 -1.4370149694749148
-0.764003237034045 -2.311758334373904
-0.45309247662301805 -1.3613192258242626
-1.4056693972880565 -1.0570213286637447
-1.3616858074156362 -0.05798907501928163
-0.3784005556995985 -0.24006080197799537
-1.3782876754720257 -0.2250358988768064
-0.48599762393967094 -0.6764984819735541
-0.7640226327415254 -1.6370723180115387
-1.651945059548428 -1.1770790963513273
-1.67583862776102 -0.17736458840514868
-0.8559169107394438 -0.7498402454914481
-1.4670727516686588 -1.5413505348106105
-0.6071596245720181 -1.030910123159185
0.38131114062513916 -1.182321966654159
-0.15586029227904474 -0.3388488777700701
-1.1122674048524086 -0.63088557926336
-0.4039093204757883 -1.336738839012357
-1.3959969670608279 -1.211191630786297
-1.9956164729765868 -2.011476860017314
-1.2291460632149684 -2.653756480556419
-0.4695725158798115 -3.3041779025504106
0.367453035976136 -3.8513417039300766
0.0767967104440776 -4.80816922257082
-0.8982393607028876 -4.58612269599972
-1.1847631790523958 -3.6280495769120282
-1.3701595945883318 -2.645385764051075
-0.8621200181042478 -1.7840520373656092
-1.8205969820147947 -1.4988820711124637
-1.930442872224533 -2.4928307017790745
-2.482460159948107 -3.3266633672787593
-3.31337849214258 -3.8830577644676194
-2.531290520201207 -3.259889726018415
-1.8026840105993576 -3.944822243983368
-2.4736102218772436 -3.2032981250092774
-2.214183670703489 -2.2375352842734726
-2.5904695799822774 -1.311031687692091
-3.589241420945539 -1.2614856515352277
-2.892242808224532 -0.5444131769101092
-2.389290567128043 -1.4087273808753218
-3.388266227322485 -1.3634766312784494
-3.921267050327601 -0.5173619093430198
-2.9283835120986073 -0.3982725331842961
-3.9245003747616667 -0.310231656778484
-3.224455044196411 0.4038667504132571
-3.486191712030885 1.3690060754388753
-4.220973244200108 2.0473099158990697
-5.0591143205196305 2.5927634301291578
-4.106077973518457 2.8956193716172836
-3.665276705784268 1.998014646605248
-2.667520973172721 1.9310557185911597
-3.265579360467473 2.73250825329699
-4.127106618413402 2.2247969339272435
-3.709768505708781 1.3160456479946485
-3.4707983361883885 0.34501873895484503
-2.593908964636965 0.8257109794374113
-1.9083945354596192 1.5537700205801324
-2.566789156856043 0.8010971018988104
-2.6188370117594064 -0.19754748993552096
-3.287717449785415 -0.9409174917691537
-2.6400401418234907 -1.7028322538988785
-3.195129115260059 -0.8710412756061726
-2.2610691564366965 -1.2281574938361741
-2.3871774139898903 -2.2201739792722264
-1.646805177430417 -2.892371086772641
-1.4139338143533864 -1.919863540139379
-0.7834510834688249 -2.6960668163862302
0.2159839849169063 -2.7296755069410388
1.1965524524557714 -2.9258526729631877
0.5250918128663304 -3.666892894194221
0.5073422816860127 -4.666735358856969
1.340912952652933 -5.2191481904455905
1.7375948710711828 -4.301192060992762
1.0053982852578316 -3.6200987048929747
1.6825674456902298 -4.355926081496538
2.3792433354573035 -3.6385400594573176
1.7151520416225452 -4.386191551432607
2.3895864729812906 -3.6478568049945124
2.7362172661296453 -4.585858453842393
1.748236766751749 -4.431279888546285
1.22642877253957 -5.284342850569759
1.9560591882766274 -5.968184540167117
1.119735850412158 -5.41994802684168
0.3941284074193241 -6.10805691261006
-0.5224105927919369 -6.5080022352377185
-0.07974538314433222 -7.40468919966156
-0.11243609315639383 -8.404154715564388
-0.20197366595070237 -9.4001381607371
-0.028724863964693675 -8.415260070509476
0.7318675809621771 -7.766030424913893
1.3470178925994518 -6.977620573318568
2.2097153708947794 -6.471900234650166
1.893754241672043 -7.420672370002113
1.6235071538482284 -8.383463370958577
0.9013763634036098 -7.691706823109675
0.2463990060775405 -8.447355326972522
-0.08214517553038353 -7.502866724218852
-0.9987629564255525 -7.902631459715639
0.00023758236524507037 -7.947329597212589
-0.8546309849366414 -8.466174210405422
-0.5550099672375715 -9.42023251352582
-1.4026990944550488 -8.889739211402908
-1.5354008110975992 -9.88089523060479
-2.492623492136631 -9.591542955852287
-3.3162204877095567 -9.024367507791238
-2.7094461483603807 -9.81924164946863
-2.360157607817542 -10.756256865698044
-1.9605613692935888 -11.672948114787674
-2.578940039859995 -12.45882839815692
-2.069263874488357 -13.319194719238855
-2.039413448440481 -12.319640342496518
-1.6665812554194483 -11.391741557150224
-1.1771067158856803 -10.519723968366485
-2.177019986519097 -10.532894056110448
-3.1027947183937243 -10.910969638266268
-2.8616837046538697 -11.881467180279301
-3.435452774502749 -12.700484307380286
-4.191896945817944 -13.354542573655753
-4.575733651417258 -14.277943561003429
-4.138122413224434 -15.177107841992918
-4.179737800296143 -14.17797413744739
-3.4407140435756096 -13.504294772316863
-3.4125647312945198 -14.503898501910797
-4.201819342352075 -15.117964588683538
-3.206132647308371 -15.210743925353649
-2.2637695350762206 -15.545335862949484
-1.8739964932611444 -16.466246811887665
-2.8545552851479727 -16.270021289456345
-2.5208148673729247 -17.21268630606794
-3.191852865765796 -16.471263346676416
-2.2292970554740554 -16.742346935396963
-3.038124830638827 -16.154301333320046
-2.5547872287903424 -17.029735375746633
-1.9433567022335958 -16.238437257971455
-2.9363679136783443 -16.35645731535592
-3.2642770285705973 -15.411748041361758
-4.138788723063009 -15.896752470409586
-4.731813086206322 -15.091567954464036
-3.853539351781943 -14.613409772038748
-2.910895235488568 -14.279610326237108
-3.1916031381809167 -15.2394035713509
-3.8982423042197936 -14.531829484049874
-3.190292543735052 -13.825566688321826
-4.129806256015652 -14.168077979284222
-4.62387758836586 -15.037499349247998
-5.031662711502047 -15.950577272181635
-5.183217785727692 -16.939026086980085
-5.853269293825376 -16.196711479488073
-5.340322627822222 -15.338291001029964
-5.4947587758192755 -14.35028822968171
-6.4585047647720994 -14.083466812292958
-7.183931826085582 -13.395167764847674
-6.632700700825671 -12.560815173586226
-7.086612967336002 -11.669768791902616
-7.735936788337151 -12.43028084011781
-8.664343428402738 -12.801846595647202
-8.320994131797587 -13.741054379111942
-7.324103769123578 -13.662253333384847
-8.076337849569141 -13.003357371782243
-8.833977412571686 -13.656030561497671
-9.09475638220134 -12.69063202773097
-9.337130225151823 -13.660814959065785
-8.552051866961806 -14.280211416515831
-7.805803404876881 -14.945878925739382
-8.445964210326657 -15.714119866568426
-7.951633841362035 -14.844845751965156
-8.142586349938892 -15.826445028385125
-7.194520001975163 -16.144517661377524
-8.155578901279194 -15.868174049060315
-7.20472980070828 -15.558519422187917
-6.842330337698991 -14.626496552720338
-7.318184845908628 -15.50602056434058
-8.278134697042358 -15.22584868261736
-8.577198148434674 -16.18008190989532
-7.580905847865283 -16.094049056716127
-6.7743650093095225 -15.502870677762896
-5.904227426168658 -15.010061803648625
-6.848723802533967 -14.6815399702299
-5.902836620020928 -15.006035637315835
-4.909108868897099 -14.894209179595055
-4.477223014066823 -15.79613745190806
-4.057682882152438 -16.703874240692816
-3.0585620406869087 -16.66195116650672
-2.109537660606495 -16.97715384100836
-2.946269246068464 -16.429540607155943
-3.7976658638569964 -16.954063055882635
-4.2839446981403935 -16.08025936206578
-5.155754352490294 -16.570104160529855
-4.226506831951248 -16.939561932909914
-5.193535203696625 -17.194230596548543
-4.789289511414928 -18.108881032656072
-5.7052896128268005 -17.70770299959165
-5.4351682916798065 -16.74487670588037
-5.150414367755458 -15.786276057638524
-5.888250187026154 -16.46125628238673
-6.8341796216163075 -16.78562876083697
-6.486643032483182 -17.723295182979577
-5.508987324381633 -17.513082632411212
-4.657989755622558 -16.98791300460878
-4.563350460761153 -17.98342463380662
-5.029860254602182 -18.867940666589746
-4.086227163314476 -18.536947329758313
-3.240509473067538 -18.00331675679291
-3.937021605816728 -17.285771741526847
-4.863190727511739 -16.90866332473044
-4.9668124613175255 -17.90328010333569
-4.788721498668003 -16.91926607446081
-4.189891051094399 -16.118390244472916
-5.064404583323619 -16.603391359881915
-5.976132575571157 -16.19259692448597
-6.030408322070121 -15.19407093917463
-5.598770358255389 -16.096117871542273
-4.647551315651911 -16.404634213068167
-4.871558243403198 -17.379221764968676
-5.364539123813384 -16.50918162132587
-6.335995801756385 -16.27196458382656
-7.164655370432021 -15.712211674729778
-7.375248170384249 -14.734637804064096
-6.661515450145915 -14.0342196403496
-5.7093650958500275 -14.33984965002505
-5.4957941016067275 -15.31677719617058
-6.198974349533888 -16.027788826824466
-6.206340140590344 -17.027761699017564
-7.195759088330933 -16.8826750150941
-7.865230048587731 -17.625513243359745
-7.909146308017351 -18.6245484590342
-7.048929256956652 -18.11462040031961
-7.759783368225356 -17.411280914372472
-6.880557279397399 -16.934876165525136
-7.87468814673458 -17.04306035386809
-8.772433102706303 -17.483575954076898
-8.128883802590451 -16.718171290960456
-8.497608760751456 -15.788632746719731
-8.955590506604075 -16.677594343452565
-9.549915030464852 -15.873369026555826
-10.548969419737487 -15.829891132459135
-11.541221778998139 -15.954129836338682
-10.597328794018729 -15.623878367141863
-11.597262132489691 -15.612331999127843
-10.691890706673128 -15.18771148465064
-10.102526314542745 -15.995578808713685
-9.11259366063004 -15.854039624325228
-8.707693454137361 -14.939678742188319
-7.768264937023805 -15.282423634540962
-8.678714231831263 -15.696044332263646
-7.712354464969004 -15.438850240204903
-7.058339402030018 -14.682368715348602
-6.0611925786863665 -14.606882208636055
-5.281990634535585 -15.23365515814141
-5.930132136623143 -14.472135235045709
-4.950195758023036 -14.671445781420223
-5.415171024690926 -13.78612211101085
-6.407695128540608 -13.664073336836807
-6.291658617772697 -12.670828388111264
-7.282716769888268 -12.80425904098109
-7.846748480102887 -13.630012169871543
-8.233862338816243 -14.55204408927133
-9.231881208470812 -14.48912878260105
