0 0
-0.3312888407068598 -0.943529386941978
-1.265350647994764 -1.3006407703590488
-2.1849814970209414 -1.6934245550541307
-3.161273926772382 -1.9098803048276785
-2.894404017223735 -0.9461477426624806
-3.831056688943798 -0.5958881638360503
-4.786214977590889 -0.2997924974902581
-5.58059182883135 -0.9072177342176191
-6.327019232237414 -0.2417508819668993
-6.290555922776354 0.7575841104471295
-7.2665564555365725 0.5398159767549615
-8.053530558299844 1.1568020070505778
-8.8125361123153 1.8078861559696644
-8.254693794727407 2.6378331113277578
-8.766832701387747 1.778930474072084
-9.387278877636215 2.5631795049153845
-10.341322075034244 2.8628486182696755
-11.33428797511159 2.9812492993639377
-11.808722241077641 2.100958366048563
-12.499067064342398 2.8244388599055514
-11.554974551194366 2.4947582165280036
-10.573007500444827 2.683810355479811
-9.573143243711606 2.7002866447259812
-8.838384566443601 2.021958047231101
-8.906749952870289 1.0242976972428248
-8.056884673951501 0.4972976899484304
-7.961403716123511 -0.4981335666897414
-7.2427381332895076 -1.1934894324519145
-7.78868223273579 -2.031311036541823
-8.580722239801489 -2.641780222666208
-7.881297711663668 -3.3564866864953715
-6.929040837470819 -3.6617846484152996
-7.927391458483508 -3.719195775590935
-8.541170056325992 -4.508673978475926
-9.120215770334855 -5.3239690545606315
-8.237669840348232 -4.853742852117546
-9.091160722425814 -4.332635076114892
-10.083493804146066 -4.209042782974953
-9.183309299508258 -4.644551517227188
-9.421427954026042 -5.615787588617991
-8.722904968467972 -6.331375206346974
-7.946601108788133 -5.701016326464898
-7.166644999358015 -5.075182109309401
-7.79882919937697 -5.85000024103219
-7.524231559893459 -6.811559462500158
-8.451425868337605 -6.436978744378175
-7.478594962552179 -6.668495544521722
-7.803587216895593 -5.722778866749365
-8.661146031370617 -5.208392941867868
-9.65486177937609 -5.096459871839731
-10.61933214122408 -4.832268802503906
-11.321186921917047 -5.544588861759874
-12.311247718321548 -5.403948826837793
-11.577986395498765 -4.724001893281811
-11.75342968979013 -3.739512355252993
-12.418198683881519 -4.486561339252518
-11.905421514071747 -5.345083076963265
-12.359669766399366 -6.2359582226808365
-11.817046229145719 -7.075934232349172
-12.192141180417137 -8.002920627896968
-13.190974536964715 -8.051210645994894
-13.247729116607722 -7.052822486164487
-13.896271660643425 -6.2916440783153815
-14.29046944912855 -7.210669705571465
-13.296990504689141 -7.096653974395631
-14.191471570077306 -6.64954814390127
-15.138776837490536 -6.9698803625917245
-14.350670040818885 -6.354341836551355
-15.173213059513452 -5.7856389418894505
-16.074451145839603 -6.21896319894781
-15.352991923776646 -5.526506275449812
-16.348917359131825 -5.616686801133559
-15.643569398289726 -6.32554803870823
-16.48286157632103 -5.781867397250886
-16.519061462920902 -4.782522827940502
-16.927076081937162 -3.869547433601194
-17.594207769605813 -4.614487237416495
-18.553319480234943 -4.897515021448489
-18.24384415216717 -5.848422493980566
-17.30014511402929 -6.179227762103135
-16.44565867330103 -5.659754064394053
-17.255832803536954 -5.073564778671033
-16.718059578142363 -4.230475247216218
-16.363711032073898 -5.165588667021091
-17.1508022384479 -4.548752033179749
-17.423973577624675 -5.510717427283074
-18.229947415301552 -6.102668584880057
-18.834539555670272 -5.306133372975165
-17.899964309627197 -5.661898898965987
-17.483998805796723 -6.571279292213532
-17.412994303313425 -5.57380329720057
-16.480537597957504 -5.2125215613810285
-15.968284168418547 -4.3536872211700794
-16.495227592622733 -5.203587584558616
-16.122807512966187 -6.131651851874524
-15.26629442986739 -5.6155265391058204
-16.106501681355915 -6.157791948795669
-17.079259671738175 -5.925968972912199
-17.914823812296717 -6.475361880595454
-17.388448460858847 -7.32561418985351
-16.45504795582423 -7.684450499612044
-15.865882690845034 -8.492463055542949
-14.89801258897428 -8.743913778160122
-15.505310814176696 -7.949439822850072
-14.506162056907781 -7.990692226997991
-13.509828208637721 -8.076242579372323
-14.407748215527857 -7.636083902045136
-15.057130001614263 -6.875621348135195
-14.250584389586201 -7.466793214615899
-13.781904392759825 -6.583425193587954
-12.98234873626955 -7.1840171950118865
-13.016719928205475 -6.1846080589895545
-13.80573972256352 -6.798975834927705
-14.448003446162184 -6.032492104278987
-15.35727899973377 -6.448686731439269
-16.308692943670454 -6.140771958680891
-17.250924073204477 -5.8058085300248035
-17.997198868167168 -5.140170542524544
-17.08501947041665 -4.7303794416944935
-16.087454791723548 -4.800126927842198
-15.21645008009433 -5.29140158861731
-14.252972398684738 -5.559190231814884
-15.252215730117445 -5.520295957335644
-16.150793237959803 -5.959110795735417
-16.71710071894303 -6.783304848724415
-16.816669667919466 -7.778335513779381
-16.15212375663006 -8.52558295056892
-16.79075646613935 -9.295094654407675
-15.80065285807052 -9.154756330030166
-15.107716248048972 -8.433757817901435
-15.644061484856833 -7.589759128948947
-14.968102854680318 -6.8528195586381315
-15.545627786369199 -7.669192606501516
-14.606248088018031 -7.326313936523825
-13.972647420287325 -8.099974193905064
-13.726387283732121 -7.130770425266181
-13.775658845861024 -6.131985006287021
-14.123094406819419 -7.069688867312198
-13.146248511708391 -6.8557447222538785
-13.784627129712076 -6.086022213764159
-13.772632970748623 -5.086094146275922
-12.888735062615455 -4.618414247201983
-11.936729501701636 -4.924494975097691
-12.099116760196319 -5.911222079356301
-11.44519151348409 -5.154662913320788
-10.481180041378275 -4.888802270034912
-10.560282667751833 -5.88566874780453
-10.679219316644112 -6.8785705926765575
-11.291232978921041 -7.66941778220585
-10.299530829956948 -7.540860994209263
-10.513468756699812 -8.517708251205445
-11.289186215614306 -7.8866278887037735
-11.424596022807519 -8.877417565737147
-12.422529859848131 -8.813167609399429
-13.383946154163132 -9.088265244841123
-12.402619018045334 -8.895919067549135
-11.976164039081223 -7.991410277698688
-12.849328263187148 -8.478836413376184
-12.877874660661213 -7.479243944821498
-13.38437389029856 -8.341484358149923
-12.501883362062522 -8.811814526833238
-11.502069370794418 -8.831101384134103
-10.909509747168096 -9.63662797739334
-11.59181183539049 -8.905557624822976
-11.056567202755692 -9.750254720375954
-10.121615519945957 -10.105029791105627
-10.04822325961476 -9.107726639539626
-10.404345650626764 -10.042165959463555
-10.31219379964356 -11.03791092498453
-9.647075333021569 -10.29117306913523
-8.653492514455092 -10.404280021395008
-8.72819563577208 -9.407074203288486
-8.346554648862545 -10.331384842148992
-8.376737172860082 -9.331840438310355
-7.414484217386533 -9.059683774452166
-7.8710989738010495 -8.170019251036452
-8.09538188001239 -9.144543328718166
-9.048717788757495 -8.84263167757309
-8.554827014612458 -9.712155629637907
-7.8058665593187175 -9.049540932844822
-6.807860889840066 -9.112665283839268
-5.818513549939819 -8.967091106760002
-6.813858368208911 -8.870713242367454
-6.428302182809247 -7.948028882523818
-7.413473851176309 -7.776457370183162
-8.330962079974562 -8.174220302112023
-8.849258872690308 -7.319019486712172
-9.360800014335364 -6.459760701243864
-9.90738131785629 -7.297166742923387
-9.642617755399842 -6.332853383068111
-9.404305017585882 -7.304041850357346
-10.20352805303108 -6.703007292603998
-10.566103241524688 -5.771052769738841
-11.135600714793153 -4.949059687078874
-11.63447848923427 -5.815732039337025
-11.065104138610419 -6.63781041081487
-10.475602918233735 -5.830042924978507
-10.647074225940413 -6.815232039125309
-9.86933714357655 -7.443821754851033
-9.859960922590801 -6.443865712577161
-10.517552309374455 -7.197240498475886
-11.47240758340163 -6.900169117049657
-11.686076520329138 -7.87707524631299
-12.291446920793065 -7.081131354922307
-12.472402574027898 -8.064622611397093
-11.472423786743665 -8.071136057609083
-11.290974503341845 -9.05453636142893
-10.32897002139708 -9.327570016347483
-10.648124555231009 -10.275272703656771
-11.598177934983248 -9.963185254980367
-10.660233060107457 -9.616400867075956
-11.16452340640265 -8.752866706412075
-12.095290439476772 -8.38725389189049
-11.100685651756978 -8.4909906560817
-10.852553214381922 -9.459716775024672
-11.255185302727517 -8.54435487859547
-12.249548024559488 -8.438322914401114
-11.275053957134698 -8.66273617727542
-10.422302655247496 -8.140419015840262
-11.420829917860958 -8.194671258353047
-11.788363958905528 -9.124681327477811
-11.023773305626982 -8.480165126813246
-10.97470780026585 -7.481369564055953
-10.583357646791631 -8.401611411276402
-11.580740377482464 -8.473914167238393
-11.563364099880673 -7.474065146147355
-10.665816976070213 -7.0331466043059265
-11.659741621257727 -6.923083896321452
-12.513352357394702 -7.443995319839589
-13.393751364030667 -7.918229006026477
-13.411527328330736 -6.918387010962656
-13.068801469484013 -7.857822472118863
-13.886854452588238 -8.43296533857404
-13.637802087839294 -9.4014553589733
-13.492213837886517 -8.41211008988081
-14.117941507771745 -9.192151680528388
-13.393417317192108 -8.502902308192857
-12.875489863967266 -9.358326853781787
-11.893225858644914 -9.545829984017232
-12.884531875722054 -9.677406503604349
-12.294955191710415 -10.485118911376967
-11.295173272176655 -10.464235583735263
-10.333542113290369 -10.738581194706205
-10.421590736781864 -11.734697372619832
-10.062452336998659 -12.667981686106971
-11.036568591791228 -12.441934075748229
-11.776046488643027 -13.1151149133154
-12.521273337902254 -13.781925938376599
-11.521965022801234 -13.819113185786955
-10.524615785711307 -13.8918764957456
-9.584974497983382 -13.549715348920003
-8.810722597992918 -12.916837797286863
-8.185493967396441 -12.13639615341946
-7.468875023825273 -11.43893125128105
-6.833274789322582 -12.210949607215754
-5.833616299012757 -12.23708201528469
-5.629637468512625 -13.21605731461956
-6.601726966258317 -13.450667647666783
-5.6424654744933145 -13.168147930803018
-5.006107496725203 -12.396754046894882
-4.227777655452539 -13.024609649867786
-4.024243742145985 -14.003677546458274
-4.45098817305733 -13.099305283125219
-5.284595297362106 -13.651663104024244
-4.302035587482546 -13.837610452812537
-3.344462074027096 -13.54942133725023
-2.939184846544468 -14.463615172759962
-3.7194558249456096 -13.838173568559437
-3.615715100349085 -14.832777943203038
-4.613090730805059 -14.760377309417496
-3.99491434758528 -13.974337896137657
-4.631413474421487 -14.745615318040272
-3.7415848484438183 -14.289320439271407
-2.9905382082740535 -13.629071286080197
-3.9194121819814143 -13.999467210692087
-3.123071008695748 -13.394619514383331
-3.2994418744068077 -14.378943301421078
-2.87213750157765 -15.283051134016882
-2.786548060969065 -16.279381625197548
-3.1452650415653514 -17.212827996357607
-3.269902595036109 -18.205030334726562
-2.935800640181733 -17.262493394462425
-3.577782287006092 -16.49577339006663
-4.562600602358284 -16.669361655069974
-5.5589121768992005 -16.75517101607331
-5.481013599106373 -15.758209727166937
-5.385909285595223 -14.76274241502074
-4.606573400015215 -14.136136017473426
-5.423117939051906 -14.713418457678701
-6.300445731740194 -14.233526861402316
-5.62898299813825 -13.49248853757297
-6.563735956966784 -13.137190203828919
-6.186578089726872 -14.063339189240574
-5.404776340815967 -14.686866273976955
-5.518663932092571 -15.680359915905887
-5.815799424708943 -16.635195241513202
-5.117774949424641 -17.351269142660335
-4.340919316367833 -16.721590394894534
-4.6583015438216915 -17.669888091663026
-5.080847269876388 -16.763546484214206
-5.5313275140169536 -17.656332880637816
-6.520991352804833 -17.799739596643864
-7.512584070403193 -17.929137751213002
-8.19112244057698 -18.663702711037455
-8.88165877070104 -17.940405001391703
-9.395377670913721 -18.798363561908626
-8.834512011480122 -17.97045673619204
-8.994208928690815 -18.95762282892082
-8.686809778017434 -19.909203494006697
-9.537916015692288 -19.38420999672225
-9.643198855358005 -18.389767678801338
-9.04564193871601 -17.587941181750192
-8.995598093118618 -18.586688203531896
-8.054940240783742 -18.247331746630397
-8.566460165350097 -19.106603162873036
-8.314189893702496 -20.074259977060198
-8.427000236040739 -21.06787651610407
-7.687584269600109 -20.394627655300972
-8.66108210374372 -20.16593142245553
-9.505287197889754 -20.701951719662535
-9.440338331004718 -21.699840312988638
-8.63318464470663 -22.290181677535802
-9.541646246991624 -21.872213356758042
-8.651320997564635 -21.41688825286768
-8.276060002693903 -22.343807443373855
-7.302290077291837 -22.116272539716295
-7.874158876569826 -21.295927443788763
-8.357544667902868 -22.171334878494072
-7.670197160453369 -22.89766359471212
-7.070083229952953 -23.697578134159517
-7.157201496480841 -22.7013801580337
-6.414068470996741 -22.03223644668699
-7.293524410646638 -21.556256142247285
-6.912181033169033 -22.480689605755597
-7.7672765564557285 -21.96221911859644
-8.612196768394876 -21.427326759839364
-7.9938511497386715 -20.64142047033108
-8.105045149833753 -21.635219189560914
-9.045428073241501 -21.295101625528858
-8.712534154901753 -20.352137342465916
-8.225743935502667 -21.22565625027352
-8.91825132673575 -21.94706702998751
-8.379381169967921 -21.104678192131136
-7.37958243334166 -21.084616132403067
-8.242153413188284 -20.578680064577856
-8.40081466774132 -21.5660131422693
-8.810051552496734 -22.4784413159661
-9.677876252957171 -21.981570820493936
-10.526416476689866 -22.510701701002404
-10.340339058018523 -21.52816661549115
-10.74362906307199 -22.443238837681275
-11.2592430754742 -21.58641785858792
-12.258892074540398 -21.559924865817177
-11.384426406111354 -21.074837456437233
-12.374682553992582 -20.93557956049079
-12.934710695276987 -21.764053145446603
-13.925604752406453 -21.629409290980444
-14.863940289330188 -21.97513522310884
-15.47341505683458 -22.76794068964869
-15.57405397623129 -21.77301767358028
-14.576367569879546 -21.84100174951678
-14.952589363226586 -20.914472115770113
-15.854531148739438 -21.346329749193313
-16.213418550142702 -22.279710610960905
-15.596916271319142 -21.492357488019643
-16.450767660564832 -20.97184062462019
-16.134830289445205 -21.920620671591045
-16.491192741104598 -20.98627287604203
-15.925181487800426 -20.16187536201555
-14.935185766744741 -20.302972747857506
-14.034004121808877 -19.8695311222253
-14.970784413551936 -19.5196130103737
-14.221095406658211 -18.857822716592732
-14.00994913724841 -19.835277192726696
-14.969396347613722 -20.11716555808118
-14.74976567200535 -19.141582467651762
-13.881366654445346 -19.637448524466322
-12.884090152914094 -19.56369501950834
-12.311890325982475 -20.383809254270442
-12.338387820058108 -21.38345813403159
-11.866992363579017 -22.265380082738428
-11.481487061391837 -23.18808570317518
-10.908763501258987 -22.36833712972796
-11.75246712620958 -21.831527858901506
-10.803867409864061 -22.148006259664022
-10.119787789327768 -21.418598916153606
-9.162247071401156 -21.70689697981791
-9.853357827247551 -20.984148113922277
-10.105366442363666 -20.016423123076603
-11.023592439962249 -19.62036628708701
-12.021731289712383 -19.681348551881612
-11.048679559808136 -19.450761624822963
-11.66607256250055 -20.237416492110036
-12.291548882887511 -19.457173342421946
-13.280575096227878 -19.309433201209018
-12.283653546959806 -19.3878387150773
-12.106526897081885 -20.372026781405594
-11.463300228923188 -21.137702596205475
-10.720693631822662 -20.467974709715165
-10.306816570669934 -19.55764192537112
