0 0
0.9647123808586412 -0.2633059479351957
0.03159153098441159 0.09625695272336154
0.44915943460092334 -0.8123887680442606
0.04499867085385928 -1.727076735084054
-0.6284198883838978 -0.9878153171308758
-0.1824830161429586 -1.8828797315592274
-0.7840437942760412 -1.0840526975825848
-0.20197180601950027 -0.27091543949691743
0.46696784246410106 0.4724012808091954
0.9886729884231775 -0.3807245836913592
1.9518290810327912 -0.6496675911650269
1.0202334514638793 -1.0131639226019518
0.4387325737629464 -1.8267096983472657
-0.057889366899588235 -2.6946766608824637
-1.0575410894625201 -2.7210666888658324
-1.534834161115561 -1.8423225146308022
-2.208017117751724 -2.581798482390806
-2.6013118899644723 -1.6623860492846823
-2.735152767988099 -0.6713832140869899
-3.4463816176161033 0.031577327804819255
-2.6691862224362373 0.660836668388026
-2.037400174141459 -0.1143061501816024
-2.8542398723844227 0.46255857171976666
-3.2952596746181473 -0.43493880099935534
-2.8033949357452057 -1.3056104260414565
-2.878991316548239 -0.30847192652923583
-2.6131994369135088 0.6555585069738964
-3.4451354887021104 1.2104300288006997
-3.9344092131084807 0.3382997503413866
-3.3829867955570725 -0.49592642847450286
-2.661220146702266 -1.1880629067798312
-1.6725367021448596 -1.3380797273637306
-2.2127240948822022 -2.1796244859640272
-1.4510145390643836 -1.5317058548259639
-1.6743611933190996 -2.506444933776441
-1.2362159978228553 -1.607540718821612
-0.5262533062688001 -0.9033014295162499
-1.4131498290351168 -0.44133329435429264
-1.6294505547044726 -1.4176600818977412
-1.21068068054968 -2.3257524739484503
-1.5390544790153657 -3.270300327940622
-2.4067137005840182 -2.7731409216865712
-1.4910049891526445 -2.371298221356339
-2.0056041082887845 -3.228729120370544
-2.9790222417376055 -3.457764352317538
-3.978106459000127 -3.5005513458662185
-4.4233405579430585 -4.39596555009713
-5.259700626376688 -3.8477850725811074
-4.313442197156696 -3.5243735929918505
-4.882236955378055 -4.346853090012844
-4.492137002915307 -5.267625606483965
-4.392619141437555 -6.262661382346771
-3.566712934801229 -5.698853846178979
-3.2866076239352893 -4.738884568116032
-4.002183355891089 -4.040349406627419
-3.1008183884508256 -4.47340967434014
-2.378185659923324 -5.164641863738825
-3.3478314913200586 -4.920128138858327
-2.7461424504939513 -5.718858567820289
-2.786063769660841 -4.719655741425179
-1.7905435228385485 -4.625107139283836
-2.759412447273201 -4.37753289331944
-2.1245160981068096 -5.150130217813375
-2.791450298310158 -5.895246834591662
-2.037794746532985 -6.5525164210441655
-1.3434799488625 -7.272187847276855
-1.4697299973267932 -8.264186297508893
-0.7885852107499621 -7.532037555982143
-0.5338450800389616 -8.499047103921223
-1.5083640602461663 -8.274742049997087
-2.0995401582290913 -9.081284560453717
-1.3727237990015253 -9.768116403017228
-1.5746919869579543 -8.788724320624484
-0.8526357339646835 -8.096889970860527
-0.16027115677026704 -7.3753421261222885
0.8052868460760173 -7.115154226443047
1.8038454335157774 -7.061481631477728
2.248553574153614 -7.957157169633391
3.1923129538520683 -8.287790249090346
4.16374745376024 -8.525098092172199
3.8540252297413593 -9.475925176319889
4.736481647126316 -9.005531010310033
5.603423867411007 -9.503939664616766
5.02024313925345 -8.691597225552044
4.480459803394686 -7.84979323985871
5.210016880712462 -8.533713170066585
5.890190781974187 -7.8006623778001805
6.885718904390357 -7.895128019588801
7.617772637216153 -8.576374914815354
7.090837585933616 -7.726469360221275
7.989595196959494 -8.164915202513178
7.0670607794412215 -8.550830022770477
6.27889822062004 -9.166297146890399
5.529713440509595 -9.828658200433603
5.08183956522364 -10.722754946785104
6.070627157481562 -10.872083769846096
5.1204683030364855 -11.183849950371854
6.10558777802978 -11.355720890291712
7.06288197037048 -11.644836488817226
7.552042499325723 -12.517030261388566
6.571619786472256 -12.320125959452195
5.602829359368495 -12.072244721049383
6.2710867187048756 -11.32831454845738
7.151410554037908 -11.80268776117553
8.112005942372825 -11.524737226170306
8.401975547544463 -12.481773081338023
8.082256188374425 -13.429285366942754
9.004731651675238 -13.815341087801738
9.808958236294325 -13.221018279395466
10.141919540731537 -14.163958770490991
10.780606551509175 -13.39449213556526
11.772792635491633 -13.26972525393575
10.777201053845971 -13.363519723688976
11.681081778465407 -12.935735156808118
10.92921303662619 -13.595047977133275
11.80975033195377 -14.069024845278959
11.945115996521002 -13.07822913633777
12.870807704987218 -12.699950322660744
13.849523282402888 -12.905171711711475
13.792859168867185 -13.903565010085023
12.882741520117314 -14.31791494122295
12.449963169751435 -15.219415301430637
13.029590742652934 -16.034296812285017
13.575721439380157 -15.19659682894239
14.551675946129352 -15.414571141089336
14.887009637802745 -14.472471722116639
14.632922611946553 -15.439653082199408
15.47826548198442 -14.905428941902342
14.759786396965938 -14.20988037825563
13.801631089004792 -13.923631525286957
14.249059503143542 -14.817951274717373
15.11311558298561 -14.314555713664282
14.556632680495465 -13.483696652670094
14.9873926090399 -12.581230097079033
15.08876066242034 -13.576079089516508
15.485057633702677 -14.49420147272718
14.777000214368574 -13.788046609452891
13.955442495823043 -13.217921259114684
13.018863159313385 -13.568376886010771
13.308087341258231 -12.611115494029283
12.975138920376084 -13.554060534332313
12.557131221725992 -14.462504018468367
12.98437392785463 -15.366640993743617
12.531204273568317 -16.258065283537217
11.895365801681834 -17.02988743770815
12.12641217469722 -18.002830176781956
11.552022961549381 -17.184247846274264
12.405840202515476 -17.704820722084218
12.44242673094674 -18.7041512109303
12.744752647580013 -17.750946594842098
12.76265872084138 -16.751106921424224
12.5255459572123 -15.779624787093294
13.090805180435925 -14.954711451911578
12.54896120717956 -15.795190546622301
13.366832225648643 -15.219788950214761
13.893723620980628 -14.369856330811839
14.780337170985606 -13.90734534397199
15.778340352002251 -13.970509025630477
16.750044061150405 -14.206712119657041
17.743012389726154 -14.325092432401528
16.755401837250382 -14.482017244456527
17.74331473884788 -14.327007248465257
17.15571856173576 -15.136161580248276
17.602762267256587 -14.241649464425237
16.77107088453468 -14.796887651067799
15.937042382587165 -15.348609010033703
16.575294753394267 -16.118436205681604
15.591207075012917 -15.94075266323041
14.812758737859147 -15.313043983680311
13.933592610670042 -14.836528589591818
13.238377179805196 -14.11772715338888
13.392993873843775 -13.129752620354461
12.730799510506362 -12.380420500954685
13.496948496705897 -11.737757501439834
14.147197044882722 -12.497479046213925
15.145532462833696 -12.555153939058668
16.0504768994922 -12.129624190908409
15.89528781013503 -13.117508974951818
15.590776146972459 -14.07001758226094
16.508751385033268 -13.673379885732736
17.27674730613387 -14.313834618850414
17.81047851090797 -15.159488804111973
18.66109743891 -14.633706111999848
17.773283128741078 -14.17350425339943
17.199687524766443 -13.354365630759176
16.227384454452597 -13.120641991693146
17.063411657396617 -12.571953996619811
17.862722531703035 -11.971036259974014
18.67815197927415 -11.392179787233262
19.3421480062526 -12.139915887844191
18.75286062285728 -12.947839386556227
17.753242345748145 -12.920211500836155
18.106410606836352 -13.85577132220512
18.421995364724804 -14.80466871422835
18.319717278181614 -13.80991286829777
19.073533589564704 -13.152827661728034
19.175529109081673 -14.147612519874993
19.888648868562772 -14.848654750156179
20.828461587136367 -14.506964753218446
21.828419725895376 -14.516114656475727
21.966508573442265 -15.506534501886335
21.78300565012419 -16.489553666060523
22.41566778702343 -15.715125734917743
23.245772216618168 -16.272733693941998
24.077759563076945 -15.717939087504192
25.022773199564487 -16.044970013950905
25.873280567672744 -16.570933146493065
25.346799108991664 -15.72074653540992
24.87827362716702 -14.837296552173186
24.62999522780382 -15.805985272252887
24.05977897469102 -16.627479900772148
24.390220873396157 -17.571306236270445
25.20841189435174 -18.14625271484707
24.219506967216994 -18.294802521607686
23.255499019132365 -18.028929100541067
22.40768220939278 -18.559218320800156
22.885193923811947 -19.437843703197267
23.802802175076383 -19.835329674284832
24.18075373903562 -18.909504304519686
24.020494501491537 -17.922429344457488
23.133642812820987 -18.384483542904157
24.052781468187487 -17.990549370470404
25.02352745315418 -18.230658163876736
24.811866280470227 -19.208001270456023
24.460858798086537 -18.27162861637504
24.267116558110448 -17.290576148639982
25.177413179358012 -16.87661955508787
24.268666588547653 -16.45927121893382
23.303548985159082 -16.721087970937017
22.819662470172048 -15.845957214641878
22.73049522716837 -14.849940546721545
23.183681786898525 -15.74135624216332
22.19409269675353 -15.597434622293349
21.8122382529602 -16.521657097542295
20.9466849308654 -16.020840318060365
21.9434086582409 -15.939958853640626
21.588758944189294 -16.874958094454815
21.052069735986773 -16.03117809125555
20.87775630213248 -17.01586830994259
19.888833093949394 -17.164296367657013
20.788425466224812 -16.727565828601303
19.825652667492793 -16.457253901336305
20.628724215151877 -17.053136515061897
21.020478319060043 -16.133066560074173
21.979351927318728 -15.849233152271339
22.383634143288912 -14.934598859315821
22.89422360403853 -14.07477422453765
22.162264438691885 -14.756122725867948
21.364864757591413 -14.152671196264397
22.187274763153564 -13.583775966234064
22.88699246669784 -14.29819540560195
23.147510921425543 -15.263664273430578
23.28161681639298 -14.272697266444482
24.169256424334943 -14.733236001419765
25.156947399926793 -14.889653828838574
25.936541808467737 -15.515938554958968
25.22838137799031 -16.221990114482793
26.202095072369573 -15.994214695751337
27.183061011985956 -15.800034816998286
26.206060407794908 -15.58679828304988
25.621347925949443 -14.775557681517808
25.904655790980375 -13.81652866547522
26.346288970739483 -12.919332959658558
25.665685426032976 -13.651984865363401
24.92891619205226 -12.975840579090516
24.12468539978944 -12.381523464431755
24.498919013063478 -11.454189003357511
24.435427367845232 -10.45620663327902
23.728791949269716 -11.163784463072044
23.5411759738562 -12.146026920803145
22.941049818603997 -11.346121552786272
21.948468446333795 -11.224539401866814
22.885904969783514 -11.57269563763246
22.489526660732846 -12.490782908056211
21.490446586600385 -12.447899280976914
20.49259889670269 -12.513473572935274
20.075633531190576 -13.422395948038533
20.009522456073494 -14.420208217830233
20.719632058969353 -15.124299370931226
21.29560260233334 -14.306828923039074
20.316211638207232 -14.10485531241596
20.918293820004454 -13.306421190924214
20.730675812708334 -12.324179121300725
19.7554859642822 -12.545549307926247
20.741409514880438 -12.712746055429792
20.858609249465086 -13.705854419211553
20.29926538028388 -12.876918694315227
21.18959479615805 -12.421601737427872
22.0542131551424 -12.924030929759702
21.880116348435177 -11.939302387523647
22.641126961118047 -12.588041817020606
22.385985475306615 -11.621138087470484
23.29074176977148 -11.195208459918927
24.043027425427123 -11.854045535602102
24.012299706929973 -12.853573327769965
24.6788545276262 -12.108117312295798
23.772794213378056 -12.531265875975922
24.383738101470605 -13.322939777025057
25.177665074067622 -13.930952903678532
26.17342561716095 -14.022936276189448
27.09765639013366 -13.641101916433453
27.959160270527654 -14.148852902711269
26.9616524702985 -14.078296623883729
25.966992283292743 -14.181500850471958
25.17758677564351 -14.795372941785006
25.056394560579864 -15.78800199989683
24.25473492785557 -15.19022124304667
23.52106857499558 -15.86973112721402
22.53755750197646 -15.68888320975635
22.963591021916535 -14.78417583171223
23.903532389698302 -14.44283988995903
23.01585244011058 -14.90330086235511
23.985176674463954 -15.149086396297301
22.9893128825978 -15.239945122075103
23.667604014637337 -14.5051518584992
23.96604049050155 -13.55072235881169
24.169087845433573 -12.571553439954934
23.665978284970333 -13.435776079192351
22.983249441332454 -14.166447911183216
23.658565637104953 -14.90397623994582
24.07386663963884 -13.99429218638967
24.153710298036515 -12.997484787634185
23.159422303820893 -12.89075435823995
24.158008799905005 -12.837603536623973
24.015745660581604 -11.847774662934258
24.271764109738495 -10.881102767360945
23.300632309999884 -11.119646322160577
22.32030780637412 -10.922253648560709
23.27478416158757 -10.623967062642983
23.187638541029493 -11.620162646259748
23.328945711012707 -12.610128445523205
24.324846723595325 -12.519678607839989
24.798337726057568 -13.400477262804504
24.151477560248235 -14.163085894993468
25.151246581626623 -14.141593945521644
25.06177796530009 -13.14560430366154
24.35163027517012 -13.849657041887212
23.670624081692544 -14.581934697182787
22.75612229181332 -14.17735284352682
23.6518396269685 -14.621976791939977
24.003880767931573 -13.685992264787195
24.970610104235263 -13.430190798157643
25.302280824466635 -14.373586014035485
24.31011216806335 -14.24868062083368
25.294384676394976 -14.425337433163588
25.78318930147578 -13.552944151151618
24.81086077575381 -13.319326433357476
24.155785889900287 -12.563762475823772
24.01533729518945 -11.57367450385171
23.547332442712523 -10.689948608532324
22.919194395792797 -11.468050526028915
21.93731040281347 -11.27856748105926
22.8841041622322 -10.956726562085706
23.736846259699444 -10.434394373524471
23.62764398836427 -11.428413922595434
23.566359788001158 -10.430293565731667
24.233895405203086 -11.174871432557456
25.233890429954773 -11.178025869412958
24.315936978123865 -11.574713984021555
24.421492048866057 -12.569127442820566
23.4687613665665 -12.265311302688044
22.941136575615445 -13.114788836219011
23.941116960981795 -13.10852553975733
24.231812683431617 -12.151709989638407
23.869897813345414 -11.219498840375277
24.210988952714512 -10.279468609667832
24.62668632891322 -11.188971601098597
24.03332365013849 -10.38403636678637
23.870615945354558 -9.39736205233203
24.845783399663084 -9.618830867422162
25.05545537183788 -8.641059082144876
25.86859851582801 -8.058995316409671
26.58489254572035 -8.756793899627343
26.16058886311196 -7.851273946824007
26.032383945966245 -6.859526247446962
25.12208990050598 -6.445563989747563
24.851447126167113 -7.4082438372036945
25.364620987891154 -6.54995915969673
26.3509543988018 -6.385197506022799
26.32800128712623 -7.384934048650109
26.38127491345842 -8.3835140007508
27.240863284951494 -8.894501115650854
27.981486590656285 -9.56642158642616
27.632307808356924 -10.503477709607656
26.78411392171531 -9.973791830369974
26.595120279941465 -8.991813519321783
27.280854271151984 -8.263961272434756
26.308994510390576 -8.028401077552894
27.253483303398884 -7.699857442883602
26.60133156203581 -6.941768987466222
27.0213813274373 -7.849270058862919
27.57185701812363 -8.684121251569385
28.445319127452432 -8.197229124330837
29.278470771846475 -8.75027373143184
28.56291754090952 -8.051715520760972
29.484270986925917 -7.662989617953207
28.861179135196572 -6.880840946466453
28.166911665721873 -7.600558030346778
27.95533980345424 -6.6231955862675065
28.78281688928409 -7.18469507195431
