0 0
0.6707689170613274 -0.7416664074261246
-0.3248847379432389 -0.6485331734221013
-1.3114480331876495 -0.4851536628447641
-1.980761130043597 -1.2281341325592117
-1.9205655714876566 -2.226320735720233
-2.668158688957238 -2.8904777432960866
-1.93007041358505 -2.215773587566993
-2.0125626768485008 -1.2191818825535137
-1.0130233913613158 -1.1888303295822409
-1.367819909516724 -2.123773873709264
-1.24001342790688 -1.1319747492599062
-0.3087004994134308 -0.767754720676969
-1.1420490510923929 -0.21500686548929282
-0.3161777233495904 0.348851760420022
0.31679583015232493 1.123025178051471
-0.0269565683473989 2.0620855001424894
0.7573749954373447 2.6824273398171794
0.23045059925794842 1.8325151792317582
-0.346881700491222 2.6490244661760856
-1.060871639922166 3.349180424796304
-1.0354583251166654 4.34885745435665
-0.23299557158880269 3.7521552428637808
-0.4570245178642547 4.726737733590302
-0.7323949360401159 5.688075932557581
-1.6512905155710533 6.082576774025001
-2.6297517713560565 6.289007321492266
-3.0104622915605437 7.213701595187972
-2.306381610340853 6.503581609317122
-3.198200180335445 6.9559748433655555
-2.2327436296312477 7.216538940474795
-1.5749582524985466 7.969744355770244
-2.115464083439842 8.811084623865419
-2.341929986225794 7.837065530174057
-1.4830219921986427 8.34919545294391
-1.1629994679918214 9.296605387449715
-0.2678400415550878 8.850859269955173
-0.9322919085937746 8.103528207848958
-0.17830111075776967 7.4466432279790995
-0.8576515929209929 6.712829271730926
-1.501010486616119 5.947264556044928
-2.4624767335898365 5.6723415560426105
-2.335156134749936 4.680479940134902
-2.405917330275407 3.682986655341563
-1.818279257546068 2.873862749206694
-1.3263772830633975 2.0032121605661932
-2.2380510987836555 2.4141268156103584
-1.4533785476519205 3.034037282936419
-0.7148452802505648 2.3598202459657727
-1.7073241138237516 2.4822366047958186
-2.6984880675209846 2.6148790448037955
-3.4245705731847176 1.9272714568809493
-2.458987597906093 1.66717624767463
-1.4793631628130803 1.4663380885297714
-1.7621881815382443 2.4255096106169893
-0.7906686468057043 2.662469087391118
0.17367326419603368 2.3978095349742135
0.24442209903898254 3.3953036965452803
-0.3373086443914913 4.20868512130726
-1.1728081193492332 3.6591938772047383
-1.3309908330310938 2.6717840184873753
-1.6771393595539723 3.6099637441188985
-1.5317267431843418 4.599334842848055
-0.619607529867602 5.0092598856283805
0.19537531653791307 5.588744967459453
0.7041727362066289 4.727858688245726
1.6403877129153943 4.376430861535595
0.870686884449154 5.014835619239031
1.6588263001674044 4.399338859384607
2.0027008289420314 5.338354465463669
1.1132163918116071 4.8813890005729705
1.2734585706826405 3.8943112710548418
0.673480533410861 4.6943277426299606
0.5407201252901475 5.685475902107453
0.41303086108815434 6.677290124533989
-0.3664393502533113 6.050850830083768
0.18320445585237988 6.88624994811637
0.4721064686627142 5.9288912760429735
1.4640225287967572 5.801995532819816
0.672032597709205 5.191461382214025
-0.07667476157686703 5.854362046077682
-0.5161958421381453 4.956129771138595
0.4825296484909095 4.905658052644434
-0.42982512149027496 5.3150585578866485
0.33742694239681315 5.956404229471795
1.0423947557109732 5.247164931215522
0.3524220647964278 5.971000330869436
1.2770721640077376 6.351818127234725
0.6251097302446391 5.5935668595393135
0.2543046910762775 6.522277591106119
1.0238863399640206 5.883729170314694
1.9813056025607123 6.172430323081368
2.47577729758285 5.303236591614134
3.385409553536468 5.7186510339831145
3.9670260849866454 4.905187936882905
4.332868382888049 3.974511079393572
5.1378177019539475 4.5678546508050655
5.826210972979521 3.8425170022532265
6.609730214909751 4.463884524356753
7.494690255373143 4.929551494178567
6.593181898681904 5.362313187048744
7.5779957432206135 5.188699559689347
8.272561445395288 4.46927028216264
7.913222632670182 3.536063114557659
7.393201524666989 4.390216524216094
7.36967952980036 3.3904932046133682
7.843837014248014 2.510053155579777
6.8524264324528685 2.6408394633669854
6.954251666458161 1.646037160535027
6.103818888045749 2.1721208890438515
6.959741315709284 1.6550166463397695
7.393331581879148 2.5561267844931175
8.30184534099905 2.1382718461594585
9.009212114438823 2.8451185394624727
8.015621152481478 2.7320831453742604
9.015212110739965 2.760682379068168
9.732498555794518 2.0639039668444537
10.179999606892203 1.1696205613926547
10.095374865069212 2.1660334542595585
9.326353476270508 1.5268104074518631
8.380629785538618 1.851782253599269
9.379466692463627 1.8035657277550963
10.301489967526074 2.1907001749993578
10.235746620852312 3.188536740960003
10.386631221995511 4.177088124115102
9.546613591508999 4.719647227321218
8.819673322566485 5.406347922959271
9.609912236317417 4.793549049597262
10.117834972356471 3.9321464177144696
10.932687291949023 4.511815027572411
10.357906507028149 3.6935075980046816
10.154167930061805 4.67253292569326
9.66367768655056 3.8010862428604657
8.792891020141019 4.292747286266753
8.516461620037763 3.331713058594006
9.49907362331904 3.51738387215272
9.52243715270074 2.517656836660116
10.282912724670004 1.8682902957619718
9.284630268926694 1.9268747523619003
8.285781736436155 1.8788996636022637
7.468304873032676 2.4548611013739343
7.693279992838215 3.429225609896532
7.163763654477324 2.580925870766032
6.690964681563275 3.4620961898368803
7.086204454207466 2.543518200703585
6.559022189985787 3.3932704353520755
5.886908080983805 2.652822851467523
4.922367555010167 2.9167576421914796
5.915998562079423 3.029440479351961
5.016323697789367 2.592879901007251
4.375737348342908 3.3607660441970206
3.4698280906604193 3.7842379049447703
4.15090304835561 4.516451604625741
5.137603203540238 4.35390067796388
4.323099633125548 3.7737421360275225
4.4962646697829145 4.758634957647953
5.384083065316135 5.21882893474111
5.808886272032121 4.3135432143390835
4.908871611090763 4.749402836339806
5.321605406552944 3.83855113925439
4.331729879635974 3.696612979442272
5.32135210960445 3.552919409815024
4.649599735325566 2.8121436356089
3.960598104498964 2.087383845941811
2.9759120586516485 2.261720850371675
3.433212021009084 1.372408338130962
2.4435184410745796 1.515609657386145
3.4366301355280373 1.3984381491608866
2.7756362943629718 0.6480468232902765
3.7519884982379934 0.43186085244945605
3.3734963416018973 -0.49374364590011277
4.295149431232426 -0.881758571353374
5.167836416252971 -1.3700386407559162
4.75368722194273 -0.4598296291260715
5.512761427010939 0.19117448084564537
6.452302545581053 -0.1512616248967531
7.351821986140221 -0.5881423592581131
8.056256935525443 -1.2979109145524699
8.11963735660141 -0.2999214746162383
7.275011499309298 -0.8352785154717447
6.4117235494923985 -0.3305668000331843
6.470993187427496 0.667675209711468
5.613645073495768 1.182412241153454
6.336155834490622 1.8737719161755342
5.371483687018468 2.137225228721541
4.670993799516168 2.8508875560914357
4.679108638661588 1.8509204819406695
3.8964518706457882 2.4733740010720684
4.771452185199967 2.9574963508247816
5.768969716183841 2.887077778133791
6.398618711216776 3.663957526263458
6.393711002141002 2.6639695691401597
7.361831870644287 2.914453069531791
7.079745502173272 3.8738420838126686
6.311180579546508 3.2340702809737842
7.154081653512366 3.7721388449200566
7.71917371260447 4.597166701874624
8.5091014573241 3.983966768637381
7.541914728912598 3.7299001781839003
7.729523493751172 4.71214401316366
8.517195935522325 5.328238262831897
7.7936629412411085 6.018528061529848
8.37501575096449 5.204876471089118
7.592898236990968 4.581745510266373
6.625459360670062 4.834850272337223
7.55621927826276 5.200481200737481
8.418424033802836 4.693921273854119
9.172645843258111 4.037301549704738
10.005512346347688 4.590775476851574
9.1390341780032 4.091560509345208
9.65753226045194 3.236481718532935
8.661241419915694 3.322531477763146
8.523210259394633 2.33210359107719
8.742236182562069 1.3563845510965955
9.652621457315794 1.7701461388637356
8.909492457606287 1.1009979566269843
7.98235389417476 1.4757166300316107
7.5678545325371935 2.385766232636903
8.367851741965454 1.7857625118926093
8.337379578225844 2.785298127684776
9.183228556221689 2.2518756811910174
8.767434786385214 3.1613346087766305
8.693768794218657 2.164051639104473
7.771601135641205 2.5508420338582467
8.69143541777409 2.9431491755381836
9.638419788757254 2.6218695448212346
9.295426256781386 1.682531779678834
9.904981086648805 0.8897878680747757
10.738009879799886 1.443017503742689
10.387779706147764 0.5063538365367891
9.394060770639484 0.6182586050334524
8.694314518036439 1.332650081723925
8.64600209234011 0.33381780875546685
9.393373965444722 0.9982237714711129
10.387167163826874 1.1094671031785666
9.553200680629043 1.661282203463657
8.740601904173845 1.0784587065938798
7.740799819985748 1.0585641733463769
6.771648567051188 1.3050309032215732
7.575229480696993 1.9002264301067928
8.430198634549278 1.3815475834578206
9.28551731982463 0.8634453284744585
8.333638075632496 1.169918662512205
8.458526731841316 0.1777478992106677
9.128224767736137 0.9203814163095244
9.52832725330877 1.8368518201080328
8.961837862875578 1.0127827874859896
8.729646672611194 1.9854529531452476
7.942799498172791 1.3683050583272376
7.146136069484463 0.7638818776081673
7.905357849889526 1.4147138744849084
8.160187454007223 2.3816998479432714
7.261267762343232 1.9435864060829287
6.487872015796377 2.5775099182066175
7.463829066194274 2.359546995261824
7.524333083944647 1.3613790415405764
6.618712502579863 0.9372901798517657
5.623674719104623 0.837792393661919
5.400643617433887 -0.13701893561546363
5.4789155405309 0.8599131112436467
6.014130349118078 0.015197118338936777
6.777827995106358 -0.630376971531436
7.629768325055786 -0.10673809386319089
6.629859751890895 -0.1202601244559679
7.601942278600399 -0.3548993395630481
6.972048943786933 -1.1315809904069254
7.414052275938725 -2.0285943985378814
8.044797023127892 -1.2526040223776653
7.0807290543954 -0.9869483210196701
7.758014410240582 -0.2512278939839214
8.58005472896469 -0.8206571822998333
8.149677635844759 0.08199200632088344
8.192735792506753 1.0810645738278044
8.796037784889311 0.28355174886055967
8.733733842444247 -0.7145054733245223
9.459643986999879 -0.026715925547572295
8.493293719570053 -0.28394570733479896
9.291204375194864 -0.8867214414518781
9.999838026583518 -0.18114483461206587
10.014608896445463 0.8187460701388082
10.734840688002 0.12501257200623261
11.389907729488868 -0.6305581865317369
10.799722343365385 -1.437825930224172
9.95512674909686 -0.9024211467731884
8.984178509081493 -1.1417107520866325
9.974106374621321 -1.2832834225698935
8.978987151328443 -1.184603478138519
8.723339866657122 -0.2178333576651047
9.71990303204907 -0.30066968655515636
8.977210754046697 -0.9703025562648554
8.230352923044427 -0.3053188118991864
7.292015062326979 -0.6510384369484518
6.863219291640371 -1.5544398909218657
7.136715983469031 -2.5163128344849848
7.873336114110088 -3.192619557159211
7.378706159448223 -2.3235158763758412
7.860629745542759 -1.4473026276938883
8.714340005550184 -0.9265543276889281
8.706974764443821 -1.9265272039328016
7.736689319349197 -2.168490331366564
7.564978079689846 -3.1536376554631427
6.672814023318376 -2.701926136328634
7.273632411118708 -3.501311690914786
7.681402558511852 -2.5882270798874325
7.323893372424029 -3.5221367017796275
7.2799332074776535 -2.523103417099939
6.534756031785699 -3.1899699530932835
7.181621619047567 -2.427365919523857
7.469381325537857 -3.3850685619555367
7.273447617468078 -2.404451418498404
7.274480855129686 -3.4044508847082287
6.279794660864012 -3.3014976189160667
5.304164825188465 -3.520920552402303
4.361376010441383 -3.1875300144624994
3.3965227854894335 -2.924740641960826
3.7496943993481806 -1.989182086249636
2.9166994967703097 -2.5424627494570933
3.9102000353785735 -2.4286353371826794
4.8868631868340815 -2.643412171568969
5.445588143298233 -3.4727651862883535
6.44362609568518 -3.5353770509409066
6.775378124899421 -4.4787436769735605
6.222990348116442 -5.3123309513850385
5.622926105891305 -6.112282765685608
5.351207872532425 -5.1499059155586275
6.205834286178934 -5.669149300781497
5.52299517707159 -4.938580514784252
6.1475314813327895 -4.1575847371645756
5.2955605160152 -3.6339957053315786
4.295628287762176 -3.6223535877862116
3.3327191100718494 -3.8921793010155854
2.355612958118296 -4.104931663668787
1.401398407162636 -3.8058086275373513
0.44322271472705865 -4.091989239084678
1.3766404590035495 -4.450780703127215
1.1829545814548892 -5.431844299862006
0.4066931848531342 -4.801433129159985
0.7014474823329704 -5.757006205443096
0.6942839268841325 -4.757031864035612
1.55792054329016 -5.261146726743258
1.0049225169231366 -6.094329289471365
1.601727379094604 -5.291942876021776
2.567340263175385 -5.031958726317998
1.9624642653394537 -4.2356390497797465
2.6237738857532062 -3.4855260010009514
1.6327231012737837 -3.352040636324815
2.5817999869374586 -3.036996091698281
1.810128230064012 -3.6730170816379597
2.8068370817411097 -3.7540816545938527
3.2256490276328473 -2.846008665248626
3.8556963640445643 -2.0694519359103882
3.8958691266235697 -3.0686446846564803
3.564147419548427 -2.1252673958397774
2.787718666641565 -1.495062356460136
3.0142787878745647 -2.4690595389339296
2.2930765465173844 -3.1617841068982684
2.195410144310608 -4.15700331585677
2.862310500479305 -4.902150224152084
2.529318814676023 -3.959220461557919
1.5337905962987681 -3.8647558310626455
1.034308174058319 -2.998431809767603
2.027451491477213 -2.8815286401519153
1.2674265656732255 -2.2316347163792405
1.3334159744658416 -3.2294550398479505
1.2698004763221842 -2.2314805570098697
0.9121654248193086 -1.2976191272803108
1.2205980471117137 -2.248865319128578
2.1256334905026195 -2.674201475840216
1.1983064331241127 -2.299949517056138
0.8902124136339744 -3.2513054310832756
1.5619465846958038 -2.51051315019215
0.6203006197501584 -2.847118076926124
1.5200199967684018 -3.2835869104273305
2.372510335046791 -3.8063298904299296
1.3730628711174457 -3.8395679235426186
0.8442287209226387 -2.990842737402996
0.1040302806935458 -3.663231218180603
0.8729593565309707 -3.0238971299827315
0.542193898051952 -3.967610122092708
0.5007656210789726 -4.966751602498286
1.2395905535362135 -5.6406490124796225
2.0796062271783313 -6.183211145359885
2.882550135811635 -5.587156550889988
3.217961285947159 -6.529228395477632
2.5021809063420934 -5.830902935414469
1.6291785549446924 -5.343186937671306
1.4625448792834426 -6.329205810784606
0.5053876040924338 -6.039637251460698
0.9120284995142931 -5.126049170227964
1.8900168879445216 -4.9173898495743105
1.391573860153469 -5.78431230749456
0.6465021416190162 -6.451296665811993
1.3993431829937413 -7.109499040786301
0.930677124661998 -6.226123624687467
0.6269399231584034 -5.273367773263418
0.6619617578191337 -4.273981225876974
1.554533779078258 -4.724886079327678
1.4733858985059232 -3.728184006751014
0.507048128249177 -3.985460732816976
0.01403922569433963 -3.1154364676371626
0.47635587468490775 -4.002151368868743
