0 0
0.0625224656211387 -0.9980435568113516
0.15776482711563922 -1.993497670558917
1.089291423972665 -2.3571708746143822
2.0627875249281393 -2.128467264182695
1.2457839896717886 -2.705099923142127
0.36281050137803295 -2.2356770658265113
0.6964777786306495 -1.2929861577920563
-0.2871304389422288 -1.4733049707958727
0.6651272743526219 -1.1680096261368655
-0.3164515506895861 -0.9769520164251386
-1.1030610543379644 -0.3595012177617538
-1.7919214077389123 0.36539285278395095
-0.8119607151525055 0.5645838189083456
-1.8101183155350844 0.5039092377520528
-2.423252576355319 -0.28606948234642204
-3.0333496410628893 0.5062572000486664
-3.6325977322980014 1.306820579895056
-4.567400933733587 1.6619867024149007
-5.3617405085837415 2.269460685254392
-4.422121051773781 2.6116817780937343
-5.404582149883871 2.4252141114586983
-4.655682299884975 3.0878973047506593
-4.190282574642111 2.2027966914055623
-4.478318195036982 3.160416386996532
-3.708141191128204 3.7982466015913707
-3.237901390325523 4.680785286149195
-2.340956536425 4.238642855408411
-2.909802347035839 5.0610870442446485
-3.855229754279444 5.38691985050061
-4.282524718450248 6.291032129807927
-5.245776103068538 6.022430621936234
-5.27821492310419 7.021904344929838
-4.6681545500356085 7.814259278789294
-3.9988142029007134 8.557215199216165
-3.8357967491203193 9.543838384511826
-4.020893670072944 8.561118114112432
-4.092465026340994 7.563682632007473
-4.528290385038955 6.663651378819122
-3.5655623876420464 6.934122824683817
-4.466723772502352 7.367606571134195
-5.458460677114171 7.495894965118098
-4.738686738714329 8.190103491139194
-5.313168270796308 9.00862103480991
-4.683429823682613 9.785428274880978
-4.01138691319095 9.044916069405676
-3.0158769739645033 9.139573139407638
-2.6256012571964247 10.060271170741018
-1.7277980258976449 10.500667989382421
-1.8216659330355256 11.496252649775276
-1.7831575408344598 10.496994372986892
-0.7938293549701118 10.351290081168298
-1.5625160909840128 9.711664642433803
-2.5621312067823436 9.739406673136143
-2.157591835998329 10.653927256548934
-2.7173108187811716 11.482609741166861
-1.7212492912756794 11.571274465964414
-1.231422558195586 12.44309427048831
-0.29273889089219784 12.098314670253808
-0.591925577365004 13.052509266045162
-0.5407348659420612 12.053820370009959
-0.8613973145015004 11.106626834303626
-1.8597872265309574 11.049903086562374
-1.013542650403199 10.517108456921317
-1.8924637372909716 10.99407567070442
-1.3735635466298128 11.848910503951062
-1.6015219923249788 10.875239642193227
-1.6260029056398149 11.874939939724078
-0.8762678303818355 12.536678042698291
-1.3973030142924725 11.683142842998121
-2.3933746703854473 11.594591976665836
-1.494895854810643 12.033608853292803
-2.2953602034403287 11.434228484434385
-2.4031741600277505 12.428399571705064
-2.0951542939376515 11.477019646494407
-2.0397736860059843 10.478554329988562
-1.7072397181660102 9.535463051144037
-0.7233961434581071 9.356432828818377
-1.5463156084920247 8.788274792645087
-2.2015571300301895 9.543694244640037
-3.0224899811265495 10.114718984901614
-2.3381692025074416 9.385537888088114
-2.8346737504144843 8.517503767844202
-3.063063793857725 7.54393405382471
-2.3778763660528273 8.272300849318649
-3.0090658079231556 9.047929554609668
-4.004586749488987 8.953388267840973
-4.675819369117075 9.694635035353125
-5.449126366598163 9.060603263557116
-4.763694562226415 9.788740092426313
-4.821153891636054 10.787087940354976
-4.547832886129855 11.749010820813217
-4.5971812204754725 10.75022919207883
-4.026744459008544 11.571570717369694
-3.0423323278592482 11.395693612418247
-2.1089488454416654 11.754574198059245
-1.2946256745315274 11.174162470645973
-0.8388240008295837 12.064243834483294
-1.176377387336241 11.122937449049791
-1.7337736774681376 10.29269087378001
-2.3436696881489087 11.085172328550835
-1.6159543179608882 11.771051574476903
-2.2260553458586108 10.978727943781628
-1.5357869344360355 11.702281342082095
-0.5704854300067935 11.441143436854528
-0.7370905018809223 10.455119730229876
0.2347219530172423 10.690875011198942
1.100427064059634 11.191429364606321
1.8634765049339173 11.837769484652604
2.507905065750397 11.073104963438235
1.5553239918498565 11.377389858966247
1.71527290340903 12.3645151527821
1.5171991131686027 13.344702264317338
1.2705279373990874 12.375603027373831
0.5141759108174685 11.72143820725135
1.2642140894874832 11.06004367254656
1.8106262308874062 10.222527241823704
2.2190741643206953 9.309745621898063
1.3323678547204905 8.847412494688704
2.261053959892766 8.47654578270184
2.2402915962932 9.476330221597424
1.2986254447123033 9.81287867125486
0.7878972446058531 8.953136439178277
-0.0926100508054073 9.427169035871318
0.9020642092873515 9.32410053287975
1.359989705281285 10.213091106574833
2.2208398359765273 9.704232528498386
1.666060250171606 10.536229890978653
2.05375791127555 11.458016484271553
2.5929878415076404 10.615857899240268
1.747713553019115 10.08152525264246
0.9737159519101691 10.714713781816512
0.031820178301197544 11.050619053667903
-0.8980119979750577 11.418602917392066
-0.1929003452630953 12.127699213539357
0.47940175928249085 12.86797610783201
1.4232425423729542 12.537575478027556
2.096797262603997 11.798438116737733
1.6772388524074666 10.890709776079936
1.8690050487622722 9.909269138070886
2.0124542575442863 10.898926818534093
2.809670030837798 11.50262128663201
3.0515934349532103 10.532325936472477
3.008008117932753 11.531375645015663
3.8828833108401697 12.015724070052032
4.7262091757121265 11.478321534109032
3.74486847296646 11.67059848315556
4.516980138898501 11.035111602620919
4.588607105077524 12.032543092857711
5.093967852884935 12.895451265594263
4.720036410965917 13.822907613216275
5.643457559686273 13.439119413689532
4.741656843823995 13.871271549945137
5.222921317105724 12.994696107238202
5.836569419985903 12.20511646854964
4.995919167681795 12.74669485927534
3.996377504156959 12.776967997170235
3.545511384795208 11.884376409482073
4.544519129736331 11.8398396207827
4.817890006721145 10.877930912215948
4.904571185603234 9.881694809061877
5.647239686195336 9.212035568680413
6.319061063230422 9.952748763755727
7.024275232895703 9.24375442322591
7.852179475295117 8.68288495051675
7.523911324071385 7.738300374688754
7.826844367185354 6.785288532480217
7.405677492545963 7.692271698645106
7.67108706287408 8.656407456709417
8.246128759018482 7.838283353840318
7.255412042638214 7.974225944240448
6.279910862062893 8.194220141200631
5.5429822109659055 7.518249606937211
6.476388364895823 7.877071222514866
7.294048438979925 7.301369908247841
8.090628251058229 7.905903284488801
8.845062221575901 8.562279231739263
7.860309903083337 8.388316962199227
8.743948133319709 8.85648731374312
9.08057500256221 9.798125434734402
8.567900365674998 10.656708404919907
8.935770753457154 9.726831328208686
9.934279940078442 9.78141524738728
10.91291666064858 9.575818143439472
11.537350017900811 10.356896233229927
12.378204210261815 10.898157932585168
12.987567088495423 10.105266462943291
13.492473432458 9.242092329974547
13.52186897581609 8.242524472332715
13.794839603094513 7.280502104275077
12.848433583288935 6.957522777265181
13.716667830525681 7.4536772813516015
13.33234753246152 8.376877101810788
13.151559028097823 9.360399097848465
14.132263682570759 9.164903878737817
13.995641846317069 8.174280603290148
14.606125484328519 7.382251735305966
15.236966215218374 6.606339387002142
16.23467819449186 6.538731647695288
16.064383075532053 7.524124753241733
15.799289873981953 6.559901960267039
16.78083941534228 6.36869396395064
17.780669817031523 6.350277453479533
17.35745513390438 7.256306885664598
17.78445333806798 8.160559357953758
18.459896835967122 8.897971102602412
19.458916858985873 8.853710582862895
18.499364173951157 8.572181464222087
19.488269153456997 8.423632006099366
20.30755385296826 7.850245067682788
21.20254485412277 7.404160874001317
22.087776313298697 6.939010077285604
22.35246306647774 5.974675631830327
23.317443319385163 6.236998165171876
22.56179814519225 5.582016966419604
23.181365734388013 6.366960278014874
22.181811095103406 6.337118644604184
21.3888142723472 6.946344414822882
20.82814006401253 6.118307922808014
20.045603522565923 6.7409125817215045
21.044439223630135 6.789154081279068
20.16983568104202 7.273992862001403
19.739914314510354 6.371126527154686
18.872445480325872 5.873634997861359
18.021449128743168 6.398806598000712
18.152017299341825 7.39024593191203
17.190878558915422 7.1141801396603555
17.54705238088899 8.048599857207424
17.459595222031304 7.052431575557913
18.047645644510467 7.861255846102557
17.47210259811202 8.679027331141253
16.526556450258933 8.353539263341233
17.000789780585993 7.473140065018731
17.466657980204833 6.588285941118129
16.551337314840172 6.991011753000597
17.542397518827357 7.124427164677344
16.858743692255352 6.394620720876348
17.071669523054553 7.371689086231848
16.072940633054202 7.4220934935655745
17.002280386641146 7.052867786980895
17.878119505084296 7.535470976573262
17.86678672300092 6.535535194610115
17.975682411317056 5.541482012397938
16.98195835151998 5.653341267627102
16.10454869309218 5.173599366916305
16.965780571892296 5.681811577452829
16.978347391305785 6.681732611859961
16.18716480574264 7.293312628130618
15.947551114160124 8.264180939904259
15.112042715967757 8.813658616020428
16.06806818035016 9.10694228664055
15.554829482132691 9.965188194671597
15.149821383007353 10.879501291834096
14.711869530887544 11.778499720767556
14.349751226439139 12.710631864609518
15.258411331655541 12.29309526359337
16.038788016248134 12.918404970973858
15.796173745463323 13.888527806295013
16.107898339430456 12.938355307473863
15.33719976575468 12.301155410632909
15.008154597838795 11.356841226967743
15.953092726723066 11.029592189412716
16.11027896781009 10.042023211764606
16.45869170770827 9.104681991782979
15.484307168432393 9.329570341014634
16.475258453413645 9.463792361540339
16.106193156962384 8.534388893204147
16.618010109463913 7.6752943657323165
17.079901286499236 6.7883577611337
17.003028668749785 5.791316838884093
16.63356850605554 6.720563409059061
17.627619727184562 6.611649820504211
17.394485887052284 7.584094478356357
16.74986706452122 8.348598614145473
16.226364451003526 9.20062268284315
17.007904546631114 9.82447769719057
16.819311973186146 10.80653311377428
15.82075875141675 10.752760785444904
15.541341888811086 9.792590895846399
14.935237892702315 8.997205488700292
14.48677682863455 9.891007857244485
14.385469212229742 8.896152708562841
14.109316029358862 9.857266343670721
14.123168754632017 10.857170390068427
13.125265035824123 10.921886446726546
13.334217129209355 11.899812324628307
13.174942007831467 10.912578089145127
14.053164267199561 10.434325370229281
14.81073032693088 9.781566865770577
15.006891667637014 8.800995232276943
14.007722656056481 8.760236352297463
13.031433204129526 8.976705532681565
13.22302836125795 9.958179575010213
14.159847863123316 9.6083664521507
13.162351064180834 9.537654811669777
14.15694351150838 9.433799798699761
15.09277167550156 9.78625638819293
16.050112699399683 10.07521687677518
16.663073467299736 9.285103532364785
16.18671625997331 10.164355379691914
15.44863130495037 9.489647591706044
15.30218456708269 10.478866148430448
16.21974857434886 10.87645424252992
16.93049836906894 11.579899143929714
17.102001978280704 12.565082635482094
17.865669635307697 11.919473071108312
18.815520846033674 11.606770852564228
19.423503891893127 10.81282084409552
18.8036538911703 11.597541161536014
18.472505050741887 12.541119693234844
19.00549025743637 13.387244252295057
18.06754631833788 13.734031171178113
17.585906277072684 14.610400311808968
18.203519171414857 15.396882551114016
19.09007262155053 14.934256373674245
18.610583077185417 15.81180396602724
19.610579272176484 15.814562589486174
19.214573868715853 14.896314409291962
19.256788049710515 15.89542299344233
20.0971276870013 16.43748322441117
19.297252157952688 17.037649149826137
20.234466051939044 17.38640424573003
20.347998073966043 16.392869908137985
19.542444402052713 15.800347097043804
20.2236856798526 16.532406057388922
19.22552250281378 16.47182328753007
18.29839516227765 16.846569727713828
19.06710394735173 17.486168667479937
18.808816573488585 16.52010053711703
17.81728454744387 16.649962930933174
18.370120453744782 17.483253072903214
17.801413420220133 16.66071291581689
18.722774512996402 17.04942069386889
18.538469295752684 16.066551634992404
19.038048279400332 15.200283293716108
19.72112136674572 14.46993326986149
18.814501767340484 14.891882202760115
17.874941811944648 14.549497783989965
16.92450095059458 14.860403186124026
15.965864287455362 15.145035840760322
15.52091879463108 16.04059349296109
15.093846486987605 15.136376016883528
16.092382686734325 15.082288515597378
16.337929389904613 16.05167327747586
17.158298100169333 15.479838354426732
17.90914199026218 16.140318068506005
17.469551834756732 17.038516540550294
16.765103208804724 16.328761559310763
16.427841344634853 15.387350684624973
17.320627828520433 14.936870613821364
17.611524067182632 13.980116006655981
17.318203810470465 13.024101766698067
17.01989777439468 12.069631490135851
17.373007574913444 13.005213377934881
16.742099011005312 12.2293561848978
16.65884419816358 11.23282789320775
16.001139404261885 11.986103675427465
16.237488037239583 12.957771995220579
15.39423486203237 12.420255407101706
14.419891643432436 12.645322713408778
13.59398810650191 12.081511266482016
13.744906088424242 13.070057554084418
13.575741508476897 14.055645371019692
13.301855203383514 15.017407447565805
13.789201630185921 14.144198732376289
13.137907941412985 13.38537297440247
12.73991943088465 14.302763374116482
13.321558625356648 13.489316481286984
13.169144041340305 14.47763312820695
13.77662382772866 13.683297991674795
12.908304060394887 13.187293171479043
13.428349044289908 14.041432044687392
14.316262236902395 14.501443090625095
14.678170515865078 15.433656798751224
15.16330390885986 16.308096957367795
14.23437960008186 15.93782728731458
13.34071326900462 16.386559377429545
12.434019231139008 15.964770423450247
11.542351102285036 16.417460105225807
12.516853605860609 16.641836731737886
11.579848562492348 16.991152561185167
11.041509997542745 16.148423904090844
10.13241118315784 15.731843364838275
9.61626267592204 14.875344258896968
9.27151045411961 13.936650535916844
9.405513972535704 12.94566967986961
9.913350666112114 13.80712304056732
8.914524804466692 13.855567835006758
9.301181947391383 14.777791372889691
9.47294743070745 15.76292924077479
8.74114254915531 16.44444344850377
7.861884944544395 16.9207900289826
8.79594671993647 17.277901495826505
8.37880574049049 16.369059703616855
7.454702528197044 16.75120267820743
7.753808760864693 17.7054224964775
7.525816964546167 18.679085549495046
8.290701814593152 19.32325258231231
9.19878326699141 19.74204617802537
10.146418045453894 20.061402290614996
10.403985070776674 19.09514185601862
