0 0
0.2097599462875906 0.9777529160955886
-0.7660796200730664 0.7592646081131138
0.1961138486930899 0.4868977072904336
-0.7779807134527371 0.7130387783012732
-1.5748472425428708 1.3171941679286792
-1.1165739250459739 0.4283828457289738
-0.6537605808552092 1.314838602345716
-0.7390898425640826 0.3184857948040206
-1.4131092772369453 1.057199407568314
-2.4104870836370296 0.9848287553634576
-1.4278684139570315 0.7991932253690326
-0.9644637803006164 -0.0869535714461247
-1.9631564636512726 -0.03583680098997995
-1.1363346243981243 0.5266271055267323
-0.7928377714761371 1.4657809331996492
-1.3054110377891566 0.6071374410207341
-1.6739929202283714 -0.32245784507831066
-1.149372236743584 -1.1737939352682862
-2.059769770092943 -1.5875285498117186
-1.8831577079256034 -2.5718090888334957
-1.855886632478475 -1.5721810137755985
-1.6264159213338891 -0.598865446897724
-2.4566158317315727 -1.156331238472129
-2.8116335908645085 -0.22147168180052446
-2.2859547232878894 -1.072154776838485
-2.5427828567299455 -2.038611868422312
-1.7565646321364246 -2.6565608172174464
-2.38760174181343 -1.8808081722264731
-3.337525979217284 -1.5683278637385525
-2.445862098686409 -1.1156298140888756
-3.1461683600387866 -0.40178729622470777
-3.8006522075522002 -1.1578632800676274
-4.301175517499378 -2.023586339827226
-3.301635893399098 -2.0539267395192278
-4.254086448981683 -1.7492335509336858
-5.071263030089543 -2.3256209512894435
-5.209105392441053 -1.3351667710562762
-4.370248200697519 -1.8795183227764412
-4.9568632015220775 -2.6893842627983706
-5.906781244950689 -2.3768851255695482
-6.474978234479938 -3.199777695161654
-5.492972071090825 -3.388626563481787
-6.487333514366131 -3.494670517234234
-7.162749326078875 -4.232107620510449
-7.919872787729517 -4.885379435162014
-8.594206822694316 -4.146952993809802
-7.669801888396904 -4.528365523030589
-6.672037556439564 -4.461534857361873
-5.673935756865743 -4.399949163507713
-6.409104324742071 -3.722064824695649
-5.610198841282674 -4.323521413734715
-6.448660050041208 -4.868482698054233
-6.691925645588622 -3.8985229823840606
-7.594357155655589 -3.467689639154625
-8.391410624313957 -4.07159838068737
-9.387004805968946 -4.165365248261866
-9.083161476784467 -3.2126432367023066
-9.106642325604502 -4.212367523562785
-8.503260278378178 -5.009819782375166
-8.712193676296888 -4.031889910025342
-9.702504295813931 -4.170759909923699
-9.507777717354726 -5.151617473304627
-8.900283424423156 -4.357293431080314
-8.50689386746584 -5.276665312571653
-7.5105925222983165 -5.190737263499278
-8.454624371150885 -4.860882949669672
-9.240353574262048 -5.479453575692517
-8.357144850728456 -5.010473458124445
-8.109202859997604 -4.041698577549798
-7.968530020151275 -5.031754713397443
-8.758156936690444 -5.645341979136264
-8.701052521125611 -4.646973767641628
-8.490198229222237 -3.669456265196824
-8.620680660626146 -2.678005643584772
-8.146515978468937 -1.79756947088697
-8.82215964096348 -2.5347978217599954
-7.8251236600172716 -2.4578611419601053
-7.011099481822468 -1.8770301533633584
-6.208644186578534 -2.4737423948457753
-5.970119270475515 -3.4448787727032046
-5.964264402757716 -2.444895912588089
-6.810991585615544 -2.9769232406546515
-7.516073672874557 -3.686048934891204
-8.118811522735333 -2.888109661296272
-9.070400185120084 -3.195484054538131
-9.933592293905612 -2.690608442797581
-9.81959693516041 -1.6971271605458453
-9.450175525035263 -0.7678651836302137
-8.801180121810667 -1.5286575117943089
-8.564425627033755 -0.5570880036257325
-7.587483787353882 -0.3435824020999041
-7.16993058686181 -1.2522348795404417
-8.002123534176034 -0.6977487224179529
-7.553561870194764 -1.591500608349588
-7.540489677058765 -0.5915860531166846
-7.235857764304987 0.36088410270552007
-7.231575221826046 -0.6391067271673924
-7.679678995174997 0.2548748209142403
-6.957903872785112 0.94700246282653
-6.1454827655818445 0.3639313311705218
-7.058122282164432 0.7726966828967907
-6.108734891233267 1.086804279017792
-5.3979476744190125 0.38339719033198294
-5.552797632278807 1.3713351896774983
-4.634255762754344 1.7666588974544333
-4.628599392823323 0.7666748948427897
-5.626989000455861 0.7099457896908004
-6.622201470984563 0.8076808320459216
-6.277580582971832 -0.13106111521398256
-7.156442181158584 0.34601570379174945
-6.1570888762951865 0.3100577831259954
-5.530162043817231 1.0891359221590182
-6.464661723122342 0.7331719501356622
-5.695220296515345 1.3718893297496728
-5.241155115208898 2.262857797836588
-5.676756200982161 3.1629976170164498
-6.630124671946206 2.8611888057274504
-5.898931299772502 3.543359057562905
-5.32307412698019 2.72580874318241
-6.059677751805107 2.0494840431345756
-6.836083474473982 1.419250630971255
-6.194592168012775 0.6521203266977933
-7.183908767435921 0.5063373849459414
-7.83436625876156 -0.2532052748029078
-7.943591840524106 0.7408117131246796
-7.716238009674347 1.7146239309561973
-8.672435029878034 2.0073477915374442
-9.118436681690085 1.1123156543597212
-10.117565635370573 1.1540449476359498
-9.185447662715857 0.7918901671151574
-8.833925732769163 -0.14428948058423152
-7.9138915616188035 0.2475486542567637
-7.153335752204338 0.8968212170267511
-7.091558181428171 1.8949111587399194
-8.047795027124428 1.6023174217377867
-8.448267817699314 2.518626072798751
-8.517761214065215 3.5162084843625934
-8.259357245299324 4.482245434445786
-9.163184236351862 4.0543473504994845
-10.160604656029964 4.126128311827385
-11.017376754071151 4.641823543546761
-10.795720900611514 5.61694850098918
-9.895196614272315 6.0517542158932915
-10.775317784676353 5.577005097509039
-11.43132776180735 4.822252879953774
-12.428179253270892 4.9015441402975855
-11.72418125368128 4.1913421855172395
-12.709351546857608 4.0197627769541295
-12.210524511172984 3.153061220205735
-12.439467462672349 4.126501061674513
-11.812698014459093 3.347296301174135
-11.07884342708534 2.667989710163493
-10.121201967672837 2.955952963399543
-10.715965940023997 3.7598533410540567
-10.306972366099506 4.672390604122515
-9.70376561345097 3.874805741202456
-9.113251126224695 4.6818327793962755
-9.830313823189469 5.378841451237312
-10.355039247223703 4.527569914433635
-10.324696963935525 5.5271094813567565
-9.794738526985501 6.375133098424989
-10.410482292242948 7.163079553170857
-10.919987059718851 6.3026117200014085
-10.780167840238379 7.292788767737758
-10.912252452927813 6.301550322614344
-10.509078862711627 5.386426802999537
-10.378280032075951 6.377835732707324
-10.949440327126542 5.5569971874636686
-11.947250527990708 5.623139481432166
-12.935362213651441 5.4694017285518015
-13.93533672359667 5.46226173836976
-12.93540557429918 5.450527316159824
-12.048345395601793 5.912181125165401
-12.9033322404282 6.430830809609326
-12.929526015105939 7.430487693829172
-13.482233582181117 6.597112421039154
-12.555413243042533 6.972617492854493
-12.629287441962735 7.969885061129878
-13.62394371910262 8.073126963215342
-14.254969622523372 8.848888723817154
-13.256658413242633 8.906981145219833
-12.32193064406905 8.551616547185956
-11.413806450353958 8.97031745331026
-11.380714118018776 7.970865154528263
-10.381940164142275 7.921361729819458
-10.313101832443351 8.91898955826497
-9.397482137334372 9.32103504565233
-10.21247355635826 8.74156202046701
-9.412456400808763 8.141584895214312
-8.52547180483075 8.603383906146252
-8.079353074592072 9.498357692650767
-8.387989468904772 10.449537789218002
-8.645512446253912 11.41580996419627
-7.64675553103223 11.465655970022928
-7.713131653298163 12.463450643486832
-6.7914785990904205 12.075435633893724
-6.6235635244894695 11.089634169235776
-7.103971288711547 11.966679424667413
-7.77971584270994 12.703815299348271
-7.726959533602472 13.702422715628241
-7.717866634713271 12.702464056887896
-8.295444973564438 11.886128793353404
-7.8474658508451975 12.78017281106601
-7.381654557213653 11.8952887289822
-6.396422744631831 12.066514531584314
-6.420144395071466 11.066795929526505
-5.726804489803543 10.346185233128603
-5.038758887031819 11.07185268348482
-5.113081351983686 10.07461842253934
-4.4444548964800745 10.818216878025012
-5.32257125910671 11.296664005393719
-6.064241264389339 10.62589906648884
-7.051424686167733 10.466309305645918
-7.6275736903459945 11.283653985070943
-7.7159232690758985 12.279743515152576
-8.619095171913425 12.709022578146385
-9.614980604090524 12.61840135559099
-8.903379367857015 13.320984931111328
-8.779891621304596 12.328638834000342
-9.678149480514696 12.768107625118995
-9.45718974737232 11.792824693693632
-10.455826778073247 11.845017422237316
-11.036020900576627 12.6594956479822
-10.909113321983174 11.667581102017907
-9.91050688463097 11.720355937675984
-9.043938970128778 12.219415102059651
-9.09851830145338 13.21792453946731
-10.087131681007092 13.067446681403776
-9.46660507319845 13.85163207338803
-10.424141065580205 13.563318314969381
-11.4241396710914 13.564988337623197
-11.686151261799468 14.530053064123253
-12.008892443624015 15.476540322122268
-11.949933134448685 14.47827993531852
-11.103333396449239 13.946049831304036
-11.861170005624684 13.293605447625653
-12.641629697853636 13.918811548688247
-11.821012119512316 13.347333823735449
-12.782980137508723 13.620495922775678
-13.303162890063088 14.474550899896569
-12.663853797688722 15.243500758084645
-13.550428501311654 14.780915312036123
-14.482395129716872 14.418371240868206
-15.328761840094497 14.950971833774895
-14.350555265505319 14.74333778687866
-13.551278708066121 14.142374406356899
-14.126070977631622 14.960673768966782
-13.137238166948809 15.109702868531683
-13.71046108215536 15.929102337339236
-13.429835971580019 14.969284882135081
-14.198944193027632 15.608403449931142
-14.268406962311156 16.60598799456055
-14.95533453934511 15.879262115077603
-15.83410821945423 15.402023370687049
-16.682681527845748 15.931101191319774
-16.072378660801135 15.138933020741629
-16.96580258507541 14.689718493444973
-15.967902037915193 14.624953549398512
-15.204676743561775 15.271086004905229
-15.17894932840905 14.271417009632513
-14.210097046964389 14.519056377947559
-15.19129345039375 14.712068341041265
-15.199916754862166 13.712105522422469
-14.235960162387691 13.446045965508985
-14.721629961219165 12.57190361640159
-14.619712762038859 13.566696501635116
-13.621066503182833 13.618712361455607
-13.049538648822676 12.798129695485581
-13.873338422637032 12.231248814997082
-13.002656116215356 11.739402984188045
-12.082257383572275 12.130384023305046
-12.303844692645468 13.105524559052434
-11.320778930736289 13.288777683887801
-11.360883362784172 14.287973177537626
-10.526059087279242 13.73745666640679
-9.853235860496364 14.477259954789233
-9.144951781578458 15.183187474830358
-9.151105530032513 14.183206409319634
-8.727455810170635 13.277380314055785
-7.909497828505715 12.70210234626052
-8.863450583893142 13.002059243978733
-8.788928729187672 12.004839863315052
-7.889182096876525 12.441252509379245
-8.003094098427784 13.43474335277066
-7.784661904650705 14.41059548128283
-6.901437411467145 14.879545899387605
-5.926639366897465 15.102635057132053
-5.86312379736841 14.104654209406306
-6.820569670936776 14.393267097522738
-6.436253898244762 13.470065393202312
-6.536708466835004 14.46500703955618
-5.563158575644839 14.693481566284252
-5.65539342967978 15.689218846745897
-5.894129543798896 16.660303327012834
-6.026718902359944 17.6514743828838
-6.788822627615851 17.004019433137437
-5.862307276602216 17.38027639896808
-5.759599315332463 18.37498795248086
-4.944151078310192 18.95381795579554
-4.352684323384271 19.760147341231416
-4.916327127316064 20.586165978778965
-5.864614949123176 20.268754247722402
-5.972141357584492 21.262956476387885
-5.069070041367219 21.692447102392226
-4.0719021072871175 21.767654224677432
-3.9900763182414747 22.764300872314926
-3.267216561331785 22.073306102551463
-3.18864297020202 21.07639778641754
-3.9552271358822644 21.718541630838963
-3.9938335823924005 20.719287137585187
-4.27039072401611 21.680284612824806
-3.3054421784573793 21.942723757054644
-2.87472537305458 21.04023661944901
-2.139786081116265 20.362103714211987
-1.2769462222447836 19.856626337920385
-0.5629559803191465 19.15647068777181
-0.41601634723422987 20.145616149384445
-1.3792043349713763 19.876787392963436
-0.9614026995971992 20.78532566594849
-1.9378206279349555 21.00121459391981
-1.7247057170128057 20.02418745266802
-1.00795249099737 19.326860547266783
-1.438894700954992 20.229240074781032
-2.0024354554508657 19.403151811928797
-2.808203200741348 19.995383473231612
-3.3994026142824727 20.801908893431516
-4.046256699622455 21.564522683156678
-3.0991698637248986 21.243545230257638
-3.4239968927434212 20.297771789512446
-3.204319812304665 21.273344431774365
-4.196104167584624 21.401265472349856
-5.187597818833857 21.5314205319229
-4.480004061081205 20.824801062909003
-4.7002570333076745 19.849358277182745
-3.9664804424540963 20.528749118094883
-3.679231919818424 19.570893029612055
-4.537187879586016 19.057169785929943
-5.140231816723123 19.8548777587384
-4.143285325151499 19.93296548468192
-4.810637531649454 19.188223225586658
-5.1908812141226655 20.113109565597803
-4.194273736940224 20.030808068502978
-3.323162500801225 19.539722318076045
-4.246660282459567 19.1561185547054
-5.205835396568119 19.438931391180066
-5.877130439822515 18.69774115588141
-4.955756646117095 19.086418827317374
-4.166320318047003 19.700251283223064
-4.842898778086727 18.96388073288154
-4.226135942554923 18.176731696988867
-4.517540618774558 19.1333315687625
-5.019144350227633 18.2682340617771
-5.596711295038436 17.451890736783312
-4.628281127233042 17.701175734495603
-5.288588173395895 16.950179992305483
-4.399940244033431 16.49158991648634
-5.2968235374457056 16.93385720896675
-5.066760917900678 15.960681381539825
-6.06599391544859 15.999840245305444
-5.917272320710744 16.988719351798565
-6.2746972846570745 16.054777493250633
-6.910848407549779 15.28321301192561
-6.803247210541342 16.27740714910524
-6.303193261986391 17.143401403436414
-5.515800715089561 16.526949477418395
-6.073484113640871 17.357003226870958
-7.055092632787699 17.547908216691475
-6.111271632314508 17.217451080188443
-6.054178730752544 16.21908221018536
-5.543163879991226 15.359510327035737
-6.5354244196024975 15.23533697429712
-5.632894721026521 14.804709358846884
-6.3547068325257925 15.496798425147574
-5.964597762858419 16.4175670789164
-5.227953362225163 17.093847366234957
-4.573987926268117 16.337322939283975
-5.55838137948918 16.16134132304094
-5.072101626773954 15.28753814033947
-6.064129257303917 15.413558695270423
-6.997462499808214 15.05454747199681
-7.228006966310742 16.027609262925356
-7.105753242912187 15.035110382767202
-6.171052016527316 15.390544789366531
-5.94968266605906 14.415354751131284
-5.491294993398509 13.526602400049812
-5.306071832723898 14.509298884601225
-6.238978688329948 14.869416641402015
-6.977006341180883 15.544187108766542
-6.222510001070736 14.887882855572649
-7.139975669715878 15.285697821175406
-6.32841073110586 14.701435593730471
-7.3268829069106065 14.646178791943397
-6.33463665024542 14.521891358411589
-6.752161047007383 13.613225645341837
-7.512214906815959 12.96336556025422
-7.731470282616623 13.939033065187386
-8.72790494892031 14.023401043640474
-7.798593207443197 14.39269724881022
-7.935698131396437 13.402140718455806
-7.7137689659734345 14.377203509015803
