0 0
0.9428831332187403 -0.33312369638260675
1.4664965033595299 0.5188323110554561
0.4998345705613799 0.774888374601987
0.9969690557880624 -0.0927851259720488
0.5292382119609392 0.7910858248645354
-0.3807252702859135 0.376397434651858
-1.2434182436963672 0.8821254580282873
-0.2437672669367642 0.855707194202447
0.7496014056709366 0.7407346745222448
0.06655611204357437 0.010358657080878908
0.05528017654061955 1.0102950816992309
-0.6642227687228408 1.7047844709322169
-1.4347821399479916 2.3421526968558974
-1.3241694250364224 1.348289110995196
-0.39493625181934056 1.7177829672268157
0.5306206947333534 2.096391391179656
1.4435591012666251 1.6882940181465884
1.273630335132538 0.7028376698286395
2.272594685118749 0.657337917558691
1.4500008065294594 1.2259672440161196
0.45314321221999854 1.3051817418530327
-0.4478490068417059 1.7390169884504774
-0.5042927136211569 0.7406112052315522
-0.9902782411245361 -0.13335565172428354
-0.9079903272475838 0.8632529470896035
-1.525655322940071 0.07681162499608596
-1.51653485425781 -0.9231467826644606
-2.142346783928839 -1.703120774975373
-1.1525757532724032 -1.8457857912663234
-0.9329092196262848 -0.8702107741631286
-1.6129951827462272 -0.13707839678014866
-2.6113043254923536 -0.07895047311609633
-2.2343344399111325 0.847275042276824
-3.2263829772052546 0.7214191737104663
-3.802734477236448 1.5386210755754786
-4.704174429255949 1.1057169142382604
-3.8115329000828257 1.5564841495110426
-3.0465925883181573 0.9123829777706306
-4.038449940309179 0.785029166279341
-4.224651539849264 1.7675407256661577
-4.4372274204930084 2.744685287626432
-5.245191654552597 2.1554537571729933
-5.017173691989697 1.1817968315833562
-5.86217663231307 0.6470351736039776
-6.220019598189704 1.5808169531288376
-5.323181364855976 1.1384582940852537
-4.349498701199724 0.9105502633025149
-3.9393972781200874 -0.0014896605977808841
-4.934363563455662 0.09872057363768749
-4.888898207773206 -0.9002453424138401
-5.807753283381442 -0.505650170080241
-5.855256360803223 0.4932209215204021
-6.6611649154156245 -0.09881911226325102
-6.395264968389603 0.8651815195682634
-6.403362476914809 1.8651487342086654
-5.940161678584416 0.9788953729027204
-5.87503358139604 1.9767722846291225
-4.9805834259616955 2.423939948311859
-5.820544706093145 2.9665862860678023
-5.471642429592675 3.9037453982002033
-4.637330984260993 4.455038797569866
-3.796399366562458 3.913897397975523
-4.054495623237843 4.880016605056178
-4.610486185470026 5.711205208628641
-3.6122570800114193 5.6517186301818185
-4.241498400275596 6.42892861523875
-5.240911281498257 6.463190734937018
-5.396378655385646 5.475349707414594
-4.470857872404267 5.096652889010299
-3.795502820532306 5.834145637388899
-4.71757748235585 5.447133598786743
-3.717588276627153 5.442487264092658
-4.698408071130949 5.63740399172149
-5.54563918174582 6.168628468949612
-5.030480280299187 5.31153377974643
-5.622597277032946 4.505681769648425
-4.711595629061767 4.918084482289596
-5.7079085346206515 5.003878387765531
-6.539686116184258 4.448769340092737
-7.535243596758074 4.542925077429957
-7.326340468982616 3.564988738394726
-7.849410878940363 2.7126992651365875
-8.827784656927202 2.919544015004113
-9.77703149282192 2.6050119108495955
-8.93193988885044 3.1396334413708713
-8.006914129649672 3.519537830415068
-8.85193025932712 2.984797014145215
-9.807397753164816 3.2798933852166203
-10.387801247395828 4.094222424293843
-10.899106114970598 3.234823022156311
-11.89588819843605 3.1546639423070824
-12.629855385993961 3.8338488711654373
-13.609749150827373 4.033368819142078
-14.60287594807647 4.150412249482061
-13.992913965850013 3.3579815709754985
-14.979704534697847 3.1959804190259833
-14.875825122685745 2.201390519740846
-15.166420161181751 1.2445443860278518
-14.51456341726187 2.0028865155486706
-13.521732576839769 1.8833586012075307
-14.46548226666964 1.5526978642791502
-13.745372733058076 0.8588374607383977
-13.880622429984596 1.8496490066346314
-14.860633809783817 1.6507075693621807
-15.735404181425766 2.1352452839906766
-16.724813878675313 1.990095530327224
-17.66341155973493 2.335109143260852
-16.810148412278856 2.8565897288950204
-17.114301804378872 3.809212799198303
-16.9131367791977 4.7887701648711145
-16.090846938210706 4.219701260950346
-17.090685210007138 4.201717094271732
-16.48750689019445 4.999323459910787
-17.253140316253276 5.642600582853477
-16.25368741389383 5.609526484751282
-15.794290710972009 6.4977576873919904
-14.954739201677578 7.041037783881308
-15.045811878162835 6.045193535216984
-15.365157721810087 6.992831774285683
-15.638971541275545 7.954614490011921
-14.961561378443855 8.690220003376485
-15.878776405435682 8.291827490569851
-16.590032419883258 8.994760547063958
-16.545817971597657 7.995738483962847
-16.406162849032143 7.005538278579506
-16.445090495770796 8.004780310481383
-17.42169763220935 7.789748914966029
-17.19580375349742 6.8155969989075125
-16.7481703514286 7.709814163444347
-17.744587788827896 7.794385378681076
-18.571524875986036 8.356679833466476
-18.05049561939959 9.210218651436096
-17.179512663830256 9.70153188259083
-16.202728641681368 9.915758337714001
-17.058183615246474 9.397881143581333
-17.73611257186272 8.662753719401547
-18.0763586675044 9.603090145581344
-19.02784389853407 9.295395727152247
-18.084020725120965 8.964944796863925
-17.916304279054774 9.950780074037008
-18.540697690763544 9.16967005143156
-18.76026238536397 8.194072109200734
-17.76179050686953 8.138809935376448
-16.79512239107825 7.8827772149820845
-16.89713013498282 6.887993610280288
-16.002272161111247 7.334344600643774
-15.848010768193943 6.346314528907486
-15.750638772610857 5.3510664721517
-16.316308163281484 4.526434347833029
-15.563146044369475 5.184269298740908
-15.819344086487943 6.150893612119515
-14.897978741951178 6.53959131199263
-13.96775475113186 6.906583582897865
-13.16611135560721 6.308781051612064
-12.455906921950671 5.604785552752451
-11.858246971910395 4.803035851088737
-11.417447197151866 5.700641309278932
-11.081505035667004 6.642523926241831
-10.692297998745795 5.721373622322317
-11.678207833457403 5.554096015276628
-10.886403913607525 6.164871385204368
-10.843534587796519 7.16395207308924
-10.883371337597051 8.163158274713973
-11.519041601506087 8.93511897033378
-10.862646199585473 8.180701926294162
-10.605120683188687 9.146973424582592
-9.990105525707767 8.358458138701135
-9.532393758143115 7.469357504446022
-9.310659016778486 6.494250482385387
-8.997217592167354 5.5446429459063715
-8.355375199093542 6.3114795272281565
-7.441222369621405 6.716849240413645
-6.469721053664228 6.479815080231042
-7.291853356162563 5.910518604579923
-6.293064358062554 5.861319648550551
-7.085440245099635 6.471352806372483
-6.092811572150195 6.350157436664589
-5.4747549403691425 7.13629101304424
-6.440700673473306 6.877546272618739
-6.931995229134397 7.748539762593131
-6.434758576590612 8.616154718300471
-6.889588859541408 9.506732852834944
-5.8912416120842295 9.564202614402884
-6.836869893364738 9.889451985874178
-6.141332208374944 10.607941602193744
-5.404403506663782 11.283912081278668
-4.40463134025789 11.3052572278012
-5.30959877750671 10.879776396835453
-6.1264634478048725 10.30294703695623
-5.576816059198447 9.467550276010787
-6.464926582103934 9.007920317125878
-6.046422722418761 8.099705298846278
-5.6782188592920075 7.169960218096433
-4.977105992542419 6.4569099056512504
-4.7155176818487465 5.49173035981098
-5.057077918324583 4.551870474052166
-4.628912922703839 5.455571053074381
-4.606251122592217 6.455314241506141
-3.8398971254371004 7.097732758552759
-4.322979854768667 6.222158046365635
-5.322047047792427 6.178975366694002
-4.339708888786647 5.99186111987903
-3.7121277558494916 6.770412288127667
-3.470819295097798 5.799963821299238
-3.896957293283596 6.704621992379454
-4.8773547778318855 6.901651869026084
-4.024243135385295 7.423380271091834
-3.385668549703043 6.653820332866916
-4.24437413746349 7.166289564674041
-3.268175810774494 7.383169317001463
-3.1846352385602166 6.386664940295514
-4.156206730609527 6.623411293672028
-3.1643539247710324 6.4960220808229545
-3.1110561664735275 5.497443416440192
-3.456435028783463 6.435906756943962
-3.459528913608255 7.435901970870854
-3.5311316251474 6.438468739170485
-2.842248773088326 7.163341428778085
-3.678549727185623 6.615070771004071
-2.7972964022033633 6.142426531424541
-3.0378770264510475 7.11305568987621
-2.0425693871966386 7.016294627243476
-3.0422452592907536 6.9908358222269245
-3.1496248014876516 7.9850539240122345
-4.143817682607135 8.092666725905602
-4.283705150558133 7.102499317680984
-4.81068106002996 6.2526190962166055
-3.8670169934265157 5.92171408053771
-4.452930759952054 6.732087487181745
-5.4529004634721385 6.739871576207014
-6.265578791000248 7.322584143401265
-5.436304080877849 7.881425315069397
-6.4160212404069075 7.681039967989543
-5.634544715862074 7.057105322705818
-5.908637234895117 8.018808650666223
-5.521990798102449 8.9410366771952
-6.133295290939196 8.14964119007286
-5.708145755281355 7.244518064564555
-4.710177114354736 7.308225142091922
-5.403312492955071 6.587417715012699
-5.654516837275335 5.6194836380246915
-6.02960874236718 6.546471266170057
-6.29573998509512 5.582534462409519
-7.269362873074092 5.810697719757159
-6.615401399866562 6.567225572225419
-5.930370923445923 5.838711161678234
-6.262410738889126 6.781976533119614
-5.414970465888271 6.251085787583174
-4.415868205054357 6.293449361518357
-3.5226373275535288 6.743047626060271
-2.795679553326543 7.429729790158733
-3.4301249998524783 8.202697432031604
-2.524984681919835 8.627810363912998
-2.5532759794250417 9.627410085044147
-2.5945718082945235 8.628263121620856
-3.5777902426668966 8.810695329057864
-2.579193401343067 8.757739229332996
-2.0853699018044614 7.888177068643236
-3.033470812396632 7.570207473659223
-3.9742980417109823 7.909094069116587
-2.990269502443615 7.73108330003974
-3.719677102043689 7.047003952561936
-3.668981859856071 8.045718122091706
-4.172835814373063 8.909506980851525
-5.119389410605941 9.23205355029322
-5.199197912251035 8.235243336127471
-6.196630481328004 8.30685527748166
-7.18779146760904 8.174190665491858
-7.814291454305677 7.394769234769612
-6.837773041767737 7.610203192107773
-6.304839036792159 8.45636000165355
-5.327072588946652 8.246663140762456
-6.188022030354252 8.755353674721896
-6.335514474752034 9.744416857155437
-5.877188960888751 8.855632449471573
-4.878156509646042 8.899611550917422
-5.10748147489778 9.87296146760324
-4.850420416103353 8.906566304095325
-5.448439931018351 9.708047844606915
-5.488621567277059 10.70724023654531
-5.368627546168598 11.700014850895528
-4.697760855109672 12.441592819033502
-3.742440024474767 12.737163640589074
-4.226366072315018 11.862054744381457
-3.6522364766645996 12.68081918388667
-3.384221865344024 13.64423403124926
-4.186066487298679 13.04670143611959
-5.0736441493828215 13.50735954553399
-6.067858306340408 13.399943484792983
-6.622836967165089 14.231808068742344
-6.467534833691448 15.219675087798318
-6.214295149549261 14.25227152031701
-5.613890140472899 15.051967603261032
-6.5808345192066735 14.796980214484343
-5.954716092571237 14.017252238952128
-4.959112409707814 14.110918170158664
-5.1868532142009585 13.137196379312421
-4.479150583828151 12.43068594983285
-5.3513035327980365 12.91991926186621
-4.835494655711854 12.063215577784549
-5.654669997273201 11.489672414824819
-6.615066003700238 11.21103374048294
-6.413759587193702 10.231505422018742
-6.7334679886055095 11.179021405032595
-5.754125716415672 10.976811825877583
-6.5490237806826705 10.370068826392151
-5.683860739342026 10.87155951613445
-6.6763820168459365 10.749487759769575
-6.206159765239504 11.63203579477627
-5.43478997714985 10.995648609155344
-4.976488817707452 11.88444557542703
-4.032004840013913 12.213003052712498
-3.0751816288580827 11.922332547512118
-2.313095551261237 11.27485682570237
-1.5199321817257134 11.883865749468725
-2.4010415126836255 11.410953128682495
-1.5023114047275903 11.849455344245122
-2.28622218629609 12.470328830988326
-2.837722156783444 11.63615391974222
-2.7639722971918896 10.63887714862488
-3.420607840775258 9.884669111739184
-4.387059307953741 9.627819814312547
-4.1951265836238045 10.609227899326772
-4.351517806342351 11.596923087862486
-4.907687309278331 12.427991968283324
-4.958867749092206 11.429302545799809
-5.650758829093786 10.707300652856135
-6.628604062837976 10.916629816719585
-7.518528913692944 11.372736996920427
-6.536308491344561 11.560468299376257
-6.0133566568421255 10.708106064882884
-5.658562724340186 11.64305059022105
-5.048262091695441 12.435220482222395
-4.900494703124465 11.446198339459698
-5.884477926014669 11.267937247040162
-5.751609623832888 12.2590709485534
-5.034048843850545 11.562575056942308
-6.013300573766705 11.76522265612919
-6.481194878777949 10.881438225774115
-7.479217496554322 10.81858240339626
-7.806032271088105 11.763670813623808
-8.626358015754272 12.335567371261549
-7.635080412565318 12.467357785996318
-7.116472697646754 13.322370088847538
-7.855193117679729 12.648358114898778
-7.344359595373108 13.508037771798842
-6.624584816610623 12.813830117089232
-6.208388444178653 11.904555362367388
-6.70061279974248 11.03408699201165
-6.317330208645524 11.957718117170392
-6.317530485843377 12.957718097114913
-7.312159049275206 13.06122665137752
-7.819032076513297 13.92324737865645
-8.158079406376794 14.864016695817906
-8.291867211602286 15.855026697368316
-8.002062410472053 16.81211247055788
-8.65086768099069 16.051157990350795
-8.853473800165265 17.03041830327735
-7.880076915716435 17.259543826397998
-8.610226039345747 17.942831655400788
-9.28088373297879 17.201064671792857
-10.234159051602946 16.898961763991537
-10.896335268432859 16.149613608682657
-11.655833129679174 15.4991038095541
-10.716001414276837 15.157466067605261
-11.36327642861776 15.919722622716437
-12.106674632248149 15.250873528496289
-11.629880927529069 14.371858304998849
-11.771036234587953 13.381870840790786
-12.112150579592404 14.321892650980413
-12.96843298926772 13.805384727633022
-13.498482517657939 12.957418043468303
-12.60299950840099 12.512322345744636
-13.307595040843628 11.802713202862531
-13.407783138290354 12.797681717505082
-14.386458274431554 12.592267555629613
-13.962807245287866 13.498093038548642
-14.845592312768241 13.967870139558972
-15.7631329902233 13.570228208652141
-15.434088880837947 12.62591365614392
-14.618573376851971 12.047178429327287
-13.634003315966627 12.222169272539812
-13.897794989159141 13.186748949473913
-13.436900688066839 12.299293912178705
-12.47738505842406 12.017638526163768
-13.192087776628473 12.717066881745113
-13.863499149946758 11.975982023055602
-13.559991839033433 11.023152913392089
-12.640350716707786 11.41591264417877
-11.687303654885758 11.113090422483598
-11.319519590390138 12.043001645075885
-11.35221880830072 13.042466882664485
-11.450984084078256 12.047356124858808
-12.111057629996363 12.798557105941166
-11.11253221618508 12.85284336546424
-10.90544771365809 11.87452030593168
-10.12321522236237 12.497506926623725
-11.015609335842095 12.948763778346484
-10.016930563706197 13.000151618203141
-9.074145329027209 13.33355227997706
