0 0
-0.7828696017403721 0.622185813620715
-1.7202893390782104 0.27398438334011105
-0.9315554680470447 0.8887191885107573
-0.8799609923696039 1.8873873065958247
-1.6613085714284281 2.511483421548413
-2.4323628983445387 1.8747140559662243
-2.728758528286741 0.9196488065978028
-3.4349260813682916 1.6276935699954396
-3.103844076991767 0.6840915848459683
-2.1305864097975515 0.4543754268429358
-3.097246727735296 0.7104375867270127
-3.42113940160789 -0.23565624361523263
-2.588489667426816 0.31814373847955446
-1.986341818422851 -0.48024086053266224
-1.7885464443473227 0.5000024714999111
-2.428775779127779 -0.2681813599405678
-1.4522541732370393 -0.48360084194851105
-2.364073003445798 -0.07300807426168143
-2.8349922549026636 0.8091682451933954
-2.061990463708959 1.443572084093606
-2.4901892796045004 2.3472566386067704
-1.5926725454493993 1.90627624004969
-1.7028831405854925 2.9001844977474254
-1.9390460985221911 1.9284710331403998
-1.0277718567226115 2.340271052849726
-1.8935939501638408 1.8399190742296276
-1.94304559741837 2.8386955930684588
-1.510498564284878 1.9370842221733187
-0.9395337654056142 1.116109680277675
-0.3316805278131191 0.32206028537310005
0.15955215727392308 -0.5489681005605472
0.5857973397233431 0.35563957375946464
-0.21426644387568583 0.9555545195419533
0.659258043494741 0.46877431250367096
0.9600763419373279 -0.4849071601705688
1.9522492961988855 -0.3600359111502564
2.921411577536236 -0.6064592713111437
1.9942416627740365 -0.9811003651060656
1.9085191537438 0.015218685924055508
2.591974383693098 0.7452111164703946
1.7553871170712616 0.1973774324693064
0.799018197940401 0.48953918650372713
1.1975641918761637 -0.4276091606668683
1.3295335365112388 -1.41886295868057
2.329194094833081 -1.392809779687162
2.860955325101714 -0.5459154568916964
3.072753438034999 0.43139798277743024
2.655527091565844 -0.4774046227492047
3.6438390814463 -0.6298494017956955
3.6487362470321973 0.3701386070170224
2.662986191176283 0.2019219985026973
2.7561323493574563 -0.7937304474924339
2.9748708682183564 -1.769513958506296
3.52009303251125 -0.9312223674928987
4.103949058090136 -0.11936515012322668
4.603295737945157 -0.9857674200404795
5.559124328805154 -1.2796920785749246
6.369880040320634 -0.6943074390044728
7.281393724468576 -0.28303769344683294
6.5987199494527164 -1.0137609768486935
6.209934869060782 -1.9350894531613694
7.207371779382693 -1.8635380036478821
8.198025818670684 -1.9999365903062039
8.123666366932135 -2.9971680939888454
9.090147970573106 -2.740432218382075
9.848211271375297 -3.3926131993811293
10.044853743807053 -4.373088460688586
9.913160797007658 -5.364379017368761
9.436272418528851 -4.485415153224247
9.80385383478746 -5.41540649857178
9.45002109426037 -4.480097783905286
10.316325789095126 -3.9805818425107597
9.466729310669416 -3.4531486013829054
8.522146958017297 -3.1248740530880585
7.522367492186591 -3.1458745222082483
6.594866111372884 -3.5196942496019026
7.3486915906748385 -2.862619560730707
7.856369598170355 -2.0010726724504564
7.268303708880361 -1.1922596471760305
6.335915151378421 -1.5537172212278851
6.476223749310326 -0.5636094001566732
6.867340196145329 0.3567318001680556
5.882001275113723 0.5273401548880716
5.559510707720239 -0.41923252269259315
6.528130077200673 -0.17068370039136838
6.391967180797567 0.8200027614335205
6.572100223714204 -0.16363949408908207
5.588185148106067 -0.34227634356598413
5.365878486579797 -1.31725313725958
4.570287468538527 -1.9230872168655844
3.945800206839409 -1.1420522240672222
4.812462558926184 -0.6431570772924521
4.648683211041362 0.3433399197665469
3.9679070795102693 1.075831461518095
3.743426255673401 2.0503099680689174
4.6333270707683365 1.5941558939959473
5.594147075920308 1.3169828114288158
4.736395634688763 0.8029181607619877
4.864120415499234 1.794727810022831
4.697233996500729 0.8087516829518683
5.427183277585949 1.4922529975396088
5.56337097626308 0.5015699449294276
5.055323656436194 -0.35975921446128856
4.540497515069836 -1.217053822029671
4.535796876381679 -2.217042773966603
4.755035673692318 -1.2413715436057893
3.9777720230147273 -1.8705465727791855
4.8500265844952795 -2.359598696766363
5.752441110114779 -2.7904676141309537
4.760800508187779 -2.661436933245137
5.6165522313121095 -2.1440502419109486
5.314985918975435 -1.190605036739902
6.000379348020795 -1.918777988325886
6.620087263749089 -1.133945458939079
7.180201241254038 -0.3055299036749439
8.09695977716347 0.0939119404490747
7.6232983472662 -0.7867950765705888
6.931810284019654 -1.5091829629498807
5.991992961604496 -1.16750562906833
5.03057890472022 -1.442611083803997
5.725130168693286 -0.7231678673418384
6.544702122193629 -0.150191591187553
7.497804201176973 0.1524574250633295
6.815620416219446 -0.5787233210870472
6.069413260998717 0.08699049242247192
5.203827450872011 0.5877511191767073
5.640232242163228 -0.31199932296715127
6.636447621622533 -0.3989183526945522
7.626867261171638 -0.26082802864749005
8.076548026161868 -1.154017375649458
7.164262610288717 -0.7444623488396869
6.178073830631581 -0.5788371971314733
5.958820432659518 0.39683075226407005
5.104193813667436 -0.12241229497889661
5.842047548081803 0.5525483458074922
6.627418531974147 1.171573723041715
5.629607856890593 1.1054385834463156
5.290679662858319 2.0462508278872678
4.7695513326313765 2.8997291600286754
5.27998451055196 3.759646580992976
4.545009488364637 4.43774076085352
4.466169102830616 5.434628013058527
3.821738939446825 6.1992911836906295
4.755255369186403 6.557825806016384
4.355861603900076 7.474605288907667
3.417381307041654 7.129272503889318
3.2443225875606276 6.144360995371123
3.4888006499343946 5.1747061717261476
2.767561177385115 5.867391975851537
2.742335987603494 4.8677101815787385
3.492724181607345 4.206712784988072
4.401670848196236 3.7898003753659264
3.4649860129793666 3.4396268191473767
3.5949276738077205 2.4481051780415615
3.9397994768403195 3.386754974010774
3.5646793235262084 4.3137311714277295
3.925622402031422 5.24631901934297
4.218773018993785 4.290252747699322
4.410415624347335 3.3087879690071347
4.149617577085742 2.3433945888016665
3.2702829342423283 2.8195989418849265
2.4536006716110785 3.3966865278746985
2.6496962769643453 2.4161017464502996
2.0737924786550264 1.5985842756321529
2.794232678589221 2.2921013398193133
3.172930040617511 3.2176219003650064
3.89603839560506 2.5268872863871046
2.900469548362111 2.432851812233221
2.3835523430488954 3.2888872103629803
1.507983207083333 3.7719800463112256
0.6495190729981244 3.2591064454217538
0.5308476442722094 4.252040024269881
1.3644060168443075 3.699608635303835
1.1204622271736409 2.729819262562973
2.067215081001886 2.4078580323378516
2.223682584360616 3.395541139610972
2.223238262617307 2.3955412383218824
1.3270640392330537 2.8392435724848104
0.7150486967902046 2.04839768318996
0.6666778336225434 1.0495682384916096
0.08188921115221304 0.23838252176007513
-0.08157737477511748 1.2249313929698409
-0.7061548530070112 0.44396854258226426
-0.4300881577528848 -0.5171699384762486
-0.0011011241965045437 0.38614070855526794
-0.8305251419866552 -0.17247883882276993
-0.09212054644559076 0.5018791175207711
-1.092050035316238 0.4900040475468176
-2.0891350612940265 0.5663024811537546
-2.918039109204063 0.00691167021889838
-2.7771367428339198 -0.9831118260433337
-3.3047001093104473 -1.8326275082717156
-2.3119901889801566 -1.712099444826606
-3.1695536512636813 -2.226477621031909
-2.2369836405687584 -1.8654884589335556
-2.5263222899801745 -0.9082616592895122
-3.5240602768840845 -0.8410388247097895
-2.5390607952294113 -1.0135961228458736
-2.342474053479848 -0.03310968593392405
-1.383322630943495 0.24978348939289496
-0.5414872436431432 0.7895178506196624
-0.5796785207905526 -0.2097525964315099
-0.824047708778677 0.7599296710984397
-1.3845737265902183 1.5880664854934619
-0.5113393104965216 2.0753668595436987
-0.1846975966018643 3.0205150969879426
-1.1846770912860074 3.0269190185400574
-0.2750012334612254 2.6116000643726043
-1.2506242016776157 2.831053530712602
-0.25473137708796034 2.740513584109801
0.35990632490846153 1.9517040410104811
-0.056791960566462796 1.0426591912465883
-0.32977902426991124 0.08064148712125918
-0.055260132028948916 1.0422231933754884
0.8609737867831708 1.4428669328975057
1.089423326969786 2.416422687638098
0.24884533261474096 2.958113222358846
1.245973774552493 3.033842148660431
0.25676564100514687 2.8873250215940853
-0.735410840237412 2.7624817996349647
-1.4694758536778179 3.4415609968150407
-0.5203882016133957 3.756573105628087
0.4512590320337385 3.993008410406945
1.3566313837987682 3.5683898702329917
1.8652394728028887 4.429388018778955
1.3074656413159578 5.259381002429051
0.6452202087824189 6.008667988228528
1.5822238583898072 6.357987556278236
2.5822154351211504 6.362092000986366
3.5818255850591685 6.390012390326293
3.9744027723930335 5.470293328881423
3.1689428753646256 4.877643048970086
4.089636736920417 5.267928602499146
3.7549224214792685 4.325608950237365
3.7598268128472476 3.3256209768370297
4.717860997631332 3.6122749507936027
5.307524439520645 4.41992402390596
4.995942139045847 3.469704854434604
5.963017362437434 3.215214162459215
5.436374260217519 2.365127671045438
4.548794690558851 1.904473237088124
4.067475155874411 1.027928026884364
4.893599913688111 0.4644407736769326
5.8338596925930375 0.8048986244803158
6.508616906223511 1.5429383948542703
7.22567610860618 0.8459261279045905
8.195776722262817 1.0886292374500133
7.290830719215679 1.51415565445489
6.7377097320747374 2.347256592867656
5.876242417502651 1.8394435702658745
5.602447055062065 2.801231540405878
4.686253989470711 2.400494386447928
5.23529445560753 1.564698618006699
4.690149965632553 0.7263565129863664
5.67828737953086 0.5727842132237906
6.656895655527587 0.7785166660617278
7.592539314192926 0.4255705738616038
8.5850497798703 0.5477302051678661
9.488649056937817 0.11935146330144142
9.759080404787314 -0.8433877984409602
10.05622786447298 0.11144380304820056
11.033304802210596 -0.10144268722603597
12.020411706202427 0.05861967590677722
12.615525980053167 -0.7450214137962726
13.374439169547612 -1.396213221800158
12.828619838444926 -0.5583103289810586
13.712280078052089 -0.09018152091920484
14.565142117592005 0.43195480372390505
15.564263217548037 0.39003789039945835
14.732364633683567 0.9449655849365823
14.429203817919586 -0.007973825406655588
15.14776966773034 0.6874851018390492
14.348021710567336 1.2878210119873608
14.837293923386284 2.159952138460467
15.513539821052495 2.896628109216687
14.553470142495538 2.616867117805194
14.266969852131606 3.574947272918211
13.757922979416374 4.435686072658784
14.719717326529025 4.709459033087953
15.15776184561118 3.8105057532663125
15.679837352359069 4.663405023552045
16.543244257090905 4.1588968304952925
15.558762289915508 4.33438260287146
16.452279845357516 4.78341086269142
15.566431944495315 5.247386612637504
15.124461031070421 6.144415994367202
14.658948481165224 7.029457273563128
15.649384063201852 6.891481341474357
16.51311178510988 6.387522590773897
16.48096986032602 7.3870059056277215
17.345823054528335 7.889030758078328
18.343980035432295 7.828345986737467
18.27800509910247 6.830524706258706
18.126234448226494 7.818940443452668
17.177223325287752 7.503697856642847
17.373207462513136 6.523090790608739
18.056238545424677 7.253480097606512
18.37815298561535 6.306711333231217
19.35361034223876 6.086522901633937
20.13589885823826 5.4636066329948045
19.244493896229816 5.916814304715757
18.728001587266267 5.0605224766679235
17.984518825073057 5.729277575580488
18.127826603276134 6.718955745849236
18.04180176098541 5.722662753547846
17.89698971062468 4.733203572949515
17.733580695126054 5.719761981587224
18.32875589732709 6.523357948902243
17.66587255030538 7.272080640051175
18.648956864211705 7.455234214276012
18.58456589117637 6.457309466315745
19.349677949164594 5.813412317136601
19.027129867647048 6.759965398114816
18.20340364954956 7.326953156023937
17.98154880791548 8.302032860070494
17.29265072406686 7.577174646300588
17.245099599658587 6.57830584081735
16.351955600839773 6.128535013201842
15.417565377427527 5.772283823180512
16.39526322463807 5.562267348684177
16.186801739415582 6.540297925495983
15.512307905363151 5.802017445038011
16.039735233521498 6.651617594232764
15.35635379474104 5.921556083721251
15.671976899449605 6.870440721479776
16.32592586339466 7.626979387084643
15.509763803025805 8.20480244928835
15.160605229081355 7.267738796038968
16.145543405083707 7.094831915166161
16.90267766736725 6.441572618350298
15.90412823183938 6.387730025480245
16.013014160431315 5.3936757741666295
15.104724453867195 4.9753340371266015
14.220050232448157 5.441543777433062
14.32435446519557 4.446998340044215
15.285886901457902 4.172306924059979
14.446548628130072 3.6286974475724376
15.255032386487251 3.040178958081536
15.812569270665009 2.210026789632066
15.182206963541404 2.986327866378585
16.173515294622156 2.8547687818199865
16.27439819027227 3.8496670888671183
15.95380429710834 4.796883830519205
16.646610159780703 5.518007978393066
15.648179509777568 5.462005861162393
16.42128187665891 6.096287131832172
15.482244415870385 6.44010197624096
16.471402245747715 6.5869583264352
15.661193646202651 7.17309996906369
16.648182451061224 7.333888958375285
17.628783152039144 7.137872976267666
16.662998684952544 7.3972190059929215
15.725668032372859 7.0487778377384505
15.886856066819469 8.035701551888252
16.55543430252481 8.779343362668909
16.023881412921575 9.626368465929994
15.4074037884047 10.413740892720538
15.019832260346865 11.335580526625979
14.102020730756903 10.938564159014096
13.72817048124815 10.011075080403334
12.838525595615092 9.554422063916041
13.833382353596178 9.655713875526667
14.225735077711114 8.735899035529187
13.493153306509818 9.416578070393323
13.768954447933908 10.377792786463134
13.958767760196142 11.359612987155725
14.13775535611846 10.37576165666623
14.685803427760789 11.212208493691229
15.44275178909128 11.86568318966582
16.33464828691527 11.413443610273102
17.274850265430914 11.072826171501582
16.418493393311262 10.556441714363832
16.628577980336942 11.534124928034931
17.07320356405754 10.63840840462972
16.619083161655183 11.529348728176657
15.634362603750015 11.703490689917459
15.42466090435758 10.725725279774553
15.552591249070396 9.733942124593108
16.544279844782164 9.86260342077506
16.137893256508157 8.948902189041725
15.227546202770114 8.535056515208511
14.592150910721083 9.307243553976921
14.4229144655566 8.3216680745599
15.341234830485789 8.717506055754633
14.472507717108627 9.212797083821348
13.57336418234508 8.775143220713854
14.00289674853397 9.678194589453854
14.993860403516369 9.812325251511139
14.006429241241594 9.970374926514566
13.990342454121361 8.970504327246767
14.889741162656502 8.53337509797318
15.871537604526727 8.723311262857505
15.660551021265702 9.70080022017817
15.675527680174476 10.700688063732601
14.855089192612919 10.128953257963612
15.135536369265612 11.088822718415154
14.388152370069406 11.7532150405754
15.02936009378976 12.520582393960572
16.018168484711314 12.669773432709986
16.460299792117567 13.566723769691492
