0 0
0.056962673183665415 -0.9983763087452401
-0.9429962848716865 -0.9893163857403269
-0.11832751100985683 -1.5549323450424195
0.09781580006905394 -2.5312939937545376
0.7974481825815083 -1.8167909991212423
1.5400507719169356 -2.4865233294684628
2.530605978626647 -2.3494088427783932
2.044458962236321 -1.475531804257078
2.889058289108925 -2.010930699517746
3.4095168960610356 -1.1570437992496436
3.871404097779783 -2.043982474067934
3.6751480422172857 -3.024535155291666
3.402731022364973 -2.0623558750664137
3.121736760566385 -1.1026464269331433
2.473393114084998 -1.8639942555024631
2.571599867657715 -2.8591602886611054
2.8469308504516437 -1.8978107945052447
2.573621418663446 -2.8597369634473377
1.7847235747001373 -2.2452126012044378
2.605695573957018 -1.6742441463523674
3.374082862898754 -1.0342590104368763
4.341161925652457 -0.7797829086445498
3.7935726588016347 -1.6165301792285527
3.9072532480288746 -2.6100475286658673
4.240644537755108 -1.6672589797670812
3.403559566661803 -1.1201860859314232
2.8937539069180915 -1.980475682110105
2.321606481105376 -1.1603248891848752
1.7557959735828468 -1.984860194418737
2.6383930274165213 -2.4549904322934326
3.280806579987872 -3.221348591036886
3.3413148470828813 -2.223180894899028
3.4424432102315707 -3.218054280896898
2.4810268923278382 -2.9429567278935522
1.4873365665918978 -2.830798194830745
2.440600374674688 -2.528658968315059
1.545958209580133 -2.9754423570337165
0.6153157546654252 -2.6095125535053265
-0.37189814022522494 -2.7689137007246374
-0.020483566557501887 -3.705133652132389
-0.9459230911367673 -4.084029002257596
0.042796753152218536 -4.233805734459777
0.4541956435788579 -3.3223503307478177
1.4541935929582732 -3.324375481844495
2.369659977690263 -3.7267699381007167
1.4664882529824925 -4.156049375866365
1.56269548123383 -3.1606880498986563
0.6359770364617292 -2.7849315807338813
0.017051475633492186 -1.9994819323454869
-0.18976330543830727 -1.0211018189283019
-0.41863762934603455 -1.9945577983417424
-1.2598747403212893 -1.4538914288327753
-1.3373636058529395 -0.4568982113440013
-0.36914070499805995 -0.20680939859908426
-1.2184517883229478 -0.7347020806297271
-1.987668716378382 -0.09571435180157417
-0.9876750854965721 -0.09214529088660597
-1.5484163121702956 0.7358458181891182
-1.0642712155005103 -0.1391419105080357
-1.2163836286804828 0.8492212888051345
-2.0609935145695735 1.3846035267047654
-2.3074873317153144 2.3537478906201326
-1.3991550962727954 2.771997278014778
-0.5990989888546008 3.3719224608358083
0.3927961510547612 3.4989816258896806
-0.1925332964825941 4.30977718448976
-0.6246744991270862 5.211583139768927
-0.5694490680107772 6.210057051174737
-0.1931109455419689 7.136539440417324
-1.1749753461284118 6.946954897637525
-0.32666572785835246 6.417454386258635
-0.7130798228601821 7.339779788263761
-0.8486009513280806 6.349005331720402
-0.7389968164933693 7.342980650139896
0.1623697385671492 7.776037613388766
-0.24222217051891431 8.69053495461076
-0.19489373574793065 7.69165557287234
-0.5500307271513022 6.756841303973452
-1.4322592125209122 6.286019788319756
-1.6355964547828252 5.3069110272981215
-1.010032612396028 6.087084007539213
-1.3578140423960527 5.149508369551995
-2.304161865251395 4.826358561913257
-3.1283654275665023 5.392652202939789
-4.073155067534825 5.06497471483826
-3.748080387430021 6.010663063267466
-3.3416028153384802 6.924323822732688
-4.229715853032722 6.46469872302913
-3.250843413760294 6.669170597948021
-2.2829252421460664 6.920436220465248
-3.0329892051796707 7.581801513898706
-3.4334577381729248 8.498112025724382
-3.849105821808875 9.407637545195804
-3.166429383794434 8.67691674969323
-2.522020111673373 7.912235973156769
-1.5456631119105184 7.6960716629340205
-0.5792217318560628 7.439184413506496
-1.5552173452225333 7.656974593931158
-1.9067027322558034 6.720781225709575
-2.7598428472404484 6.199099383775254
-3.483573637712176 6.8891818012611425
-2.547111870425202 7.239951467010273
-2.2449975244105245 6.2866797733509445
-2.493544061705515 5.318059817538207
-2.942774468718742 6.2114757572968
-3.7000674358097387 6.864551068416822
-4.504773401271041 6.27087749720871
-5.237531163244317 6.951367072637986
-5.499205682172906 7.9165232497116715
-6.455639047763188 8.208473959910577
-6.036759512100444 9.116515773156511
-6.47242147802512 8.216405418007406
-6.516577099767124 9.215430082902412
-6.109841140192433 10.128975844859006
-6.074815269639605 9.129589438911829
-5.360666145542599 9.829583030704981
-5.526055127343886 8.84335461664527
-4.558698487484391 8.58993573155628
-3.559072757930525 8.617292646841097
-2.5823151421037207 8.831639468427836
-3.508788831951418 9.207999006662211
-4.472357375949628 9.475460519813486
-5.460354456013656 9.62993307331395
-6.046943507001235 8.82004833752651
-5.419369580102892 8.04149136062797
-5.042295141579318 8.967674316534703
-5.717311379251987 9.70547718917633
-4.794670322999181 10.091136989151266
-4.157652712126313 10.861986237343041
-3.5223800815393016 11.634274191947448
-3.527193787059665 12.634262605999913
-4.089051384503837 13.46149657543919
-5.060079498990845 13.222531304163622
-5.467787475584797 12.309418931111068
-4.521375470294853 12.632380718700663
-4.651074635020554 13.623934109431316
-5.630995834777032 13.823319270032163
-6.522148830351748 13.369616351286638
-5.528037356330308 13.26125410131498
-4.843735805094251 13.990453242137244
-5.822712665625037 13.786481904579029
-6.637547788106717 13.206789121140883
-7.438824201843327 12.608494788233243
-6.701436869277486 11.933024639543138
-6.1848380992540966 11.076797034983274
-5.577468112617694 11.871216130507355
-6.533346271462369 12.16497954797746
-5.72790400107304 11.57230531277731
-6.29277917616162 10.747128945829827
-5.497873109034167 11.35386146057085
-6.4501410985943295 11.659124750304558
-7.355635439677156 12.083483087405382
-6.589782719857165 12.726499114845073
-7.03248331780388 13.623168608347344
-6.032735066748963 13.600731261966036
-6.342949174915118 12.65006454481713
-7.267722527637015 13.030582936088173
-6.639311052051099 13.808464043553787
-7.1139981395425265 14.68861867142829
-6.150559460500137 14.956547601790533
-7.150367166247504 14.97615758721091
-6.91719443259203 14.003722254512827
-6.331683794114212 14.814386976965517
-7.330341233182334 14.762586210620798
-6.906013917224891 15.668095089060072
-7.583690235862326 14.932734764349789
-7.749476301351798 13.946573022803545
-6.884413846281603 14.448237202138614
-7.145098713085439 13.482813253699657
-8.035083312312668 13.026822669215342
-8.145976413428832 14.02065500926312
-8.868079387221655 13.328869424533602
-9.063786424561338 12.348207018026795
-8.130532049427122 11.988990827839263
-8.265339943492307 12.979862581245177
-8.1857538954447 11.983034581560094
-7.353662266907238 11.428396391639968
-8.266380400358198 11.01980661096772
-7.327597979494855 10.675295992440569
-8.089039095395014 11.323530075944914
-9.070094030920375 11.129800332535876
-8.908649151496837 12.116682063498567
-8.343043749875228 11.292006048534837
-7.386894681403055 11.584886500015973
-8.265217520439956 11.10681852323217
-7.507883253661341 10.453791105459455
-7.105736979729898 9.53821567199531
-8.084343391705678 9.743956991228686
-8.483192798835502 8.826940551663839
-7.499337872822429 9.00590838273918
-7.774720188471147 9.967243173656449
-7.2238320203049655 10.801822244910042
-6.919967848765629 9.849106880672268
-7.918546932953198 9.795816988355663
-8.886232671880357 10.047976284589211
-9.257626958382305 9.119501037771231
-9.019913322993336 8.148165757062165
-9.355134404234178 7.206026262777098
-8.956539852902907 8.123153507846736
-7.95797690809397 8.176744974093747
-8.449706938646884 7.305997262611006
-9.030696790475451 6.492086461557095
-9.545514330797156 5.634786688912129
-9.32891068733208 4.658527060720092
-10.226249174410825 5.099870056141148
-10.981872279941408 4.444863397863298
-11.73045492243118 3.781821900396487
-12.694946889473746 4.045934083966958
-13.412201582105045 4.742745181681668
-13.440761439631489 5.742337265753
-12.842275992346538 4.941203588150984
-12.07286472551461 5.579957298490178
-11.941703123281927 6.571318299387306
-12.358345886922123 7.480388597827564
-11.857441188983776 6.614886152086772
-12.700709616539655 6.077393492520675
-12.907004029261067 7.055883459398173
-12.192925336378995 6.355818019334295
-13.181635191838836 6.205975362802254
-13.768026671857616 5.395947565648734
-14.685264291601346 5.794288059355885
-15.190429387887837 6.657310785298755
-15.370555595103262 7.6409542926092975
-14.712849016071544 6.887680069037035
-14.41933184671148 5.931726267176896
-13.72491075524608 6.651295129571596
-12.879099792004952 6.117812407769742
-11.942149825554282 6.467275940013219
-12.879262496549243 6.11824894698734
-12.012597069447153 6.617138751920204
-12.384354524703875 7.545468647195071
-13.234223068101468 8.07246338999926
-14.132380826658293 8.51213672412834
-14.069830899816573 9.510178560251504
-13.485141632403213 8.698921227112612
-13.690183153911335 9.67767450269213
-14.67215057796603 9.488624302757342
-14.559430625178965 8.494997505492051
-13.670108988888083 8.037715287135697
-13.81534777076502 9.027111919553104
-12.891408728162736 9.40965165024153
-13.55003949625432 10.1621179360797
-14.523262458821954 9.932254791728374
-13.872704421123684 9.172798249465304
-12.915918963573152 9.463593002203071
-13.86827017307688 9.768596565717967
-14.380515149311936 8.9097571835737
-15.241729938637992 8.40151601380675
-15.197247981856703 9.400526201703205
-15.447690481194195 8.432394725856255
-15.382277076012695 7.434536476192226
-16.37007113049913 7.590302024120032
-15.876937884880602 8.460255817183628
-16.872172127939333 8.362742733736745
-17.825000988518838 8.05923464085163
-18.377065118120328 8.893036294008631
-17.398400478882788 8.687572127045009
-17.852176199645847 7.796456200105103
-16.95012641564969 8.228088204470502
-17.15834698985735 9.206170099035898
-17.958377502378113 9.806129413519612
-17.94397065559454 10.80602562951693
-18.881697891931736 10.458653163378052
-19.3384631824741 9.569065916754232
-19.437632158325687 10.564136524414083
-18.93867503579008 11.430763197134803
-18.970889035524078 10.431282202707626
-19.63804152585899 9.686361029267157
-20.026311269823367 8.764815259420732
-19.352304908816023 9.503540800688691
-20.352248108978515 9.514198964170149
-20.163506603900704 10.496225768417855
-19.2330441798946 10.129838435786551
-18.40257335634317 9.572776310678577
-17.803294765278956 8.772235761866657
-17.60903668698405 7.791285304903019
-18.517171351021126 8.209963501104191
-17.66822577680889 7.6814832157335315
-17.304884499778684 8.613139330620383
-16.36109753150939 8.943693650702654
-16.752024901455464 8.023272121496039
-16.569650381911412 7.040042985118827
-15.712037219357615 6.525747677523595
-15.432264993561137 5.565681272698969
-16.374504820226615 5.230742309534916
-17.292316137623434 4.833725451381117
-17.254796279167074 5.8330213336009
-16.386773602875575 5.336496778877022
-16.76622658751952 6.261707799371699
-17.633440100776365 5.763771335126796
-16.633444110225835 5.760939571919547
-15.74112261269143 5.309539145426663
-16.72631143666626 5.138066170544055
-16.75750132112333 6.137579647745615
-17.599414763834414 6.677192244876528
-18.23137872204165 7.452190022632724
-18.699197780938466 6.568365759482578
-17.724276283402727 6.790914795972683
-16.740219026194858 6.9687667415243775
-16.596869616696143 7.958438882587451
-17.500446708797604 8.386864417108294
-17.448688847567254 7.38820475345863
-18.384994306804508 7.037018069481979
-19.135964464132297 7.697354213277757
-18.809826256118463 6.752032115115695
-17.89328517623576 6.352091558423261
-18.797528578145013 5.925074146478991
-19.174148761422618 6.851441912297698
-20.02581427623498 6.327356183738525
-19.4247890790242 7.12658625844652
-19.12327608896668 6.1731241895488775
-18.1640407958081 5.890515533703072
-17.73743610014758 6.7949537204468635
-16.83306557184479 6.368205612615869
-16.026110105791457 6.9588179015217495
-16.54592932088868 6.104541609204266
-15.733121305508705 5.522009953296992
-15.150177674302219 6.334522551867498
-16.138197735788467 6.180197057859827
-15.258824224188672 5.704064484833526
-14.473934815651777 5.084428610818308
-14.942425697176862 5.967896942977333
-14.12413967674304 6.542708206578332
-13.140392055969468 6.3631514784327745
-13.864045070687204 5.672987502054746
-14.206346677185898 6.61257763088136
-14.7041341042534 5.7452785605177885
-15.625080321609596 5.355588857372692
-15.901714783403648 6.316564077941837
-16.38668515194934 7.191094661530915
-15.532317728448003 6.671425241938337
-16.090283564221785 5.841561321702456
-15.721673351087755 6.77114537426214
-16.642477459934888 7.161170749244639
-17.241657293559168 6.36055628086552
-16.4096160567954 5.805842498519509
-17.408501190279306 5.853049384720952
-18.320147490858307 5.442073688796459
-19.07729763093868 4.78883279496305
-19.136258396282685 5.787093095761419
-18.44342104625486 5.065999200067924
-18.32919504837183 4.072544409245701
-17.73012124380656 4.873238218815685
-18.687814585763263 5.1610288767109775
-18.154111725968523 4.315356802295063
-17.293062511543972 3.806835170170268
-16.383277769944915 3.3917547876495635
-15.428175546305953 3.0954783248653728
-16.09786887039974 2.3528405587477237
-15.973044586736409 3.345019422767683
-15.003793601973644 3.0989451889754944
-14.301013363000052 3.810352200262438
-13.383574284109892 4.208228483201212
-12.936737601501203 5.1028440313978995
-12.314740883085436 4.319824183450214
-11.319311261448728 4.224326181543365
-12.115700437000472 3.619541690121822
-13.105404334628185 3.762671683556156
-13.287964154122909 4.745866431460178
-14.056922277076241 5.385165582987917
-13.164368912009854 5.836107364716633
-13.096461549970126 4.838415733910398
-12.436546842316115 5.589756254993829
-11.68139386103024 4.934207648973608
-10.857027674962879 5.5002645288617975
-11.666699703231018 4.913381911432929
-10.918330174155683 5.576663938893015
-10.072534245789749 6.110170497015412
-10.91334757729119 6.6514956687647455
-9.91846688239543 6.550439234413795
-8.984585777776237 6.9080229063498
-8.035889065644183 7.22421042727659
-8.290773472394736 8.191181956948181
-8.871497210368169 9.005282651060504
-8.67509926218796 9.985806922025075
-8.918592117412041 10.955709612739367
-9.392963537552001 11.83603441402262
-10.187955000605342 12.442655031601934
-11.18735292195847 12.407959285536325
-10.559013942157845 11.630019617912215
-11.19015291472481 10.854349844550434
-10.25696163409099 11.213729913208965
-9.442211300843242 10.633917965701254
-10.405104520889846 10.364035311963963
-11.3611112621198 10.657380008051833
-10.887447208538775 9.77667440210556
-11.67001777139632 10.399236297943093
-12.284174642234595 11.188420267624522
-12.940350775957144 11.943028034303957
-12.90959480132252 12.942554957415222
-13.496763346590416 12.133090258093514
-14.171802925355866 12.87087177527876
-13.464816909611333 13.57809930128554
-12.655219850027823 12.99111326983868
-13.01179464368792 12.056846489670264
-12.012140681371521 12.08315153909279
-11.023272162790892 11.934359560276217
-11.46293639611397 12.83252177387487
-12.410405113626584 13.152370221323034
-12.089707954292326 14.099552005351283
