0 0
0.8449234236884635 -0.5348872854186807
1.4504332681248178 0.2609505298996555
1.4270950856279512 -0.7387770976258335
1.016514083198099 0.17304703039650482
1.5229202786058076 1.0353420873536288
2.073305265368619 1.8702530804218118
3.0198473190520465 1.5476726398976548
4.018733655230327 1.5948540705280465
4.052654188919445 0.595429537411991
4.986638692919623 0.952743050013378
5.960507909764452 1.1798526017324529
6.8958290866692815 1.5336523982747419
7.792240086417401 1.0904286178538607
7.097879819514356 1.810056174126084
6.121226650206671 1.595233952553792
5.152304872277857 1.3478666381097308
6.002110552070153 0.8207705305612559
5.002226554425293 0.8055392714625199
4.831872369443264 1.79092216742688
4.018350970049061 2.372457147224053
4.636825666338877 3.1582618621814147
4.902824821058157 4.1222351240972355
4.242158333888817 4.8729146780557295
4.668583644593767 5.77743745520962
3.7826810557815707 5.31356613346635
3.6791636354588437 4.318938492743587
4.464510996615693 4.937993839480835
5.007673720115064 5.77762129008065
5.384409619274198 6.703942002514934
4.39131152803364 6.586655254864739
4.877120900626256 7.460720042795913
5.865377132617003 7.307914218523895
5.1225153650948005 6.638469378112238
4.179524153809034 6.305651747212368
3.4659243609150905 5.605098154985676
2.8709642281373338 4.801342943242029
1.87649323902748 4.696331268563119
1.626445432575203 5.664564760283171
1.3466765893657073 4.704497369747892
0.6939833512358727 3.946875078035464
0.48382109238399407 2.969208557715638
1.3875246930212066 2.5410499396833286
1.650382345945836 1.5762153143205389
0.6666816857430253 1.7560291378062611
-0.2928897164084291 2.037494453916598
-1.2219917624087007 1.6676709985786364
-2.141833628025623 1.2753816382100696
-2.438985273831068 0.32055133946839487
-3.295552817733526 -0.19548358447853176
-3.696483424447485 0.720624841746212
-2.699119360646805 0.7931846394236652
-1.7072177260840444 0.6661761855643878
-2.624120482694618 1.0652868656018066
-2.880531107960789 2.031854810058176
-3.612119955779092 1.3501087006098804
-4.309207619120045 0.6331227944598007
-4.495350412936054 -0.34939990772594043
-5.495186845565975 -0.331313780836112
-6.384079154307431 0.1268024309052811
-7.112911344831225 -0.5578899365534831
-8.104241719730487 -0.4264970607873664
-8.311045552770626 -1.4048794883891231
-7.311215408098235 -1.4233099469940165
-7.233732166616378 -0.4263162924056514
-6.7598094765478685 -1.3068827486360868
-6.052049857072128 -2.0133360882414393
-5.850209115463649 -2.9927544437090807
-5.239098246135553 -3.7842994553092164
-5.2152702351816425 -4.784015527948833
-4.672885825242795 -5.624145965354412
-4.024705291850081 -6.385632666571667
-4.98736073927504 -6.656362217125449
-4.997169529493148 -7.656314109785519
-5.931965352901553 -7.301128568781662
-6.206880647286713 -8.262597019076898
-6.684963801534961 -7.3842824412495425
-5.68998110208771 -7.484329569147663
-6.682708646005039 -7.36394674833062
-6.5202786325495 -6.377226681275716
-7.283122198261012 -5.730643589745674
-7.272151636266158 -6.730583411319711
-6.3534667054508205 -7.125574547793453
-5.6531039354729 -6.41178747139822
-5.840244375058356 -5.42945430191255
-4.996820820854811 -4.8922050969669675
-5.616073500982598 -4.107013325388486
-6.368521281145332 -4.765665235070811
-5.396367748116096 -5.000010083998141
-4.403902987219471 -4.8774796862251595
-3.7031254037304575 -5.590859513862092
-3.1696640284608324 -6.436683940735329
-3.8472046324378977 -7.172169311060527
-4.771247162908415 -7.554458994261163
-5.7237259944003895 -7.859063780106171
-5.107562345299953 -7.071445625460639
-5.662541674898009 -7.90330976323729
-5.66261405825983 -8.903309760617615
-5.017616267753075 -8.13912532591523
-5.255423025176043 -7.167812839573181
-5.514612696181187 -8.133639280733416
-5.0456128798474 -9.016837544023643
-4.3656394903213425 -8.283600754482608
-4.221441057747694 -7.29405196233373
-4.064687504616428 -8.281689711501269
-5.063025515527703 -8.224059719572418
-5.86774569667929 -7.630405417770976
-6.039923838217941 -6.645339588713701
-6.763983270894956 -5.955602002416246
-7.756965564505713 -5.837338886545241
-8.502865721134953 -6.503396659069875
-9.30288802942405 -7.103366913532365
-10.277222419617976 -6.878261391420113
-9.277451290918936 -6.856867695623296
-8.404615499391157 -6.3688536783778105
-8.032596226221695 -7.297078683638101
-7.409318719028065 -8.079079418309428
-7.493157147758814 -7.082600056823221
-6.594225784441015 -7.520689550013373
-7.510103355921448 -7.119231863501947
-6.813115587897987 -7.8363148790766255
-7.067257697859892 -6.86914799174843
-8.04127397622368 -6.64266998071346
-8.237000653991368 -7.623328467450828
-8.864328804936639 -6.844573441122531
-9.365031089869618 -5.978953881579834
-8.660276050097849 -5.269503154667602
-8.500392203547916 -6.256638989095872
-7.7913395770303975 -5.551483422693245
-8.514200052473335 -6.242477440787765
-7.859789096890548 -5.48633836547607
-8.569343996086362 -6.1909885233751645
-9.443360173557455 -6.676885345261066
-9.82233362526999 -7.602292889479875
-10.760382107429287 -7.255788856143115
-9.814244641951198 -6.932023668980107
-10.559505632014734 -7.598796536371633
-11.472200689909684 -8.00743785989892
-12.058628427187472 -8.817439408632781
-13.05315283112794 -8.712934815590874
-13.30117510355908 -7.74418048534089
-12.915154387229858 -6.821690373434711
-12.066685376766225 -6.2924453089486425
-12.976688301358843 -5.8778434791976375
-12.534671765474277 -4.980836577326416
-12.068306023083819 -4.096244584187999
-11.97497442315186 -3.1006095042243906
-11.154443542261623 -3.6722117028778687
-11.292260789863054 -4.66266937802788
-10.51013926005818 -5.285795298380808
-10.709608602158603 -6.265699365910903
-11.51150478481675 -5.668235967669394
-10.517359104148547 -5.560187989396992
-9.682596781535517 -5.009577542033613
-8.68335046542342 -4.9707600236121126
-9.682634565543292 -4.932927666460907
-9.655532750611934 -3.933294988109791
-8.671883113026489 -4.113387715553244
-9.44372748543257 -3.4775762145680353
-8.472733399203541 -3.716679716232595
-8.6640317662113 -4.698211648866559
-8.103499935557593 -5.526344528798279
-7.9459077798278 -6.513848813575027
-8.842158448696464 -6.070300914749577
-7.866545854089551 -6.289800493893517
-8.338596762964231 -7.17137178393794
-8.631024486142682 -8.127659411546217
-8.731593305626477 -7.132729307193336
-8.122511932271758 -7.925837043022667
-8.18244297530472 -8.924039562595214
-8.993925211524374 -9.508416650013904
-9.411871025414845 -8.599944693016095
-8.660023191185823 -9.259281355249533
-7.770723957900185 -8.801955570192998
-6.853851731384982 -8.402774758723993
-7.05073014973705 -9.383202669580873
-6.052482263318528 -9.442373247243715
-6.9012591709986 -8.913622113921946
-7.6306376187807015 -9.597732543539104
-7.5284813986098325 -10.592500911894472
-8.455769815950674 -10.218153224489415
-7.6690361575701615 -9.60086062711665
-6.757958412423065 -10.01309519905074
-5.890578352412898 -9.515448907497435
-6.785320054352064 -9.068864887618751
-7.3905689918609205 -8.272828629873917
-7.11347594090502 -9.233671718578806
-7.269182780517734 -10.221475029009492
-7.560127481493126 -11.178214900120935
-7.819907420890612 -12.143882743163582
-7.023363750950441 -12.748463740117872
-6.795514720403762 -13.722160211960581
-5.844869815348206 -13.41187926750554
-4.910072620425715 -13.056697336144946
-5.801785228562171 -13.509299395895539
-6.3485857058795965 -12.672036451531323
-5.63564461143512 -11.970812524492098
-6.590519491154572 -12.267820881412847
-6.141285852443014 -11.374406566634999
-7.088216026951085 -11.052967233935789
-6.089566793575565 -11.104925954844653
-6.120331774209016 -12.104452600795938
-5.236303963573233 -12.57188690636465
-5.31478485004448 -13.56880252488945
-4.856522968244799 -12.679985306509082
-5.302181614231701 -11.784782328823505
-5.615013311379281 -12.734590903884694
-6.403881702814022 -13.349153074047457
-6.779784517756132 -12.422493981544395
-7.543095959959348 -13.068524663634376
-6.577370953165798 -12.808957309651642
-6.310733875277494 -11.845160303692822
-6.555663833381095 -12.814701079330117
-7.501578595999469 -12.490285817881729
-8.07166820527457 -11.668703297743573
-8.227918042994554 -12.656420862745065
-7.3120285370657205 -12.254990404347305
-6.490623487585332 -12.825335689843838
-6.653196070109009 -13.812032277155044
-5.881800337115657 -14.448388013453265
-6.351103638247187 -15.331425052057563
-6.286144130055 -16.32931295272348
-5.419943643550419 -16.829009577866405
-5.643877146409675 -15.854405152318694
-6.641099696143903 -15.928884587745973
-5.832251900437668 -16.516902651568135
-6.6250388489464305 -15.907403796545285
-7.479614971974427 -16.42672994642649
-6.682289493350333 -17.030279514512543
-6.197872063697576 -16.15544252749804
-5.357317861993708 -15.613715073885087
-5.775146571884442 -16.522240895857717
-5.6964344369602795 -15.525343509054201
-6.641991992240854 -15.199888581834125
-7.558434646220502 -15.600054624829705
-7.810500574745184 -14.632344560979488
-7.465029133655827 -13.693915297054048
-7.0334466040619645 -14.595988753125871
-7.312894115488287 -13.635827783101764
-7.834901056281997 -12.782886546108738
-6.835623074146998 -12.82088015636368
-6.730855523758882 -13.815376893606027
-7.725329292084427 -13.920362245500419
-6.921169944149337 -13.325948464428167
-6.01954708678997 -13.758471554085968
-5.512300538991948 -12.896670567925597
-5.835942065033833 -11.950490795038181
-6.835709120517837 -11.97207400075103
-5.934536646736081 -11.538613307610268
-6.596184210378427 -12.288428285805654
-7.5752546811958155 -12.491949815805349
-7.152564010657404 -11.585675797067204
-6.411755337812154 -12.25739189054514
-6.115283750723632 -11.30235021708308
-5.480567765364064 -10.529604710509904
-5.952406207738473 -9.647919684949363
-5.333922010135284 -10.433716921719217
-5.388095040586288 -9.43518535848661
-4.472337570124087 -9.836916929678956
-3.991072193565519 -10.713491876461
-4.98893260580268 -10.648111468922636
-4.893279394793195 -11.64352618813447
-4.636086188484715 -10.67716618553256
-5.233382263027906 -11.479187007790495
-5.539478774076317 -10.527186521486003
-5.175778656184328 -11.45870261058235
-4.863597772780947 -10.50867992872813
-5.0242128546761595 -11.495697048877418
-5.985963105663225 -11.221769221290813
-6.16725106447293 -12.20519927777201
-5.466767728256492 -12.91886803544821
-5.1164691617956 -11.9822299440087
-5.855732070763356 -11.308813021571693
-5.5321577957791614 -12.25501579506607
-4.756555003445596 -11.623794511739552
-4.547476028349147 -10.64589575308781
-3.8758368718810425 -9.905017326152045
-4.47976669767194 -10.70205481932296
-3.479787815488842 -10.708553679826249
-2.6234257293324417 -10.19217786959318
-2.0265733300984117 -9.389826815796539
-2.9247418222126855 -8.950175408687256
-3.8606692343300315 -8.597982451279918
-3.6352012358995527 -7.623731876897869
-2.995172502817991 -6.85538090186757
-3.8950090858337276 -6.419153754768076
-2.973488424492246 -6.807483087578203
-2.0103236562115208 -6.538571151913872
-1.9511660233392143 -5.540322498284454
-1.3437630551922002 -6.334716376839795
-2.007336563441941 -5.586605289400817
-2.9989739469230043 -5.4575498761752135
-2.802756775577423 -4.476989413139334
-3.3896657201900147 -3.6673364685181626
-4.347882522738469 -3.9533794011590815
-3.84603773699381 -4.81833709435621
-3.0793665541221404 -4.1762971443887995
-2.8953198435132217 -5.159214642612347
-3.57247993117475 -5.89505036862613
-3.607882035032958 -4.895677219575981
-4.439049358497907 -4.339654845562027
-3.988737677545746 -5.232526275275196
-3.417795548541961 -6.0535165829698885
-4.414712948496926 -6.131974837264973
-5.411366872265214 -6.21371195390898
-5.322486357629985 -7.209754249255004
-4.986400747799642 -6.267922808462669
-5.742930239230173 -5.6139632312747025
-6.7425462315714295 -5.586252802631252
-5.776822097498704 -5.8458234035657295
-6.627305964167508 -6.3718245371539375
-7.519412893589367 -6.823648868589843
-8.433579945912465 -7.228986506179664
-8.709876795126105 -8.190058850550583
-8.675605790387124 -9.189471427134539
-8.241926760666027 -10.090538849240215
-9.202898984340088 -10.367183721462585
-10.0711290422759 -10.863345556448689
-10.741474891609236 -11.605394370396644
-11.737893644278055 -11.520838653085995
-10.747130919977405 -11.65644552657091
-10.29812620482571 -10.76291613938124
-9.343271849313922 -10.46584180565285
-8.544929069462396 -9.863638512853036
-7.70783655396712 -9.316577163001131
-7.870504159402685 -8.329896236793546
-7.219607644603349 -9.0890627053774
-6.318718179411115 -8.655014123412604
-7.14298865754696 -9.221210360483909
-6.565069776749106 -10.03730457515361
-7.181175208429711 -10.82496827055518
-7.153365663998757 -11.824581510382735
-6.840380150622727 -10.874823610485745
-5.841084655105888 -10.912353766890366
-5.939861754110733 -9.917244182617264
-5.368064872246224 -10.7376394080361
-4.4667681117335825 -10.304437204106552
-3.9581755296269825 -11.16544451268537
-4.745956129882167 -11.78140045742621
-4.4618226009479205 -10.82261573824501
-4.367062002176992 -11.818115828109685
-4.033873858714711 -12.760976189486787
-4.068209355187184 -13.760386552491887
-3.214404522764301 -14.280979779619683
-3.6384377632916296 -13.375333153761732
-3.6231038077504962 -14.375215581753874
-4.504676918837369 -14.847263089753454
-4.26878237496782 -13.875484429680814
-3.6023443748345954 -13.129923974735389
-3.2465304020738075 -14.064480777069086
-2.642380122165224 -14.861351180137477
-2.097062091928456 -15.699580412447286
-2.969135820028776 -15.210205900690482
-3.8794240105249287 -15.624181033087634
-4.181504592208775 -16.57746342680397
-5.061286978278222 -16.102086783328556
-5.909788833247044 -15.572894377757134
-4.910593808217176 -15.613010483694312
-4.774333818391542 -14.622337371526267
-5.773633449874693 -14.659757239479498
-6.754005061384758 -14.856915813589678
-7.197571491756496 -13.960674316086202
-6.915858107615362 -14.920172919105378
-7.913448878741207 -14.850799629111735
-7.086842039258883 -15.413579455439086
-7.3615212273392645 -14.452043525982727
-7.767062598507526 -15.366120216567804
-7.114962269378921 -14.607987536392121
-7.954774381664417 -15.150864701189624
-7.710276467402782 -16.12051451938262
-7.831596341091639 -17.113127983047164
-8.643629504335303 -16.52951668963991
-7.884913534612316 -15.878095107799618
-6.975363364116897 -15.462500970026051
-6.426644404833236 -16.298507850214637
-6.752033044836019 -17.244088218537257
-7.1406478483999045 -18.16548853026447
-6.260568950493748 -17.690661052689418
-5.297666903862519 -17.42080989261522
-5.979527972896066 -16.689328189128094
-4.998376700011634 -16.49608694167492
-4.21425003657691 -15.875486123361952
-5.128949084892535 -15.471350439450609
-4.172622522631481 -15.763650809470821
-5.168747229311615 -15.851602891546333
-5.784707194691598 -15.063825434995888
-6.419069296640755 -14.290789392103548
-6.543486360630901 -15.283019402830936
-7.239726034938528 -16.00082878972972
-6.242748228593391 -16.078515684732928
-5.790115188950154 -15.186818801580742
-4.790220640849827 -15.172296657137064
-5.459370990095037 -14.429169608709264
-5.199828016294624 -13.46343804934567
-5.401101033462242 -12.483902867455686
-5.733930048405205 -11.540915674110996
-4.852881979242609 -12.01394241735588
-3.8766519492769067 -11.797205414070413
-3.2340714177121823 -12.563423568680442
-2.3272504564676577 -12.984939575787594
-1.4746410033626631 -12.462390898173727
