0 0
0.48057663138733836 -0.8769527361063413
0.25899634861679544 -1.852094868457993
-0.5141388432172883 -2.4863361278756333
-0.782287349198219 -1.522958539003962
0.19910839569426686 -1.3309627267920208
1.1633079981904957 -1.0657851890062682
1.5178121558882016 -2.000839627087303
0.6506540019333346 -1.502806760672257
1.2874538991006765 -2.2738358722936423
0.4787573743032395 -2.8620619604438944
1.1758430741854933 -2.145074145331484
2.174340132790731 -2.090268817518497
2.4262548261647807 -1.1225193730535268
3.3275625746312643 -0.6893400308010619
2.4583372552972333 -0.1949238657855441
3.3769195385073707 0.20030592683192916
2.4278807315078517 0.5154651608850174
2.6164735412701567 -0.4665902103166064
3.6163813694267333 -0.45301320066062944
4.016506601229445 -1.3694736738261808
3.595815862604715 -2.2766777867111365
2.682184235639869 -2.6832208351199958
1.828574842654742 -2.162307210602876
2.8037618612427067 -1.9409245582167498
1.806304668762261 -1.869656408465075
2.0956135925687907 -0.9124206242374336
1.1772426643491962 -0.5166999674590939
0.25873033375012244 -0.9120923024094033
-0.3690065184332938 -0.13366668334817544
-1.3413584444428206 0.09985361980674043
-1.5567360482485724 -0.8766772234229512
-0.7677642750614612 -1.4911066669833861
-1.7325256776588083 -1.7542329409630089
-2.006998992857562 -2.7158276576934024
-1.199782620639664 -2.1255720110254726
-1.492033868892913 -1.1692304361190913
-1.5381873832932709 -0.17029607736047092
-2.0612970602771323 0.6819692955403879
-2.3244133432375333 -0.28279483192347155
-2.1134888274635033 -1.2602971841689743
-1.9904991197496984 -2.2527051304272017
-1.998788830772573 -1.2527394906719362
-1.0007827975217347 -1.3158580901092387
-1.3179887985257341 -0.36750143097352583
-2.307807551296256 -0.5098349711663003
-3.273377753422436 -0.24969234727315903
-4.210336576187436 -0.5991321338499377
-5.179530493248569 -0.352833227779086
-6.173257067485261 -0.2409963123360782
-5.6648573363340216 0.6201248831790173
-6.087597942888053 1.526375609838218
-6.437802877994861 0.589702506014458
-5.561213283252056 0.10846381015901824
-6.437070636719922 -0.3741062846212793
-5.437638899716992 -0.34039867314694117
-6.352074335482729 -0.7451304779460302
-6.126522690145129 -1.7193616903825348
-7.041367269522295 -2.12316782652241
-6.657310388574523 -1.1998583918274819
-6.518976864631991 -0.20947269112616373
-5.729879128374037 -0.8237403547977684
-6.7297515164663775 -0.8077651386640179
-6.088715841919964 -1.5752762225962464
-5.3886031399594945 -0.8612438671993699
-6.232295590105822 -1.3980707010723492
-5.267880163366827 -1.1336791643926714
-6.178223657256537 -1.5475326688271207
-5.361643796600697 -0.9703001929811322
-6.326922081060104 -0.7090764698028882
-6.180115318246685 -1.6982416604521773
-6.371485922510125 -2.6797595114481974
-5.489954178160412 -3.151884265833892
-6.31345615334544 -2.5845708631486066
-5.420372032005283 -2.1346811519858817
-5.037742190541554 -1.2107794232173716
-4.289836356404998 -0.5469745849821398
-4.1549064451263344 -1.537829730319909
-3.225414313730399 -1.1689877890048772
-4.209149391661333 -0.9893623552594841
-4.304195394597864 -1.9848352365203394
-3.3191008150998127 -1.812821663092083
-2.3322800194594464 -1.651004737859541
-3.0587197645986666 -0.963774575045026
-3.6684322454423155 -1.756397241074381
-3.582903915353075 -0.7600615021027501
-4.3695652613517675 -0.1426767543874169
-3.387343239480971 0.045046179086479426
-3.3413319299956123 1.0439870979597843
-3.5686585650042177 2.017805664745027
-2.6082670497836635 2.296459818656947
-1.6103604612825215 2.2317880270781414
-0.6213535458993877 2.0839187560163728
-0.0017894406375624783 2.8688648175206737
-0.989158925958722 2.71043029017064
0.009106368459243952 2.6515541323424348
-0.9717836622007399 2.8461170983761996
-0.8434012387520313 3.8378418350594368
-0.2836077575225251 4.66647399613753
0.3022759569820511 3.8560788622193156
1.229788221429172 3.4822861398447698
1.139188379212694 2.4863987623816604
0.7890804292359506 3.423108121448325
0.20203324794788624 4.232660841746231
-0.7351052731896398 4.581618421116805
-0.2875660170202139 3.687354134573215
0.6765794246416729 3.9527285254299915
-0.06888893814523511 4.619269536984275
-0.11265290439844713 3.62022763833448
-0.38039508595903726 4.583718232068106
-0.18541732796687152 3.6029105680032556
0.7835219994371154 3.8502091321113183
1.6465007182957219 3.3449688617476445
2.5767967085185197 3.7117785815962114
3.10053547423475 2.8598996551717812
3.1072250773469356 3.8598772795265472
3.900980566381385 4.468114259352406
3.8134759564337997 5.4642783739630065
4.1923896871686175 4.538846375023796
3.1979166766404084 4.4338538451420915
4.184351722186865 4.269701778698323
4.4680467968411515 5.228616323700587
3.8788038156216444 6.036572206830073
2.9722677464308136 6.458700570312127
3.2039214642165557 5.48590225872023
2.554149682257779 4.7257729069845436
1.7170586469586728 4.178709292199324
1.5682509026350906 3.1898431459341543
2.3653164821628048 3.793735902913528
1.400565863024999 3.530570094204986
2.394279057713259 3.418614358744704
1.5858655696654669 2.829999346752653
2.5701684791967057 3.0064866898918647
1.9398196059599588 3.782798674862575
1.382762289246915 4.613272723762638
2.326046520547058 4.281286490643706
1.656663188763547 5.024203683290643
1.0186108253260255 4.254210708315031
1.9708253939688651 3.9487808223111713
1.4369509346286025 3.103217068556233
2.40253155722427 3.3633210117554153
2.2280777104853575 2.3786556597916144
1.8354030423968868 3.2983331059876213
1.242342729065826 2.4931750688597143
0.34872354537726025 2.942001042421608
0.06967364012678867 1.9817244414468145
-0.48610586799117683 1.1503947003956765
0.4980338148686877 0.9729994224977421
1.1000183401303154 0.17449166965777574
0.2336538329538993 -0.32492052553269585
0.3231906073083783 0.6710629914183606
1.2306972324815255 1.0911007578951915
0.6046136640687758 1.8708567231583997
0.4087650757035375 0.8902225760702293
1.2253331953493793 1.4674716609357268
2.2240656975808633 1.4171388785127492
2.403868556531348 0.4334362141302478
1.41103802347588 0.31390574674725913
2.1826982440807825 -0.3221292396615024
2.777889975216863 -1.1257129647251924
3.777135868785707 -1.164541358791939
4.077872689015539 -0.2108341893955621
4.716342719510369 0.5588124958827749
3.78135177025597 0.9134840690492161
4.41185947834102 1.6896670565240366
3.9502004927289227 0.8026095719134791
4.100518448969928 -0.18602813323008216
3.6601264097928627 0.7117774425097136
4.6394053528997965 0.9142934951755847
4.10153534986052 1.757321288211217
5.101471906670711 1.7685854949999964
5.092874546180269 2.7685485370133485
5.685001878406212 1.9627041212413041
5.92020434114851 0.9907577227604218
4.956286634169046 1.2569581250355717
5.7944481115627156 1.8023802897972003
5.893315338868739 2.797480923584969
6.783816351401845 2.3424996638857234
7.740250763568702 2.6344469454675865
6.81390657164453 3.011125107946316
6.031099935231481 2.388860075996353
5.0758619406161944 2.093021651103023
4.42267520830193 2.8502185163425815
5.308215114668706 2.3856552007095866
6.274973831168043 2.641345607398135
5.525251695642123 1.9795928442739796
6.010413499160608 1.105168448224389
5.01595156965241 1.210265882821211
4.693962624782048 2.1570093113071294
4.316248109079175 3.0829314163609745
3.7436866386559022 2.263069621552398
4.683494619470344 1.9213665937673325
4.830488958010519 2.9105039272236817
4.993824609186706 3.8970744847890546
4.010458426577199 3.7154403720788944
4.777627005892789 4.356885904381443
4.2385423934594515 3.51463429076613
3.7653595998273 4.395598560081561
2.8795156859826356 3.9316151979829117
2.5954583197227254 4.890422484497508
3.5294164608789598 4.533040069474061
2.6628727435312176 4.033938891429813
1.7436926402129698 4.427776342244048
1.648639784147106 5.423248569156343
2.475965678730149 4.861526338732472
3.474289486011646 4.803650818735018
3.2944903194504622 3.819947479458433
2.390177101429023 4.246817018910136
2.7767215544784314 3.3245462420681426
3.004504806784196 2.3508343801865035
3.7811733420683784 2.980743886623359
3.966809768237354 3.9633623869983574
2.974239446863939 4.08503472209831
2.297724087522155 4.8214632444782195
2.8103446343207095 3.962847978483053
1.8131742462494973 4.038022556326283
1.9081206380525302 5.03350494325414
0.9281892306200134 4.8341699570441765
0.09755821088498173 4.277346727415651
0.015053988773380836 3.2807560123606896
1.0049686250614214 3.422421155789539
1.195750197018095 4.404053669412504
0.4067364903874159 3.789678075212249
-0.5908345757771464 3.7200220061923956
-0.8564203488244462 4.684109241433516
-1.09697763641681 5.654744183822365
-0.7873679079327061 4.7038804627624025
-1.770691808329388 4.8857433421761405
-2.2770488828000905 5.7480672448562595
-3.204568529978212 6.121841647535968
-3.9288181062171392 5.432303721590096
-4.492317475998581 4.60618722843921
-5.011426190917536 3.751479007994835
-4.023533224196317 3.5963420159434625
-4.251999893465172 2.622790280783386
-3.9417151641025825 1.672146611091958
-4.026453846697372 0.6757434017072735
-3.782869380174202 1.6456230889203953
-4.782531474573291 1.6196289160805695
-3.809617061909041 1.388463292273361
-4.803839830265055 1.2811269662578666
-5.548304843570755 0.6134654921830602
-6.547130185276456 0.5650099789106686
-5.655793456655794 1.018351832495596
-4.958919555464492 1.7355455063650858
-4.001716735319358 1.446127536801682
-4.616315375130509 2.2349675154680044
-4.438565657286385 3.21904324314669
-5.203209642913127 2.574590316048946
-6.202805253608205 2.6030264740020566
-5.203389587991642 2.5688456706147487
-6.164733904610446 2.844194730727043
-6.600406726329422 3.7442998314877407
-5.759894461416576 4.28609234946033
-4.935860222539887 4.852632350836151
-5.93586016766131 4.852301054667595
-5.778095575855359 5.839777805569763
-6.771332610286951 5.7236735703604555
-5.797172179443361 5.949530726498207
-6.256150307340485 6.837978292825028
-7.198542496360556 7.172488325670024
-7.317614348250154 6.179602685685447
-8.310511704507086 6.060628571114268
-9.222798188806081 6.4701812179930025
-9.896972243909046 5.73160871415467
-10.632428926497788 6.409180457983737
-11.539439869973316 6.830287509000021
-10.888592682335368 6.071078750921076
-10.023066717932375 5.570214692573636
-9.908122164423867 6.563586601587943
-10.037819114728544 5.572032921204643
-9.28768032005236 6.23331333730795
-8.444564244884218 6.771044946749936
-9.191440697773135 6.106082117623323
-8.229702557189748 6.380052460812524
-7.241685620454932 6.225706962902315
-8.131918586565245 5.770201456842911
-7.133445392073687 5.714963065466764
-6.392715049056859 6.386765535642463
-6.046504210453835 5.448608802876668
-6.9091611296644135 5.954398324059259
-7.325646836550465 6.863540587931985
-8.30480790782671 7.0666257831017845
-7.616027382825746 6.341655860705416
-7.385772235221241 7.314786153626989
-6.542400210254683 7.852116245380473
-6.530984990103834 8.85205108963229
-7.513458794989552 8.665650384930354
-6.740425522400868 8.031284907093777
-5.791203333074668 8.34589138396731
-5.392142254252123 7.4289670384681905
-4.705145048654029 6.702306980738023
-3.7406421564479353 6.9663792642629705
-4.141036004768132 6.050036115531371
-3.6335419604262875 6.911691380099259
-4.501365230335075 6.414818386060723
-3.502183499535931 6.455264261465095
-3.6843480820414753 5.471996208042946
-3.509921699405237 6.4566664254459285
-4.421499872120002 6.045539638395985
-3.838694678851297 6.858151542504599
-4.772506668129682 7.21591566686581
-5.355498246783707 6.403437470716223
-5.043048740780948 7.353371840132675
-5.509713395282739 8.237806179266295
-6.188909755178035 7.5038495697143555
-6.941343863495963 6.84518204156392
-7.926724539723374 7.01554906571358
-7.495723182390484 7.917900344305907
-7.937555749041074 8.814997876933743
-8.4267166577809 7.942804317360625
-9.20377373079889 7.3133741740780565
-9.60248649992405 8.23045003121123
-10.481023606268293 7.752775923920198
-11.144977534948092 8.500549406059449
-10.152144739978747 8.620061084289484
-9.866641643225556 7.66168329774373
-10.866632092253036 7.66605386450527
-10.251049633637177 8.454126346352247
-10.120621990164985 9.445584176932192
-9.642003898163933 8.567560987028148
-10.595355207138706 8.265697968961861
-10.857434121203847 7.3006515230317
-11.555422027587696 6.584541976564198
-10.572361224881513 6.767821703164483
-9.773952681876432 6.165705602685096
-8.930461724609534 5.628562227961947
-9.930458745451142 5.626121263417126
-9.786434664156205 4.636547080241781
-8.98989645517058 5.241135272010338
-9.769420770271841 5.86750723990634
-9.193866068487058 5.04974395798826
-8.30090209539934 5.499872098374303
-9.109905985695136 6.087675386461627
-9.847177994563106 5.412079364463431
-10.845861900752672 5.463367331063309
-10.303451109082033 6.30348073595531
-10.09870144665949 7.282295108417145
-10.165415183449394 6.284522951397554
-10.246641223852684 7.281218657398338
-10.54882149545992 8.234469455169512
-9.999966738604474 9.07038718789035
-9.166563093058972 9.623051971996835
-8.716970832458227 10.51628587149232
-9.246583491579408 11.36452547873699
-8.280028613064655 11.620985352439158
-8.968045127681583 10.895290323095304
-9.38394772266774 9.985881156941927
-8.891889645696999 9.115318781871734
-9.858303399097384 8.858327620080944
-9.800069410980317 7.8600246587370535
-10.612067392025972 8.443684901324964
-10.053860589726298 7.613983047725508
-9.665586398682205 6.692439151555035
-9.478862676443194 5.710026686470635
-8.702969965790126 6.340891570225814
-8.047645073984816 5.585544440635479
-7.161346855247804 5.122429479245112
-7.9876744228111365 5.685619279476675
-7.826524812815532 6.672549268482108
-7.048581642437493 6.0442146254278155
-6.059827041303273 6.193761737522666
-7.052266201650807 6.31649931534088
-6.381586316377356 7.058246234100635
-5.439130172988902 7.3925760380208985
-6.346256590010975 7.81343428439454
-5.627180852102252 8.50836599553674
-4.752970074342382 8.022819379805064
-4.463717716447092 7.065566501276086
-3.658398390961361 6.472725220662794
-3.6869979311129093 7.472316170153195
-3.2758078279149556 8.383865784289505
-4.274615752327259 8.432679001056965
-5.04266107649592 7.792283513859672
-4.902606593129141 6.802139715369339
-5.900419900603096 6.868235126918746
-6.3136967748925095 5.957629710079173
-7.310625916754238 5.879320795472741
-8.209439253962007 6.317652387828842
-9.154178458569794 5.9898295160260275
-8.420720356007186 5.310094853245573
-7.779314900449895 4.542892766712081
-8.532055621356568 5.201209868942383
-7.616162005602989 5.602630950379117
-8.179187292464215 6.429070619293209
-7.349923119149131 5.870213812180644
-7.019349993297294 6.813994193659591
-6.85411625464744 7.800248629194251
-7.796305777421624 7.4651681863532
-8.381886908346008 6.654554382433405
-7.76360638311542 5.868596882233434
-8.759799388086948 5.7814217891976645
-8.040603361853128 6.476229011274034
-8.360832352054015 5.528888843311691
-9.253378078613586 5.077931942931791
-9.21326460064319 6.077127073466922
-8.245940895555124 5.8235825022872305
-8.42118295724473 6.808107880230723
-9.288894215058262 7.305176460070222
-8.45706976135981 6.750137652211463
-7.523394153684196 7.108257547821261
