0 0
0.8102018144103377 0.5861510214323582
1.4939726089375154 -0.1435458338107436
1.8024407816473809 0.8076888304151962
2.3180012255149083 1.6645420434681193
1.7963071405777429 0.8114094150089954
1.5418338994962706 1.778489230522426
2.539110612586208 1.7047385862640148
1.899958194167697 2.4738186770411517
2.641175322112867 1.8025533276891137
3.560409962561735 1.408843185834931
4.2796793646851725 2.1035744483882963
5.265599798820801 1.9363593248084785
4.2825529031625145 1.753005020423213
5.049684536887462 1.1115153037959762
4.04984378181386 1.09366973028738
3.056525692318948 1.2090784521509303
3.5971476389282557 2.0503441122395634
3.0083406913159454 2.858617814919215
2.3903466809590936 3.644800620100717
1.479117591315888 4.056700542640179
2.437819715902094 3.7722884537376586
3.3963736270626614 4.057199666923062
4.36826157956532 4.292643519635745
4.81531946504197 5.187148548706653
4.107336995682264 4.480918541499841
4.009484306127889 5.47611945144063
3.2435047383073488 4.833254534306822
2.6372270246871694 5.628507534280722
2.9484305472938015 4.6781642449808905
3.9234594510445664 4.900242242203897
3.7684910348042795 5.888161667039737
3.610526508885399 4.900716879443376
2.918793429823127 5.622870150799969
3.859331903204024 5.283182971044343
3.2236030567405085 4.511270518900858
4.2151069862650825 4.641347256780192
5.178279648197809 4.372463595496309
4.709355621257929 3.4892250903582647
5.470128411309393 4.138243396661956
5.0934847488528385 3.2118851767862355
4.17271198986512 2.8217857967480904
5.156143046656774 3.003068329104773
6.060281512510624 3.4303078808359375
5.208659718376841 2.9061511106265314
5.420014867160152 3.883560442013737
6.18373334593183 3.2380109976001634
5.8614557644214305 4.184656211212849
5.856485481342519 5.184643859279622
4.868483308378153 5.33908383537937
4.4323848745507215 6.238982805271691
3.7801386371582284 6.996989959464404
2.7826815661648676 7.068259809508763
3.6416472621044087 7.580292946326196
4.569910915061675 7.95221577514749
5.028579830325163 7.063608535602923
4.085872876693204 6.729986594516981
5.056971877435459 6.4913095517219235
4.688670702089667 5.5616030150992595
4.57907205770619 4.567627091271472
5.56222214050691 4.750427295562759
6.303307486811313 4.079016460460373
6.6949521217775745 3.158899902679706
6.44365298784895 2.1909904310416177
5.565559960457618 1.7125004779112254
4.598205935929004 1.9659293460937854
4.851836599746917 2.933230481403408
3.8785259520508024 2.7037389062173665
3.619912791626295 1.737757936811008
4.555472111471758 2.0909275264563996
4.497246968252042 1.092624049202592
5.189733004122363 1.8140553280674663
4.209535808832406 2.012079211338405
5.134529372223983 2.3920619842165363
6.099492684072487 2.129677139405778
7.0102372080597695 1.716706908000197
8.001415306528857 1.849243609012427
7.9400834604127954 0.8511261787207824
8.774229515755978 1.4026697929122678
9.657713510206776 1.8711311376881872
10.49489618905699 2.4180544981631082
10.9090741661454 3.3282504129501125
10.141881435462373 2.686833766777658
10.497167073147818 1.7520759822931171
10.85201349900226 0.8171513788847312
11.830526149290957 1.0233381709568419
12.716379702836187 0.5593732135825933
13.224391916067406 1.420723079321202
12.913358388578347 2.3711220191237
12.469081523966217 1.4752324792972686
12.889134641529997 2.382731999090502
13.698353295648651 1.7952244077979354
12.71196554680697 1.9596604407561724
12.236055532213634 2.8391544191379294
12.140902013340403 3.834617029106803
11.152148940636039 3.685059811903227
12.140188729594598 3.5308606697696696
11.140541281316128 3.5043092262995943
11.928316729268413 4.120271760552757
10.959626186251526 3.8720004737118296
11.822397083531607 4.377595547665803
12.689619547328565 3.8796746721384405
13.67973256779629 4.0199465748854974
12.806756366714545 4.507709378248861
12.615044221115928 3.5262581806694935
12.382473063439134 4.498837563864961
13.119757703866595 5.1744198008944355
13.389464516275146 4.211477312819255
12.422393510684643 3.9569705935638004
12.286172313016744 2.9662921465862135
12.521003757630472 1.9942560399416973
11.58025548794887 1.6551503144060327
12.511141344698263 2.020460486320185
13.443467892368943 2.382077975538381
13.189123476062992 3.349191680277377
13.891734535213963 4.060765780114316
14.210457496407729 5.008613697244421
13.258360281903078 5.3144092075654275
12.7521320744917 6.176808768106284
11.815773241148547 6.527853117470077
12.014471244318921 5.547792352243703
12.190884851093458 6.5321084799916935
11.653551896907679 7.37547868123548
12.315297469703955 6.625750199127104
11.89194069869735 5.719787151071135
12.228450446796677 6.66146713356738
13.09857996736367 6.168644023884142
12.130660850620096 5.917382042195028
11.185890879278972 5.589647849209167
11.910153113561327 6.27917247965563
11.968618188197112 5.280883025114598
11.52321050744678 4.385555153366705
10.87943251466318 3.6203428324991456
10.116864824070124 4.267251262853531
10.55121641960717 5.167994673295384
11.112965983383269 4.340687337659248
10.927627564217467 5.323362090759744
9.931082300822128 5.406413508594212
9.196830478310844 6.085290714824364
9.872855894248175 6.822169020249864
10.795718606167986 6.43703993156918
11.326851988939442 7.284328152722851
12.296770128724388 7.040896843898141
12.105583869219132 6.059343068409304
11.914266512768094 7.040871299852795
11.754353113320004 8.028002347220346
11.06248010775966 8.750021560383608
10.520461926947124 9.590388320595284
10.848281443625853 10.53512868941866
10.070354399389887 9.906774081059421
9.739233060522846 10.850362263979756
10.60476194222474 10.349503246950144
11.018060858127992 9.438907833984981
11.304093934539512 8.480688089250735
10.445362846128814 8.993114589148016
10.47209124568448 7.99347185663945
9.538326652328864 8.35135966614883
8.957456149546699 9.16535564832417
7.996047368124988 9.440479538608566
7.712137020095144 8.481628708561695
8.382805611489704 7.739871578149836
7.422570563844968 7.460678717792142
8.156279269743234 8.140142870554516
8.469240418751637 7.19037694191139
9.468081079102552 7.142238233684571
9.972906672388138 8.005459596003563
10.65428448265815 8.737391477855722
11.46981083312306 9.316111420226283
10.91080073920892 10.145272270063096
11.727214645167694 10.722739441560437
11.85850501554233 11.714083397333049
10.927389983924254 12.078809044765293
11.44815322384436 12.93251019150689
11.599025021918102 11.943956854278191
12.55715159076371 11.657611821019108
13.01360159075076 10.76786275666904
13.487303116121826 9.887177304954793
14.31866416799409 10.442909975786591
14.970849328884011 11.20096968050317
15.924670991786869 11.501343173636686
15.150077598702 12.13380271810516
14.84558676132483 11.181287453160104
15.819784644679642 10.955591897007562
16.809306966153066 10.811211928501377
17.346726479846435 11.654526974199948
18.287631063645204 11.99319873887257
18.614016249561992 12.938435593007057
18.291187533379272 13.884892998286247
19.041436695419794 14.546048195541399
18.424206466068032 13.759265605511363
18.845408048002096 12.852298556839669
19.567009712555144 12.159990072337083
18.567653867488424 12.12410281929399
17.849314042487798 12.819795205207527
18.643240087436837 13.42780954315654
19.05732644547228 14.338047142956142
18.059859482186628 14.26691587589519
18.215549541144323 13.279109920486057
19.03084931612397 13.858149018404443
18.030856947108916 13.85424236873204
17.857522932996826 14.839105465589562
18.852610463512807 14.938104488875679
19.32603158842669 15.818940704346678
18.480385289006907 16.352684403398598
17.921731233065977 15.523283628271914
18.722830741520067 16.121814811715698
19.68038619815237 16.41006391834693
18.717250984055976 16.14104615059265
17.876715983742358 15.599288904911726
17.42543676691595 16.49167170867956
18.372396201892393 16.17031858747316
17.39287022345041 16.37163638985852
16.958242435163097 15.47102621578292
15.958808232001877 15.504660626012566
15.033944629760335 15.884959610035397
14.304013651582212 15.201438749274054
14.423573908899005 16.194265695357984
14.148468035710184 17.155679632503176
13.172978383440487 17.375724942189038
13.892290220320634 16.681037615887405
12.946085740791332 16.357468329769755
13.201897968516409 15.390741840970398
13.519471333395565 14.442508136697379
12.813114495222264 15.150364066365144
12.077403979876205 15.827660188906266
12.652289378188984 15.009426249982466
13.64769659354799 15.105157517660427
12.971807532699701 14.368154140852953
13.126977528446664 13.38026635753954
12.892788799958675 14.352457511299528
11.915993735134386 14.566633610187601
12.066280609584622 13.577991179696182
11.072879440167148 13.463299782459965
11.998237152520623 13.842394894783961
11.111913197147999 14.305460598688523
11.606221854748789 13.436174137836344
12.238008436029702 14.211316521991266
12.452395133999445 15.188065386200297
12.153323917039636 14.233834592740886
13.153013786202445 14.208931470582282
14.027397425434584 13.723696216872126
13.960553647926389 14.72145967050652
14.298136635755203 13.780163900661266
15.177765339570609 13.304502946383927
15.358568934045557 14.288022168476173
14.821698012105426 15.131686564533725
15.399665446793414 14.315626735574973
15.14264162167605 15.282031802470858
14.95898217117372 14.299041870558439
15.342017314641522 15.22277564111606
15.70262041861814 14.290056282786649
16.013893275286964 15.24037686485421
15.185285008281724 14.68054801614188
14.251200746407722 15.037600661726955
14.021380952733955 14.064367461288464
13.10192857989262 13.67116607004418
13.343946871955799 12.700894383192079
14.331771122171507 12.856468322802074
13.383173068176886 12.539984939418968
14.38179873382773 12.59239467041814
14.286676999436027 13.587860318065669
13.291529451022685 13.489466431635083
12.756262527551234 14.33414940212603
12.590970449949317 15.320394061975726
13.378166725754346 14.703691521557175
14.369878225543463 14.575206887510843
14.839760635278857 13.692477868490137
13.896329694250785 13.360908781404373
14.145811372151018 14.329288300184114
15.046194250085115 14.764386763894471
15.582974243414775 15.608109016037325
15.399929372926996 16.59121357578065
14.435129473155133 16.85419865786745
14.286671911589702 17.8431174373504
14.016229890805434 16.880381173675804
14.84716657353149 16.324014182113384
14.119391689570156 17.009830278654626
13.275626879651076 17.546543372907244
13.59448296653722 16.598740230975515
13.687599524826501 15.60308501626896
12.707649770733005 15.403840243559374
12.210275772439706 16.271376470942265
12.406606179590302 17.251914267882334
13.393512397443535 17.09061914345935
13.303276751320697 18.086539586149826
12.644088013222689 17.33456205485999
12.99965417258904 16.39991094010462
12.734431560915468 17.364098145089756
13.21733205076093 16.488422910252655
12.278243318553443 16.14474813224162
12.728527940627544 15.25186305614079
11.884490481429967 15.788147278798235
11.095915428061993 16.40308580028286
11.88456556600761 15.788243576685328
11.481128625650022 16.703251027559315
10.506283130479142 16.480369308827065
11.333983214583549 15.91919859436171
12.16251468726406 15.359256098405329
12.556385997361708 14.44009050337799
12.941737781961987 13.517320758476597
13.752682065215728 14.102444138165081
12.778300023062858 13.877544969802896
12.831720322981418 14.876117086155347
12.644897540414288 13.893723454297996
13.073429774843445 12.990196961020043
13.994418630508559 12.600608039539127
13.349297944580114 13.364688729379678
14.253975902069893 13.790784720011038
13.306049493646572 13.472295278720336
12.559798624914286 14.137960089955172
11.573476187484747 13.973132757807097
12.559219053810992 14.141391491568287
12.038525654489213 13.287647745528101
11.051458711111604 13.447956351944542
11.94105822078914 13.90469775841158
11.043438176699954 14.345467830500565
10.306273392057271 15.021180846715813
10.28508995154426 14.021405240968187
9.865712262036332 13.113593391770904
10.86409594615577 13.170426650379742
10.263299937333041 12.371024276238485
9.331558998875002 12.007900573347404
8.416388561787965 11.60483349322063
8.555450190043917 12.595117222031117
7.563674667354386 12.723106723920555
6.781389750012524 13.34602751190201
6.7822238629123905 12.346027859774235
7.686313817541793 12.773370057477909
6.686710505207591 12.801534183072228
7.266785594987416 11.986971177395608
7.796140494774458 12.835371666593634
7.343235454674903 13.726930427782385
6.354717339757634 13.575828023829274
5.984147271746007 12.647023510116158
5.04309215301045 12.308770256618713
5.683577739895031 13.076740446790906
5.1056453221631415 12.260655818498856
4.112988358781149 12.139692381670855
4.9600974393344375 12.671111430674712
5.852223305800023 13.122898369820842
5.01043683553893 12.5830877192355
5.348458746771587 11.641949478844312
6.329164458016183 11.446459561119045
5.3306422817596335 11.39211378369443
6.311275097594019 11.587969037667161
6.726231531976521 12.49781031919079
6.016253750399076 11.793586242872486
5.851725845441156 12.779958671770494
6.209363467309208 13.713819117139375
5.321227198893041 13.254238907900763
5.305493539936673 12.254362689573792
6.302780757964975 12.327971145320205
5.532888050839987 11.689797799342987
6.40395110784967 11.198626596285493
7.088960232912308 11.927161083170581
7.528377096069796 12.82544434605197
7.872767862486976 13.764270741082802
7.587764569268357 14.722797278459073
7.952122223833083 15.654056372138212
7.785096559226808 14.6681038239074
8.621939123754421 15.215547448580157
7.868710299822328 15.8733060203965
7.384877141849916 14.998145763502688
8.378639613324752 15.109663252212862
7.380850807082299 15.176127514318598
7.658213794158059 16.13689271633229
8.636420367943714 16.344526767014084
7.637785305624551 16.396757144255687
6.742855209865444 15.950550775291061
6.024405982303025 15.254971371186135
6.51417135433063 16.126825648208772
7.3075935906586125 16.73549727963273
8.218027947591663 16.32184370269195
8.003347428898088 17.298528029838373
7.761196516992353 16.328289432449452
8.566854158688761 15.735907997581528
9.460880562773964 16.183922270566757
8.640057270464364 15.612740055505723
7.713262476422128 15.237171939531791
7.703220319438992 16.237121515802077
8.64187428228062 15.892261054105308
7.653019346240676 15.743378833980007
7.679639491349195 16.74302445512502
8.576484752781688 16.30068004513877
9.570474151715269 16.410156411573077
9.300269038693997 15.447353629640473
8.871354785058072 16.35069883665047
8.03360226107472 15.804648739535265
7.78366277768342 14.836387279679462
8.711101015025928 14.462410922251584
9.711096567475039 14.459428459846238
10.377161409652842 13.713534616183042
9.847848322037578 12.865108039937816
10.165031828092934 11.916743856996247
10.930717093363906 12.559959275457995
10.691722275735637 11.588938432660669
9.913767397329977 10.960618285629847
9.698247194582583 11.937117667200425
9.610642865054098 12.933273017257767
8.73335449562036 12.453309355241263
7.73865077982015 12.350525515201813
