0 0
0.21299027648020033 -0.9770543189223861
0.21894048198898536 -1.9770366162928963
1.1892893840999608 -1.735328097262175
2.1887745296262766 -1.7674130450140237
2.1331929919282646 -2.765867196523809
2.114025976862365 -3.765683492416941
2.7472268865789595 -4.539670965141195
1.7578663048127083 -4.685155119766861
1.205442108210108 -3.8515919805818495
0.3785637642518487 -3.2892111449438928
0.5973548773743137 -2.313439425319557
1.1191444035135987 -1.460365166880504
1.379183841266697 -0.4947671703969505
1.3352439781715733 0.5042670074123884
1.490412950053082 1.4921549515463552
1.446380227906009 0.4931248622195529
0.8656585484192304 1.3072270247114943
1.5414637661124355 2.044307283393437
0.6721768974886472 1.5499993428965757
0.29670985886165085 0.6231635953637814
0.7915236389966995 -0.24583543972685873
1.4498892136388197 0.5068628863813843
1.204664022642688 -0.4626032583090379
0.20491315569390278 -0.44028277365586277
0.35669095961398223 -1.4286974124776468
0.6243687516720451 -2.392205896944141
1.4753846929708394 -1.8670660416147942
0.7600292891953103 -2.5658268349404856
1.4261492386864931 -3.3116714654701047
0.6615272168311095 -3.9561504517014523
1.038949319181521 -4.882191788066841
2.015593875913195 -4.667330414603875
1.135262275635233 -5.141689217148999
1.2598457715046658 -4.149480089718218
1.2949406017649265 -3.150096103009904
0.4323442382118451 -2.644203314382709
-0.5621338992838846 -2.539259357705706
-1.3244415817227475 -1.8920445577399685
-2.324404201067104 -1.883398176186213
-1.861965142175011 -0.9967471079462908
-2.7341420614576477 -0.5075565300825617
-1.8940527805578145 -1.050004684395212
-1.1691644604344589 -1.738871088967782
-0.8624350565990602 -0.7870743287175799
-1.210508685021758 0.15039287028015447
-1.188128474460867 1.1501424020006001
-1.790553725020629 0.3519670970155311
-2.6442209646438606 0.8727859177142958
-3.4936977808764302 0.34515997191237
-3.9524596623568162 1.2337192192901552
-3.239555884908542 0.5324573537221052
-2.348078462980235 0.07939223015590163
-1.352404324676868 0.17230622433249265
-2.028474887619906 0.9091431085354236
-2.882753673212361 0.38932799093429005
-3.69878576714659 0.9673345840362354
-3.788394956991201 1.9633115883367325
-4.532640263388779 2.6312179619439733
-4.704929270999019 3.6162644064615295
-4.959701665116125 2.6492633582739704
-4.6078885639708 1.7131930928224341
-4.283094300737533 2.6589777863815756
-4.0633603187218315 3.6345376139408714
-5.029298647351628 3.375765232717768
-5.579771732333453 2.5409123218941945
-4.916381490433829 3.2891859262344507
-3.9172492442949993 3.2475355393745784
-4.545491237012191 2.4695175456323186
-5.232641936803071 3.1960324565439286
-6.230647137765205 3.132900698667791
-6.557708063168523 2.187897444136715
-7.41666369661074 1.6758474272654338
-8.215586585249197 1.0744139579526713
-7.977880310338055 2.045751039952462
-8.476136444520822 2.9127809268359783
-8.08574104558093 1.9921336368890832
-8.988426950347067 1.5618335586453762
-9.954581147282074 1.3038683134186733
-10.774253479679338 0.7310356436952804
-10.948409390003818 1.7157537347746774
-11.29815705729491 2.6525976754736815
-10.960355655000008 3.593815085325198
-11.956635598162245 3.6799909221511276
-12.948887185546521 3.5557460537122796
-13.265279628188146 4.5043744436728925
-13.069525595311532 5.485027470289617
-13.750950911101238 4.753139815658868
-13.369750100731563 5.677632077483435
-12.617748749906866 5.018470512798547
-13.4045629668292 4.401280600333271
-13.965911392225179 5.228860170710317
-13.205597411863472 4.5793044369456615
-12.23923071264431 4.836472480528573
-11.536703448515476 5.548129310156206
-12.375863994676699 5.004245519474411
-12.454851089706795 4.007369880882161
-13.402996321743942 4.3252072905198915
-14.316778112357799 3.9190018755602534
-13.62813219233806 4.644099659890179
-14.233286195566514 5.4402080899275544
-14.447752266121556 6.4169395292601275
-13.449269826115364 6.472010547039728
-12.759630222639172 7.196163305314667
-12.936245969773466 6.211883427503384
-12.712311972098016 7.186487739357735
-13.51180297410222 6.585809674405873
-14.295713520874168 7.206683457601544
-14.62800481701374 8.14986026738319
-13.714347630279873 8.55634586999361
-14.264375001173198 7.72119924138988
-14.321870802923568 8.719544989505772
-15.320462641480157 8.772595342644763
-15.157565736928841 9.759238438443644
-14.49803036431564 10.510911966161606
-13.573788711074075 10.89271998914344
-13.089754982723614 10.017670647780822
-12.093818267403478 9.927614781357045
-11.49365180245442 9.127739657134175
-11.612182305269766 10.12069006873706
-11.951765358395885 11.06126614223114
-11.731703669877422 10.085780184748202
-11.44354639193732 11.043363279403778
-11.092203861286855 11.979610269335456
-12.02499731117309 12.340021672941578
-11.217051813558331 11.750764451616254
-11.353895818716675 12.741357061245573
-12.318449615315679 12.477470772351198
-11.47015307826119 11.94794930421099
-11.567851179589624 12.943165401848493
-10.80779724993555 13.593025405247225
-10.919212480246449 12.599251463923158
-11.900973710662843 12.409133378378177
-12.759929758881908 11.897084057289002
-13.09725298119057 10.955695166505123
-14.093588157654406 11.041230049101507
-13.209319464604217 10.57425159296963
-13.012106418849791 11.55461224833288
-13.960937616931655 11.238828528761188
-14.492548123188886 10.391839585718287
-13.814801565419348 9.656543996562782
-12.870555940249433 9.98578585196315
-12.45673476308436 10.89614404154004
-13.229668261735627 10.261656999384956
-14.163965671574449 9.905162469316865
-15.134647959169026 10.14552864112596
-14.653617039379945 9.268825011495702
-15.142136512361134 8.396272019111754
-15.835952338799459 7.676119535964119
-16.506910089136277 8.41761511738248
-17.219469572832473 9.119226820673276
-16.786986902751735 10.020869066844027
-17.760249152045436 10.25056581061669
-18.003295003972724 9.280551009770363
-18.173878158453178 10.265894293812782
-18.70511091902549 11.113120210611083
-18.895146860363187 10.131343076532326
-19.84308848974657 10.449787211793096
-20.8187895276323 10.668893315470534
-19.82098970112284 10.602594701475299
-18.852044402030003 10.355319536191983
-19.84043197625037 10.507273486870407
-18.936126639193485 10.080387252177326
-18.130384958031456 9.488120130653444
-17.20684799332935 9.10461071117483
-17.01235301565333 10.085514225114302
-17.98502556466191 9.853333019145463
-18.93033197434197 10.179516697182533
-18.526188818253846 9.2648209502879
-19.13630848934303 8.472511675477849
-19.06695833995371 9.470104055550832
-20.048916640542405 9.281006472528293
-19.551488545187517 8.413501262197192
-18.76017580222596 9.02491286073508
-18.158079388734468 9.823336250210039
-19.04273421345532 9.357089704809303
-20.02406250706305 9.16474943298633
-20.967770114074543 8.83396861058479
-21.39911394997028 7.9317809941575
-21.262730672512756 8.922437141178223
-20.26312656584888 8.894301222129585
-19.264124535488964 8.938966010685752
-19.551722443038834 9.89671725374051
-18.68281754914841 9.40173817804814
-18.809397459353395 10.393694591572695
-19.485727625621564 11.130293197460373
-19.824736564070992 12.071076349760304
-18.929580991850543 11.625322492208092
-18.894009993279255 10.625955340426204
-19.225137746876342 11.569541272282835
-19.303414740803674 10.572609623561771
-20.255045614306564 10.265365940801448
-20.375834351655588 9.272687704448083
-20.547244171619276 8.287487890390034
-20.650601617718245 7.292843613104985
-21.629424502221514 7.497552579134068
-22.309516321168108 8.230679524350183
-22.837731931653067 7.381569243620993
-23.388540754304945 8.216200683772186
-23.587422208454015 7.236177129363645
-24.434888294676195 6.70532759069637
-23.931224504077438 5.841427836072205
-23.019754530593985 5.430061226539936
-23.267725714146994 6.398828635223424
-23.963379144104778 7.117206185950041
-24.596677778631992 6.343298672415015
-25.41047364744398 6.924449499571395
-24.513163729948857 6.483048421225524
-25.11233406429073 7.283669998779269
-24.846222686265826 8.247612286722736
-25.326967400317642 9.124472891329443
-26.325083240485476 9.185830609719726
-25.719585704990873 8.389983429345277
-24.725404330897184 8.497702487107514
-25.328101231189816 7.699732283166505
-25.728126257423042 6.783228066925735
-24.729978164739 6.844058857412164
-24.581237767714548 7.832935135969299
-25.32706550218503 7.166796268694143
-24.614091080966972 7.867986310472244
-25.15407247380921 7.026309356181493
-25.658938241163902 6.163111489552202
-26.64722797640573 6.0105225016938455
-27.05887162124562 5.099177611071786
-27.284306262070675 6.073435904706527
-26.30418328489473 5.875045003675861
-25.73297437251099 6.695849717608101
-24.958213183605782 7.328103701515034
-23.964962716572693 7.21211443589726
-24.958408103330648 7.097806677939466
-24.444202813214474 6.240139539932802
-24.53541915720363 5.244308440504163
-24.663511796273436 4.252546233210432
-24.967968772911597 3.3000201446562385
-25.151054119340383 4.283117167295943
-25.14796362908454 5.28311239171953
-24.148049626483086 5.296226788447601
-24.90908613213009 5.944935842702743
-24.337631277666492 6.765569347569557
-23.40795025650217 6.397203769798155
-23.4321303352135 7.396911388951632
-22.580472792271877 7.921010071978631
-23.533418426198196 8.224151324171013
-24.506155180785985 7.992239258348605
-24.007913469170077 8.859277433290199
-23.64135060544465 9.789670719453321
-24.628038348879958 9.952296968732279
-25.054089275704964 9.047597787926
-25.446715051793547 9.96729610800212
-26.44671504625686 9.967190877892541
-26.65563860572189 8.989258903622112
-26.212276815297493 8.09291615512036
-25.836940147778723 9.01980470614249
-26.095148016022893 9.985894089572824
-25.917682628444016 10.970021132292146
-24.950019442698142 10.717775301896182
-24.609081020642193 11.657860932233122
-23.658769325958524 11.96916092090554
-22.680823064946985 12.178017595621835
-21.690237425395726 12.314912046622677
-22.319184609445163 13.092360076831953
-23.137245999447906 12.5172291680931
-22.553633841226784 11.705196626395118
-22.732972468663814 10.721409222171522
-22.71382887824294 9.721592477489878
-23.498968854147197 10.340910827159144
-22.585155772514618 9.934775810400962
-22.62359130962032 10.934036892144565
-23.618270306819298 10.83101411538506
-24.591922178172748 10.602974571862608
-25.08129413785973 11.475049732082256
-26.005042918371476 11.09205078886823
-26.950510814304323 10.766335487170085
-26.75697330790788 9.785242610008169
-25.881717579117865 9.301582182414329
-24.88298023743371 9.25134551925217
-25.861313145406285 9.04430754887493
-25.85302605408607 8.044341887405771
-25.49893332863351 7.109131567861779
-25.529829105852635 6.109608956336643
-26.493757574444246 5.843447525173842
-27.318089213156092 6.409554714157201
-26.864444028463545 5.518372327434223
-25.870584964112116 5.629025660897333
-24.89450993416128 5.846459641467245
-24.176075869296067 6.5420547064592585
-24.97816622343511 5.944852007372
-25.70077985878779 6.636104156737473
-26.692442144486336 6.507240231905347
-27.398011056230224 5.798598918700602
-27.037422512876496 6.731323906251615
-26.322565527980828 7.430594591427157
-25.845986454147607 6.551462982176149
-26.003241131419166 7.539021064759759
-25.880593831354698 8.531471385827215
-25.279183402972343 7.732531152372326
-25.855159094590025 6.915064331843484
-26.513009980883375 7.668212532002691
-27.50986193656042 7.588927107977502
-26.550165846508982 7.869966989026406
-27.55007032231473 7.883788684422766
-28.44970410738099 8.320433909711392
-29.199709016744137 7.659001648681451
-30.17892114761371 7.861840507773759
-29.55615109314279 8.644245428038381
-30.439728076105606 9.112531361180013
-31.312841805873113 8.625014782086055
-32.31199478446929 8.666164816865994
-31.582775956367215 7.98188424521323
-31.92403801882508 7.04191605174762
-31.16113981710056 7.688434677778991
-31.034639339582345 8.680401224184497
-31.79890826697141 9.325298895623593
-32.71074433533598 8.914744411505547
-32.864120570063236 9.90291227711386
-33.02099198950039 10.890531311845255
-32.375137296872225 11.653991668386562
-31.609013783811996 11.011298302358675
-30.740330377820875 11.50666598414228
-31.707656173853902 11.253129390473687
-32.56449123325641 10.737538776731835
-31.803279708987798 10.089035102632256
-30.8605654512275 10.42263640391187
-31.85131596521992 10.558332457737153
-32.8059027377376 10.260399422082678
-32.303902640279674 11.12526698544266
-31.377470512290376 10.748805151747366
-32.33121456120653 10.448185310158326
-31.64716009056317 9.718754380465299
-31.135088204853233 10.57769697683916
-30.243950941016145 10.123963159495833
-31.238628291199774 10.227001836853775
-31.209018125670283 11.226563359771358
-30.31308725957747 11.67075687974005
-29.5246072036582 12.285817203137315
-29.25697999367399 11.322294667606325
-30.08243595029977 10.757828137446197
-30.8092717353063 11.444639422759668
-31.204636515010026 12.363163614585787
-31.541225791276176 13.304815173870127
-32.521849983402234 13.500713601166314
-32.47268841194677 12.50192276225557
-31.774194114939682 13.217538383276082
-32.4922449718809 13.9135290203151
-31.566883281481488 13.534443618405259
-31.05340106912004 14.39254385589992
-30.117224131508028 14.04101470848338
-30.24824870341612 15.032393829484171
-29.676519636445597 14.211951342785062
-28.923239245461673 14.869650858186361
-28.04978041778499 14.38275284386131
-27.426775186511385 15.164970512931578
-28.10370219876207 15.901020660737668
-28.992057293626836 15.441863579307126
-29.97546081328441 15.260431725639995
-30.77663486713819 15.858863121400196
-30.398597267681538 14.933072878744197
-30.30720562676261 13.93725785175869
-29.41794653814361 13.479854011253924
-29.064442761095375 12.544420913906693
-29.97482973999037 12.958178752090392
-30.783648483541896 13.546236776506122
-31.782838482279583 13.58647788015128
-31.0401443778179 14.256108724122688
-31.976217643598858 14.607913842178373
-31.000634715368207 14.388282446096424
-30.64432677131325 13.453913863039755
-29.946180604258927 12.737958606457784
-29.86098899226055 11.741594019950858
-30.334277590006387 10.860686588239798
-30.88834352109399 10.028213799490505
-31.633085401849286 10.695566428202692
-30.642003972053065 10.56230878484564
-31.37853059633926 11.238717338692782
-31.820742012901448 12.13562818323758
-30.82502815364779 12.228115536374016
-31.814633267997472 12.371926932490425
-32.26012521345808 13.26721287928604
-31.69972712847822 14.09543627086038
-30.814834516701378 13.629641181123747
-29.947527201982783 14.127414243709119
-30.646547755838736 14.842515820610554
-31.031077574591254 15.765628391476184
-30.088998696187655 15.43023699792856
-30.61369358491774 16.281527355997135
-29.637542932805356 16.498621585263056
-29.551594981159393 17.494921213692106
-28.872812009149634 16.76058227497947
-29.120294104967705 15.791689808165172
-30.071436792223633 15.48293814666426
-31.071130120432986 15.458174271085008
-31.13727755685663 14.460364411114393
-30.18911263511897 14.778143078092235
-31.037654359697335 14.249014604421074
-30.058514795606634 14.045825741457884
-30.928191965880835 14.539446668388516
-29.92819212500133 14.540010796891922
-29.34668328208574 15.353550879254783
-30.090079345434 14.684699406206908
-29.131178188946343 14.968439731304759
-29.734938175583103 15.765605886216255
