0 0
0.959020540056196 -0.2833365556195003
1.3369901193096396 0.6424814595211508
0.40481737417066876 1.0044952344249178
-0.2436226479558169 1.7657609815228699
0.16386187956058218 0.8525488704365478
-0.80892248712022 0.6208366007108586
-1.4898730039268804 -0.11149282902738578
-1.8999980816242261 0.8005364581359958
-2.592532353285944 1.521921433425871
-2.2476363674137376 0.5832805228912624
-2.383867588521081 -0.4073965457822797
-1.4978371147253742 -0.8710235505019738
-0.9436228693915965 -1.703397607203113
-1.7318750273135743 -1.0880452402365552
-2.4711227052937437 -1.761478882551021
-3.388940740757588 -2.1584802097242304
-2.4226613032613518 -2.415975935265369
-2.590290894931661 -1.4301258858174597
-3.4748489227734765 -0.9636957245064672
-2.6960245791138093 -1.5909378163044336
-1.872156711412095 -1.0241559036002343
-1.4079700133634983 -0.1384185218923485
-1.181230444635713 0.8355369021251667
-0.9284672575095584 1.8030650780631228
0.034579885793495024 2.072397957184533
0.9205206651742252 1.6085995791901027
1.5484187824531732 2.386895123516005
1.4684353520119362 3.3836913167545486
0.47732856354508113 3.5167602231711736
-0.481365720070286 3.2323217050987822
-1.3478058176165857 2.7330406646376417
-1.4964266661844077 3.72193491751354
-0.6130302428258635 3.253308457315941
-1.4824017609545548 3.747467504047471
-1.2426720764643915 2.7766278270800293
-2.240714646027285 2.714089604045658
-1.4866003929438891 2.0573463564241297
-0.643289946729832 2.594773087529169
-0.5947006785508681 3.593591931473271
-1.5293035829604142 3.237899070890941
-0.5658237999823007 3.505680152732895
-1.4502641804064196 3.972333357452674
-2.1400441591784345 4.696352404774827
-1.1400447943847283 4.695225279145735
-1.6255495017946031 5.569459331950161
-1.513293346421682 4.575780029770182
-2.457335983314428 4.245956592566895
-2.4490796192228785 3.2459906769217723
-1.5795097179156192 3.7398005459406924
-2.5756021017174957 3.828117944746904
-1.6663806669165981 4.244430786848366
-1.9330871334276238 5.208208593565871
-2.6225125421477395 5.9325652776732944
-2.119303402448984 5.0684006164404725
-2.0751656929861193 4.069375160006367
-2.10987221295521 3.069977612745201
-2.887517150743629 3.6986813193765884
-1.9525260403289724 3.344010171063722
-1.7898696517621855 4.330692946457319
-2.317654061272877 5.180071317430733
-2.608428408219008 4.223279658208073
-2.9941577152166485 3.30066765865294
-3.9870421050226046 3.4197499347466302
-2.990958895373115 3.3313291258022906
-2.640489662855837 4.267903371155402
-2.2598167595403758 5.19261313139446
-3.191872365774716 5.554928390370861
-2.193785315369786 5.616752655946657
-1.6905251548205382 6.480887605363671
-1.0420695519810188 7.242140080660819
-0.06611193512730906 7.460100467211283
-0.470743753146709 6.545620783540664
-0.15438511351507633 5.5969811200590955
0.4222823809629994 4.780002172464742
0.10212561038096268 5.727366749726569
-0.7997530508713427 6.1593561944792725
-1.7245041605206395 6.539928638571583
-2.4559734857086144 5.858054290682583
-3.4508339473762213 5.756798862134204
-3.5347277966049875 4.760324164983503
-3.3201256798714294 3.7836226079593134
-3.6701230890171113 2.8468719401766265
-4.473135685876405 3.442833993738171
-5.417584986664597 3.771491137644546
-4.768073867330329 3.0111390442949277
-5.239875295893672 2.1294342115954645
-4.760909364468998 1.2516007213853366
-5.63938238636166 1.729392673815235
-5.353711802390884 0.7710647980577802
-6.318348133227307 1.0346492233003273
-6.401655576836153 0.03812533003967955
-6.460092955442917 1.036416406220154
-6.245928147861011 2.0132139467542225
-6.792430287022453 2.850671654278589
-7.792040982956666 2.8227708196330443
-7.9468742288583885 3.810711438275449
-7.38552238151591 2.9831341890200167
-8.303019614261986 3.3808763516119336
-7.366743474409953 3.029611508589215
-7.818072661454478 3.921969040591791
-7.333877460358355 4.796929043812216
-6.8709689712258335 3.910522968308981
-5.9415901761464776 3.5413955441627327
-6.907205537305204 3.281420594803565
-7.278760223584863 4.209831664914011
-6.282967839601294 4.301469691956934
-5.459552593682198 4.868908968697623
-6.268961652753221 4.281663725980612
-6.883030094319687 5.070916504925439
-5.890183088614063 5.190310069498147
-4.942167210316922 4.872087043152631
-5.748417422556053 4.280512368860066
-6.568510438179356 3.7082821304718125
-5.915652858104232 2.9508014507588225
-5.026311147136703 3.4080446258126975
-4.714047351870195 4.358040058520538
-5.695656937161679 4.167140550758259
-6.0472995238889835 5.10327488470811
-7.002612729305807 4.80767941864641
-6.028164249398131 4.5830682880103275
-5.14018669295636 5.042955077618053
-5.511807974478115 5.9713394932133
-5.091769592361568 5.063833152988113
-4.283297919272858 4.475298061584769
-3.34812260051101 4.829483215393727
-3.8517269871655944 5.69341760048455
-4.8329169076483245 5.886462517390159
-4.002356812530338 6.443391532972577
-3.2058044071561915 7.047961020701376
-3.018067514277529 6.065741666864227
-3.848035906304072 5.50793124365857
-4.606516554268824 6.159626806527437
-5.19411069064542 5.350470992795717
-5.996063157276632 4.753083144522827
-5.71624634757926 3.793029732982206
-5.814226427570702 4.788218109082364
-4.8290087929693435 4.616910746512908
-4.805171508723071 5.616626598082624
-5.154320039803188 6.553693993334747
-5.11142619128001 5.554614357990862
-4.63773449532563 4.673923619318163
-5.603411850898135 4.414179042985001
-6.346392667140887 5.083491755172103
-7.150733594722724 4.489323704687402
-6.161504257853747 4.342949803059535
-6.831498419153056 5.085316170714237
-6.645518439952061 6.067869704795916
-7.327672727115021 6.799077970958979
-7.967704774923592 6.030729757075477
-7.0253970039239935 6.365477519896633
-6.082635546917495 6.69894541217861
-5.863313733516437 5.723292839709049
-5.939275840496978 4.726182134569907
-6.857175098779074 4.329368637262697
-7.334249078592959 3.4505054978692304
-7.992257107102951 4.203516410417245
-7.009149188603459 4.020489580188463
-6.558037726730293 3.1280219623072005
-6.4354251536344345 4.120476574326719
-6.611305458261332 5.1048881338100225
-6.779688846030542 6.0906097145433264
-7.768670508539705 6.238647788094056
-6.860585543310126 6.657433766756182
-5.939289008700474 6.268573000779148
-4.9679428913905515 6.0309036498166435
-4.61889681012343 6.968009211187435
-3.619697148702178 6.92800875349436
-2.6688314991460818 6.618404947809962
-3.6534757193273677 6.443831869520133
-4.462114535410788 7.032137287753896
-3.9973280774471465 6.146714479998408
-3.279148252052196 6.8425720361086215
-3.048963336558523 7.81571894417501
-2.1555878114341747 7.366408170757774
-2.317490968780821 6.379601519158188
-1.4488838761198197 5.8841000372441545
-2.4451445235293727 5.797701412121426
-1.9231867168264478 4.944730106612341
-2.361573613129084 5.843516471189676
-3.1331479535997024 6.479655636095697
-2.2732503366989563 6.990122176084772
-2.7025588383262007 6.086964266065395
-3.7021108006264747 6.116895431456525
-3.9136369564762914 7.0942677685887965
-2.9547584228362123 6.8104510007186585
-3.4496628959114966 5.941503613053516
-2.606917448848693 5.403191332444096
-1.6157091758157578 5.535502176561522
-1.0321520705034972 4.723430070871655
-0.8438661582196246 5.705544328601085
-0.5971256573743502 4.736462740063451
-0.45447490059863427 3.746689654153698
-0.5666666720984386 4.740376227680651
0.23698883855724506 5.335471027013289
-0.7532294038136199 5.474998201699637
-1.2489233590456457 4.606500934722687
-0.24952960609955455 4.641316542893842
-1.2151928658540916 4.901113518935214
-2.077905740127556 4.395419444852061
-1.10617066144466 4.6314934520132605
-0.7169131233311046 5.552622416394348
0.1742751423844966 6.006256051667152
1.1352522154455573 6.282884078177476
1.2160847836162403 7.279611772145559
1.9434236534737412 7.965890264009039
1.4339540800581116 8.826378935499662
1.2966171487839495 9.816903325561913
0.2970783677411414 9.78653516474409
-0.41860115271237264 9.08810633944875
0.5340256812796377 9.392247943242705
0.4945326461396669 8.393028097475302
-0.4925572737982105 8.553195166365992
0.43010927500177437 8.93879397306218
1.42734102233254 9.013150157173712
2.392925359623954 9.273240309962127
3.3290615570457964 8.921602684164526
2.7641938482928 8.096421206180356
2.3948394299110745 7.167132599975643
2.4135230351556474 6.167307153762623
2.0502676059234095 5.235617563215802
1.7359653378019761 4.286294602230594
1.9455754015969742 3.308509543459569
2.3460439354840066 2.3921990320245143
1.7371457300083881 3.1854474013065266
0.752253558349663 3.012278667970048
0.24132683785059317 3.871902938381293
0.9006687195793829 4.623746195316101
1.776349607195379 5.106636434463737
0.8281925256833292 4.78883437534745
-0.16358452250235 4.916812055792521
-0.27846494121907744 3.9234327277433265
-1.2489285218669817 4.164680398480369
-0.3476401286569527 4.597900010530521
-1.1149605111534733 3.956636078435948
-0.13065231634475605 3.7801782148185836
-0.5540287376049253 2.8742243495909268
-0.7780260444151726 3.848814112794787
-1.5029274066299143 3.1599614325653986
-2.347306678006233 2.6242155543078085
-1.992418212975943 3.5591242008548627
-1.5504734007214904 4.456166442291338
-0.5628000913306406 4.612695781128908
0.3357014602715104 5.0516661238270535
0.8019572216535142 4.167016156338167
0.9015687953429348 3.171989757498861
0.8869294906387377 2.172096917861644
1.8868926556739947 2.180679957688604
1.8066904003952615 1.1839013472398219
0.937327146340076 1.6780749326312092
1.4774803119395072 0.8365082046215324
2.4217694429569545 0.507391147873763
3.080073579518488 1.260143207841701
3.4946578131154533 2.170154149123627
3.4964133834023587 3.1701526081089235
3.2257801254621463 4.132835130904818
2.6105874053192304 4.9212118917769025
3.301268238152352 4.198052167264437
3.322216741883493 5.197832723282319
4.0159050675415715 5.918108022626738
4.546529251983633 5.070500817085636
5.246298088324132 5.784870172312091
4.279120791963104 6.0389726662073135
4.166276736866183 7.032585377090826
4.795888512998378 6.255675465096093
4.843156209831943 5.256793207351944
5.827351725444253 5.079707953734882
4.828100745279107 5.041010684593592
3.9306696829597363 4.599855962999992
2.9374283115742776 4.715923090854238
2.106917169660175 4.158921077252373
3.0165947550203898 4.574236247566688
2.245293775660806 3.9377656675404413
2.089480494248169 2.949979141343902
2.8811713049550467 3.5609011169203963
3.608774379917222 4.246899488132447
3.8466500735148195 3.2756038820497975
4.405859382162445 4.104630388937149
3.5064915629301074 4.541823167616383
3.3170595775627323 5.523717012652482
4.17309691902967 5.006803025596399
3.209213633511669 5.273128037375284
3.425522936315636 6.24945292465434
4.128470308435607 6.960694790709502
3.284990057708068 7.497854977834915
4.244032566979677 7.214592792907212
5.161577712076086 7.612224414776007
6.0424095603012695 7.1387951643571
6.117316131780615 8.135985720644719
7.02892573829859 8.547042803425374
6.256002197132342 7.912543631234403
7.2479981851751525 8.03881302462397
6.344950721946478 7.609272247565196
5.6352781434634265 6.904740607857497
5.075797457945847 7.733583996280654
4.952445252616707 8.725946950768797
5.927940690819107 8.50592729245094
5.3414698564825205 9.315897637878813
4.978838606301822 10.247830348106532
5.1183424872859185 11.238051872408228
4.526266209980406 12.043933800392747
4.323143615812032 11.064780486688345
5.198483732087789 10.581272802325062
4.198552983868533 10.59304135217954
3.2163720619094835 10.78097920504498
2.522357363333104 10.061018374054893
1.6060011755117334 9.660654368378202
2.6045274833724967 9.606384556235982
3.588960664228077 9.782143801883441
2.867566525741846 9.08961907527961
3.662258118445942 8.482605671403364
4.34821779688075 9.210245224727409
4.621748530309645 8.248381961123973
3.839416492417063 8.871243568936528
3.721841126747889 7.878179606551546
4.707190544908022 8.048727324599863
5.698720326380651 8.178606855138122
5.461037741508453 9.149949734274255
5.399035047036001 8.151873752257778
4.457234964227153 8.488047225365408
4.826477608680822 7.558714201354714
4.144810985537239 6.827051290656062
4.080581103363702 7.8249864199284875
4.9387278832659645 8.338390845448348
5.74229452114707 7.743176045158187
5.511687349329175 6.7701291129364405
5.807413037768892 7.725402014884808
6.771588069919455 7.990668875569406
6.705917251839878 6.992827533645371
6.1926056527953905 6.134625225161881
6.816648427028421 5.353235043544821
5.962672235220075 5.873547126649292
6.776412173878837 6.454776265829043
5.809222339961063 6.200721497784616
5.028117063863966 6.825120847282417
5.806567477346245 7.452826951880157
4.806575351807303 7.44885846852893
3.8091537049846997 7.520622376238073
3.5552426732502664 8.487849954403396
4.555147781375201 8.474074078908018
5.250802577259813 7.755697850902985
4.8904970035321735 6.822863517518543
5.888917581586608 6.879044914060892
5.733868229375856 5.891138188514889
4.8959763233311895 5.3453019916711515
4.072581417574306 4.777833200305835
3.1017384450571597 4.538116862285101
3.7957458881462376 3.818149037353347
4.678882835066609 4.287264303555763
5.1112330196273055 5.188970085898503
4.164798895938841 5.511867050142589
5.0127288366193765 6.041975355772205
4.928568229885662 5.045523153067925
4.157703003874113 5.68252142883181
4.600613329435605 6.5790873458234245
5.570304047431962 6.334751692609018
5.368768449139618 5.35527050206938
5.092035987103083 6.31621750604785
5.619094650096338 7.166046409865413
6.587143691714027 6.915285461902867
5.638618298113822 6.5985843761838945
4.738185606133424 7.033579740771765
5.658840862866642 7.4239563515587
6.390020347048248 6.741771213995648
6.5922318004118585 5.762429328784679
6.717226577417471 6.754586728455375
7.7171689657169775 6.743852666694801
7.290276566400119 5.8395502397349395
7.556001300126557 6.803599183454092
6.7759049122783335 6.177939830717993
6.1721352105763785 5.38078103392357
6.924384939541637 4.721902938012274
7.126853691826797 3.7426142143214056
7.2462452246869455 4.735461464345952
6.593559406625605 3.977832780291817
7.404638545238026 3.3928963470721603
6.433026249162225 3.629475184068015
5.523335709112946 3.214188389978858
5.038374058451763 2.3396529719493873
5.655235718173646 1.5525813787857394
6.114795179021624 2.4407283834787212
6.132325290014198 3.440574719276672
5.175137650127181 3.7300428903206067
5.550090028331407 4.657086963749155
4.851534248243208 3.9415313599660755
5.769538715796382 4.338101401134611
4.870482935177261 4.7759355059452595
5.130956270780346 5.741416547416195
5.420895372525496 6.698461644200676
6.161980679696724 6.027050765904139
6.784177518999642 5.2441899269541645
6.845034436869048 4.246043426911492
7.477383181030584 5.020727275818469
7.527323712000345 4.02197508264618
7.8585933622269 3.0784389578270104
6.86521657669988 2.963536555867757
7.210080767760688 3.902189148536618
6.490444192584153 4.596540068222181
6.073215479300222 5.505341587153259
5.498372060920082 4.687078155033116
5.647535289537595 3.6982655685292833
