0 0
0.3645151021889113 -0.9311974765194585
1.3222556257899358 -1.2188310793068162
1.8561408725651134 -2.064388021964026
1.098129791911953 -2.716629696197609
0.8320585218689243 -3.680583055680157
0.0762342248582829 -3.0258085662195717
-0.4385116411057074 -3.883151375994624
0.3012414694282495 -3.2102729802533614
1.30049139260598 -3.1715484269402565
1.7355910153686263 -2.2711661091042146
1.0096692546338635 -2.9589433966702856
1.5953313415706112 -3.7694987124414507
0.8866932005084895 -4.475070810126741
1.8155185087645895 -4.104552866238783
2.360026713155539 -4.943308382078139
1.862999795100909 -4.075573259630559
2.087658712234656 -3.101135795781651
1.1273202673315477 -2.8222987981628282
0.34151854367126544 -2.203820301291248
0.4896146700941487 -1.21484733030643
-0.4337322973769707 -1.5988139664376018
-0.9976883378438555 -2.4246187765597718
-1.93996079314392 -2.0897716174217735
-0.9730193066341735 -1.834773261218598
-0.08138997216275923 -1.3820071738069382
-0.8284280318090739 -2.0467884441807875
-1.370082373877136 -2.887389760928992
-2.3670184872488087 -2.809169649350301
-1.9631965687474908 -1.8943320363621188
-2.639392477403365 -1.1576101803560295
-3.4609722980179924 -1.7277036800197567
-3.095153093232793 -2.6583896149141895
-2.0959158454007385 -2.697439871571756
-2.7360185140177142 -3.465729253009132
-3.0418211194076266 -4.41782418868348
-2.3470488745154805 -5.13705400433876
-1.6245957448839317 -5.828473902436565
-1.712989974499911 -4.832388333737471
-0.8095709520879472 -5.261147088685066
-1.5471628047667765 -5.936393901977667
-2.1224378401634723 -5.118433857935582
-2.128920536051748 -6.118412845041821
-2.5123404409310908 -5.19483871345177
-2.337142100452717 -4.210305554287681
-2.7587995293999437 -5.117060765253471
-2.160586685615971 -4.315723511950036
-1.7897156702093555 -3.387039125341073
-2.7453880009044704 -3.6814714543128884
-2.838277617244475 -2.685795041427554
-2.4905508680924204 -3.623390960746822
-2.2930091149867855 -2.6430964867340627
-1.8363817086770564 -1.7534384559116294
-2.5413653952772775 -1.044214935695639
-3.0938503204801777 -1.8777378252574946
-2.0939901740657856 -1.894461688812033
-2.8160142775695025 -1.2025937867095768
-3.777560558829064 -0.9279508385097227
-4.745778247735131 -0.6778418484885806
-5.739133643639525 -0.5627546753213508
-5.749897972361881 0.437187387613876
-4.809355535816484 0.7768635938121442
-3.821509965335471 0.6214250886692989
-4.710898700037465 1.0785767906077104
-3.712513963340644 1.1353915556852834
-3.458588867839887 0.1681676695684592
-3.3701223449529194 -0.8279114810658112
-2.390346646843666 -1.0280104100847465
-2.7998865870112315 -0.1157182214699658
-3.702343806728427 0.3150612657161226
-3.800679490276174 1.3102145671431928
-4.369751789908383 2.1325020581044196
-4.1008116299140704 1.1693451703949285
-4.883566530622134 0.5470150607123664
-4.285533028187899 1.348486164350072
-5.279904088636472 1.2425324284915296
-5.15273440913029 0.25065145145129253
-4.160585583471587 0.12558863625806238
-5.15886659567336 0.1841976857078118
-4.592092453812638 -0.6396755279106683
-4.979209523355808 -1.5617060992413097
-4.037010080877337 -1.8967586482440897
-4.049264946433946 -0.8968337419285257
-5.015692152259717 -0.6398931732364783
-5.467532422197285 -1.5319920301255259
-5.847229364730741 -2.4571029595987137
-6.05614251139278 -3.4350371583829498
-6.335582064501125 -2.4748738721869987
-7.005133704645631 -1.7321083633083203
-6.118901218870853 -2.195349101108288
-6.689876777706796 -3.016316159650824
-7.129014520605673 -2.117896412115364
-8.024977336671615 -1.6737673405301001
-7.097888434625613 -2.048608863981198
-8.093248424272904 -2.144829916819682
-7.949386057286173 -1.155232210999294
-8.296734164269417 -0.21749595139579714
-7.3127030700685225 -0.03949930635496951
-7.508581295260382 0.9411289213111973
-6.557562355532971 1.2502615405537352
-7.5557712766848075 1.3100858644770912
-8.137468648858588 2.1234911553414415
-7.416221561396202 1.4308132801158613
-8.018826643249596 0.6327737351530424
-7.1373457351746445 1.1049933966447665
-6.516135480359048 0.32134946008177523
-7.119910443819644 1.1185042715821236
-7.7128165995750635 1.923775834762726
-7.21671633014414 2.7920410722740328
-6.381520572372911 2.2420883050285707
-6.799645755835789 1.3336988891093102
-5.801046279330915 1.2807925045778366
-6.6626703092158355 1.7883395773946056
-7.661330781245986 1.736597316093836
-8.510594200037287 1.208627955711143
-7.834229089974896 1.945194475375381
-8.824467748887697 1.8058122728006791
-8.62961817339127 0.8249791356520294
-8.384237863700976 1.7944060300676403
-7.3847584748031 1.7621422552059314
-6.5688687221610245 1.1839347565225835
-5.576420798090563 1.3066014513025084
-6.04259376033569 2.1912950532187896
-6.879879161953169 2.7380611423631844
-6.076127981729925 3.3330267214429687
-6.2749538547955765 2.3529918893070483
-6.90549071890625 3.1291511918973596
-7.890497405558242 2.956635026710251
-7.283804694271405 3.7515714732715004
-6.487142123220494 3.1471471621401954
-7.4871154546693734 3.1544503389166683
-7.116075225133131 4.0830671318219505
-7.556815905429498 3.1854326556948935
-8.425306639939727 2.6897272552100056
-8.483352399503831 1.6914133317387228
-7.852868051941074 2.4676152948117136
-8.599069686159382 1.8018952927914007
-8.24701098924274 2.737873216636486
-8.30507561668637 1.7395603903942143
-9.272921327135395 1.4880158003799948
-9.832407029127467 2.3168558025917836
-9.537377218034464 1.361367754227793
-10.246367407623344 2.0665860970598016
-10.912496810308928 1.320749909363235
-11.016020458763977 2.315376901863718
-10.382032473722647 1.5420340058446005
-9.754806874869589 0.7631963795428013
-10.433148295800208 0.028449541067243067
-11.322896707009958 0.4849008142057089
-10.326383460754634 0.5683355194408602
-9.677634068620726 -0.19266660027096028
-10.564149794112794 0.27003186358565834
-9.758142768417407 -0.321874104055889
-10.75364215282804 -0.41664211362690917
-11.727402724145016 -0.6442170457886867
-12.649496383404548 -1.031183818979053
-13.58804168920912 -1.3763398836109844
-13.936548804040084 -2.313646018719572
-14.859948225936638 -1.9298055471156612
-13.861350843277243 -1.9827514378514675
-13.19335925297503 -2.7269202596154005
-12.487396629221315 -2.018671169349291
-11.630745197661648 -2.534566822371074
-11.82652307417786 -1.55391855562769
-12.824575165506705 -1.61630463575876
-13.805808065448671 -1.4234782991979122
-12.83735142184455 -1.6726604202640931
-13.488792162195313 -0.9139609001566602
-14.292361519323183 -1.5091720293243722
-13.6609828492932 -2.2846467065583673
-14.539579300192207 -1.8070817617941306
-13.871550967690947 -1.0629459227327487
-13.028616802340748 -1.6009626444853011
-13.986459671081848 -1.3136700431155153
-14.974472486120046 -1.4680419230687516
-14.521170866546482 -2.3593991139254724
-13.602604575423651 -1.964132155006761
-14.200554932961186 -1.1625990178747183
-14.101114096403371 -2.157642494324206
-14.607284025924368 -3.02007626131661
-15.52170303506262 -3.4248451777697104
-16.5042792523124 -3.23898507636246
-15.770400880526065 -2.5597041805437737
-16.760234703392133 -2.417475480520379
-16.297906008553074 -1.5307668598741073
-16.97750763370608 -2.2643482330627913
-17.013817277577495 -1.2650076455942694
-16.01501451566249 -1.3139263821985334
-15.031107252587544 -1.4926062570260281
-15.819198163335269 -0.877047391931209
-16.80863385855969 -0.7320749634637067
-17.470279227067444 -1.4818918786718382
-17.82549971375219 -0.547109333991284
-16.83564509473314 -0.6891932289500396
-15.940312333393281 -0.24379537705631793
-14.978257760023876 0.029061724480386963
-15.972995700911415 -0.07339035680065858
-14.973093917992644 -0.08740550988087453
-15.877923512258912 -0.513179399803614
-16.418521176662942 0.32810186424599463
-17.33350927451133 -0.0753789665202193
-17.280569334145174 -1.0739766646519684
-17.680034917006953 -1.9907248569648297
-17.07998706898235 -2.7906889687105036
-17.786425399999327 -2.0829143686647327
-18.673600931912997 -1.6214822766146724
-18.344692403162654 -2.565844060951208
-19.059471703731884 -3.265194153163801
-18.071683681943135 -3.1093903534326266
-17.40457577218729 -2.3644292559643176
-17.818223779658904 -3.274866143351227
-17.745742630202177 -2.277496360886653
-18.690416799408304 -2.6055065955359886
-19.141103086352782 -1.7128241935809605
-18.371548643567163 -2.3514054018770687
-18.3210431867869 -1.3526816168216527
-17.463168316924698 -1.8665402624226677
-17.68523928768793 -0.8915097583130397
-18.609322370959376 -1.2737014055419424
-19.602906783138515 -1.1606084531769323
-19.58873989903805 -2.160508097838777
-19.646579946365687 -3.1588339609341576
-20.352639458925722 -2.450681459898198
-19.613713928115942 -3.1244685627114555
-20.48828133015517 -2.6395645935687484
-20.8692447451397 -1.7149744809008014
-21.448095680649427 -0.8995411025923623
-22.241707560552257 -1.5079654479937423
-21.3247617186364 -1.9069771307716026
-20.945309151557158 -0.9817659390229428
-21.922545577646265 -0.7696127690617314
-20.96722179657522 -1.065174054280424
-21.306033637738405 -2.0060282067863335
-22.273168262093954 -2.260293065492077
-23.005107551279796 -1.5789232122213865
-22.02733515973333 -1.3692540673061078
-21.621804000271243 -2.2833352883720135
-21.979801311345636 -3.2170579052468034
-22.825527403216892 -2.683440647722114
-23.233086898674678 -3.5966193036609155
-23.804070274685383 -4.4175809253701255
-24.742422670318703 -4.763261097797197
-25.68851084097134 -4.439351892384404
-25.103533798518562 -5.250401742765502
-24.105486559153757 -5.187938089363797
-23.69414250555306 -4.2764579362242205
-24.44577169308048 -4.936043839997847
-23.52427806872985 -5.324437326401951
-24.502398348489567 -5.532477510796146
-24.787529836326193 -4.573989099471277
-23.787581114740235 -4.584116004161528
-24.384528065885895 -5.386396714086613
-23.390300159268172 -5.4936854353136955
-22.779801258988666 -6.285702539142593
-22.40956903934295 -5.356763303489256
-22.361390930729588 -4.357924542802408
-22.966268249803342 -5.154243215740665
-23.965212307993106 -5.200186317588122
-24.47069221624039 -6.063024693159305
-23.590177060538483 -5.589006697109316
-24.479061761896514 -5.13087572490634
-23.551409658187392 -5.50432126910796
-23.43075758987897 -4.511626412461216
-23.717668985429604 -3.5536692886278023
-24.71451183761414 -3.4742694898333495
-24.728927091157725 -4.474165584667845
-24.477906449672375 -5.442147318766316
-24.63038533142726 -6.430454047782556
-24.57926260175199 -5.431761669464513
-23.5920179548418 -5.272551094604745
-22.605384257551744 -5.109597274852782
-21.89128402894453 -5.809640747433682
-21.552514373523337 -6.750510090416972
-20.59546760008146 -7.040443657712126
-20.073720912640585 -6.187343198126929
-21.071043478015188 -6.114215224036151
-20.209637704033423 -5.606297816822266
-20.26514289108284 -4.6078394179840325
-19.394625026608836 -5.099976235984498
-20.318294782318638 -4.716786749715641
-21.3148687065834 -4.79949354191271
-22.00077437973416 -5.52718400326259
-21.793980639341978 -6.505568564125348
-22.428232344400904 -7.278695186762188
-23.425633878665757 -7.350738086801813
-22.479849344979076 -7.675532815575338
-23.378292735280894 -8.114622185092495
-22.41041681922612 -7.86319384317151
-23.036684394118232 -8.642802029787553
-22.801568384739042 -9.614769345150371
-23.55538767991313 -8.957687561638425
-24.49013581554429 -8.60237653882309
-25.4855116792683 -8.698433240388761
-25.521854285705782 -9.697772629664161
-24.58146069602579 -9.357684557999223
-24.92460211984605 -8.418400807869048
-23.926896870888793 -8.486107795714732
-23.750005230146687 -9.470338128226166
-23.28868362721919 -10.357571118298335
-23.59759174956024 -11.308663002372489
-22.644802441659465 -11.00503076635339
-22.126102857374768 -10.150074193618329
-21.475322550300888 -10.909340281314089
-21.471860861111974 -11.909334289650118
-21.32809713283974 -12.898946330014052
-20.991249524416165 -11.957387150408586
-20.95312892523451 -12.956660296209089
-21.103858278911392 -11.96808522979271
-21.310079816681235 -10.9895799015702
-21.35400962695221 -9.990545281664787
-21.004098983461375 -10.927328363051204
-21.9674236576109 -10.658989822817588
-22.852460857029882 -11.124510129189508
-22.495838640812945 -10.190261449821685
-22.468608729385927 -11.18989064703617
-22.192689181372476 -12.151071380833958
-22.124520839018032 -13.148745213857882
-21.382103543231885 -13.818682941499477
-20.482836246458433 -13.381283434236648
-20.95349086586763 -12.498965901129216
-21.031014906541795 -11.50197541816684
-22.01308832697857 -11.313476620102726
-21.478873467033694 -12.158825354894514
-20.48732460596736 -12.288559144317528
-19.67689912149717 -11.702717413027194
-18.832202176578164 -11.167472542669241
-17.89949069900597 -11.528096029986825
-18.00877874344161 -12.522106152341438
-18.324099192017606 -13.471091407606151
-18.90032311106109 -12.653799541060199
-19.852816781126215 -12.349241158338806
-19.835516012819298 -13.349091488846323
-18.968423068488413 -12.850945098824676
-18.082450460610175 -12.387207524231636
-17.22455280247831 -11.873386925022281
-17.954173146267376 -12.557239360807316
-18.236293727294363 -13.516618315006852
-18.698170370949345 -12.629674141991432
-17.85344675532273 -13.164876919639955
-17.319075775741275 -14.010126975056195
-17.751262061054316 -13.108342624566946
-17.022859305583786 -13.793491824247527
-17.17810832101957 -14.781367192503168
-18.166180915056554 -14.627378397738653
-17.420177997318362 -15.29332107299389
-17.880358022526224 -14.40549544574511
-17.66330073687035 -13.42933657817093
-16.66338964466768 -13.416002123174083
-15.780057895866294 -13.884750479501317
-14.995946729937943 -13.264130080653132
-15.96564810276579 -13.019836716977844
-16.658587469444853 -12.298840854225206
-17.463780094444257 -12.891854207065231
-17.350584663078664 -13.885426949403685
-18.343332010732688 -14.005646347696551
-18.63670342263357 -14.961644890937745
-18.199050840796588 -14.062500732522963
-19.09323843156019 -14.510193207916934
-19.909602293613812 -13.932655291643988
-20.68717685867272 -13.303864550798156
-20.5745664304842 -12.310225334853456
-20.19393128782358 -11.385500030683763
-19.826991531567913 -12.315744737886675
-18.857153311366122 -12.071995221711106
-18.881993821785183 -13.07168664862349
-18.31751076401907 -13.897131303034081
-17.57150452361424 -13.231192349918217
-16.949712658112404 -14.014374880364182
-17.379253600363118 -14.917422265018148
-18.229895769414767 -14.391677174474161
-18.236346976062986 -15.391656365224039
-17.236689167086332 -15.36549790670689
-18.231848761854135 -15.463769881051466
-17.421640966103055 -16.049912634742217
-17.694939911582573 -17.01184178306853
-18.694592428418385 -16.985481859247916
-18.716473943037546 -15.985721288252053
-19.28627973885187 -15.163941904806348
-20.15327797354222 -15.662253113835224
-20.817547621094178 -14.914760080194645
-20.550476731816804 -15.87843696593
-21.46824917392892 -15.481330249165401
-22.1922902068336 -14.791573348025352
-21.266933093368607 -14.412476773839128
-20.587094457054555 -15.145838504893216
-20.10445811501378 -16.021659354919922
-20.04559927707097 -15.02339303915242
-20.91676253933827 -15.51438649173178
-19.934050758366322 -15.699528479241213
-18.94191770650073 -15.82471636761651
-18.06562650951757 -15.342934531003893
-17.858740277409822 -14.364569523982352
-18.159119415010515 -13.410749638629639
-17.422805600255668 -12.734109434236517
-17.840261387366013 -13.642806669738025
-16.849178808257392 -13.50955757447878
-15.910278319596214 -13.165368858231716
-16.37916202682468 -14.048628768504843
-17.300327551916155 -13.659457758044212
-16.978343900494053 -12.712712529264637
-17.815638110874936 -13.259465128949955
