0 0
0.9791971694047555 -0.20291107271342904
1.1558293867728038 0.7813658495943362
1.4045429628430068 -0.1872112289483946
0.8713818283253326 0.6588024852665858
1.2379860916771481 1.589179459450853
0.471337739045837 2.2312466704246705
-0.2761008104031957 2.895577623186565
-1.2229937191426046 3.217126716450753
-1.055889159318947 2.2311875367413037
-0.36800289320157853 1.5053690436680665
-0.025642115525631504 2.4449376137624057
-1.015568444181481 2.586521030284085
-0.8536156657507128 1.599722521185822
-0.07394156971956878 2.2259080400043416
0.5137652964063838 1.4168341005473772
0.7252749326969989 2.394210012751178
0.5993640906774548 1.4021684511914168
-0.12744575051237506 0.7153297112024625
0.02944485177671094 1.7029456987772726
-0.5486437973384561 2.5189196651292645
-0.8802351389009215 3.462342784519925
0.11325834396561951 3.3484538056777655
-0.6936568092813229 3.9391211701566773
-0.7690179586962977 4.936277475436273
-1.2968196367682587 4.086909834997563
-1.1513037127037382 5.076265744589075
-0.35952788159479354 4.465453962391203
-0.06730467666094925 5.4218041066888825
0.7470926718550386 6.002111748143076
-0.18312261276455077 5.635097410194139
-0.574934800666876 4.715052188799455
-1.5743658746180589 4.748779454042657
-1.4777254899172918 3.7534600901976205
-0.532724355287853 3.426393039657409
-1.4948064357723052 3.1536329428494114
-1.553935842428254 4.151883268804037
-1.5716033840862917 3.1520393519991377
-2.0608944164820033 2.2799187837190757
-1.0840136250522798 2.493703533726266
-2.082853743773205 2.4455535884140547
-2.5640411999381474 3.3221713112724918
-1.8540880579516785 4.026420227624899
-2.8539184004875304 4.044839949247134
-3.41081920771071 3.2142609398120467
-2.5541027771645113 2.6984732338397346
-3.4951500339191166 2.360198108306343
-3.3554328053157674 3.350389552437931
-3.0007942230367597 4.285393015511269
-2.0137399244048555 4.445779459926873
-2.589219898838838 3.6279635888253994
-2.253220252580665 4.569825700662574
-1.9096133709175065 5.508939277858495
-0.999568411322572 5.09442972246097
-1.9540274928672918 5.392771576140285
-1.1936858095024978 4.74324827052455
-0.32701400912002565 5.242127003707078
-1.2388672453799112 5.652643356027388
-0.3086888769417081 6.019751246012938
0.08879617386828531 5.102142596106794
-0.8437245731068013 4.741026193182437
0.14392079788591117 4.897731716877893
-0.8546206512124254 4.951722220048304
-1.8305883467042576 4.733806967355056
-0.8775950680833986 4.430815530341622
-0.29753604130074496 5.245389974728359
-1.148570052988834 4.720279404514735
-0.7052960404022064 5.61666556558894
-1.6983439772007016 5.498954923673046
-0.7070772688756333 5.6308272595376385
0.04824231033193205 4.975470613683104
-0.9264576527825394 5.198987910339644
-1.3834377584738489 4.3095109949549
-1.3646939284157653 3.3096866759694326
-1.0242272680066162 2.369430086973726
-0.10594346469290672 1.973507295798845
0.21554108011206286 1.026592469929305
0.8413498082429995 1.8065690309842761
-0.15757102723358252 1.8530143154679275
-0.11853381590796426 0.8537765579087373
0.8779370838052959 0.9377155001503799
1.8181835861907052 1.278210015160541
0.8609887974886143 1.5676545460841007
0.435359098039153 0.6627571160145037
0.2385301977550109 1.6431949692275134
-0.677136776154353 1.2412571719358574
-0.8279990011115449 0.2527023737172833
-1.7797612776686254 -0.0541340141556082
-0.8290547332747461 -0.36422604315127416
-1.051613767977444 0.6106931720005266
-0.17927032049035108 1.09958672854053
0.20630098716458406 2.0222647691989515
-0.4951741244460432 1.3095708181997459
-1.2121720333636379 2.0066461359436727
-1.4905510341204509 1.0461748287524384
-0.978407538303645 0.18727492789521893
-1.2145444254222029 -0.7844448725318164
-2.2033899773226797 -0.9333894074656004
-2.8620048217596312 -0.18090918401299005
-2.4495597529359223 0.7300732884874451
-3.4495435694294074 0.735762466910015
-3.626123837900528 -0.24852377640880075
-3.968860626901284 -1.1879552499423687
-3.891704144675156 -0.19093625451124396
-4.593745033688762 -0.9030728917887998
-5.147512721714368 -1.7357441040321289
-4.969443124519958 -2.719761999476628
-4.768547266668486 -3.6993746036718376
-3.885859620468084 -4.169334728836934
-4.382154989131147 -5.037488463519677
-4.2776333610255195 -6.03201107726868
-5.269512316925182 -6.159196520002494
-4.433381728507103 -6.707726955905223
-4.1090872734109105 -5.761770769608065
-3.8602664527668034 -4.79322123591658
-3.239084209875848 -4.009555094554735
-4.1053618460336825 -3.509992228548069
-4.808088017648114 -2.7985318096011507
-3.8085332231462794 -2.8283682435099724
-3.649000223161828 -3.815560839671411
-2.803900191577956 -4.350169048191387
-3.803795961319998 -4.335731262628177
-4.734356610743473 -3.9695934774371904
-3.997067625209489 -4.645170972481445
-4.370568509705636 -5.572800795891945
-3.4995488585602548 -5.081552623052007
-3.5258461321606696 -4.081898456151681
-4.519891011467578 -3.9729270015238147
-5.17678051850186 -3.218940147826578
-4.8395593369403525 -4.160365596126262
-4.252062065428124 -3.3511394497582105
-3.564546113482391 -2.6249701748503877
-3.5968090557060823 -3.6244495906259555
-3.4390298035447584 -4.6119239991993695
-3.409739157278235 -3.612353062226265
-2.7592635084849553 -2.8528259525540944
-2.910522896393163 -1.8643318465678047
-2.2795052851721955 -2.6401003521988233
-1.4306553758039713 -3.1687342816486437
-1.4524181152422628 -2.1689711181083275
-1.3868218570285915 -1.171124871982019
-1.4954305781089818 -0.17704029524557163
-1.6425756224093573 -1.1661552207915573
-2.433502659672436 -1.7780656895092024
-2.8192508780382846 -0.8554615967220668
-2.547208972471451 -1.8177470022102544
-3.469725223479176 -2.2037052468775395
-3.277502312957452 -1.2223539577508795
-2.912050907953559 -0.2915235378672788
-2.2082270619978575 -1.0018980826421637
-1.570831770635249 -0.23136109939685878
-1.6878918817799 -1.2244859306133589
-2.450368242626194 -1.8715020039458474
-3.0689985465066574 -1.0858197863026293
-2.071075731379314 -1.150240707192646
-3.0650992107572703 -1.0410742176212506
-2.4455453648497825 -1.8260283768058754
-1.5594661382864883 -2.2895621989299944
-1.2779903408191708 -3.2491305265857884
-2.1685610951695464 -2.7942857931922895
-3.0771609297441995 -3.211953532682561
-2.787183266469091 -2.254920119054015
-1.9958538688996421 -2.866310161941837
-1.775465952936057 -3.841722467839824
-2.707047977501855 -4.205253665271198
-3.5791924404145266 -4.6945021050344415
-4.49485663283388 -4.292557971203615
-4.5106355625121015 -5.292433476143209
-4.975119217835411 -4.40685178372997
-5.290405745403838 -3.4578552581652855
-6.147439227807367 -2.942594537714677
-6.829615597805919 -2.2114068735575207
-7.737658680413711 -1.7925300896124825
-7.29125066520962 -2.687359617490024
-7.752998618620139 -3.5743707941508354
-7.880674380128548 -2.5825548334387447
-7.714607984926007 -3.5686694070986382
-8.079666547417004 -4.499653964409879
-8.666147795151613 -5.309616769763098
-9.205211824658203 -6.151881557162
-8.94024406141392 -5.18762428628388
-9.876732018216831 -5.538324025039282
-10.333877369336186 -6.42771602407568
-10.771540187662593 -7.326855199873613
-9.81365352638218 -7.039708644712209
-10.680537722699643 -6.5411990759223775
-11.657475665112788 -6.7547225094690795
-10.80303591129215 -6.235172023865486
-11.180954523599562 -5.309333202864962
-11.641305840859761 -6.197070024618346
-10.83829835159734 -6.7930389602085
-9.839090360342208 -6.832830796203887
-10.618434808974623 -7.459426543385303
-10.674375752187808 -8.457860622767821
-11.625488627586243 -8.766704107807284
-11.076377597081517 -7.930954697889431
-11.071955661070396 -8.930944921082595
-11.981761948034729 -9.34597807662583
-12.721207488243552 -8.672761697543084
-11.934842932500185 -9.290524423410012
-12.754824541891608 -8.718134556046996
-13.408503323892443 -7.9613624305284185
-13.978831631956524 -8.782779268084578
-14.967392249772033 -8.631955182129378
-15.721318807066814 -9.288913891795092
-14.763796484684006 -9.577273046563297
-15.08923041108291 -10.522837829932788
-15.462051425324923 -9.594934553001643
-14.506160205570186 -9.888655468150366
-14.736526031411728 -8.915551369770165
-15.346030350109707 -8.12276862179408
-15.94307864201981 -7.320563325671429
-16.0785767246089 -8.31134093422679
-15.078936863482967 -8.284505359924674
-14.446103374528157 -7.5102174449619765
-15.435602225349502 -7.654758180477043
-14.812370815595301 -8.436795653937102
-13.817045112110454 -8.340220584781571
-13.480270871689807 -9.28180600894079
-13.775156251869511 -10.237338641850977
-13.077962546596012 -10.954221433754235
-12.564175981030154 -10.096303392771276
-13.563784226785375 -10.06831491267374
-12.749318975649519 -10.648527248540713
-13.461068532815375 -11.35096056770646
-13.083371920688649 -10.42503115938853
-14.077279848088493 -10.535244733197498
-13.081983420635119 -10.632121053826175
-13.256003489658964 -9.647378947700446
-13.738295391449636 -10.523389519250319
-14.656573867262193 -10.919324666540085
-14.40119488114822 -9.952483638525965
-13.779238627111472 -10.73553562790124
-12.897530182440285 -10.263740949470554
-12.620451383363298 -11.224588148093755
-11.640724057421146 -11.02425251271592
-11.531000416049892 -10.030290379370674
-11.920328668941336 -9.109191301366307
-12.26143547953791 -8.169166757131087
-12.421425061822163 -7.182048054258677
-11.94096346465577 -6.305032288352317
-12.855469897777045 -6.709603646433686
-13.019117783978217 -5.723084832957791
-12.618443516834615 -4.806864263635677
-11.995159434877195 -4.0248687692890055
-11.089019937728503 -4.447847742415465
-10.129725857181546 -4.165438700372604
-10.648728307410147 -3.3106659489019528
-10.159824191592879 -4.183003478495249
-9.214249037993518 -3.857599684885611
-9.60238433585312 -4.77920208861264
-9.723000227321569 -3.7865028357040504
-10.577311511389683 -3.2667411307719814
-10.879593175399043 -2.313522480302042
-10.082125476554353 -2.916884120862125
-11.04071951967642 -3.201660279433882
-12.020971761801396 -3.3994114913365037
-12.904787877540441 -3.86724594235518
-11.914715719304782 -4.007805970409337
-11.590322052864275 -4.953728139075071
-10.805125058241243 -4.334482081651242
-10.220097356627399 -5.145495391248823
-11.219493186204964 -5.110739444664566
-10.583744453972903 -4.33884337039982
-10.286807727537463 -5.293740527424494
-11.001943899368117 -4.594755366108892
-10.013759895888136 -4.748027592119597
-11.005100408263148 -4.6167112240459796
-12.001887251374544 -4.536611352635238
-12.929085975244002 -4.911181141132456
-11.929311732516911 -4.889933468801772
-11.681873579832958 -5.858837158853756
-10.98733830040686 -6.578295806471889
-9.997558550810336 -6.435691292908527
-10.231659571715033 -5.463479015671
-9.48273951629242 -4.80081865727781
-9.935407862006848 -5.692497617884241
-9.62187952501498 -4.7429187733941625
-10.615261356347837 -4.8577775439682105
-11.014727637537154 -3.9410296559462217
-10.305702153316666 -4.64621251359798
-10.61924901443872 -3.696639785535244
-11.378617880438233 -3.0459794091862493
-12.070522580523622 -2.3239905685524427
-11.645620013151218 -1.4187514795597393
-11.111208956658944 -2.263976196838412
-10.219083135795564 -2.7157632260334097
-10.156941627028951 -1.7176958771594928
-10.045744794785904 -0.7238974748166878
-10.05223929676842 -1.723876385316304
-10.831378605131142 -2.3507271954490316
-11.366215480693823 -3.1956825294983235
-12.3323094346931 -3.453873296269803
-11.83999543073924 -4.324290966995139
-12.20482277262339 -5.255366157628927
-13.157840105705779 -5.558281926192616
-12.49008055058844 -6.302658965433815
-13.04114076995171 -7.1371244438301975
-13.535413723620422 -6.267817681362766
-13.162374661933033 -7.195633319544939
-13.742024261104422 -8.010499162601603
-12.863151247312006 -7.533443373801764
-13.54061573441735 -8.268998856896745
-14.284464713335094 -8.93734659315612
-13.330859998661909 -8.636285057663665
-14.151864139405925 -8.065362820505941
-13.967458119183105 -7.082512669310154
-13.655637664223073 -8.03265371350755
-14.509303842639074 -8.553474273613062
-15.20416040185719 -9.272622632515146
-14.204252198370206 -9.286171971961522
-14.121413395025863 -10.282734931668774
-14.807119201356775 -11.010613731445272
-14.451162980080213 -10.076111099809324
-15.302196113107616 -9.550999105574224
-16.24914885244559 -9.229626254417953
-16.75941933976821 -10.089640225099554
-17.753609766643294 -9.98200475181152
-16.781854668398314 -9.746013165023152
-17.178582590544842 -8.828076916806916
-16.88641368705335 -7.8717101817974955
-17.337427912022243 -8.764226942915016
-16.444186032817342 -8.314650536467239
-15.491029921729393 -8.012171730770545
-14.83620616973235 -8.767953348581216
-14.941515791181173 -7.773513866445523
-14.254617198826386 -7.046760590690256
-15.11459418009077 -7.557093415124859
-15.513367761196044 -6.6400439993284825
-16.448272454714544 -6.2851451207206726
-16.78594432213311 -5.343881231073322
-17.061653854584357 -4.382640234384398
-17.192336781073674 -5.374064448696409
-16.351735231986076 -5.915718430193389
-17.043613602203703 -6.6377325026497385
-17.178699639828576 -5.646898630379108
-16.55250059885617 -6.426561866068236
-15.911923642028574 -5.658667887460839
-16.382373137530433 -6.541094809184133
-17.37892848171686 -6.624025177406347
-17.93123930028367 -7.457663444098836
-17.38939554024646 -8.298142676268638
-17.02133355155145 -9.227943930557894
-16.347663862949002 -9.966976508093065
-17.301475695166896 -9.6665717998724
-18.29602199094064 -9.56227575218733
-17.350908649256827 -9.235533083759638
-18.147276443007286 -8.63072043749881
-17.440261641651507 -7.923521688444595
-18.146898410927463 -8.63109816933358
-17.486107967368206 -9.381668612197378
-18.484558449331146 -9.437316029639453
-17.497625137681666 -9.598445289417395
-18.287058240324168 -10.212281893451589
-17.69450803076042 -11.017815411777152
-18.66427522153096 -10.773783455457874
-17.722264030476307 -11.109364914909666
-18.69845826812312 -10.892466758197447
-19.55119959713201 -11.414800201316066
-18.939656730294725 -10.623588900827734
-18.206525033767193 -9.943502203746647
-19.1644016071789 -10.23068240868607
-18.168678082463142 -10.323065644868992
-18.80487679202875 -11.094590888750911
-18.57484502010534 -10.121407769340296
-19.354991574765034 -10.747004567008418
-20.07075065452376 -11.445351858649865
-21.056583561611625 -11.613082235453493
-21.509693356062307 -10.721627517493653
-20.7316850383689 -10.093373542098451
-21.18843412090715 -9.203777973539081
-22.10278713291648 -8.798859994894679
-22.65836983639866 -9.630321274565254
-22.063145791610285 -10.433881064814724
-21.37227615964978 -9.710901707132393
-20.564333738377037 -10.300163146485026
-20.13583063510182 -9.396622837210721
-19.575751878220963 -8.568183469428867
-20.468109609432066 -9.01951226260273
-19.668295148759988 -9.619759568718994
-20.20023758279281 -8.772979050003997
-20.682484856849417 -7.8969439099182965
-21.429665392470348 -7.232322779356516
-20.453185670965972 -7.016713518213265
-21.439170504100368 -7.183548493050493
-21.369683358369215 -8.181131340025187
-20.707736560451455 -8.930682163336337
-19.729391239099332 -8.72370285956803
-19.630465504058222 -9.718797678641357
-20.228458401292876 -10.520299079049929
-20.803229246275617 -11.338613490360048
-21.58431418584528 -10.714188701312196
-22.15583994549268 -11.534772826225336
-21.582568163133335 -12.35413810712912
-22.433965485518772 -12.878659412163444
-21.847868124796403 -12.068418778922755
-21.099876950661933 -12.732127452526571
-21.06471003849325 -11.732745999682603
-20.114090875105223 -12.043105800880264
-19.152833446653613 -11.767453563003267
-18.501974816491874 -12.526652511595783
