0 0
-0.8914828810818994 0.45305438165623785
-1.681408693358741 -0.16014804095702267
-2.6763730241345733 -0.0599184022077994
-2.922431802481606 -1.0291733106804704
-2.7471124400310654 -2.0136849262289798
-3.7354976446132357 -1.8617155629906577
-3.435910639384168 -2.8157845470258156
-4.078446931287351 -3.5820398005721175
-4.539932161289936 -4.469187692690146
-3.5493763514831893 -4.332077563020235
-3.1234502682949623 -3.4273195999936936
-4.088544116264354 -3.1654152956922323
-4.143648549159851 -4.163895892136282
-3.3636942967235375 -4.7897324235935885
-4.21601855819653 -5.312746145502028
-3.482014267396911 -5.991890976217648
-2.5712886150239145 -6.404902823638253
-1.7071680213883929 -6.90818763331861
-2.472454025957699 -7.5518780334414854
-1.7537121416199697 -6.8566010356207245
-1.6953693678698587 -5.85830442601457
-0.8307980804852406 -6.360814614000947
-1.2706838067758581 -5.462760858479722
-2.0410373110970155 -4.82514382735515
-2.887727802029804 -4.293058108166979
-2.6029773934516225 -3.3344564156926966
-2.8059758370204304 -4.313635475879669
-2.3540143182351723 -5.205672910933447
-2.142863607721115 -4.228219394161724
-1.148323713779356 -4.123862317936321
-0.4934965593242763 -4.879640987778401
-1.4620621567842407 -4.630882704666015
-0.5565741502576377 -5.0552545581583015
-1.4302777823046553 -5.541713151820547
-2.2698158834440765 -6.085013967884001
-2.4565490466814777 -5.102603297264349
-2.4093728377293395 -4.103716714458821
-2.8546100470053606 -4.999129372106736
-3.3252027670040514 -5.881479921426128
-4.101898935274499 -5.251604487555268
-4.548307288832387 -4.356775128474031
-3.779321727917255 -3.717508981158189
-4.532722106405472 -3.05994691587932
-3.7353944287353458 -3.66349357888158
-4.055870695828845 -2.7162370337842043
-4.7574700342634095 -3.428808692151404
-5.378345298191166 -2.644899318152956
-5.108758354066653 -3.6078753716234493
-4.1724398258833455 -3.959027210264008
-3.8852843876942 -4.916911208626231
-3.146600235421957 -4.242859487182069
-2.1612245171946745 -4.4132551852735045
-1.4239676151197458 -3.7376426777346943
-0.44010617815180575 -3.558710643578202
0.5593764540740989 -3.526547498850467
-0.03930706116688831 -4.327533171992437
0.9526989054127439 -4.453724147384537
0.48957833295333514 -3.5674288606065527
0.45793323929549495 -2.567929691998901
0.17766429305409953 -1.6080081755337592
1.1154754628905634 -1.9551539802469418
0.1258736488880008 -1.8113198753801283
0.2599775379467991 -0.8203525969398634
1.133643597056898 -1.3068786673194774
1.7901122145673076 -2.0612320024509474
0.7903864317200631 -2.037814933666319
-0.2011372998416937 -1.907889225086957
-1.1142280314308155 -1.5001327832174973
-2.054166036988723 -1.1587875830054204
-1.775281396624233 -0.1984629725903957
-0.7795621226637864 -0.29089201274380905
-1.629047036681158 -0.8185049209036634
-0.6316203883026732 -0.8901992798481608
-1.4543777204343353 -1.4585920775009722
-0.5828852063039052 -0.9681832706728096
-1.3794424463482855 -0.36362015293167627
-0.3802861646077824 -0.4046899065040138
-0.2614178559987248 0.5882201222540917
-0.5463477008831009 1.5467684953131489
-0.35585328475997213 2.5284567744659094
-0.21273322432621727 1.5387514403884182
-0.35366939395529506 2.5287701251061785
0.05954699801090141 3.439402989333271
-0.9386445286912231 3.4995168481353964
-0.16158109476068894 2.870094557738809
0.18038653555710576 1.9303828254427646
-0.7520611992687343 2.2916877130628466
-0.7653685627576527 1.2917762599446347
-0.1834030686963496 2.104989739740674
0.22945136022678997 3.0157867646142447
-0.6062974793185227 3.5648986632275084
0.380131879789372 3.7290848973946518
-0.5853327129762873 3.9896191947833826
-1.0007495975453122 4.8992503354195005
-1.1940750864764238 3.918115657951852
-0.4131337759047614 4.542720068313013
0.034360454290279174 5.437006886924441
0.869600257436705 4.887121015820336
-0.07860713809938324 4.569469107199172
-0.2658792679341119 5.551777179744219
-0.39039352497778457 6.543994998467942
0.28374471037583804 5.805389799708616
0.8151649720543485 6.652498119510484
-0.17324514824327286 6.500690892761419
-0.16495403602727718 7.500656520899818
0.7297078345880192 7.053912592830125
1.3462468351094634 6.2665882245828195
2.158084423418963 6.850471543583984
2.78089321538878 7.632845628434126
3.306950056795268 6.782396218057807
3.4311285632396493 7.774656112711039
2.539737909171195 7.321420300093134
1.5404796999294228 7.359930445028293
2.5357155283939834 7.457427346212173
1.5497061025635037 7.290737777931947
2.204265392476752 8.046748449806534
3.055233060421979 7.521530373088051
2.9958696367416255 8.519766809975097
2.0974161598939327 8.08069807966025
1.1278207313304 8.325411595651296
1.815307622558098 9.05160838329916
2.691710491346049 9.533187049334366
3.34156654873593 10.293244352880407
2.352988294859305 10.142535905996223
1.8511176552649493 9.277593213609522
2.8111825632552567 9.557370575891682
1.9755806285134883 10.106705998612457
1.640868556236076 11.049026447648643
0.8598353587629745 10.424536940575111
1.8343833256103914 10.200357859674225
2.8300924923846056 10.292895717882637
2.3131371044126086 9.436883377523737
2.917228011634832 8.639967964313882
3.2482587339795845 7.696347987382538
3.234963652012874 8.696259603874465
2.2677453739706217 8.442313147665718
1.8688057056110132 9.359290323504423
2.868384808038292 9.330279670449453
2.7706137653336493 10.325488604899123
3.681108210723739 9.91196730567284
3.8261160675766144 8.922536802074465
3.920994645350841 9.918025654588414
4.643414091911033 9.226570563326758
3.657022071675075 9.39098097180148
4.599192121224665 9.05584577858578
5.523468398728813 9.437569975936533
4.581627191211226 9.10151173720132
4.8012000431680635 10.077107843529928
5.465776559615239 9.329887625798277
4.5598887363202865 8.906369914709433
3.976220203983793 8.09437789235936
4.784800810216049 8.682763313002221
3.989297099961635 9.28871202945557
3.1495634687499576 8.745713476407728
3.98207317745491 8.191703020809644
3.784472415373302 9.171985601918157
3.019051608111522 9.815515700523285
2.8445763136812148 8.830854148702835
2.6478075725117445 7.850404220099349
3.002447012493718 8.785407357853053
2.2700319039068875 9.466265719565488
1.2754399951211508 9.570125889880893
1.7318523748295165 8.68035752696336
0.8088871656863865 8.295474138504755
0.8401035871980593 7.295961489746368
0.061972483229064124 7.924063380394687
-0.12484754361041989 8.906457536307522
0.8384231866534395 9.174989657695134
0.46859727554158087 10.104090726185685
1.4119704182633641 9.772357228342573
1.3346485676445703 8.775351044100526
2.107402272881975 8.140645040472183
1.3537366027940563 7.483387056320656
0.37298249540510475 7.678634030278515
-0.6260550581125313 7.634770985907466
0.20383046774241342 7.076837285566232
1.2001100187557128 6.990656915221597
2.035707414541127 6.441314588291809
2.962723179949734 6.816336948537028
3.3632827551720728 5.900066231610148
4.35578623160883 5.777849828206384
4.793867470143382 6.676785214340468
3.796441118287701 6.748483698451834
3.3044599179820895 5.877877875736497
2.649120701642523 6.633212577393612
1.6953850111132334 6.332566219340469
1.4727023349075563 7.307457200793205
2.2150593277697173 7.977461749396159
1.421912037046728 8.586491613375571
2.3875394853094036 8.846421663892462
1.893977999096727 7.976710758287885
1.3814789625017176 7.11802295850895
0.5545261848758333 6.5557515795673975
0.6408252057300826 5.559482299202095
-0.2791395499091289 5.167481217084092
-0.42752530430453317 4.178551660496512
0.5353388185678578 3.908565214753062
1.1634314586757615 3.1304266439044737
0.3474066226006409 3.7084434835454765
0.3158477736634763 2.7089415880726557
0.6896345189295607 1.7814269148391877
0.10282227962480361 0.9717038783618152
1.0313869461311174 0.6005332166494186
1.9669816548317753 0.2474573876107674
2.9096728564642467 -0.0862090601551524
3.0067674843886447 -1.0814842146869144
2.557900672549908 -1.975082885920107
2.710626572331231 -0.9868142991806593
1.8205680529456352 -1.4426605803644823
1.2688385334142822 -0.6086374768009765
1.8302319516543695 0.21891157307867304
2.804557471840988 0.4440554841957082
2.4393723439553026 1.3749904026358295
2.4616292454027415 0.37523811814833763
1.978604312892169 -0.5003684799156314
2.8643149080423744 -0.9646062871208064
3.1702155190419505 -0.01254283535402112
2.9418430275289773 -0.9861166667197563
2.1641160565658506 -0.35751444063674287
1.8532322778529822 0.5929334938305841
2.2897935481918714 1.4926080223352514
1.4866472275050229 2.0883898511679018
0.9877338789649917 2.955041725133783
-0.003971463336590708 2.8265095733175882
0.844919375176865 2.2979413712017953
1.7639312011845472 2.692171334114339
1.1353665680086116 1.914413979973344
2.088041240462576 2.2184057043092733
1.770542223751105 1.2701471033004297
2.1466254628976165 2.196732985576362
2.944122434775724 1.5934100373593652
2.326025155263206 2.379511654874063
1.3313594864555471 2.482663035356406
0.5330598574623643 3.0849235291208124
0.5145509408415331 4.084752224450929
-0.4796903195464727 3.9775873228176533
-1.357778499140823 3.499088473439016
-0.5203610833066222 4.045652350453926
-1.1826814092205415 3.2964315646495814
-0.7790206477106222 4.211340297593601
-0.03700221218626909 3.5409608219665563
-0.9887350002690282 3.234032980140146
-0.35101836291751565 4.004304030125201
-1.3236059033766474 3.7717669876058286
-0.439005710609474 3.3054167984171894
-0.3530571585455394 4.301716375049697
0.20134525764878813 3.4694676376412876
0.6389404016220508 4.368639751294185
-0.026187222141233035 3.621910051799778
-0.08409763975429395 4.62023183536051
