0 0
-0.3488290561241073 -0.937186368660772
-1.125804018567859 -0.3076548700560313
-0.1569271664599674 -0.0601116506992842
0.43102945858273267 0.7487808063482504
-0.2685022900594216 1.463382326526909
0.7245322905567597 1.5812055912094196
0.6015149232506548 2.5736101092065287
1.4225970480124428 2.0028000318632255
1.2679400154040747 2.9907682511217066
0.27956854615255344 3.142826919962352
0.008603895994876931 4.105416218866577
-0.5161940373390876 3.254189381197323
-1.229760393470654 3.9547770312434243
-1.2527903790968324 2.9550422565346226
-2.2293744348790345 2.7399060624807525
-2.886473756877391 3.49371006952058
-3.8660435197746925 3.2926054210976146
-3.732953477877344 2.3015014705718575
-4.466082852445315 2.9815906707107627
-4.670789934616845 3.960413949198161
-4.833392796028546 4.947105547145933
-5.724463421415884 5.400970219236435
-4.8753301886184675 4.872791506148706
-3.880660901356118 4.769675023581613
-4.617301717223198 5.445959215618277
-3.73823653627233 4.969257623802371
-4.594024207761779 4.451930395322498
-3.925903497041527 3.707877496728141
-2.949189915413011 3.9224248795189722
-2.0188632761278136 3.5556929007711267
-1.0331996925848803 3.724415454323707
-0.8192560131495559 2.7475694572342606
-0.006197769261282016 3.3297518101489776
0.6981704208009774 4.039586616867004
-0.2905868708253061 3.8900572944721747
0.7080089684022027 3.943032287417028
-0.21280792449419483 3.553037095450993
0.5095865117712326 2.8615558748435532
1.3610315612937685 3.3859997018103374
1.5495641633365373 2.4039327702995656
0.7620789290032158 3.0202662885402933
-0.14978525224066008 2.609774248465902
-0.04262846321017641 1.6155321136895304
0.5791396459322827 2.3987335044271942
0.7728355064928857 1.4176718786351712
1.5743070163045052 2.01570483672384
2.054357869206928 1.1384641749737954
2.7877040659191015 1.8183195682507705
3.448730657721442 2.568682043945139
4.332279579235785 3.037020920498048
3.3607370158165377 2.800155879884713
3.9990251893631954 2.030358369164867
3.4193571237472264 2.845211075919309
2.624260950678177 3.4516944438453816
3.0630947005849403 2.5531261715684397
3.240784014416493 3.5372128078713985
2.2682055804106342 3.3046376808549622
1.5922258076749285 2.5677175041382547
0.9051077188467757 1.8411717505857708
-0.0779728962293349 2.024345177320044
-0.12553190035876477 1.025476746981885
0.20241088000524038 1.9701743349999374
-0.2964067816181603 2.836881286888846
0.5615110742614666 3.350668161539127
1.0630776412690521 4.215787216271032
0.06407591248462996 4.171115682989356
0.3207953122139713 5.137601663126992
1.3207477955031306 5.12785327024182
2.3206674037282222 5.115173479747529
2.2842576444739393 6.114510424642015
1.6828307856797895 5.315582559612261
1.2023608594370923 4.438571356732653
2.140356196851942 4.09192348498381
2.0147371182203195 5.084002033831502
1.0258899733003082 5.232935992294782
0.5324210613089775 4.363172557274607
0.20242960795032028 5.307156477005362
0.15179810296314564 4.308439074181754
1.0616873676615295 4.723290283637185
1.8453710670203887 4.102130192067215
0.9274858655454035 3.7052841804793126
1.6773445815089283 3.043686186155317
1.6734007929580752 4.043678409391011
0.9662828513884937 3.3365827887636463
1.817068387521192 3.8620958442697844
0.8577523881683535 4.144430421297935
1.8567023436450736 4.098615724386803
2.2500392946476104 5.01801011363226
3.1596627993081294 5.433443718157839
2.585239505418591 4.614885302748717
1.6458728298929846 4.271970956428867
1.8310152111082156 3.2892592496308084
2.266824785171613 2.3892203531631724
2.3771631908271558 1.395326276192496
3.0919050791514335 0.6959379483840848
2.907645521126035 -0.2869396713002198
3.254725081962812 0.6508960171065232
4.192451488438446 0.30352131077588934
3.4218101994540193 -0.3337478660343664
3.690728157028158 0.6294152209317785
4.579249198049682 0.17057934650386558
5.022995668172891 -0.7255730234942239
4.70033635018465 0.2209421451720598
5.6906398511311105 0.08202139073564163
4.976516597237068 0.7820413749130831
4.006123587312211 1.023572752354973
4.519575388294886 1.8816911871107167
4.146997484585183 0.9536902681094026
3.9825285220038427 -0.032691990625727696
4.951790054474469 0.2133406935296353
5.753406553006675 0.8111792915483367
6.590868610698168 1.3576747644729805
5.8201984633088415 1.9949090415822037
5.205598249116102 2.783747793618537
5.754821894177717 3.6194232017198122
6.742312348827824 3.46174440804442
7.2494139814862475 4.32363067325298
6.929456623814257 5.271062617654032
6.637354163683842 4.314675586800016
7.440522864026421 4.910427245454873
6.516072519795083 4.529124791947738
6.878193969869932 5.46125571375845
6.902146054943041 4.461542606101733
6.609090172014321 5.417637920116433
5.88725587218965 4.725571995802407
6.8118810129037275 4.344693604239597
7.737155849666883 3.9653962585424316
8.679368163086286 4.300412611040122
8.106813437012029 5.120279115813938
7.110191982616087 5.202411184080341
6.750426976435919 4.269368237411655
5.769399650269242 4.075498731521069
6.762822467389754 3.9609949917378406
6.924805467669641 2.974201443106555
7.27666829938265 2.03814986992327
8.276377078975084 2.0140178164298908
9.214793469776296 1.6685114091439648
8.215012314482154 1.6894312924780084
8.72545586236637 0.8295200270422228
9.722559628623882 0.7534668922279044
9.43085656696767 1.709975817340677
8.468081643723421 1.9802801775941354
9.385142774140059 1.581533537383891
8.415183976205705 1.338264282627473
7.739592399550014 0.6009882003137458
7.110636041290924 -0.17645240796798212
7.956497282602884 0.3569505920668795
7.968038383404365 -0.6429828072114374
8.488937990445123 -1.4966007541788051
9.486050446197511 -1.4206616299842127
8.710892852600006 -0.7888937097095872
8.456359881487586 -1.7559578061461594
8.208410522571826 -0.7871848113670604
7.228074785891835 -0.9845216892893032
7.366784283831331 0.005811423951576522
8.34093561759749 -0.22008496584164994
9.158482875494302 -0.795946477930627
9.599878440397067 -1.6932591075554246
8.65460637106945 -1.36697592541285
7.788666017967674 -0.8668286422352129
7.022665764642494 -0.22398837287916162
7.881521953314833 -0.7362051699282479
8.825066480086834 -1.067450888389032
9.18302299536686 -0.13371263107674813
8.21672506732053 0.12371369674029636
9.108859481573122 0.5754837565120607
9.023861836550838 1.5718649086524783
10.010196103326995 1.736621438669162
10.774139752025816 1.0913384762311837
10.341092261218108 1.9927095822164755
9.343667426700636 2.064429171505531
8.34371558860481 2.074243522670109
8.818579390837789 2.954302821427209
8.15818292717654 2.2033857083023864
8.4602451300582 1.2500974908202447
9.35972033635009 1.687069289986002
9.750813902380237 2.607420213606891
9.568621690614709 3.590683147908792
8.672639914011958 3.1465923283732167
9.0058046185636 2.203723684477888
8.255932274326364 1.5421411368331113
8.141686996297096 0.5486885630038342
9.037153594841953 0.10355985028075548
8.037222495384606 0.11529851877507219
9.032637552325173 0.019648822403334237
8.888202724241783 1.009163137831121
8.153066427621063 1.6870824732913008
7.200011024625258 1.989878442254735
6.518548556739094 1.2580253799105936
6.888416265556718 0.3289409499614091
6.07661183956489 -0.25498847551745685
6.9828132653609245 0.16785780374397213
7.946068999650574 0.4364437124549607
8.711807119197958 1.0795962078027102
9.697167387398656 0.9091111883685954
10.639967535817826 0.5757527024397247
9.887893753711342 -0.08332622020008329
9.138045907624205 -0.7449365342962906
8.186788530045424 -0.4365384123792783
8.50815502177966 -1.3834933099274298
8.450879751538482 -0.3851348856033797
7.87734596256413 -1.2043167902525997
7.992526551944813 -0.2109722217216602
8.918752198437259 0.16599734174421282
9.261382905197443 -0.7734728274389369
8.65666188779231 0.02296454681499649
8.527286370404582 -0.9686311245655604
8.646964201480081 -1.9614439048766643
9.41780124858421 -2.5984762798873753
8.460173538169585 -2.8864852523969855
7.472368639274966 -3.042182014469263
7.477987290231393 -2.042197799213127
8.46872788717719 -2.177966240183354
8.697679102728074 -3.1514041379959328
9.51773594303801 -2.579122058370087
10.47533418025667 -2.291015105875505
10.118419959026191 -3.225152268546727
9.268161745982468 -2.6987864535931974
8.866045862304215 -1.783197672483655
8.433643275963314 -0.8815170176364419
7.680562162060366 -0.2235893347694764
7.995999257070596 0.7253571542864171
7.338579523514964 1.478881735127442
6.6564929062117475 2.210153125580983
7.254229853941577 1.4084608271780188
7.567074740398547 0.45865659628739697
8.034415822528194 -0.4254205004377074
7.38110582587971 0.33167001481073866
7.876670294482908 -0.5369011437353126
7.467534183364483 0.3755722216726275
8.443343876773664 0.15695053416500024
9.351287196964156 0.5760435158784447
8.476634375235053 0.09129364074559027
8.900439016400924 -0.8144599825572743
9.316232686335821 0.09499899070214113
8.342027711635092 -0.13066595400206615
8.719129977799355 -1.0568375800270577
7.860091781230883 -1.5687490731939802
8.056937046021892 -2.5491836409899946
8.238132996552567 -3.5326306540574426
7.2388891001352915 -3.4937508974632765
8.238441557082712 -3.5236655395366014
7.5917522013946055 -4.286419023461586
6.85204275279703 -4.959345417397409
7.743736842493371 -4.50670687462778
8.406435323995819 -3.75782055307133
8.738017254153052 -4.701246980299867
8.74699771326296 -3.701287305435838
7.842616316869327 -4.128012380697536
6.940548486382374 -3.6964180929682344
