0 0
-0.35371955269460037 -0.9353515264549109
-0.03167335371666802 -1.8820754807963367
0.6682294466146458 -2.596313585414387
1.1839137908602553 -3.4530922365839736
0.19483266705289848 -3.6004643184990233
-0.7957910348108769 -3.7370830628414815
-0.4083501781605322 -4.658977624382034
-0.25855123018295234 -5.647694103047587
-0.04791003809341979 -6.625257547635764
-0.625123763621009 -7.441850662389103
-1.2707351193958032 -6.6781845198276875
-1.1198112922947787 -7.666729915048959
-0.4065928981939526 -8.367671797316126
-0.6361257039765382 -9.340972722554344
0.01849998668664743 -10.096925899096217
-0.416321181540583 -10.997442723848263
-1.3366601006372036 -11.388564538627321
-2.0390193580692046 -12.10038718051192
-1.0411899627448624 -12.16623927103802
-0.7541132526024705 -11.208331675027933
0.23000386789054383 -11.030811272953867
-0.01794848197418744 -10.062039043688104
0.23610240475881542 -11.029229897113723
-0.5517901920465773 -11.645042576342767
-0.7534925029858862 -12.624489449716583
0.24641995900322 -12.61125810969056
-0.543232537577165 -13.22481245499696
0.34183912895401736 -12.75935768264661
0.7035843575769388 -11.827080690777482
1.6765117476594193 -12.058191689276672
0.7659011009514907 -11.644926338560975
1.7542481813526452 -11.797143448842684
1.4604855082571149 -12.753021836450527
0.7078414918224748 -12.094594175636423
-0.2828929162053332 -12.230407771236381
0.6528877194386082 -11.877825012222528
1.4020183708832539 -12.540247284693889
1.9154124409650204 -11.682094309517039
0.9371288132113124 -11.474823608092441
0.5382450024646592 -12.391825083295306
-0.383236896007494 -12.780246389080862
-0.29853420872204506 -11.783840119145438
-0.8660778141584553 -10.960496778898952
-1.8590348198685478 -11.078972028682387
-1.1262177390905546 -10.398546333900054
-1.960462153610069 -10.949941162351493
-0.9641828605991766 -11.03612451525515
-0.013807346890506778 -10.725019415742167
0.553135195148093 -11.548776755027719
0.5367759910525938 -12.548642934294405
1.5333581911655227 -12.466035922376083
0.6444095250708467 -12.924042766264355
1.2911565752942353 -12.161338201555749
0.39485669952127267 -12.6047866570603
1.203212413734938 -12.016092305721582
1.114630613835678 -11.020023400109823
1.9916817143750802 -10.539626307026795
2.887429114435839 -10.095062931022438
2.417671158794838 -9.212267675534516
3.1991761289456155 -8.588368659964182
3.4540585291309194 -7.621396601383491
4.413831166257651 -7.902174957071386
5.2837553647019675 -7.408989506190063
6.283746187286157 -7.404705262103201
7.259316820238944 -7.185019258634393
7.680011435393958 -8.092221573875912
8.42840666477851 -7.428968544757732
8.762120269854872 -6.486294035827455
9.035123102857526 -7.448307265036141
8.216145869293019 -8.02213327603863
7.267496371088492 -8.338462423535821
7.668369562381337 -7.422328871861891
6.951794938457672 -8.119839307876047
6.029139649906372 -7.734213558595327
5.242555022962657 -7.116731069243753
5.716840431564241 -6.236359925243889
6.297263558960707 -5.422044879832529
6.301320342578228 -4.422053108613046
6.144499084110351 -5.409680109505868
5.341452163141594 -4.813764307800126
4.422449168852035 -4.419513757405045
3.4302921543206057 -4.294515923359485
4.429846156810082 -4.264652967925213
5.382678845172685 -4.568149043662108
5.392313943376769 -3.5681954622981538
5.609261555281429 -4.544378710304831
6.090595875558594 -5.420915801432935
5.140434187273979 -5.73267334523281
4.140456094869888 -5.7392926134608375
3.9877773925044244 -6.727568492881153
4.32634179873477 -5.786625273109688
3.5766249382454793 -5.124866533765747
2.6856854036324367 -5.578988483976805
2.136063199754734 -4.743575153340636
1.9684274569937947 -5.729424156864496
0.9684754898921591 -5.739225355238649
1.0730974244392388 -4.744713288538789
1.7688074867784092 -5.463035993985323
0.812131659169131 -5.754191211812692
0.32444253557054 -6.6272085763156205
0.7444595819586189 -5.719692361174848
0.0755715883352881 -6.463055564452058
-0.10424088522849304 -7.446756471410507
0.6786189370572558 -8.068954589899084
1.4948166877078186 -8.64672723708218
1.1829224150991906 -7.696610421783169
0.32496315583019975 -7.182892688553524
1.2039787725038642 -6.7060997086934835
2.2039701132715077 -6.701938171750194
2.565250098875006 -5.7694807882723556
1.5841992750616787 -5.963231352388156
1.0845603315702734 -5.096997592859706
1.8113969661718206 -4.410187206653224
1.1498329901693247 -5.160075935502891
1.0630692389574299 -4.163847020305365
2.053373018253908 -4.024928250115328
1.0581600891606373 -3.9271978773257343
2.055326088107483 -3.851965101593747
2.662871670490037 -3.0576802878603835
3.50033897531402 -3.6041677198758446
3.244269613954269 -4.570826130159855
4.200272206425052 -4.277467913658012
3.3274241470455577 -3.789475838683991
3.4360933810295107 -2.795397875149269
3.217423370531193 -1.8195990093430692
2.509215712334628 -2.525603196916866
3.1626086386512946 -1.7685842514212182
3.3883016250006337 -0.794385772715407
3.109321696566563 0.16591116028548558
2.1901456024426404 -0.22793564748511141
3.1819063899200564 -0.35603927905805166
2.9836879867823036 0.6241185983563572
3.981490572846843 0.6903756677370523
3.0681125932783493 0.28326307097864173
2.1369350963996983 0.6478292094320224
3.036315177107127 1.0849967636108515
2.6983654893577667 0.14383258635477358
3.5442645616842507 -0.38951041719659363
3.2572509010873465 0.5684160719615072
2.3011173504392444 0.2754849651717832
1.4988312558761328 0.8724246794400415
2.475972905411664 0.6598354117359042
2.8819016864896736 1.573740124872083
2.194538012695965 2.300053542033584
2.1708703679206836 3.29977342409595
1.3283690007890077 2.761079219206704
0.3643284980532977 2.4953238635032307
-0.6310783735387371 2.591058705579449
0.3425501708993818 2.3629195869362185
-0.585007541052761 2.736599518158255
0.3752984120539473 2.4576506403547826
-0.5902621054037885 2.7178292081245923
-1.3158213046489116 3.405988963116684
-2.234221566527756 3.80164153669718
-3.1718823286335827 4.14919339643486
-2.1868390379091327 4.321500434592758
-3.0225333390337856 3.77230553743167
-2.297068070684001 3.084046760213264
-1.766882224404279 3.931928219147622
-1.2314218611290855 3.0873678605223795
-0.6146777373337141 3.8745315574519825
0.2646062180015273 4.350829495606257
-0.26042803904689094 3.4997484013939517
-1.257777836842127 3.426992777296555
-0.7677955698434127 2.5552603768279245
-1.296648854082867 3.40397364039174
-2.212225746994248 3.0018306892329
-1.9830766989548285 2.0284393425574594
-2.8620264442384116 2.505353742912412
-3.6121090255192354 3.1666979205227515
-4.466401887231209 2.6469059367177223
-3.9625259168044416 3.5106819530706215
-4.949560177379004 3.67119166758045
-5.902121156612471 3.975539463435421
-6.665763394572085 4.621179093882647
-6.491590846061807 5.605894242210038
-5.661790077231537 6.16395399174291
-5.559850662067949 7.158744600683358
-6.06348714092705 6.294828923569899
-6.6942265204106 5.518834184432638
-6.850568496439376 6.5065371694091025
-6.3873631092431085 7.392788132326693
-7.362408813594684 7.614792353965696
-7.589887845673995 6.641009375081664
-6.590390863539542 6.609295297700762
-6.864385059711811 7.571026642965078
-5.987228097551622 8.05123041610093
-5.197192750953854 7.438169121346364
-4.787985149197097 8.350610428316015
-5.7831079159371805 8.25196622364305
-4.818817160183806 8.516812100274318
-3.847755806468178 8.277981936099078
-4.06488858509948 7.301839858098211
-3.2240038026604783 7.843054032582318
-4.20800826946172 8.021197820897275
-4.0911384622757 7.028050576945854
-3.414861912325479 6.2914027452193055
-3.5516740871429175 7.281999751484579
-3.786359412191028 6.309928355852004
-4.292365086526001 7.172458504624098
-4.946933729141105 7.928461078763247
-4.116879438718974 8.486143672136764
-3.142391873750277 8.261702174812006
-3.9873568311509286 7.726880502883022
-3.608172237764097 6.80155945365845
-3.755370897686253 7.7906664016257166
-2.8398520377142815 8.192941453096251
-1.9899340188190897 8.71985639989248
-2.3896458236207656 7.8032155361392945
-1.5870641345426126 8.399757766292751
-1.108700039095956 7.521596168300957
-2.0091745869722426 7.9565048812821955
-2.727191770800012 7.2604795055033815
-2.713562967289795 6.260572381958959
-1.7251732831001647 6.10863215625318
-0.725242309802626 6.09688274604513
-1.4484690967797522 6.787493356011949
-2.066562060869447 7.573598366645271
-1.6390032970759705 6.669610809483451
-1.2663942925457214 7.597599241384936
-2.233369473499039 7.85246979562826
-2.1909894608509743 8.851571359298315
-3.0045560607553923 9.433043101965115
-3.9515133238374376 9.75440262321221
-4.389599354957295 10.65333567374359
-3.902727904083154 9.779862039153679
-4.90187310455509 9.738523577959596
-3.943022750819207 10.02243553463027
-3.5870043189865406 10.956914467616675
-4.21028072643368 10.174912856416425
-4.678137932308071 11.058716926847993
-4.292166217283053 10.136206311624164
-3.7272866269370204 10.961379656086102
-3.0502209252774835 10.225457081601341
-2.715243272505916 11.167683154337418
-3.605145057357716 10.711530972146452
-2.920423744827314 9.982725974793496
-3.8868172818889084 9.725658801615783
-3.203523830657361 10.455802663812872
-2.381513793527317 9.886329662822074
-3.2455417094308565 9.382885762730528
-4.24487566446215 9.346394033235844
-3.9172910209545058 10.291215869000647
-3.9112068089988794 9.291234377989499
-3.682289814954224 8.317788431961905
-4.396298452259283 7.617651541165703
-4.965618550515795 8.439767485373816
-5.854151951025166 8.898579425256873
-4.985227647886008 8.403634422843343
-5.948415755746232 8.672462748874366
