0 0
-0.7273453859911897 0.6862715858006415
-1.7039954589348874 0.901107883988517
-1.155023010511521 0.06526743816643665
-1.1971497461290774 1.0643797132117432
-1.8836120709407063 0.3372143423268159
-1.7322936072548147 1.3256994067297847
-2.557271314708233 0.7605341369149258
-3.531804341216888 0.9847781563310101
-2.656216294805526 0.5017195957179774
-3.489167603309578 -0.05162669518979335
-4.174471618312965 0.676630407089503
-3.224183037359724 0.3652598675230957
-2.9969291858192797 1.339095421895616
-2.098753018637215 1.7787311491814406
-1.160044934933889 2.1234442669910605
-0.3987876919509621 2.7718942727787335
-1.3014998041978658 2.3416491770452277
-1.3125145746376758 1.3417098414692346
-2.1374781539130745 1.9068957337817753
-1.140747694742584 1.8260972699239546
-0.19852109766717474 1.4911210920191755
-0.5490769055524083 0.5545792480218391
-1.120380626261906 -0.2661594794082025
-1.2116407885582656 0.729667605369894
-0.6478297799777509 -0.09623623080198318
-0.594500804695498 -1.0948132285319252
0.1929911338647502 -1.7111381807305377
-0.5632591782480093 -1.056855775778858
0.2736898100223787 -0.5095748689008873
1.0341184477415697 -1.158996370651896
1.6994705443904201 -0.41246667433367257
2.6222715605726368 -0.027189781004902713
2.0212507913013735 0.7720436235175678
2.4134275884444696 1.6919334863721287
2.6741209884236596 2.6573551306329617
3.3705360104104827 3.3749943973617915
2.5300604553183916 2.833144933679634
1.54315393056127 2.994438180258098
2.3336002052420532 2.381906804046829
3.1929991045768538 1.8706010913639632
3.6052433397225134 0.959527718583719
2.638730601090097 0.7029090792348467
1.9000227797317288 1.3769348611334127
2.5578902006042603 2.1300686185460806
1.7154719634560118 2.668892814105298
0.997733771824267 3.3652058818221064
0.9152509661303189 4.36179836963488
0.492853399966872 5.268209035999303
0.7561569630152405 6.232922067779238
0.9934262691660418 7.204365980909953
0.11732207079254064 6.722244177220963
-0.06392603407806105 5.738806774799835
-0.275013596213041 4.761339618772631
-0.20331581995161443 5.758766021510781
-0.9826810809898835 6.385335881850992
-1.4290714212410898 5.490497536600627
-2.4269750008470448 5.425779333522808
-3.2011840621509937 4.792849377370582
-2.2827753483746482 4.3972164231571105
-3.2049809225276102 4.010516437378464
-3.241963400799258 5.009832351542192
-3.4820380086070837 4.0390779115905024
-2.5825255526165547 4.47597302659854
-2.5948122704124255 3.4760485111645973
-2.720432157599948 4.468126957630901
-3.3112904095918707 5.274902345240767
-4.193656269892276 5.745466356376686
-3.5017073997776866 6.46741286488486
-4.160806776303833 5.715357008007962
-3.688670078807216 6.596882355843739
-2.781585594507337 6.175933738620185
-1.9238691506569716 6.690056780263606
-2.2452144302361665 5.743094684246997
-3.237575660824978 5.866460757477282
-4.230073169288807 5.988725616259732
-3.3081292169632834 6.376048929230166
-2.3090873323815586 6.419813216627496
-1.6679164575150622 7.18721135919948
-1.6750376392747683 6.18723671513577
-1.150341797454961 7.038526485764434
-0.18760035664540797 7.308950075985305
-0.4496799367262084 6.343903810926126
-1.3750873786076157 6.722877512534179
-1.9024901307766493 5.873262107186248
-1.521887226507719 4.948523533716937
-0.7946846943888739 5.6349464917245635
-1.7380812162687365 5.303279486273347
-0.8174537472407019 5.693721624459065
-1.3470865670592227 4.845494605217705
-0.5098195455823658 5.392288839594103
-1.0148924417531675 4.529212151487167
-1.9328093521718468 4.13243948916348
-2.475886691322875 4.972122169525913
-3.4757869503904963 4.957998716814083
-3.542404099078279 5.955777327278704
-2.5951839899130418 5.635193383836434
-1.6831482956179578 5.225082554508941
-0.8338395236428073 5.75297895518436
0.1068182618532284 5.413622313013186
0.19322898612455358 4.417362714951063
1.1303564095590626 4.766350096165626
1.815591929284734 4.038028544578492
2.4896678801546432 4.776690586691682
3.475441156128555 4.608610104851398
4.219165770720203 3.940123981098253
3.234424680869457 4.114149800905446
4.100660410866063 3.6145142736685956
4.204914228526172 4.609064997112751
3.4693217514599564 5.286489315899425
2.62840091917193 5.827647475612474
2.2824232321831386 6.765890216115103
1.390825869547641 7.2187192599511025
0.5688854251320934 6.649145817949132
1.3552061281204781 7.266964360930688
1.338106113575355 8.266818144992415
0.7185396818770343 9.051762370216482
1.4296408867205321 8.3486727056145
0.47944449463739336 8.660324460739009
-0.437847091812852 9.058540665114963
0.4334359715372512 9.549321495546694
1.3844838985940915 9.24027806746435
2.345995949539108 9.515040830384487
2.07158193061055 10.47665247040112
1.0941349985871889 10.265471280239405
1.0880997250787536 11.265453067810398
0.10520547803703983 11.081282225567923
0.34839621589533065 10.111303738682807
-0.49622994590125524 10.646660299125253
-1.4960999408553586 10.630535994784248
-2.2867114704741702 11.242854056933163
-2.984296096212513 11.959356457441002
-3.7991039284763684 12.539087598989804
-4.6694527992811805 12.046651975695967
-5.128207507378719 11.158089024747447
-5.873333143181461 11.82501314851983
-4.922332918849566 11.51582295895896
-4.728856924749504 10.534717949438066
-5.721964952912295 10.417515370974053
-6.061298173699613 11.358181605761985
-6.098430101626135 10.358871233591026
-5.106191238614096 10.234524787206029
-6.104831251120031 10.286660431655351
-5.376340851283393 10.97171644202666
-6.310731716907325 10.615466936429026
-6.45724688408709 11.604675360264107
-6.6294291778225425 12.58974046355627
-7.613630286600428 12.4126862981707
-6.99184731790861 11.629496704365478
-6.536817782307935 10.739020358957564
-5.540458407219384 10.653767818390426
-4.839079784956219 11.366556726996771
-5.189146685888309 10.429832026312626
-6.048992782304405 9.919278708354549
-5.250001098916322 10.520620782283087
-5.611696570497663 11.452917079517798
-4.713322317838041 11.892147886905288
-5.379457453450933 12.637978954307279
-5.580550089149011 11.658406725286877
-6.489425168712218 12.07547517260575
-7.30974960842911 11.503576743159428
-6.313789530920061 11.593373870107724
-5.806156250297729 12.45494711273113
-4.86209543676737 12.784718518945187
-5.735792768860396 12.29824861042717
-6.708405993208887 12.530678203685929
-7.70771376188078 12.567880132023072
-6.9727369592819395 11.889787881926091
-6.925553417139039 12.888674118366882
-6.946416028580384 11.888891766330277
-6.321519552101444 12.669599390018048
-5.361292467828641 12.390379142491206
-4.869091968915457 11.519897282330058
-4.120283474204799 10.857110862546763
-4.999533829723958 11.333470823416095
-5.999396376676211 11.316891100796143
-6.858602464547763 10.805261450986377
-7.65819643358285 11.405802444327145
-6.786094876462244 11.89512736099072
-5.832411696001597 12.195940245200264
-4.936308918877921 12.639786854775277
-3.968142406692524 12.389479833933343
-2.9688734511862362 12.351249550631062
-3.9155231995154924 12.028985289522021
-3.2708674787963172 11.264512267274643
-3.318610775226801 12.26337190588557
-2.3924534659837606 11.886234479294558
-3.200029571420923 11.296471108164283
-4.144901718324125 10.969031608399007
-4.227438391808265 9.972443580410424
-3.277748774975114 9.659250937330638
-3.77750917322581 10.525414631063125
-4.4106187496481635 9.751352447358025
-5.3297694176087935 9.357446304238211
-4.708357226592622 10.140930119550616
-5.708309335960256 10.150716792694212
-6.693969739661265 9.981975663813419
-5.942109563641947 10.641298252320896
-6.070824457405187 11.632979892830347
-5.094420561397584 11.417027509511303
-5.2875588940584315 12.398199046224935
-5.0517584492207686 11.426397548894148
-4.264921050556683 10.809237190426808
-3.3162487522282755 11.125497953697085
-2.413033133976062 10.696310876835176
-3.3272896396723994 10.291175045549021
-2.3358323833226136 10.160743037087313
-3.3046596724204296 10.40848016369408
-2.9756608931297306 11.352810510143472
-1.9925465204117496 11.169818351417119
-1.1754136871412515 10.593368932307923
-0.8909399679509256 11.552052771271542
0.001180943464399009 12.00384949482705
-0.9687632584885312 12.247176939020862
-1.9578081489087398 12.394791994938874
-1.4122318460652443 11.556730840979556
-2.102956220785613 10.833612705287223
-2.317257323366108 9.856845057669437
-3.303237128230061 9.689980368773192
-2.9288329324507534 8.762714765947955
-2.127962542327774 9.361552488727897
-2.6193751175478344 10.232479397782605
-2.5954199714354225 9.23276636346989
-1.6827399115153256 8.82409154380975
-0.6889147852020215 8.713133811729714
-0.6813799875986805 7.713162198720086
-1.4723424103095686 8.325026927119527
-0.5555115298063178 7.9257511620703145
0.33781804844493224 8.375153281136797
-0.16127282285852074 7.508603627521056
0.8387088088133683 7.50254257820378
1.7795724518108804 7.841328063851336
2.5300102603808723 8.502269131926749
1.9245575409623599 7.706387856516447
0.9775952194060035 7.385043241573866
0.12500700205068216 6.862459916517588
0.35842066019110785 5.890082384797781
-0.44766117848223563 6.481886465014369
-1.4391008806985452 6.612451838943429
-1.172636891090813 5.648606964369553
-0.2777535443395389 6.094907082795752
-0.7975623822576815 6.949189689444272
-0.55119280729175 5.980013734041381
0.26176520088500477 5.397691420420064
1.0724799648257788 5.9831327680617
0.07538464987861437 5.906968912392394
1.0698156165430006 6.012358914474823
0.06993220613041673 5.997089154106686
0.4934247315453492 6.902988751698872
-0.09923762979705514 7.708439759177319
-1.09832920286895 7.665824871910933
