0 0
-0.2641183126057444 -0.9644902886739163
0.47001062053740555 -0.28548019337186525
1.469911195544598 -0.2995812607174921
1.4874294674694222 0.7002652825824125
2.40263187653602 1.1032597619970759
3.214058788552272 0.5188058575223344
2.7791802579480196 1.4192949821759786
2.8300791252792536 0.42059116957466613
2.114956940568305 1.119590640915124
1.6346849631493259 0.24247102096236983
0.6390505933221831 0.14913184580580388
0.9754467681552637 1.090852406034618
1.9403643500719214 1.3534053723254413
2.7897714454605076 0.8256671926344837
2.403578827104649 -0.0967509671647726
2.4152609183951386 -1.0966827292081036
2.3642364422224165 -2.0953801322443284
3.053506501090807 -1.370875621597524
2.0831653155806786 -1.1291361260598713
2.922929653716837 -0.586185063444888
3.2727894729146456 -1.5229871273361226
4.272005857223759 -1.4834066103078798
3.839780206016533 -0.5816411272478497
4.468714293013318 -1.3590997526508486
4.2565354042150085 -2.3363305949538917
4.331740173998862 -3.3334987064585455
3.702236367467097 -4.110496105142748
4.255328060606263 -4.943616491989961
5.131578009252244 -5.42547334573173
4.131853677254722 -5.40199441875223
4.871617429651644 -4.729127722712349
4.663331170787562 -3.7510598138387343
4.746433691791811 -4.747600817010575
3.787753961065874 -5.032088380702285
3.478267086757621 -5.982992095402626
2.479384564655967 -5.935729985421812
3.294446558051417 -5.35635623133708
3.8304620528202475 -4.512148087946053
3.6425579825641616 -5.4943354735203105
2.853976016055533 -4.8794058173015
3.4212975117349913 -5.702902217135781
3.062672429324439 -4.769420535330496
2.1986158381892347 -5.2728152187706465
3.196813836504897 -5.332821519761499
3.3483741226698642 -6.321269535419173
3.669912285171854 -7.268166155993375
4.663276202394284 -7.153152556969128
4.862090816277586 -6.173115440678917
4.234062925058835 -5.394924610707676
5.149709564441183 -5.796908729533049
5.9517506460927665 -5.199639859305278
6.283425799089651 -6.143033516738109
5.947902790724945 -5.201001505149385
6.931985836558819 -5.378710702723193
6.076695366315225 -4.860561871294913
7.008346167565664 -5.223916772912348
6.318028340748935 -4.500410520016751
5.58780163354152 -3.8172056048697525
4.635388099077886 -3.512396714955943
4.928737602842782 -4.468401980967009
4.089904552917743 -5.012790733930788
3.349937898405769 -5.685434287538757
4.288012902834839 -6.031866511884877
5.246810425789805 -5.747776191783291
6.17607807698408 -6.11718332821121
6.292321977735118 -7.110404026514554
5.5008031163085525 -7.721548765513421
6.308696769871921 -7.132220466063928
7.305563317235942 -7.05311871673727
6.469721546416256 -7.602089147774326
5.475694119906816 -7.49295860508797
4.935129836797529 -6.651655891538
5.8506275445439755 -7.053979078927196
4.959837778694097 -7.508394740031783
3.9930425667484846 -7.252842361527811
3.0873154610032536 -7.6767036712959555
3.74309612819916 -6.921752204953853
3.9804728783919714 -7.893169869230089
4.819667221008311 -7.349338226788489
4.410476062164242 -6.436889545752757
3.549007599668049 -6.944700620980981
4.401402996952212 -6.421802842549313
3.5711000158936628 -6.979115106585631
4.3756813975526905 -6.385272703007333
3.5579884410913465 -6.960927312085994
3.436511053675213 -7.953521511316753
4.0537651854254975 -7.166757673283253
3.0540001475020935 -7.188434133926409
2.791846626364303 -8.15346031562049
3.6619076466728564 -7.6605162813329875
3.664937913728338 -6.660520872602741
4.642898428184744 -6.451730949081126
3.6446408344700023 -6.392724368169728
3.810495401107025 -5.406574144965552
3.425135382579076 -4.483807838623509
2.6022911172750245 -3.9155408986593443
2.6969808259099612 -4.911047733934035
2.0666586260700797 -4.134714091490909
2.309180045369566 -5.104860142959946
3.3090661628791866 -5.089768688042108
2.943980498631962 -4.158794758352794
3.6604704326846047 -4.856392188394821
3.0906605407798735 -4.034615645113426
3.792148211288071 -3.3219340555343333
3.6733270803861253 -2.3290183799348476
4.561307842308755 -1.8691377797185464
3.967722037606306 -2.6739084877191206
3.3365360095339014 -1.8982770043675343
3.448998798441375 -0.904621067379709
3.461055403303101 0.09530624911844932
2.6447364512045923 -0.48229514323166633
1.655721500668856 -0.33447962436847367
1.7253469299278517 -1.3320528295020622
2.6556732359722384 -0.965320005389185
1.9216914123870623 -1.644489117353635
1.8795432950007656 -0.6453777440819706
0.9004435602888201 -0.44199704321043276
1.7507149627999778 0.08434746571096619
2.4557818560627607 0.7934882669801976
3.398956431082632 0.4611906277528243
3.7256804658076224 1.4063104112369198
3.422454924289872 0.4533915946679179
2.553106052688536 -0.040807291860050554
3.384506714767638 0.5148661186019139
2.6600315079149004 1.2041669779192972
1.8128366526781985 0.6728846826557867
2.719461592444317 0.2509472245010478
2.474363470288684 1.2204455022281318
1.8356878044719558 1.9899215537681125
2.127511240727558 1.0334493471400408
3.017392596665048 1.489641381654952
3.3589998945391204 2.42948416320896
4.195720041890067 1.8818534527689685
5.175512385080947 1.6818360429654102
5.55599348147177 0.757047345321869
4.731397382699408 0.19132544024005194
3.8632813118455616 -0.3050358067618468
4.181431950158988 0.6430043671447019
4.0283254417484535 1.6312140600147602
4.963913544500514 1.9843073932692992
5.908550537300968 1.656190109614636
6.366609338577401 2.545112004143732
7.282710317207579 2.144164380441047
6.808382450204746 1.2638161115243967
6.129756730445651 0.5293318486014601
7.102553617760792 0.7609915473623197
7.5187315192578 -0.14829166171257935
8.265078949896235 -0.8138482053506122
8.023044949422209 0.15641956316204908
9.011318211111838 0.0037239174175077994
9.3826872871551 0.9322092481356477
9.248954137368745 -0.05880813044467781
8.28328946581417 -0.31859985877988484
7.304497670505753 -0.11374229500220326
8.300101707978909 -0.20740445687747383
8.203914147748847 -1.2027676836730934
8.766999939895372 -0.3763692381985627
8.590349259636636 -1.3606428470920071
9.414165393617722 -1.9274999520068659
9.630255209847451 -0.9511264623412555
8.721382339251855 -1.3681997234061667
7.72772810174798 -1.2557219198599077
7.248408276955182 -0.37808161451802014
8.054560554684375 -0.969789739451279
7.939824241821178 -1.9631857221845284
8.440430117328289 -2.8288610408853447
8.265817597984013 -1.8442238142438547
7.613942368257903 -1.085897575168922
6.744776913097684 -0.5913761787095484
5.923367377246229 -1.1617150029292378
6.873225942891735 -1.4743948795920345
7.795851671446213 -1.088698412134373
7.451595366015213 -0.14982270354936666
6.4618245166138 -0.007156429766091432
7.450732277857001 -0.1556873684723394
6.875319412503364 0.662175721772915
7.369155365002635 -0.20737936677475022
6.487388247912017 -0.6790643794873654
6.132303992793662 0.25576992228329753
6.093679047983509 -0.7434838561125675
7.0733851518850175 -0.5430444638311965
6.227206469767487 -1.0759437394263505
5.6683201228794475 -1.9051880045630725
5.9441239062291436 -2.8664019625817825
5.599013542750224 -1.9278398511477828
4.624214304484619 -1.7047559093751923
4.2352491836599215 -2.626008390935936
3.2814214869716474 -2.92636272340068
2.4999894218173866 -2.3023723969141647
1.5000184969298762 -2.294746822862516
1.069749666182297 -1.3920460234349807
0.08500064660439655 -1.5660269661855126
1.0725791184296471 -1.723153545691663
0.7561868503223678 -2.6717819938640393
1.4367335359118532 -1.9390772724836143
0.5351063844974512 -1.506563134180193
-0.040112967287318724 -2.324562337928161
0.9429214475518559 -2.507983545103889
0.12821483927788735 -1.9281101602734363
0.47091029113418387 -2.8675567139831237
0.12351572516908821 -1.9298376646202975
-0.8197740562167926 -2.2618081276632878
-0.20217131982154835 -3.048298343748082
0.7936053685504789 -2.956489918781533
-0.20359851575816523 -3.031218849723654
-1.182664353346719 -2.8276750321633455
-2.1650932530555687 -3.014312265899968
-1.2173517368578826 -2.695273054398762
-2.12893806075885 -2.2841643411893235
-2.9980304432153 -2.778814147371609
-3.9410826025501278 -2.4461692544694045
-4.841506628595732 -2.881182556932474
-4.5054922161802295 -3.8230394009640203
-3.8061503951975064 -4.537826794126889
-2.8079169620897573 -4.597240706857129
-3.6880334790757168 -5.071998451952986
-2.8448468114138867 -4.534377541387429
-2.8757778670775513 -3.5348560209610147
-3.087230416319767 -2.557467756544581
-3.6498135768137008 -3.384208458051805
-4.123476960393684 -4.264914424339965
-3.4269497649427993 -4.982444818119438
-2.7931660053190495 -4.2089345427919636
-1.913085050897568 -4.683758208656013
-1.2253383859679015 -3.957807435615498
-0.2445898976491686 -4.153082632864202
-0.6231574634267254 -3.2275089739146536
-0.0029791564827875705 -4.011969850948143
-1.0016591934985786 -3.960606598849598
-0.003877546159732348 -3.8940349514779258
-0.734365502688974 -4.576960529682266
-0.7184689493562306 -3.5770868878693918
-0.8810507717922899 -4.563781952726498
-0.9593897045050959 -3.566855169245676
-0.003662270400087153 -3.2726017551634325
0.28864772126498206 -4.228925376524302
-0.1752817766203318 -5.1147975010388285
-0.953280973811913 -5.74306277078502
-0.07058745650961973 -6.213011868573819
-0.7491259959286064 -6.947576672061672
-1.7356737452468813 -6.784103315470922
-2.630244161705622 -6.337176285636258
-3.3589303931429106 -7.022023988497064
-2.5401321551121265 -6.447942595837727
-2.9301961160493275 -7.368730359862631
-3.1303487155991756 -8.348495095344287
-2.6335923437164523 -7.480605063719362
-2.1431821045081865 -6.609113355623587
-1.256464045136209 -6.146802763939172
-0.31616693467601786 -6.487157496622904
