0 0
0.131095333525401 -0.9913697662970482
0.2518723538620968 -1.9840494283021632
0.19504647840060063 -2.9824335326818527
0.8778277250303681 -2.251810668783726
1.8002787386402512 -1.8656965308787548
0.836801334909486 -2.133486173135927
-0.06257144262025238 -2.570668751744045
-1.0064107766160615 -2.2402639824044557
-1.0404401639845986 -3.2396848150847246
-0.32565935697616377 -3.939033367619418
-1.3215046316260362 -3.847971910583413
-0.7281090669763206 -4.652882901845208
-1.3575003889198691 -5.429971419236987
-1.8209847020794652 -4.543866294855586
-0.8556980802361442 -4.282673382068294
-1.838091674773958 -4.09585040325928
-0.9059381078145079 -4.457913557425475
-0.17109159856838452 -3.779680111001025
0.39626533121039553 -2.9562081234798976
1.347233318015761 -3.265497450924849
1.2925787202994719 -2.266992130484106
0.30054681125949223 -2.392979000619424
1.2515913075631004 -2.0839250149621993
0.8630104517419648 -1.1625103859871033
1.6721155690461271 -0.5748464436252994
2.2431394031785263 -1.3957799250065466
3.1707222985532595 -1.7693973392262623
2.3548349590704536 -2.3476082430249265
1.5907071654445786 -2.9926731351159876
2.134188264958471 -2.1532517305335395
2.7181060728715085 -1.341438948174187
2.1750591009185456 -2.1811412681976092
2.7185508150172972 -1.341726736094429
2.5374246413337254 -2.3251866026913066
2.7263187825220068 -3.3071840586069223
3.615144886648809 -3.765428705736347
2.634902706132626 -3.5676276250090697
2.352667845461544 -2.608282283944667
2.879802051229899 -3.4580643319481332
3.848449290793146 -3.209624147423766
2.8640008317339873 -3.0339504969919266
3.765827202008189 -3.466049094395411
3.9218491390057877 -2.4782955040827677
4.803936491175557 -2.007209627472011
5.27440717791711 -1.1247940037906687
6.274360442584216 -1.1344619136782665
6.778415601934129 -1.9981333768705696
7.562550398969846 -2.6187239182726714
7.082382008426571 -1.741547586670478
7.440934546457679 -0.8080380379933091
7.39404624149821 0.1908621005881349
8.12637001073519 0.8718187049400888
8.079230057500459 1.8707069993999985
7.711441226690644 2.8006163368794916
8.483118499318065 2.1646020391547434
8.97275236130561 1.2926738992285436
8.693606905619781 0.33242506972134156
9.644305696241835 0.022309269559911027
10.155401283593333 -0.8372146106143556
9.344310688802231 -0.2522940629829551
9.742965997057926 0.6648067740025734
9.246291056343031 1.5327434095157058
8.364792945346242 2.004930957328111
7.762428591030614 1.2067096943628124
8.555349565772293 1.8160341791939296
9.536308719562639 1.6218200226683868
10.394441689583788 1.108392514871346
10.841915883096464 2.002689359403507
9.842641995951348 1.9645881983989977
10.454749660783975 2.7553626331483447
9.640289843491235 3.3355825966238157
10.63966935977822 3.3003606939779555
9.643077835619685 3.2178662458291796
9.335688626363961 2.2662823693195255
9.755222261979482 3.1740221605522465
10.613860252200759 3.686604643425749
11.600500343450344 3.5236895417960636
11.348087960096246 2.556069787590155
12.323012206287336 2.3335327924888163
12.750215988118715 3.237688160104896
13.735611110315414 3.407971609538341
12.766524047954576 3.6546906107620796
13.697101180514895 4.0207865003262935
14.647906249665693 4.330576300799366
14.59847688246724 5.329353922524222
13.764943041627003 4.776885519650246
14.379427309993726 3.9879564455695578
14.037183720051463 3.048345182789342
14.24385950559042 4.026754667448937
13.470460703146475 4.660674451316165
12.473183221706549 4.586934197635852
13.372317273687251 4.149260853041092
12.922602176994074 3.256088791338395
12.545147919773333 4.182117021850802
11.811052256401243 3.5030709578622896
12.786489093543263 3.282791642568339
11.79224242963258 3.3899064001999375
11.487837219613034 2.4373637669740247
11.908367715742628 1.5300853632715024
11.039464582229202 1.0351031973598919
10.045009199750151 0.9299438313555153
10.377943861219636 -0.013006067203363503
9.927397446186783 -0.9057590721834885
10.897428167343245 -0.6627767682750059
10.980322852358656 0.3337815447183663
10.237540838089096 1.0033148741931988
11.06082440304879 0.435684561694598
10.27208192209221 -0.17903919637439103
11.11987447192908 -0.7093672009537267
11.736943536979275 -1.4962761975715555
12.287452877481407 -0.6614471935114976
12.639614662045696 -1.597386335492692
12.552080685250289 -2.593547870037357
11.567544138688671 -2.418368566224024
10.742639405148887 -2.9836403420837945
11.601608604892121 -3.4956676010187757
11.657287959489949 -4.494116302490999
11.92177712260373 -3.5297276450528416
11.406266418604865 -4.386610784146263
10.469660724336856 -4.736995962863546
9.63018303106463 -4.193601812638919
9.835520993964334 -3.214910686188801
9.497214154582746 -2.2738748301091083
9.084620373616735 -1.362959701291845
9.510050751072422 -2.267950858120414
8.510538395219365 -2.2991766567022602
7.522952186776498 -2.456254601982437
7.670783352115669 -1.467241990053518
6.682713074596657 -1.6212456480733937
6.977618384540522 -2.576772130263664
6.601293814353022 -1.6502842361856065
5.783798972541558 -2.226220155895125
6.034347548321276 -3.1943241850029245
6.664191769925834 -2.4176027056350957
6.133452467675213 -1.5700675777220843
5.1588072153612705 -1.3463118355792507
4.485788619578313 -0.6066862750891221
3.7563945419034885 0.0774074900139462
4.631384027149447 0.5615494120874353
3.98202142589063 -0.19892952390381424
4.37859496084361 -1.1169324821642426
5.351404351462612 -0.8853252941853618
5.497028227882829 0.10401473159765962
6.244981607322018 -0.5597365337009438
5.378760206493755 -0.0600761643027668
4.530051103696268 -0.5889361257563486
3.7543742582989124 -1.22006640669239
3.0488791956588037 -1.928781241157162
2.528903130698377 -2.7829620720520434
1.699487185849092 -3.341593605739292
0.7111570778495584 -3.189266334308238
-0.11950285420500728 -2.63248623653255
0.6985015978885933 -3.2076981247572705
-0.0579081003560703 -3.8617962583744037
-0.6860648940894264 -3.083709474984125
-0.14453080167590016 -3.9243882642692234
-1.1087903598190694 -3.659428824864736
-1.1091802400323303 -4.659428748861443
-1.7241716898956954 -5.447962525306661
-1.7228071592722882 -6.447961594334316
-0.7581204419239956 -6.711361551380204
-1.301388060012374 -7.550921135410176
-2.1383601354195356 -8.098166733828865
-1.7543217867546839 -9.021483876935596
-1.50246337927743 -9.989247971425065
-0.6073217685708421 -9.543466077690455
0.19449197500795878 -8.945892048294809
-0.34683093143662114 -8.105077258368755
-0.8914442648123726 -7.2663900001435255
-0.004021368876284237 -7.727346184361078
0.9940083172781943 -7.664602694225503
1.8570916806115578 -7.1595412049619
2.756220435355703 -7.597225431765017
2.1273657835997826 -6.8197025530245
1.588713488610053 -5.9771743902297505
1.4686712323570712 -4.984405607121774
0.6393642753285074 -4.425612290211108
-0.27582793088255364 -4.022594640857471
0.6340259377393902 -3.607665806292214
1.46724290421224 -4.160611994254282
1.3849889588164226 -5.15722339719267
2.3149483687464887 -5.524885600692735
3.068092413782118 -6.182741243997078
2.609283840410069 -7.071276382863462
2.122173385314661 -7.944616754389218
3.1127324090636757 -8.081703662842939
2.466566232520952 -8.844900408310421
1.6520074317711484 -9.424981402759508
0.8248769551465956 -9.986991344521076
0.662141060526457 -9.000321679130384
-0.08890086364383598 -8.340067161433925
-0.8793773185084995 -7.72757473347698
-0.1944600212889357 -6.9989539157882135
-1.152727773577623 -6.71308171545459
-1.3581393871602687 -7.691757386453605
-2.1226764958582978 -7.047177671116815
-1.596989110815199 -7.89785550273496
-0.5981881735382305 -7.8488995256264475
0.3314876604618233 -7.480520856759337
1.328979914215813 -7.551296584949064
1.589523412356084 -8.516758694809845
2.2932605949183116 -9.227219093339825
1.5460131117079645 -8.562673234248217
2.2625978441121966 -9.260173285348685
2.5782233108448214 -8.311289433262555
1.6588810298776147 -7.917830705533695
0.6636819043016996 -8.015701541092273
0.8054262058827681 -7.025798236234018
0.518862658570101 -7.98385947297809
-0.4489417557474086 -7.732156045056374
0.5456399779313077 -7.628198481441989
0.193818612782913 -8.564265640904983
-0.7623101786506384 -8.271319000385219
-0.040591417139570485 -8.963505412620341
0.6419389942662764 -9.694362606267749
0.3243707303345266 -8.74612719364946
-0.6361308041476039 -8.467852505153592
-0.09390685451924108 -9.308086513302166
-0.01674282054917242 -10.3051049242964
-0.37559916264369875 -11.238497727856902
0.2087943515095657 -10.427027321362866
1.206406085629446 -10.357956141075247
2.1079233383383196 -9.925212980449635
2.120069040852588 -10.925139218684453
2.603568471742707 -11.80048389384329
3.5947118354660663 -11.667687687018155
4.235493544457493 -12.435410815119702
5.090320980918051 -11.916498439208056
5.16976341177817 -12.913337894777023
5.347525810499569 -13.897411331874485
4.905014334923512 -13.000648490325228
4.710840840695669 -13.981615693721626
4.740933608844519 -14.981162803819563
4.942380599248649 -14.001663385720136
3.9552696258908435 -13.841626120445431
3.207252370003055 -13.177946841806945
3.108640296861791 -14.173072793147167
3.966278509669342 -14.687326325883959
4.596955376122592 -13.911280779462416
5.585167887777114 -14.064369093221046
5.002669375826682 -13.25153732491008
5.423865315092392 -12.344567655766687
4.462228053414651 -12.070243437089344
4.809332688076901 -13.008069845651177
5.806359384797594 -12.931012944427325
6.013514856932868 -11.952704909928777
5.013567328582053 -11.942460860675821
5.5689642730253555 -11.110875486764613
4.581814204218848 -11.270671424307801
3.6930296978835537 -10.812346101749329
