0 0
0.04763042606262242 -0.9988650271748897
-0.25295263343542135 -0.045109385334278884
0.6606877867529688 -0.45163267199567303
-0.1416947636096645 -1.0484427279377257
-0.2611551076777853 -2.0412817008810356
-0.5471525892927249 -2.9995120701085574
0.37146018461907815 -2.604353150677321
-0.4545862040387515 -3.1679552832011058
-0.01088132422835425 -2.2717823201898124
-0.1675322553118429 -1.284128288764498
-0.17641283705476457 -2.2840888556209653
0.3601084063703687 -1.4402020413185088
-0.6107463349547277 -1.200533371595952
-1.5180539165396638 -0.7800658313523628
-2.5001639599903163 -0.9683737243185311
-2.1141952844750524 -0.04586183739186778
-2.5759266940304597 0.8411579512430739
-1.7504999615030177 1.4056672153203529
-2.7076573093247154 1.6952355345663188
-3.1735209306109926 2.5800920689050986
-2.9287115850560577 1.6105208315383104
-3.341672745626951 0.6997721945039522
-2.803022827555118 1.5423018769254133
-3.6781494753300077 1.0584079315672552
-3.3395973120175078 1.9993555564202152
-3.614795739529599 2.96074300458816
-4.549722879306042 2.6059032614512927
-3.839539380005035 1.901886644232227
-2.8409574405420663 1.8486502828015585
-3.3325549710605564 2.7194728066191973
-3.4437164043609934 3.713275169137315
-2.4673313151044254 3.929312567467891
-3.2596428749573496 4.539429271159427
-2.3298317717679877 4.907466378508375
-2.544272244333144 5.884203438174913
-1.921111031689631 5.1021100274772735
-2.060092004296392 6.092405079092336
-2.421923694176125 7.024648517363036
-2.40251782280692 8.024460205710598
-2.6807251061884085 7.06393914530979
-3.5719933499649468 7.517415625003594
-4.5155188510388795 7.848715532675155
-5.142811470110555 8.627499180460724
-5.927931750791617 9.24684249790533
-5.093743510982889 8.695362688152683
-5.889367591834519 8.08957202961708
-5.571570579232201 7.141413256635972
-6.126619179280503 6.309595336905686
-6.598245546130482 5.427796850803624
-6.175289091004877 6.333946858841797
-5.175423854046778 6.317530162379836
-4.854664294577052 7.264690816655967
-5.363511701511497 8.125547550646061
-5.37725611080898 7.125642009500767
-4.398880775179798 7.332479391597151
-5.289130749419707 6.877007127495547
-4.326046052733682 6.607808563217826
-4.4420039821011885 7.601062689117537
-5.361203678057099 7.994854409389259
-5.9251192996536775 7.169021997988891
-5.620372554000137 6.216588577211577
-4.651014247278595 6.462239698092277
-4.205747839343189 5.566841559851918
-4.967147443723308 6.215124401248942
-4.298702423282527 5.47136284359224
-5.166648902245139 4.974705104644779
-4.3204150809418875 5.507516815929822
-5.232070765665488 5.096561937006181
-6.130942450697029 4.658350008998104
-6.751688896574356 3.8743386251963976
-7.094912835389121 2.9350850237529547
-8.09415241669203 2.9740755246164974
-9.092487809563018 3.031750851586777
-8.516063294742121 3.8489012531124045
-7.783861318070797 4.52998881382586
-8.698088990050529 4.935189706947434
-8.553007834880491 3.945769948495781
-9.54390722465702 3.8111653447836273
-9.338829467731015 4.7899110286127815
-8.35997482889649 4.585353955813696
-7.501892171961079 4.07184236503247
-7.477468293411822 3.0721406724478215
-8.035835133301191 3.9017348335362176
-8.672911010003457 3.130933739009206
-9.660821927134887 3.2859563819119004
-9.505689034608165 2.2980627714171806
-10.476120450470486 2.539439794158476
-9.751759655120294 3.2288608833047525
-8.97238463430756 3.855418603657116
-9.651396681091583 3.1212914754823213
-10.507033695148165 3.6388678468289433
-11.292380708057516 4.257923635360445
-10.974671548612577 5.206111849801434
-11.97432576602246 5.232407203281309
-11.451160307716243 4.380176070761941
-10.851305688265182 3.580067055987566
-10.890941606541029 4.579281244228721
-11.85992756450787 4.332165455046641
-11.761456139473639 3.3370255762096366
-11.825774379960095 2.3390961378520307
-11.121726329950718 1.6289437997737874
-11.682171947286307 0.8007525718503504
-11.652348716440429 -0.19880261667198096
-11.170984407487202 -1.0753232393991259
-10.671816309674647 -1.941828409681563
-9.927560117451382 -2.6097226530594546
-10.640444277227703 -3.3110044614218346
-11.335451608520398 -2.5920018122963917
-10.364077623485507 -2.8295572399284183
-10.537400200167541 -3.814422349683201
-9.621277805345565 -4.215321037266045
-9.21020971032242 -3.3037163963969656
-9.062173229978882 -4.292698297387826
-9.340084774174251 -3.332091627827935
-9.59780848231796 -2.3658729723152936
-10.454415127304351 -1.8499029579102304
-9.779377630970998 -2.587686380429332
-10.497618115466613 -3.283481326107657
-9.77136469429056 -3.970908390042499
-10.74962847561043 -4.178272741264565
-11.531396924411846 -3.554703905883395
-11.055886721273906 -4.434414111980673
-11.119310931123367 -3.4364274539511324
-12.118819787012338 -3.405089824820652
-11.164521422810155 -3.106234287677642
-12.142368585153495 -2.896914133136613
-11.309193932563103 -2.343904189029927
-10.843634936387938 -3.228921036937566
-11.524796485657902 -3.9610541831590327
-12.070505485374731 -4.799028936733421
-11.567175714713558 -5.663123342435814
-10.568284285930618 -5.6160498519769995
-9.969513287745206 -4.815129573964234
-10.655202986133919 -5.543023548059087
-11.285969691788964 -6.318996075302855
-12.050373277309772 -6.963734129432539
-11.248318567719084 -6.366483559886225
-10.26762249025443 -6.170945319008787
-11.150212127365263 -5.700801157644884
-10.394641824595857 -6.355868724826276
-9.787232909901487 -7.15025805654581
-10.527082371643633 -7.823030509875951
-10.607151394429811 -6.826241188308918
-10.884003220114817 -5.865328566571188
-9.914052620901568 -6.108630508786743
-10.880704959128233 -6.3647227909838495
-11.6449565089739 -7.009641056005469
-11.886897809042708 -7.979931943997835
-11.472583497766571 -8.890065808586876
-12.468890082848171 -8.804198535874622
-11.983604337334828 -7.929842918747609
-12.90811509453622 -7.54868696665069
-11.982260519493146 -7.17080695147152
-12.470534810561727 -6.298116733420764
-12.53230119540689 -5.300026099408422
-12.766565037659587 -4.327853042688064
-13.010597636552431 -5.297620071761338
-13.913408722914944 -4.867582698570428
-14.515263904804334 -4.068977451885377
-14.65985508069218 -3.0794859704387862
-14.233137618958864 -2.1751009817023106
-15.074887729007061 -2.714968328588421
-15.956630660540869 -3.186698550950915
-15.774639393837473 -4.169998697825558
-15.498505554793823 -5.131117890712171
-15.8351878552289 -4.189499587696695
-16.3382660440663 -3.325258686144311
-15.366743854614082 -3.088310093825292
-15.89756549935663 -3.935793652056846
-15.040328712071565 -3.420871239915776
-14.215323166031641 -2.8557466085260548
-14.30443951132592 -3.8517678316942114
-14.808825961430708 -2.988289801313189
-15.806444521755665 -2.919317284357805
-16.779724018009617 -3.148940937694415
-17.181125589462084 -4.064843104104938
-18.065543861217353 -3.598147999582273
-19.0634287047415 -3.53314154555816
-19.909479490426513 -3.0000392401403593
-19.377220852125415 -2.153457441402718
-19.412875692272788 -3.1528216054460687
-19.94312980530212 -2.3049828379817137
-20.589845324518627 -1.5422515371918974
-20.025615997616605 -0.7166334253122647
-19.444024497392988 0.09684756823807261
-19.134705563444566 -0.8541107889474627
-20.133326364903464 -0.9066131212155483
-21.014827215091543 -0.4344306870677987
-20.337594991687013 -1.1702000229214724
-19.356551853648014 -0.9764105461519806
-18.40752890240426 -0.661203569686369
-19.103022763126553 0.057328468358976425
-18.104182757975344 0.00917616717269016
-18.75486331944096 0.7685277372183367
-19.75230380032152 0.8400293952463912
-20.48978232148412 0.16465880747711026
-21.485802047785594 0.07552573382685675
-21.377200812853612 1.0696111284340042
-21.935847478166902 0.24020537529845998
-22.93482746412114 0.19505022428691848
-23.820786007992726 0.6588146672328342
-23.51896602500134 -0.29455026702218645
-24.518907206059662 -0.283704326597701
-24.04852866047076 0.5987604170887928
-24.504422632989293 1.488794509593835
-25.05271324750923 0.6525066392828112
-25.101126744004667 1.6513340184415357
-25.33993940345383 2.622399677234399
-24.375871498264473 2.8880556091911376
-24.25458904938911 1.8954375720817995
-23.752243885105216 2.760104754251094
-24.194648108175432 1.8632889964671229
-24.668020026027726 2.7441516573790494
-25.418384119342754 2.083126901818777
-24.41838449793107 2.083997060704385
-24.77943330210341 3.016543982315155
-23.99643325755005 3.6385656300328497
-24.771484553069907 4.2704639520063985
-23.784706087848296 4.108389090985693
-23.14002869604937 3.3439343437943783
-23.237759116816243 4.339147268176257
-23.025704655732664 5.316405118251943
-22.02766861725926 5.3790474833758
-22.99543756136596 5.630887255498076
-23.993877054281995 5.575043016891314
-23.042476954034072 5.883000561446148
-24.025538510289785 5.699724876719293
-25.0228944746004 5.627053833971551
-25.24329328152581 4.651643988877778
-26.18015002951087 4.30193062946059
-26.270898826358906 3.306056814225631
-25.34801376025703 2.9209812959618278
-26.345585390746695 2.8513333093277047
-25.889153730525685 1.961574836736467
-25.779242207293134 2.9555162117987495
-26.71320653954431 2.59814997656854
-27.700723355795212 2.4406363656592514
-27.16980593847012 3.2880599291626815
-27.864244609776033 4.007611825689177
-28.860469575218307 3.9208027349812324
-28.799173573127103 2.922683102808999
-27.89307338156678 3.3457462693153106
-28.885185519786774 3.220392748437157
-29.765844110416836 3.694144209384214
-29.643868504267324 4.686677307827011
-28.75450525589525 5.143878590026736
-28.26127796774324 6.013779068370216
-28.58797480364781 6.958908253936899
-28.131253519588817 6.069298413227218
-28.00834136813093 5.076880858453022
