0 0
-0.9933263703736617 -0.115337426364069
-0.41643166031774115 0.7014810929592232
-0.2149414973233477 -0.2780094451351949
0.660424560364986 -0.7614701623058715
-0.33956361624887643 -0.7663329426302036
0.47253185543898035 -0.18280835457578637
1.1965140827834704 0.5070102697663744
0.844970441283533 1.4431817648039895
1.24662943243376 2.358971071810892
0.7130241736480588 3.2047047342580273
1.6643210860568325 3.5129808839056023
1.6344232218496422 2.513427924970535
1.6569113153152555 3.5131750358202147
1.9219820599815745 2.5489460690690375
1.6202505446597932 1.595553131890656
0.6752977011114507 1.9227596774698996
0.43191720717277987 0.9528287855141023
-0.09208210762116859 0.10111010068003545
-0.8572612397524648 0.7449275404491025
-0.9345015698876766 1.7419400435806347
-1.9302048668161351 1.6493390474423764
-0.9382355435267339 1.5228603470507
-1.7722386374679222 2.0746201129783413
-2.156221592696425 2.9979602941109427
-1.1567910014242102 3.031701859416525
-0.1778103339096898 2.8277487946373356
0.2666103503113091 1.9319305901803492
1.0084815800028963 2.6024729665861153
0.032052427421348506 2.818311123520612
0.3715147371012659 1.87769146589763
-0.5342087652770499 1.4538224563680855
0.023007270899120025 2.284190018974018
-0.5013631353788505 1.4326997506679873
-1.1283283860482902 0.653652528445222
-1.7241293219120548 1.4567846749963747
-2.666017318375536 1.1208575964242393
-3.5523088548281714 0.6577298468643296
-2.958046498799093 1.4620011022295634
-2.461196598065207 0.594164610636402
-1.8098586188402828 1.3529523522474487
-1.6134001321031899 0.3724402090340301
-0.6781954877371165 0.7265479230930804
-0.33906903061429877 -0.2141928733430717
-1.281701747585121 -0.5480245088963934
-1.0376518529106395 0.4217381676948304
-1.8481129533345169 -0.16405429103071334
-1.6630030030670035 -1.1467721072485526
-1.2861815446826514 -2.0730580180239944
-0.8465662973818411 -1.1748718266690799
0.07957092439005353 -1.5520585794171535
-0.6029894475761008 -2.282887792449463
-1.2216424045956682 -1.4972234119593295
-2.135099876333693 -1.090289206803292
-1.9038663287773503 -0.11739093540771162
-1.627701254047086 -1.0785011535925082
-1.9892604826231732 -0.1461520107112243
-1.2934871264350014 -0.864413409380711
-2.1427281279420143 -1.3924188273068583
-1.3502650950516668 -0.7824988805087295
-0.8667886369769607 -1.6578562443822147
-1.1313604730599742 -0.6934902642939169
-0.3082674223810593 -0.12558373155804736
-0.3855762348316453 -1.1225909268768577
0.1410613255704794 -1.972680851516421
0.01967346107784672 -2.9652860027996075
0.3069437425076461 -3.923135565835079
1.1871749575965445 -3.4485905121435234
2.1672802202329366 -3.2501121149501544
3.1091268743716256 -2.9140691413771953
2.121346926450126 -2.758214162360805
1.324632402582202 -2.1538583338475794
2.284916570818388 -1.8748344706477877
2.4402763192300885 -2.86269243036338
3.056646888028828 -2.0752361954406267
2.2066829804772854 -2.602077116269403
1.8911460663070938 -3.550990418840272
1.0802171493207802 -2.9658457430587997
0.3206670147673545 -2.31539698020359
0.7843666523083666 -3.201389444135611
1.67591695208039 -3.65431114043246
1.8050061294218152 -2.662678151724786
1.6399108345038074 -3.6489557716655083
2.033659149243313 -4.568174061648796
1.801504111925955 -3.595495266440339
2.795551365982173 -3.48654547661359
3.6329235445243904 -2.939912295583147
3.6260703869033875 -3.9398888124227285
2.7788875229563894 -4.471190228790652
1.8211717108126035 -4.7589061010844285
2.8175634560346214 -4.67403272449659
3.0503936916565184 -5.646550118366876
2.8089023268972926 -6.616953086595398
3.8040153951531557 -6.5182110925584045
3.7268398897847215 -7.515228615659742
4.145188868441231 -8.423514986831883
5.011349242943159 -7.923748835874578
4.573430577843467 -7.024734240466192
4.697350486702848 -6.032442017283786
5.301901665372978 -6.829008318584912
4.606373443398488 -6.11050954166389
4.129170687717339 -6.989302765335032
3.2842814209118356 -7.524244002142271
4.017678915797093 -8.204044056934876
4.830461086596901 -7.62147634170346
4.858977823749316 -8.621069656858268
4.999037517542014 -7.630926595389524
4.025576991104172 -7.859781578877671
4.899048047243755 -8.346657655601925
5.892558036199529 -8.460402553707723
6.304224124730769 -7.549067800966784
7.29277137355168 -7.398156115373498
8.246318881250177 -7.699398792565799
9.230310619475903 -7.521184710340188
10.209887040826496 -7.7222569230747276
10.506211584658036 -8.677344230457162
10.990922352346683 -9.552018725161725
11.668800324476695 -8.816844286745301
12.356753404985023 -8.091089122093265
12.662881230928914 -9.043079539157883
12.951228222105508 -8.085553553777117
12.481180942874536 -7.2029123156245145
12.94549986145109 -8.088580392192648
12.203701627516917 -8.759203520433944
12.479662506909316 -9.720372388554928
13.379301407838662 -9.283737703795877
14.253379259033395 -8.797951835278894
15.227500457329795 -9.02397814133548
15.43161598821615 -8.045031334787248
14.512680386701966 -8.43943894154676
13.701466112782727 -9.024187949061677
12.758931278752085 -9.358295845763971
11.759880323558109 -9.314739113494376
12.601681364343436 -9.854527041974384
11.685876279253959 -9.452904027040907
10.687915603171527 -9.516735751074453
9.86239458427015 -8.952364377463041
8.981739165578547 -9.42612173469258
9.973733813872789 -9.299841816433247
9.721061953687162 -8.332289786271389
9.499412763617563 -9.307416258346418
9.76179070342113 -10.272381447720852
10.490101373890523 -10.957628532559909
11.172170228210414 -10.226340574251587
10.71311482441125 -9.337932933445416
10.449636571342827 -8.373267597611266
9.570631054288393 -7.896455998562054
8.86883693266682 -8.608835820607432
8.291975711344643 -7.7919936502130005
8.774124379162425 -6.915904235757183
7.873966176282176 -6.480341140686675
7.266200785873871 -7.274457775836601
7.59446935357078 -6.329873344744166
8.522519463300826 -5.9574179865734855
7.999398005365418 -6.809676128363597
8.80681928233717 -6.219700805580259
7.884144005960913 -5.834122883022447
7.670143261948504 -6.810956380381201
8.419371587722928 -6.148644583825187
9.385920805318786 -5.892163376005129
8.387596558865578 -5.950031320012449
7.4461932458600675 -5.612748349404312
6.680547217636014 -6.256010472853791
6.971305916371615 -5.299214058192041
5.975298712109219 -5.209941167248562
5.832868527246913 -4.220136316563292
5.18226375380173 -3.4607198110998265
6.0415129142723165 -2.949162502256924
5.534597687853858 -3.8111584147908077
4.540420207653261 -3.7034034248275085
4.319610373499384 -2.7280865444542948
4.584506737977987 -3.6923634321198757
5.502329869983096 -3.295373887728172
5.196352295434805 -4.2474126074625875
5.318461290686577 -5.239929304187939
5.190838962515499 -6.231752141872267
6.070227007409612 -6.707857872248734
5.609546806172711 -5.820291676301453
6.571109883082808 -5.54570753778798
6.942962766467801 -4.6174158631952
5.945386597845159 -4.686998819414162
5.543342179918253 -3.771378654709488
5.932631313005949 -2.8502630426065174
4.932647298775504 -2.844608727124952
5.910530704201391 -2.635457955209879
5.827602536841855 -3.632013482543097
6.603955437323377 -4.262311962561833
6.086052041198547 -5.117751073359538
5.111920702083896 -5.343733670376867
5.516046178435294 -6.258437228565943
5.281517948567691 -7.230546537952068
5.45090688295567 -6.244997255111832
5.841615323518182 -5.324482771535821
6.483872751855295 -4.557993765909648
6.762201866271651 -3.5975080012737495
5.792631588450615 -3.8423211470932492
6.730021109006836 -4.190603915474601
6.408267901261006 -3.243780345158955
6.973255222718036 -2.418680759295036
7.973238904487353 -2.4129679495588525
8.904971810296534 -2.7761122627903556
8.9493248410129 -1.7770963426638176
9.828675630822508 -1.3009218069511053
10.141748678537736 -0.3511927578037719
9.26971163436469 0.1382471195968491
10.107304395754483 -0.4080480076626033
9.219609953194931 0.0523850240031179
10.211334879621191 0.18076598172205058
10.298971378184177 1.1769185022326498
10.751582989838397 2.06862626209334
9.888864591382518 2.574310911816587
9.017523778796308 2.083632617695477
9.964908246532422 1.763534710341556
9.541072181120615 0.8577957911952946
9.267648640649051 -0.10409794904631586
8.293394818751514 0.12135601636134963
8.455365141948775 1.108151645862907
9.303469757125272 0.5783228417041261
8.889804600249601 -0.3321062538255727
9.44416968071724 0.5001673535645144
9.91795291078444 -0.3804741460862179
10.432335043733186 0.4770869428766018
9.675541133823458 -0.1765666182117971
10.665998435186252 -0.03874668432292319
11.661904871122779 0.051643419450684916
12.64194009076361 0.25046738245199845
12.872307992566244 1.223570989381421
11.994201203529133 0.7451062915750575
12.967362537467302 0.9752302106440761
12.544399449072467 0.0690832987939598
13.054035369137216 0.9294734596975799
12.06932111945981 0.7552958305879145
11.724880252217243 -0.18351218438276584
11.2763032949244 -1.0772563946498281
11.590132764015193 -0.12777702977126948
12.57221428611222 -0.316233613512951
13.274610660198823 0.3955524032575356
12.499271203454796 1.0270971180765889
13.080997485466566 1.8404817336286432
12.553745092713202 2.690190456860229
11.583114101988937 2.44961722508738
11.342512188158317 3.4202411064446454
12.14081114152855 2.8179797171393135
12.382591825336494 3.7883106405553217
11.45674975461676 3.410399989626564
11.91130487905597 2.519681381509469
12.899178439913147 2.6749418972865455
12.739171228703853 3.6620577427479706
13.726438485281019 3.5029874309654243
12.731612793469905 3.4013909600004433
13.723560677496085 3.528037694565474
