0 0
0.539067654938859 -0.8422624670485557
1.2824790626110583 -0.17342804886806218
2.0157491205753977 -0.8533655622418826
2.077172231938513 -1.8514773803216378
1.6540425855693481 -2.75754652909755
2.6381592208293365 -2.9350696211294296
1.9329752254428205 -2.2260452684794587
2.910951890041274 -2.434759531290806
3.3720225642836565 -1.5473961145591524
2.406173004039537 -1.2882926082605284
3.121225522739215 -1.987363345383208
4.121179138669324 -1.9777318352056223
3.41966530602716 -1.2650759977835873
2.5162972264389403 -0.8362099198745366
1.51722998861262 -0.8793915629892515
2.472686834945534 -1.1745224065071092
2.875026823644484 -0.25903208242185216
3.8386134866856794 -0.5264283105349901
4.061038865049113 -1.501378027730643
4.409047302092638 -2.4388694291560227
3.5430976275181116 -2.93900057306157
3.11205806315259 -3.841333601356324
4.11199964228119 -3.8305244233208957
3.1125725421635164 -3.796679607611869
2.7319329782998016 -4.721403091914955
3.6760041428676122 -4.39166131986965
3.4964037787716964 -3.4079216646678203
3.413580878278261 -4.404485946163929
3.099073073205743 -5.353740833192943
3.3738190538610695 -4.392223986687515
2.4023398437752066 -4.629348731011991
3.213073732373884 -5.214763594060126
4.100813293288593 -5.6751096291108905
4.792931733331143 -6.396893575283889
4.085356897578128 -7.103531991879742
3.899258768478725 -8.086063154920234
4.780575987515511 -8.558588243597297
5.565165868869818 -9.178603338636469
6.106293489318047 -8.337662854185853
5.221197648407397 -7.872254052805101
4.669114386362591 -8.706043037962596
5.3808426009467025 -9.408497982115538
5.706581746529345 -8.463038300777889
6.152937112794657 -9.357894091956647
5.1541211947631655 -9.40654346900208
5.859218923337296 -8.697433327233115
4.976265753863578 -9.166894401781706
4.1920847819539055 -8.546362208181083
5.19125162837511 -8.505550285747718
4.592095376608521 -9.306182402246309
5.520304575369782 -9.678241111773417
4.533550331836881 -9.840463375565445
3.594865277162027 -10.18523919857232
2.931843988355994 -9.43663865716857
3.46409208609536 -10.283227082823462
3.0659389672714545 -11.200546053504215
2.302266438898067 -10.554942251309868
2.599694755745909 -11.509686403602544
3.5746606007608035 -11.732041077613218
2.9876353545761973 -12.54160970369868
3.72786311438493 -13.213965906621315
3.709866138654265 -12.214127865304347
4.467907362379892 -12.86633450673983
5.450645266226793 -13.051337783312428
4.4506471203306575 -13.053263453141694
5.215792316134287 -13.697121224189482
6.11787733307702 -13.2655628594143
6.138236688170085 -14.265355586263318
5.142832498538172 -14.3611183100301
4.6598612406643145 -13.485482104709796
4.173563631895506 -14.359275350109266
4.640788890050145 -13.475137036188684
3.698684607963746 -13.810457064929096
2.7197723523410664 -13.606175896458486
1.8274593284513827 -13.154758719783906
1.4863691838515225 -12.214728128123802
0.9688184608202062 -13.070380656367458
1.9471885611482498 -12.8635185119715
2.364129820571281 -13.772451945282619
1.4122055537126867 -13.466118482915661
0.7332402987013813 -14.200288887173032
0.3092188692269601 -15.105941042995823
-0.5444354602539472 -14.585101062043417
-0.6811281542958503 -15.575714562554877
0.1948548717972739 -15.093372631973745
-0.13717191998654588 -14.150102676161653
-0.7894705709220476 -13.39214062566854
-1.0581517305391748 -12.42891145539451
-1.3540153014023908 -13.384141661908139
-0.37273200460844225 -13.191571956520194
0.47013520681440457 -12.653450349531333
1.467976768444566 -12.719117829180554
1.4077015334230005 -13.717299624267548
0.5743108203431715 -14.269983909689428
0.29395900414574216 -15.229881226674324
0.8708469104024809 -16.046704551276846
-0.03203083101706594 -16.47660196235202
-1.014773158180135 -16.661581740712023
-0.13897367049965637 -17.144256846117937
-0.612238414735715 -16.263336598954112
-1.602068991334919 -16.121085308523103
-2.4078419168987644 -15.528860695366674
-2.577454492628617 -16.514371514259235
-2.840537553320943 -17.479144701685563
-1.8804423059017212 -17.199471471141372
-2.1724836030798125 -18.155877180420934
-3.0201019595970386 -17.625270808714905
-3.7652262936299348 -18.292196386895885
-4.695980670763808 -17.92655135486873
-3.8854294583447966 -18.51221912079586
-4.270592692668298 -17.589370659278227
-3.450436858937473 -18.16151085922689
-2.4749597826425616 -17.941409806019205
-3.3102886401450773 -18.491160385667413
-3.535858603656013 -17.516933414391378
-3.3874284942752007 -16.528010514146267
-3.183181581589475 -15.549091110590311
-2.185167910034503 -15.612088819988074
-1.5953113573666893 -16.41959686779617
-1.5546209934287862 -17.41876867198332
-2.389834590632088 -17.968694346094576
-1.4781881084801731 -18.379669639244952
-0.9113898970715678 -19.20352629397562
0.06681756646508263 -18.995896435137368
0.7494843040414643 -19.726626293160713
1.6815922218118737 -20.08880695198958
2.656808117068509 -20.310062364666422
3.070818629432109 -19.399790264878437
3.510858057603613 -20.29776871765695
3.952335791168807 -21.195040923158793
4.948549634051677 -21.108104283883144
4.057159646692179 -20.65486716003379
5.054222529425069 -20.57827990341508
5.938126481787528 -20.11061142789206
6.935023232118694 -20.031891232394585
7.321331303120188 -19.10952141812316
8.137534546919523 -18.53175653098355
8.20980463167751 -17.534371432413757
9.198288677972274 -17.685696546723083
8.216039115151533 -17.873275320411537
8.344934260264322 -16.881617092206703
7.46518338206966 -17.35705204287369
8.419674051641481 -17.655292820937888
7.61211645472271 -17.065504106516546
7.4082223495087085 -16.086511157686484
6.409517932075496 -16.03562415935305
5.43399205086837 -15.81573951892753
6.159458094307276 -16.50399747915545
5.50329653494857 -15.74937703945086
4.65308414150298 -15.2229372175989
3.656268983638064 -15.14319048694025
2.676783603992598 -14.941675249152192
3.669486512925378 -14.821089451495933
2.8515197721876255 -15.396354965017174
2.938793375114407 -14.400170585380463
2.102285132487141 -14.948124926559219
1.674957494111231 -15.852221762899259
2.0330868480002646 -16.785893742709632
1.2686041310238172 -17.430537966638077
1.5161632051009055 -16.46166516547061
2.057170811686378 -17.302682864224124
1.749407945988397 -18.254145957831735
0.7523204721311808 -18.330412395253678
1.6523345217745646 -18.76627327953273
0.773892318842639 -19.24412189165597
0.9409120649051848 -20.230075442501647
1.0895919196383188 -19.24119005945843
2.088543338585774 -19.195407283408194
1.3540072825358769 -18.516837624225982
2.331689444040098 -18.72692710772393
2.44906378313884 -19.72001485033338
2.760512648121397 -18.769751936976725
3.0126884689606737 -19.737433369775783
3.884840682878537 -19.24819874737241
4.858892102005862 -19.47452557498249
4.783516160956142 -20.471680762258206
5.781629290428048 -20.410278964436003
6.720780076027455 -20.753784134568882
5.790946956993011 -20.385802653042056
6.549597362909914 -19.734304716282377
5.554954306327949 -19.630935523612195
6.5545251823750394 -19.660228248962582
6.735609053508654 -18.676760592343786
5.749435240136513 -18.842474833792885
4.942181701972277 -19.432679650040026
4.810348361608117 -20.42395154531822
5.555972520253253 -21.09031827171198
5.419446929498071 -20.09968172732804
5.907463347149886 -20.97251617675261
4.9093093894086035 -21.03325065333235
3.9397739749055396 -20.788299474473433
3.747574204797685 -19.806943652984362
4.5420491390341695 -20.414240597542733
4.572139363241928 -19.41469341085912
3.6358455665322054 -19.76591118695095
3.530370014562118 -20.760333083299077
3.1380522520461467 -19.840503331000065
3.052675642362826 -20.836852082451575
3.6230398650547597 -21.658243982504786
4.607972777357033 -21.831180844578093
3.608004382859648 -21.839131316659845
4.504126416472789 -22.282939046282763
3.5048475227316294 -22.244969419955346
3.1899623882324843 -23.194099206692364
2.768840599946038 -22.287095105582328
2.576668468310888 -23.26845633969686
1.6009744454153758 -23.487593679477126
1.7493471193155126 -22.498662160291026
1.380784297004003 -21.569059317131767
0.8046694210499638 -22.38642805258992
1.6847421192034742 -22.861267021046388
1.9418188752137373 -21.894876033133503
1.7168262085730446 -20.9205155762399
2.06577932356589 -19.983375392736498
2.7804704757023675 -20.68281556677416
3.297560435828755 -21.53874662307279
2.3211584400979266 -21.32278564804986
1.3655685633293593 -21.02808582209566
2.3630305037388872 -20.95688415473836
1.3757988400809618 -20.797593093246498
2.3752075175860115 -20.831977614874802
3.3352898492722227 -20.552260049491487
2.38171449862445 -20.251105519993793
2.2411074578067036 -21.241171002713234
1.2926599986301206 -20.924236597541622
1.8792100481870364 -20.114323614953506
2.365483175734431 -19.240516745316242
2.952152112805896 -18.43068987599451
3.3901945148898727 -17.531735564599042
2.869736966399112 -16.67784801918162
3.7405914956703095 -17.169388850494585
2.801223079563166 -16.826479272295963
3.715978539850663 -17.23048725225949
4.587645406536822 -17.720586092822835
4.896261862606287 -18.671772658667372
4.22245288130644 -19.410678239049375
4.006720681469263 -18.434225670844747
5.002911717581574 -18.521423260085964
4.229223151157215 -17.887857160784385
3.823705564326056 -16.973769918355835
4.517620221140218 -17.693827172370046
4.636685675809285 -18.686713579520656
3.826195244483212 -19.27246545594008
3.923923067226003 -18.277252276434325
3.1236103194046443 -17.677669500101793
3.9353595032733732 -17.093663282250944
4.932705144524689 -17.16647586273676
4.070660756170571 -17.67330864828558
4.318845728281009 -16.704595987266565
4.964782485904189 -17.46798691277672
