0 0
-0.8357420353864943 0.549122254409744
-0.9484737711309157 -0.4445032060913695
-1.2115394926419008 0.5202747093720312
-0.835191675326862 1.446753160498773
-1.5395241779346949 0.7368829429447561
-2.475541213670315 1.0888376400475268
-2.1414510370310498 0.146296524831249
-3.1389192911090094 0.21740968891966933
-2.976075559498276 1.2040615622139388
-3.9655293682049795 1.0592128120094655
-3.823081035042381 2.049015051034614
-4.685187807965064 2.5557417151059236
-4.430752644095669 3.5228315492923628
-3.535264427890291 3.0777463275231947
-2.5359020881559817 3.1134522642952103
-1.7724165580163453 3.7592771982110493
-1.2968673615922635 2.879588070291186
-2.032375988863143 2.2020727131146076
-2.5909207436370867 3.031547099044948
-1.7625018832965398 3.5916561882696003
-2.5671769834496305 2.9979407823775066
-2.4660863401096864 2.003063562903105
-3.4286147192500334 1.731882591318709
-2.4403331929545944 1.8845247374748673
-3.3234919080076724 2.3535990215981775
-4.075062361590621 3.0132518494562257
-3.3307572844991657 3.681091614831036
-3.570562818582409 4.65191255909576
-3.293107613906797 3.6911739841450015
-3.6938399206279358 4.607369169872341
-4.228778102470006 5.452260370919849
-3.783228606001582 4.5570030636630285
-4.412212353198567 5.3344215132524635
-4.941537291935486 6.182840695750807
-5.547729111035582 6.978159171869724
-6.3559719583874665 7.567008473223234
-5.471263954548092 8.03315410276678
-4.512117251836337 7.750244925331391
-5.13777521032195 6.970147419256917
-4.1486536843749136 7.117248088555893
-3.9456610528409852 8.09642835364651
-3.5469159933318544 7.179366535928065
-4.130019084108218 6.366968366600332
-3.238090597580669 5.914791880125553
-2.594067280672438 5.149786019181652
-3.3060982723683527 4.447637981468427
-2.777829190125619 5.296714996082779
-2.5244874726146094 6.26409184828081
-3.492408861847112 6.515345075655548
-3.629398870281467 7.505917504904998
-2.750229845117917 7.029407457589127
-3.74603638188447 6.937923353325033
-2.7472111543229167 6.986381219421379
-3.120561848973326 6.05869093769797
-2.948930730857511 5.073529651768445
-3.611183172075329 4.324248860541925
-3.3824269840504715 5.297732607935961
-2.9933559029084393 4.376524871418855
-3.980848962447726 4.2188623921736665
-4.107952372963783 5.21075186335238
-3.1079928097589655 5.20175897976413
-3.88015481789478 5.837184689970813
-4.687890253237513 6.426729825216355
-4.318762777958259 7.3561085999868805
-4.153820346995924 6.369805403972473
-3.269299002649932 5.903305681146875
-3.9815641918581495 5.201395216598738
-4.817517511553664 4.652594663309978
-5.543688996333138 5.340108281133781
-4.6619701950076875 5.811883604131085
-4.653553571117983 6.811848183724932
-3.6537433982699645 6.792364388673255
-3.796454634236571 5.802600021195378
-4.217740173146166 4.8956719674305536
-3.9206324703796587 3.940827994335049
-4.001546839511474 4.937549051034465
-4.15312511535989 5.9259943081381765
-3.615137291712129 6.768946917486262
-2.6165230161788053 6.716320605616101
-1.7157697389345858 6.281989472108729
-0.7521356167703124 6.549214618007632
-0.8477368434975223 7.544634331218221
-0.6855282432949478 8.53139082094622
-0.35263392375687763 9.474354962374347
-1.2513447081039257 9.035813144415885
-0.4410361026643904 9.621816526616565
0.060834205317780166 8.756873641816718
-0.5748739994323334 9.528803093524182
0.4085572939748099 9.347521844776406
1.381086844200066 9.580301298205313
0.3935627128798074 9.737769041124835
0.608641945621273 8.761172438814883
1.1773998176617217 7.938667433971739
1.9048296256870638 7.25248533394565
1.0828299810236681 6.682997332164005
1.0947703228263448 7.682926043741803
0.972162327654715 6.690470866154426
-0.02669559695409429 6.642691723778467
-0.4691207522097982 5.745886292262262
-0.20385171685937187 4.781711858415225
-0.9619302061102495 5.433875184687952
0.030977082990584548 5.552766375490436
0.7638715370208644 6.233108729935357
1.7441577850107854 6.430691300021494
1.4698333568689752 7.392328501945728
0.6085929297233851 6.884130777973963
1.4601056121070046 7.408464785778009
1.7300316315087803 6.4455837214456
2.6424959157033765 6.036427357607467
2.3439527711363883 6.99082349697102
1.8010230627708106 7.8306016413484905
2.1270809745944574 8.775951438057202
2.0673015154931424 7.777739829093675
1.0694514296026183 7.7122020072785284
1.1016473887159244 8.711683583005051
0.3871231808497887 8.012072865267486
0.2615490116026977 9.004157099603413
-0.2122402447331539 9.884795357108002
0.7839726702836454 9.971742628219474
1.7359718271815618 10.277843273866711
0.7359937536331737 10.271221157705375
0.8565526997814199 9.278514987429585
0.505641484610726 10.214923722473971
1.203523616945465 9.498711093872718
2.2025722299938506 9.4551006734884
2.2531056473460622 10.453823044185437
2.9401596235878755 9.727216662620897
3.78983600321325 10.254521176072771
3.581386268819967 11.232554257431152
3.4664192192988414 10.23918495172234
4.389413941934862 9.8543723453981
3.558003922661318 10.410031755335126
2.7417867495412445 10.987776964145962
2.304066705317581 10.088665645740486
2.989349155253144 10.81694304056358
2.8926596321803824 11.812257632101332
2.5996274081658113 12.7683601975665
1.9125434552638045 13.494938233062037
1.151747324131824 12.845947287936752
0.29228367474034855 12.334750422360791
1.1540919009610355 11.827516175470508
1.9683587765119235 11.247025473236102
1.3955628205364958 10.427327484451089
2.281760849249899 10.890634136577386
1.2933047158789157 10.73912680209722
0.3577830439806098 11.092396106465145
-0.4279903088934621 10.473881565073402
-0.7092501739352277 9.514249923079095
0.0922835396934093 8.916300338317399
0.9749856769955993 8.446367431614595
0.04058633020297764 8.090140171689807
-0.7288138305456158 7.451373083746136
-1.7235904214517788 7.553449203309491
-2.6403231389236 7.153948108546623
-3.4471295883932758 7.744763945414708
-2.9227224874059115 8.596231615049925
-2.6534568808159853 9.5592975697528
-2.298213185391014 8.624523844800708
-1.3000445685682183 8.564030767592927
-2.2016653124437173 8.996558262919399
-2.2032250240308073 7.996559479270256
-1.2488109837351475 8.29504539131053
-0.7784181254182754 9.177502505761133
0.11573824538680888 9.625257332143475
-0.3481593089275999 10.511146184709704
0.41533234198444985 9.865328486758035
-0.5207157448712736 9.513456380597658
-0.9814449504181677 10.400997139749668
-1.9776666553597229 10.314150639513096
-1.278272237235265 9.59941471072796
-2.2008604706183528 9.985200858254116
-3.196429138328047 10.079238233136364
-3.0992770157444114 11.074507777067803
-4.076269127245649 10.861232335292728
-5.005420448919001 11.230931972069211
-5.525284013247077 12.08518127671283
-6.439882611067255 11.680818314925572
-6.454260208166009 12.680714951934451
-6.478586617574951 11.681010882819361
-6.871813810247041 10.761569544319059
-6.161077993049743 11.465028568109988
-7.026197353162898 11.966594608385249
-7.530090987665137 11.102828896453984
-6.694246818192016 10.553862117533994
-6.212719618181248 11.430293264658392
-6.969633636148233 10.776778789374886
-6.463249813528642 9.914470593780543
-7.259085704433397 9.308958220044188
-7.536717860288552 8.348270765127022
-8.485112564232631 8.665363000179891
-7.784969678026754 9.379365758504608
-8.545887188229573 8.730517130035114
-8.55907750231375 7.730604126012084
-7.713805766106819 7.1962674419170085
-6.892998659728008 6.625061967400138
-6.556738040751252 7.566830939136503
-5.557113929570365 7.594246926184592
-4.5592353288536165 7.529144712461983
-3.5607458638957086 7.474201210861966
-3.847247839766965 6.516121559777639
-4.2257420433333595 5.5905178984481045
-4.708487649024096 4.714757268945793
-5.6923379573997135 4.893750483088682
-4.692364877789768 4.901088061395039
-5.505674298051527 4.319256653757499
-5.670403359117652 3.332917798981782
-5.731614239938919 2.33479294302984
-6.654727617326597 1.9502650604414469
-7.534414888068161 1.4747124285538107
-8.284469354374751 2.1360884922071115
-8.593238472655466 1.184951471796198
-7.593488345839805 1.207305082960139
-8.468348304245069 0.7229291409696842
-7.904380562466992 -0.1028676780080452
-7.314185166096136 0.7043927471972593
-7.913119500723483 -0.09640539391228242
-8.881536677634852 0.1529300657861222
-9.438621916850202 -0.6775252528484064
-10.364136409295865 -0.2988130609756772
-11.219518066608515 -0.8168113431476021
-11.878090089455487 -1.569329044416647
-12.342441503385944 -2.4549800842629206
-13.310847657239302 -2.7043583535225855
-13.91764310387584 -3.4992163823183984
-13.226662624818697 -4.222089799703463
-14.043142759062297 -4.799463327314102
-14.985536234319015 -4.464956918117559
-15.933322272762654 -4.783863840794561
-16.035005392529182 -5.778680679792849
-16.90813455219262 -6.266169623816627
-17.75700398426478 -6.794772203543107
-18.689191121288943 -6.432795489420919
-17.750215860113542 -6.088810811127561
-17.532033817883548 -7.0647188992425995
-16.63809476822256 -7.5129074482833085
-15.707358381532249 -7.1472166246485624
-14.77897340243895 -7.518836498436196
-14.163276662039905 -6.730853298195231
-15.129998838988346 -6.986681820053264
-15.400644271053002 -7.949360920326318
-16.399962911909064 -7.986269646091293
-16.322421415265346 -6.989280520624896
-15.456208877574374 -7.488956255023682
-15.496724007919301 -6.489777329999173
-15.902553123830174 -5.57582835512202
-14.913808511105893 -5.426215217969189
-15.713027216500077 -4.825174902392901
-16.70265339991059 -4.681508562882417
-17.70058828650159 -4.617274910295852
-18.612486294314493 -5.027691799990774
