0 0
-0.7587291937461169 -0.6514061793975917
-0.6534468597571172 -1.6458485508549974
-0.46207384816810404 -2.6273659324817067
-1.4262139655218504 -2.8927596665997224
-1.2931421554459375 -3.883866065208429
-1.5306518950329515 -2.912480908022409
-1.3940800372322542 -3.9031110749650813
-0.9690704294353328 -2.9979222365008042
-0.11985778666800817 -2.469871209265617
0.8055806020349037 -2.0909730848113544
1.2663735008266703 -2.9784807774107374
0.49593941705115663 -2.3409611129634476
0.6673481094544391 -1.3557611027276595
-0.07233567960266896 -2.028715701646576
0.07324463356049021 -1.039369264639136
0.7545726988196717 -1.7713474524905093
1.317671037573221 -0.9449575560778093
1.9936934180955825 -0.2080764659195129
2.851722344227369 -0.721677830716311
1.953368997874037 -1.1609513959302564
1.4751290727177229 -0.28272216959667373
0.6006961266749029 -0.7678685628378012
-0.09950682782250886 -0.05392471174508717
0.8987306466655749 -0.11327068488271833
1.2540492469214468 0.8214745704206761
0.9181569604111678 1.7633749748493486
0.7794166765077717 2.7537037756132188
-0.1495773715115718 2.383609113743267
-0.021274150582354018 1.391874127217538
-0.3247819103503853 0.4390451605290817
0.30980457516546467 -0.33380669616833347
1.236922589165411 -0.7085762094919167
0.9228881995926359 -1.6579878178924325
1.30257118931264 -2.583104473951159
1.882329224497892 -3.397893170877016
1.7511202318709316 -2.40653844109871
1.3818192393159514 -1.4772286020795018
0.43265296200434866 -1.1624534791513492
-0.3165995211608368 -0.5001690112141919
-0.11638305877930841 -1.4799206982203568
0.86619311459995 -1.294060364885421
1.864625757554398 -1.3500269395795708
0.9948291365381926 -0.8566165241353978
1.982634922283143 -0.700925388714009
2.684531975782987 -1.41320379375535
2.1794838628162423 -0.5501126029830596
2.275820254953228 0.4452362301151809
1.3935368146907474 -0.02548229622365178
1.3949805953823269 -1.025481253971766
0.4738737794326746 -0.6361713085412728
0.1491444050399786 -1.5819782832493938
-0.8499112692904779 -1.5385299278361348
0.15002167601975003 -1.5269495615546786
1.063129088184131 -1.9346686484888904
0.6438993505537524 -1.0267884652673578
0.2867383427117045 -0.09274563194692986
-0.3966487229041077 0.6373106114679249
-0.1329849597061229 -0.32730403696754073
0.6653102133535002 -0.9295704370511801
-0.27033078366948105 -0.5766172890416439
-0.09983237258472055 -1.5619752401525953
0.8582254156900999 -1.275400163905621
1.0935045796375216 -0.3034723296441454
1.908864393959263 -0.8824268815644281
1.4347908143218597 -0.001941651086495133
1.8696855055749957 -0.9024229710037045
0.9567219951699011 -0.49438176148093255
1.8810962963180087 -0.8758685258344914
1.7161888682572464 0.11044052318127451
0.9540413073064159 0.7578438714400708
1.8595845740776606 0.33358994746851556
1.7526331287931283 1.3278541922000404
1.72732515093135 0.32817449036722446
1.3102948125976375 -0.5807180758413838
1.5082690611478538 -1.5609252972547834
2.3237899296688944 -0.9821976298613128
3.0370316292002353 -1.6831157977308897
2.9486637048256124 -0.6870278950126001
3.8008907571930455 -0.16385579023911723
2.9040041913035797 -0.6061164463312018
1.9551198548645665 -0.9217404569208492
1.7750203564437068 -1.9053888548093196
0.828252548451067 -2.2273061077623293
0.6846630750961635 -1.2376687685609118
1.2232147591586982 -2.0802612463302115
2.1748305189023562 -1.7729707554140424
1.1917957312804726 -1.589551546155039
2.0128453215740585 -2.1604084198797358
3.010475589949492 -2.2292113821790465
2.0105939636019077 -2.21382524255567
2.944900154068824 -2.5702967595878143
2.2963635631745616 -1.8091132795573763
1.925087948520114 -0.8805905722620931
2.5932687112416555 -1.6245895429124961
1.6752372692525284 -2.021097136180726
2.654841198594206 -1.8201589824658462
3.6439339638210058 -1.6728650525976967
4.359346058314968 -2.3715678041678916
5.30267429066744 -2.039706619262575
4.859682101487526 -1.143181148165636
5.287769779328346 -0.23944394074256303
5.7804325198355775 -1.1096642715300622
5.278198738330115 -0.24493238897066227
4.448261625831905 -0.8027893502950987
4.805384737313001 -1.736846673614209
4.139829339864074 -2.483195126367078
5.133024451461645 -2.599657439149752
6.072355720964255 -2.94266875985887
6.038960314571169 -3.94211097771433
6.369203211975507 -4.886006961768711
6.676607144798052 -5.837586082013177
7.676221187135101 -5.865366765276637
8.554476968227188 -5.387175607915556
7.879047061072594 -6.124599800982976
7.218187853839476 -6.875109699795254
6.280159158190685 -6.528552105535038
6.201337534481672 -7.525440841370625
5.237729969001123 -7.792761734210392
5.473368933478568 -6.820921069070268
6.012651644242136 -7.663045856659077
6.289103740624306 -8.624073555742669
5.306284743236798 -8.808645542713103
4.51329611131418 -8.199409111069777
4.139787379080227 -9.127035774628444
3.1583266377369736 -8.935372493841665
3.508690688912512 -7.998758896009633
3.2505667485786964 -8.964870707047334
3.319427994068603 -7.967244459963999
4.176700115834678 -7.4523808768250355
4.381927839313784 -8.43109512598849
5.074309585932541 -9.152626495333688
4.561881315820085 -10.011356527409868
3.5621342550711703 -9.988866206738402
3.1622200910316804 -10.905418802829098
3.9745314936676763 -10.322194844861372
3.553523626185901 -11.229251830677835
2.970041633503354 -12.041377907229503
3.845319412677642 -11.557757385245866
3.879817590133051 -12.557162145967094
4.808581622517672 -12.927833661123922
5.118922648660582 -11.97720836822847
4.316198054755913 -11.380858448851779
5.314189743743344 -11.317513451322267
6.034919372268879 -10.624297177302791
5.068500678490861 -10.367324594492116
4.176558267059075 -9.91517557625891
3.1765790873658766 -9.921628496537178
2.509776053644902 -9.176394496896458
3.0924214768908467 -9.989120964270663
3.858181980844603 -9.345995120765297
3.147972763033834 -8.642004448286878
3.681249761304056 -9.487945133628292
3.2687291567283046 -8.576996863527045
3.3067884879596883 -9.5762723447164
2.3652910588292055 -9.913292508713589
2.791914680223269 -9.008863249087046
1.8925296771714342 -9.446020676434966
0.9717129819689558 -9.05602501769453
0.6349722098721432 -8.114427623683882
-0.23639552538529418 -7.623797141597491
0.7588037516542248 -7.721666436986897
1.4519142330227601 -8.442497804656949
1.3154017250758516 -7.451859457340409
0.6043079424478492 -8.154956628653023
1.072358170760276 -7.271254765026673
2.0559099378679346 -7.451881234347762
2.940200381205323 -6.984943966803003
2.2049043968794884 -6.307197837758874
1.2142315263579389 -6.170936091063064
1.3302423352180643 -5.177688140031893
0.6758761929171747 -5.933865997291845
0.1721797717888649 -5.0699852674786765
0.31999652481557606 -6.05900003355886
1.144408014296209 -6.624990931023055
0.20743202419959716 -6.974384683088649
-0.46448146163961146 -6.233755040455164
-0.2257533799767197 -7.204841495424831
-0.3747263694854869 -8.193682760945652
0.3325192591827786 -7.486714854510268
0.5933787099276415 -6.52133806436194
0.5557707355668464 -7.520630634265508
0.29202876366548214 -6.556037366479765
-0.34009627424856725 -5.781170967387533
0.6598906736304753 -5.776061753009846
0.027244504042213125 -5.001620777786234
0.11783469058030269 -5.997509033617677
1.0660511314704886 -5.67988412712332
0.23970385588710852 -6.2430450101185135
0.07024500262904798 -7.228582273266114
0.9930602407497686 -7.613825100963396
0.45064951109153917 -8.453938545893084
1.3085426984700095 -7.940110482189272
1.729067779120223 -8.847391395988373
2.5264417780671713 -9.450876860439134
1.8533551634713512 -10.190440521831404
2.751730452541519 -9.751211834257274
2.2981673621110152 -10.642436005271016
2.9514203594529134 -11.399575702727057
1.9706739626973273 -11.594861404330976
1.0517657641383023 -11.989332851486543
0.1565642137185277 -11.543671338535253
-0.240285104411803 -12.461555110425513
-0.05432755853457835 -13.444112890472733
0.9454980261654757 -13.42543669762743
1.530189048426917 -14.236692766009586
1.0387507609990436 -13.365780365334318
1.0059885940279518 -12.366317189216579
0.38970633697266877 -13.153842540960156
1.3836737982129015 -13.263517907363221
1.7152648882119914 -12.320094699553907
0.8351751207202746 -11.845287368990892
0.04217176103804199 -12.454504630345733
0.9080782613015368 -11.954298739935167
-0.06376046506015398 -12.18994570033077
0.9145279237061574 -12.397193929285843
1.7590025134477336 -11.861598310109587
2.0081850969339294 -10.893141785485406
1.3535211046092388 -10.137221778372552
2.326825976059997 -10.366737850163227
2.8025440895003673 -11.24633564264837
1.8524084739566158 -11.558172638649962
1.150750743211224 -10.845658478169465
1.6383390072913229 -9.972584778685077
0.755870600988545 -9.502213104498125
0.9859997280716573 -8.529053002116218
-0.00811467465534832 -8.637388380874631
0.9571302286304813 -8.898735423484126
0.17787133312844705 -9.525437564681162
-0.7896139594570115 -9.27251028534809
-1.5288905988010284 -8.59910843613752
-2.5231887715392034 -8.492472871293861
-2.7571765419414787 -7.520233331210157
-2.491306730218845 -8.484242274744693
-1.6304246984147461 -8.993046880970743
-2.4257151884104746 -9.599275415866911
-1.508176727031612 -9.201628371504063
-2.4369171270848913 -9.572359094952867
-1.9644866769083031 -8.690991141288823
-2.9593821994314458 -8.791901493896487
-2.5490673884655273 -7.879957550497551
-2.436664042225401 -6.886294887540941
-2.077551621409646 -7.819589197614589
-2.946680814392862 -7.325004072581148
-3.7818580894627196 -7.874984907889877
-3.46577766451917 -6.92625250886078
-4.459800306467102 -6.817078394278369
-3.4832363896833285 -7.032305986459147
-3.6321239616258065 -6.043451856204804
-3.0667992939090087 -5.218583369674441
-4.051842409595879 -5.390891408482569
