0 0
-0.30701694517350175 -0.9517040482084391
-1.299955235936988 -0.8330720511094839
-2.2984761349665055 -0.778702811632702
-3.0370566203803917 -0.10453750062524003
-2.742856628342061 0.8512063796505617
-1.768612875738064 0.6257089062454652
-0.7817595653574018 0.7873274193890045
-1.0464896282402494 1.7516499763200573
-0.061256143831092014 1.5804337936766206
0.4485550719428212 2.4407200973401886
1.438719143574919 2.3008090139731228
0.9875656656627773 3.1932553929605545
-0.006753915874559757 3.299691147157229
0.5737891327950717 4.113920702406466
0.8183559414313063 3.1442882585838143
-0.1679654661603157 3.309121753136594
-1.0935038851417707 2.9304680393170823
-0.38922254944340795 3.640389020967104
0.6102956798792404 3.609351797320042
1.2235719107204348 2.819483286310002
1.3419379959533055 1.8265132616533435
2.267877274113599 1.4488408465102793
2.6353132905318537 2.378889648368915
2.6208023073017945 3.3787843585087862
3.6097561844669737 3.5270079357155164
3.96620848798292 2.5926944148253517
3.0640279969206894 3.0240531536341453
3.924693685254023 2.514882678325816
3.461532175493978 3.4011565727155784
3.8658799130228174 4.315761901343894
4.856875646798343 4.1818684525171985
4.845096092695565 3.181937833871515
4.831128863831276 2.182035380370248
4.264408594020278 3.0059456520536085
3.6295858223884823 3.778603434398241
3.3196409370455853 4.729357960051303
4.2542736991322485 5.084972358008211
3.8412562646250503 5.995695476630491
2.89725150424002 5.665763646746798
3.8378064163451935 6.005405306904722
4.439967695042732 6.8037797769608135
3.692757491089661 7.468367552283539
3.8007477248488635 8.462519507174054
2.9823762737456856 7.887829879619076
3.5953378101036195 8.67794262786816
4.1061329481127204 9.537645092088349
4.431614924679632 8.59209684745453
3.432003703832011 8.61997886953916
4.130991852483667 9.335112121489125
4.682305475827318 8.500814040036403
4.4446985099947565 9.472175419641257
3.631706154729983 8.889901059669056
2.79341688982509 9.435126800390469
2.6654605112399894 8.443347003671768
3.244895043952248 7.628328217200851
2.2810256855823465 7.89470362897077
1.4893096942475132 7.283814286237815
1.919012396890516 6.380843861837714
1.7989755865627746 7.373613303433466
2.7652966931225 7.63095261060823
3.7617934263247976 7.547320913763383
4.099003111414166 6.605891347475002
4.589813992023798 5.734625211627179
3.9781973588025465 6.525779491124612
4.586053461832232 5.731732289750812
3.7296547040877606 5.215417300878973
2.912146988411939 4.639499655021078
3.075796978466046 3.6529811905434535
2.0764903737208256 3.6902143708075603
1.7310617919817164 2.751769329839413
1.348372190084746 1.8278923528560387
2.057476992796092 2.5329954508294508
1.070677511660634 2.3710485952539533
1.9324347995392097 2.878369378179472
0.9823390543687136 3.1903278289528396
0.4821321452909916 4.056233740764805
-0.507525505054278 4.199683157330646
0.4894780576479043 4.122327511388312
-0.42378547772385977 4.529696772575588
-1.24674722701362 3.961599985746145
-1.82076239652001 4.780444650610336
-0.8668858269772864 5.0806437346819004
-0.5590846320791245 4.129193039995484
-1.3064322009159857 4.793626340902079
-2.3039239684580264 4.722843760517811
-2.1132979819336253 3.741181021456376
-2.887433686914945 3.1081613454011405
-2.7212873184001314 4.09426244783909
-3.601531162942683 4.568784074474745
-2.62746745303 4.795057999245454
-2.025735889589109 5.593756393859454
-2.9637158574335394 5.9404458513319325
-2.0105113192680193 5.638119689016036
-2.7170326418759556 4.930427933588341
-3.2081648913524745 4.059342912752754
-3.4268451931693096 3.0835463532193144
-3.704311920432144 2.122811105993497
-4.045213815421931 1.1827122292829821
-3.061954042914323 1.000502954633512
-2.0620374556802266 0.9875871281358414
-2.3196077919453844 1.9538466801591337
-3.2072982979505587 2.41428730124754
-2.228840101028905 2.6207323469057657
-2.676833492717397 3.5147692147157246
-3.1333045010440217 4.404507501268166
-2.489127927494464 5.169384316245553
-1.7397948774350431 5.831577626456888
-0.8456773974051053 6.279410108424101
-0.3549146732771159 7.1507033705388015
-0.7160651945395295 8.083210904552274
0.08781807345164394 7.488423806975477
0.09733281936957969 6.488469073194933
-0.4129964927357237 7.348448138757652
0.23023929600929827 6.582779986045545
-0.2811895101286792 7.442105638084563
0.19730546195202264 6.564015345635381
1.05447513015979 7.079049480333836
1.8538648049206095 7.679862386225339
1.1567256400954715 6.962926555856324
0.443580667138075 7.663943137361779
1.4330658695316185 7.519308998085437
0.5174640408614356 7.117222824068204
1.1724847115948467 6.36161186536528
0.3888381073630022 6.9828187549567415
1.3712562393818561 6.796124850716176
2.1935099948628345 7.365245893726735
1.4123557678889567 7.989584002191085
2.403119503337134 7.853984516495992
2.6260820009592645 8.828811539436012
3.587205462433772 9.104930520680078
3.556382196876763 10.104455370946644
3.7997171054641954 9.134513041597756
3.4107625603960314 10.05576998831285
3.573977829320438 11.04236046869969
2.6686751148139023 10.617593479507853
3.508078503983427 10.07408455570741
2.866010305541015 9.307437030081118
3.648963750389163 9.929517332936319
2.803057158576869 10.462848410156191
1.8455268769486421 10.174515686094269
2.494139819024857 10.935634107479034
1.8172774637332862 11.671743713440774
1.3836302119027444 12.572826429388549
1.9438071339746068 11.744453436119155
1.954636029102121 10.744512070322982
1.2218070169871784 10.064099225792077
0.8246709897186548 9.146339466462123
1.436098447732029 8.355038977654424
2.3802796178679317 8.684465628004387
1.3832878008546041 8.60695874567473
0.395485346438172 8.762671015739977
1.3952800454108374 8.742408737828615
2.35125831126097 9.035846218771614
2.355586935073538 10.035836850235674
1.3560267616821375 10.00618116326414
2.201294240718155 9.471837744773657
3.038346017179916 8.924714062666759
4.001582456955173 9.193369159564412
4.998856538755217 9.11958294289843
5.478457174858354 9.997069825905502
4.6071032479475695 9.506414820777504
4.108753174251488 10.373390716663376
3.7433450589204096 9.442543302072677
3.449542910976414 10.39840955729016
4.324028323487903 9.913357742218192
3.628823499479946 10.632169437084146
2.7213389310238005 10.212084019562944
1.7226972109374228 10.159981093513434
2.003574490351226 11.119724785292181
1.755346481011053 10.151023151465225
0.7556904925330216 10.177251088860485
1.5092441370372653 9.519864669123683
0.6462397178131906 9.014668298986567
1.2112198792810487 9.839772787610737
2.021566398019089 10.425723740821958
2.70082950492703 11.159618577698312
3.317135477595211 11.947125370083958
2.480652997056361 12.495119037703915
2.3721485064399452 13.48921499661134
2.840431124988616 14.372793736263443
3.033741160513387 15.353931458586569
3.1802163446521736 16.34314580362586
2.382078266277425 15.74067123333408
1.5341191611084568 16.270732886315166
2.2430030646751717 15.565407705094463
2.7110290387167386 16.449122414501545
3.3676429817284976 17.203349256931958
4.12820227573848 17.852617737835686
3.9184511051043485 16.874862939116902
4.860785718172585 16.540190745749218
3.8617674717724446 16.49589014350063
3.676848300984848 17.478643876780353
4.355916793943415 16.744568961072847
5.0621542098528245 16.03659388215439
5.810680145810134 15.373488367775845
4.944910201193004 15.873930575226066
3.946201431058875 15.924732075766665
4.917836876981386 16.16121581775956
4.301004449159397 16.94831032033675
4.530842406725841 17.92153923136523
3.5478147074423116 18.10499642648532
4.536023753567449 18.25810710918397
4.417706438761856 19.25108294626018
3.6056041987342793 18.667567777869337
3.456823027766728 17.678697633125587
2.4795031454927408 17.466929250896417
2.2180476352378076 16.501713722551926
3.006786774414047 15.886985676720663
2.7349083050419556 14.924654082158845
3.1717950433552526 14.02513755763805
3.231022286798299 15.023382083610588
2.30040242598817 14.657394823359995
1.7218991340270455 15.473074871657207
1.2085858188545155 14.614873589633818
0.22828665401525838 14.417355116028297
-0.5018488682965143 13.73405275319138
-1.4221183275848077 13.342767534583224
-1.504910499098302 12.346200699726635
-1.4701897707757436 13.345597753466915
-0.7559527080460561 14.04550161702481
-1.7535301440546305 13.97593683307087
-2.0747578795157167 13.028934857375706
-1.7578545861154913 12.08047700241741
-2.384763943357499 12.859569203509432
-3.1284165567803344 12.19100298349126
-2.15837589400326 11.948060371833662
-1.1693518810263055 12.095815242328552
-0.44024220165250805 11.411418372491001
-1.2690589128360628 10.851898167973884
-1.9222060805552927 10.094667174616937
-2.120674867177899 9.114559965819577
-1.923269565815858 8.134238004934195
-1.9516298828082164 7.13464023962052
-2.9514737633241963 7.116970644414442
-2.7243972558452256 8.090847566695258
-1.860875833786685 7.586535407763911
-1.9068891866112905 8.58547623251873
-2.0379472360465525 7.5941015366149935
-1.5362131383954254 6.7290796321211195
-2.404440545996131 6.232913159361263
-1.736719528232542 6.977324767570563
-0.7713182438995816 7.238093554445585
-1.6082465894953812 7.785406028575562
-2.429785067657644 8.355559103546517
-2.4746695570705053 9.3545512870045
-3.3989565216076745 9.736249606606075
-2.9448535153507494 10.62719879691292
-3.9139260721229507 10.380422826220899
-4.812516044293973 9.941633512411093
-3.9277148064258154 9.475664876699444
