0 0
0.9938102039024914 0.11109130757754421
1.6037715675117368 0.9035224622553182
2.5988420497946954 0.80435222836853
1.6595544551161678 0.461221328443988
2.6305581636090984 0.2221569059696771
3.485060411178464 -0.29729079004879877
3.819289784280512 0.645200974454113
3.7270140654749992 1.6409344687782348
3.3119800511121524 0.7311285735885739
3.5345133635107606 -0.24379651321189588
2.7528865297471126 0.37994982364357177
2.410137667114137 -0.5594772449273747
3.1069348038200575 0.1577910105241198
4.106487073747908 0.18771190091998474
3.2222398809542296 -0.27930726574932807
3.943517554609014 -0.9719532918601708
4.062752063570068 0.02091282795297722
3.1689330050498397 0.4693406266296568
2.24789884309695 0.07985882664955668
1.865838328961648 -0.8442784810805601
2.3396149687363907 -1.7249235262626434
1.9841480888332557 -0.7902346489928163
1.458407806040717 -1.6408797894886762
0.4784570611935032 -1.840119689291378
-0.5209136555598978 -1.8046489901751541
0.17783035072996967 -1.0892771891695612
-0.7274320273756545 -0.6644242419201042
-0.22671401885619236 -1.530034706242425
0.21591457125432012 -0.6333296648733137
0.9511438637517389 -1.311148141645484
0.5861376734379411 -2.2421532334858068
1.5423966331753114 -1.9496317779957826
1.0176752183321125 -1.098357769932015
0.3185131683960687 -1.8133210053009599
1.3174175878540884 -1.7665239884383774
1.8398844685488212 -2.619183567975907
1.4056774442183486 -3.5199966784611374
2.40115130132497 -3.4249608966878173
3.1936897761076475 -2.8151389833482368
2.875657133890212 -1.867059219570844
1.993357994865192 -1.3963701191279845
1.00204987585593 -1.527930801652509
1.940326441530034 -1.8738167457248416
2.185475310793958 -0.9043312987486533
3.143733757275684 -0.6184279064175563
3.9297999240387633 -0.00028554298466632044
4.290605239097033 -0.9329266983202557
5.072922209898356 -0.31004616627880344
6.0727750228484325 -0.29288946392029686
6.976104014205784 -0.7218378680125717
6.976843910899527 0.2781618582638322
7.828460271831998 0.8023274559446938
8.068410561308838 -0.16845772038423057
7.653354595627153 -1.0782536015312296
6.84046309219342 -1.6606687486945269
5.9291236421686255 -1.2490130590356738
6.521461717870057 -2.0547025799271434
7.388272270645161 -2.5533401894169603
8.125645865394928 -3.2288253348981977
8.596737285923567 -2.346740943524952
8.570703868858537 -3.3464020166872106
7.792193566500929 -2.718770190595619
8.199795914783188 -1.805610661447076
8.720959736507329 -2.659067321697547
9.209293089713233 -1.786410151815424
9.913419813884362 -1.0763358202782003
8.917122946014556 -0.9903558745186394
8.130785997444255 -1.6081537405825692
8.739392042290273 -0.8146811940021058
7.767193075491009 -0.5805249022770201
8.211753508145032 0.3152239585754333
8.492462472747475 1.2750168931148704
9.299040175105471 1.866144975732246
8.684377634514652 1.0773547874093694
9.00106237731969 2.025885637553163
8.767401421548852 1.053567501474102
8.940595482609634 2.0384552195482355
9.918104313885411 1.8275607322379612
10.203460158590799 2.7859823732146634
11.03865713399581 2.2360314551553153
10.645086478293862 3.1553258252949017
10.933441847556239 4.112849287679797
11.115984941346532 5.096047141069168
10.46290661306148 4.3387567759354235
9.995001379167967 3.4549781316499564
9.42492616647227 2.633385622026143
8.430363403153617 2.5292467252585755
8.5125197888497 3.5258661753443925
8.159489066030297 2.590254445647928
7.165274252419841 2.4828444628831643
7.536576699004275 1.554332484952662
6.577467118148686 1.271297483740769
7.507205417530097 0.903076497560781
6.651649098108305 1.420786246645573
6.208947538806198 2.3174552655101053
5.238702714458639 2.5595812261726776
6.1241313769749794 2.0948059217571737
6.145918843709871 3.0945685467303603
6.289772877987317 2.1049696295815474
7.245786113393443 2.3982931603940445
7.869178081922129 3.1802026523264093
7.176468374376542 2.458986137629119
6.572265231498994 1.6621558155800065
5.704691257884519 2.1594639698533795
6.55883211271331 1.6394222406504801
7.553346678761937 1.7440204142344944
8.552769535239147 1.777990311951956
8.237884896961482 2.7271202633162277
8.21116444689226 3.726763208346151
8.03448249880918 4.71103120499217
7.043511755388501 4.845109486918314
7.195204995698285 3.8566818664805202
6.6567751212049036 3.0140115452676266
7.259041241042329 3.812306929756333
6.291360766657366 3.5601274311960966
5.824683335478537 4.44455502870102
4.826217776841816 4.499931271046105
4.7368512872361315 5.495930081555212
4.6662462780660405 6.493434433766314
5.50281565846108 5.945573436992991
6.490691858477136 5.790329714279835
5.561567661357034 6.160097514833002
5.7052784674082275 7.1497172419121044
6.528180919899724 6.58153456558038
6.959325804389194 5.679251855683664
6.126040792518676 5.1264082168562375
5.348356650073073 4.497753005640546
4.5323458755699315 3.9197163148545853
3.566701078851878 3.6598507215734646
2.607911132130434 3.9439666100167026
3.5478331027294914 4.28535596132278
3.566924890085945 3.285538226105237
2.940762409531038 2.5058456277401344
1.9505176744937431 2.6451846557650143
1.8312912643469526 1.6523175633888447
2.7550533461067284 1.269350702808396
3.6068735474445757 1.7931849748761457
2.796258209486919 2.378763982242183
3.7895381981074254 2.263027798591406
2.991530807291314 2.8656754603332084
3.6762841867027305 3.594450329126476
3.961139503505416 4.553020852608833
4.058416037566996 3.5577634608146473
3.2796363696332937 2.9304659007898435
3.2261082070467584 1.9318995605749785
2.6229604967961593 2.729529073331032
1.7336838547471167 2.2721593608379775
1.4511512624589544 3.2314170604656276
0.7278236040629682 3.9219220196073987
0.3198559494617359 4.834918401198897
1.2927055507020127 4.603480173227297
1.2158132509635209 5.600519577785073
1.5717090405437584 6.535045225886322
1.112560773538848 5.64668557523441
0.4200617309979825 4.9252667814121365
-0.07175156703198299 5.795967464701686
-1.0712193888059738 5.763347329227503
-1.9422604962789942 6.254557456456343
-2.755238734880611 5.672263386797195
-1.7552571458438244 5.666195307408858
-2.689106618041295 6.023861581016681
-3.4371818735286426 5.360247678112636
-2.8099660641624506 6.139093188134432
-2.2631370189771522 6.976337474673155
-1.8555395292022556 7.889499172473278
-2.5216143518482927 8.635384103703995
-1.5216349179180826 8.62897070237422
-2.518510720659991 8.70795572568672
-1.9309453185784302 9.517132404958147
-0.9328576093209136 9.578946033140635
0.02686751407073007 9.859886752031462
-0.3586145077003202 8.937171405409709
-1.1647770450602388 9.52886555220974
-2.164754303825731 9.535609583040914
-3.1630737402998323 9.477658718008259
-2.522283770792431 8.709942484638987
-1.6477683150237146 8.224944837612082
-1.042861158588178 9.021240845446526
-0.3173663808002508 8.333013174248654
0.6269663218607998 8.662005190390195
1.5198542113162996 8.211726147058503
0.867925586894124 7.453445810600402
0.630216189593785 6.482109492719149
0.9120806473892246 5.522655258567419
0.22815951376478427 4.793099309388838
-0.21481875478199391 3.896566959947225
-0.4197355114977409 2.9177875553738044
-1.03121591586396 2.12652798034414
-0.44174761053198053 1.3187364744411352
-0.47793838932707267 2.3180813736276997
-1.4779267882032174 2.3228982308110018
-1.3325853137232735 3.312279782991957
-2.2929135801174634 3.591151833876103
-3.2585091000873496 3.3311032003205985
-3.5516326707113866 2.375028636102611
-2.600695823067136 2.0656435818540007
-3.015220507760546 1.1556055135404661
-3.033989838160019 2.1554293541425773
-2.452354706569108 1.3419795562452372
-1.8789662268737204 0.5226959354199382
-2.831465413010724 0.21815480452240876
-3.472023887536695 -0.5497545916389879
-3.967180098300336 0.31904937183159443
-3.06347701366905 0.7472090789829091
-2.528539725205232 -0.09768268770142685
-3.1809532928235598 0.6601804508582511
-3.572509544823171 -0.2599737218324001
-4.045136868598971 -1.1412361190901779
-4.905288459359077 -1.651274589122449
-5.9050844084547816 -1.6310740898261604
-5.261833874895125 -0.8654183244359832
-5.594798994236117 0.0775208195718573
-6.557295213935288 -0.19377427265210007
-5.771448367047058 0.42464688904583786
-4.845259553705923 0.8017069400214629
-4.377592889667884 -0.08219797078485902
-3.9892620166350725 0.8393220415043882
-4.986783033192821 0.9096912217297932
-5.918503510941587 1.2728674204868315
-4.944661188899895 1.0456425719327063
-3.9771372202059934 1.298421863020411
-4.58973165253658 0.5080244557134493
-5.356333527304925 1.150147158630624
-4.361844792255588 1.254990641308223
-3.3713968498497997 1.1171034650221716
-3.1622815215875875 2.0949944505035734
-2.8353657873576883 1.149940958518635
-2.027710224851921 0.5602864051117336
-2.3042666930231603 -0.40071126393468526
-3.065181825942779 0.24814015241109066
-3.9075876580573095 -0.2907034371577425
-4.905905547340637 -0.3486809494955605
-4.265761973861853 0.41957435008512745
-4.821789597575163 -0.4115894614873751
-4.187762010746892 0.36172096721556124
-5.180389371905354 0.2405148540051027
-5.008561006843121 1.2256417559624293
-4.047275039108611 1.5011944518968492
-4.3567132426103745 2.452114005914749
-3.895588894863655 1.5647784797944644
-4.8448360946352755 1.8793094857791481
-5.591646562968212 2.544346420383791
-6.501909600445174 2.958376857191541
-5.627517339659323 3.4435965747193924
-5.929302776960961 2.4902207045440146
-6.8369588390576235 2.0705059526717693
-7.481094281060244 2.8354174066035878
-8.189966174917751 3.5407546579230336
-9.0359140290126 4.074020284184768
-9.876158151785013 3.5318120085688225
