0 0
0.5817714942560975 0.8133522782110022
0.77358905745271 -0.16807832170389425
-0.19258334571982239 0.0898187262586862
0.18256618368530914 1.0167830354891487
-0.5453196266197222 0.33108467093182536
0.20275070248740823 -0.3325347853151637
1.1831554505192594 -0.529528516272782
1.7526961545590778 -1.3514916458849489
2.4503315770703464 -0.6350387044732162
2.9676319267839646 0.22076521476656408
3.935512511262154 -0.030645155326155304
4.151902395490446 -1.0069521859285504
4.1111475011453225 -0.007783011770881698
3.2162875092012806 0.4385639326769425
2.485607297222822 1.1212838077524485
3.2403263574981125 0.4652356844739943
3.532662141709228 -0.4910800527538691
2.7801724025497547 0.16752391964510427
3.368292939773289 -0.6412493697851919
2.4788278936355033 -1.0982525773221923
1.8102124335917371 -1.8418609195228852
1.499017044392727 -2.7922068721850075
2.4931382321918374 -2.90047997119342
1.6276367587108695 -2.399573593312011
2.6128867773566964 -2.5706946053426734
3.6127967665718117 -2.557277695570736
4.607935933272521 -2.4587990740419072
5.42014911791496 -1.875438342853231
4.666821545256881 -2.533083815941191
5.641396748399192 -2.7571444626869415
6.490103705028961 -3.2860078682731433
7.287040893696205 -3.890070048283735
7.811577207162212 -4.741458124225306
6.843157004052259 -4.492134418556395
7.211106968690378 -3.562288827330192
6.233984224778762 -3.7749649739255142
5.270811871258153 -4.043849739975155
5.912010589078394 -4.811224618548645
4.982716546050811 -4.441883879401921
5.6730021134424815 -5.165420910555654
5.152555789544215 -6.019315297433083
6.10810547268777 -5.724485171692423
5.392081466863101 -5.026409514558617
4.397251095491378 -5.127960153140557
3.4439310435290555 -4.825998436152204
4.4403365690689665 -4.741286992571463
4.8811392114955074 -3.843682942653138
5.002180836228087 -4.836330375069148
5.990519008913506 -4.684055438152906
6.48020242478814 -5.555955749092953
7.471770193242629 -5.685544948342677
6.509725888302761 -5.412651644407302
5.654678024548261 -4.894102562170272
6.625517057837454 -4.654370270974228
7.478861330734207 -5.175718093367601
7.69882086818454 -6.151227089679083
8.637852984305791 -5.807397648105436
9.628267900938393 -5.669273454310018
9.494203597750987 -6.660246088952809
9.149130769373771 -5.721670176670936
9.82298628795858 -4.982807036385268
9.514817258221262 -5.934138655280993
10.259247402403906 -6.6018390075590245
10.844952990477767 -5.791315125061382
10.434181704260256 -6.703053547208443
10.457990268721321 -7.702770083161662
10.596234416457053 -8.693168263499661
11.135752301938922 -9.535142402796808
11.355526398626248 -8.55959161148696
10.506534616224437 -8.03118556173526
9.560885160462128 -7.705997759355699
8.608975746614812 -7.399618145430654
8.269537172744718 -6.458989922077221
8.722125357599177 -7.350709572488798
9.682076863196233 -7.630875785480202
9.493128725559005 -8.6128628532583
8.739115015640285 -7.956004173438501
8.584411101696904 -8.943965052730084
7.91774576991064 -8.198607866278977
6.922300913625989 -8.293946935376749
7.810136359775211 -7.833785854274694
8.657201317927363 -8.36527523015223
8.463034532016621 -9.346243761374865
7.5030382834292375 -9.62625662304045
8.30649477451815 -9.030893148407436
7.306991088606775 -8.99939105562653
6.687919075332676 -8.21405683226634
7.415220303403364 -8.900375215851444
8.373959559770613 -9.184662110203565
8.859329111189766 -10.05897120803749
7.870036465478916 -10.204916612701107
8.783516202921916 -10.611800833679345
8.92577686880384 -11.601630062861243
8.925560859173942 -12.601630039531162
9.922073170171831 -12.685075914382132
8.9922943978272 -13.053194692084805
9.31020787646807 -14.001314420863013
8.791660375148126 -13.146265598353537
9.77495596282887 -12.964249700016108
9.43507272478177 -13.90471734140236
8.612286773291125 -14.473068709861725
9.122811962286686 -13.613205911852038
9.00057568881375 -12.620704882408013
8.736866893499705 -13.585307220822147
8.040112604511032 -12.8679973430316
7.420681133071704 -12.082946610791634
6.432442808610828 -11.930025016283986
6.16335342702226 -10.966909807850291
6.415226142891248 -11.93467017850037
7.2703469807041206 -12.453098912983915
6.279381009080237 -12.587212458472548
5.6825478483939555 -13.389577823069764
5.530886189835121 -14.378010289818597
6.530886185111939 -14.377913097413453
7.2273842933052785 -15.095471725877427
8.169675637127396 -15.430265727254257
8.907770096620819 -14.755568336667107
9.176351471527694 -15.718825335112035
8.961883984886985 -16.695556463506136
8.586499688006306 -17.622425725945774
9.27404392435639 -18.34856822095745
8.538459104780248 -17.671135587251975
8.246429694014308 -16.71472624850224
8.882119884108867 -15.942781961511566
8.859893725511746 -14.943028993086857
9.592983109097624 -15.62316130056363
8.611686599729387 -15.81566366600809
9.149077360711617 -16.65899703426227
8.863967444448793 -17.617491862442687
7.886414032871272 -17.406804113598216
6.913953719886814 -17.639872643584933
6.380710742353539 -18.485834774481727
7.378865702638644 -18.4251167766702
7.835261695788691 -17.535340008353234
8.147066865980213 -18.485486068620727
8.951405402765584 -17.891314781665553
9.531188742207448 -18.70608547290674
8.572799400552398 -18.42062116725365
8.300860867909936 -17.458306543825188
9.175351752218623 -16.97326459382394
8.487334908713372 -17.698959311355406
7.899491572195715 -18.507934101884622
7.855752334344219 -19.506977083478592
7.036992526902077 -20.081113284843134
7.522105783512649 -19.20666195500214
8.353246163222114 -19.762724603645626
7.363062097657078 -19.622955092302494
6.392147904262095 -19.86238280386523
7.337049618550052 -20.18973697038168
6.717075192940344 -20.97435898867451
6.038495202575601 -21.708885500569476
7.03622504809858 -21.641541938496385
6.356944669321424 -22.37542078885819
5.682896550424479 -23.11410822845053
6.592357425388853 -23.52989773879084
6.987962453075134 -22.611476995302684
7.1565635727453305 -21.62579263281845
8.102299573086237 -21.3008566119479
7.668595165138031 -20.399801404690155
7.025569880000527 -21.165646351578122
6.301135516039477 -21.85499013541341
5.356686560214008 -21.5263320002027
5.349400128821854 -20.52635854659627
4.424893202873038 -20.90752379143461
3.8373368833026347 -21.716707065688894
4.577221465234732 -22.389440895237524
5.187362779769035 -21.597148287485595
4.220610935164603 -21.34143189975511
5.181197316175299 -21.063450237380103
4.807199761016382 -21.99087992675561
4.057905183811806 -22.653116770016247
3.7563394417348936 -21.699671384477252
4.755900075351967 -21.670031213711294
4.117841215769388 -22.440018805629617
3.310704897838338 -21.849653694637524
4.172896253866002 -22.356236427852128
4.677695317641303 -23.219473304503943
3.7427686087825975 -23.574314183015183
2.9135230673553933 -23.015429729820156
3.7361387600919107 -22.446831961565987
4.7274090919580445 -22.314986866238154
5.705596951868218 -22.522709062270152
6.545317126101811 -23.065728425631264
7.40566347904721 -23.575438297002762
8.387220405298327 -23.766608379726122
7.4429359888127715 -24.095738962903276
6.443368017216526 -24.066347294713662
5.602712297424897 -24.60791719858722
4.911638801821826 -25.330701691831887
5.798418423801057 -25.79289418640787
6.683763043441688 -26.25782956307154
7.678530501490066 -26.359994647165713
7.191443943995191 -27.233348347282565
8.132534233856237 -26.895192959436603
7.806933703906911 -25.949685532233243
6.8175765315161385 -26.095192870326326
6.074326346151146 -26.764206444145948
7.004021131228967 -27.132537282658152
6.358187329819121 -27.896015311783096
7.173168422922852 -27.316527764131337
8.16264100954053 -27.17180734286288
7.398845249135326 -27.817265347993374
6.594894546181199 -27.222569402808304
6.787373229610797 -28.20387055761513
6.478765299276659 -27.25268122560237
7.091589900230221 -28.04290018795781
8.053912122270038 -28.31481182979822
8.926935641417419 -27.827133723855866
8.53733672382724 -28.748118350987372
9.537297514222562 -28.739262975672762
10.532794512448676 -28.644469903548284
10.72844513406463 -29.625143567037465
11.25422053007904 -28.774520129230883
10.38551703370938 -29.269852578597092
11.381618015703893 -29.35807294852132
11.112556621863114 -30.32119597614783
10.225227979165545 -29.86005838296279
11.124239214089796 -29.422132819105215
11.513510959286068 -28.50100985858808
10.549222784693036 -28.236154584258795
9.678094237777955 -28.727209626743463
8.678711925686043 -28.69206714137568
9.555578134107432 -28.211332648616217
8.557537389819633 -28.27389999426438
9.37489543796896 -28.850030032645925
8.911563819808261 -29.73621500860331
9.088325616384935 -30.720468668627486
8.488959373387718 -31.52094359437807
9.437710101919428 -31.20491819174317
10.267493400365558 -31.76300391779237
9.330958573468173 -31.412429363655473
10.243593866914493 -31.003654583175866
9.65866839304751 -31.814741625373856
9.143477758581142 -30.957666010181043
10.078351031817684 -30.602684372644685
9.80038390590913 -31.56327496020743
8.937808702572145 -31.05734609308463
9.758212531496516 -31.629130630726415
9.35792626939232 -32.54552078146498
10.091662630876485 -33.22495506955764
10.650006466635967 -32.39534542576763
11.392489628274696 -33.06521015441287
11.879153056669868 -33.93879970761429
11.156770931444262 -33.24730562582144
10.21550998052133 -33.58498568485315
10.05384971501346 -32.598139213229565
9.064317293311843 -32.45382848458705
9.427301094670193 -33.38562393421719
10.398109473383338 -33.625480332548264
10.133156739255577 -32.66121893195285
