0 0
0.6014404404897387 0.798917640651093
0.9944279236537298 1.7184614612906708
-0.001691243172523782 1.806476263917106
0.14838043445315774 0.8178011445909374
0.9540150701801172 1.4102138670379567
0.014910449283283667 1.7538452262155126
0.5249292784875398 0.8936819894649992
1.3834357596977425 1.406484701743392
1.0331093371504316 2.343112374655741
0.9166606366070205 1.3499156669780774
0.5875105438937342 0.4056380507725279
0.3138310275582305 1.367458991664524
0.9336329667220122 0.5827007128239526
0.0253234840371539 1.000999509935258
-0.43992886450142343 0.11582141927816425
0.2594718032232728 -0.5989083939983277
0.5121657490704687 0.36863786832310486
1.128326062279517 1.156258632667296
2.008573196616204 1.6307741566410123
1.2911002375967553 2.3273605138687983
0.4738568539400553 2.9036531928691027
-0.3836391961672587 3.4181437409361735
-1.0779556163958137 4.1378136017758536
-2.0101603407201534 4.499745020621168
-1.9646542489725594 5.498709081843522
-2.1178906858293765 6.4868986357345895
-2.6470586532869262 5.638381539727181
-3.584836602643387 5.985617076072169
-2.8873265919106217 6.702192113962534
-2.5872255191719025 7.6560995235894165
-2.2324316090637586 8.59104405742561
-1.4256360774230707 8.000213311674663
-0.46730999857776734 7.714536699742595
-1.0203303026229293 8.547704475952044
-1.9840596755756317 8.81458590226004
-2.96391521557916 8.614878314210927
-2.906243598729676 7.616542707007635
-3.6446472242647983 6.942183688534102
-3.3810263585562397 5.977557315702076
-3.5842739622880595 6.95668468820132
-4.580348868319839 7.0451989897225
-3.6749241321503474 7.4697058178565205
-2.686549050022947 7.6217410013820945
-1.7071724576773177 7.823784289727595
-1.355020387800953 6.887841492500225
-2.354912121112987 6.902556167292997
-3.1235802660567726 6.262908386910168
-3.0141086362330114 5.268918466305473
-2.0620607283735266 5.574867450844363
-2.866411179879203 6.169022608326493
-3.518227047229259 5.4106453439846
-4.51456852945184 5.496106743472965
-5.499159984305353 5.321236314213349
-4.660451628782173 5.865817157041668
-5.468795003994195 5.277105862984185
-6.22512361583636 5.931297754487669
-7.211549199834356 5.76708884110532
-7.40488460559297 6.748221564481802
-8.336488984079505 7.111695472740312
-7.336489191969759 7.111050662331053
-8.117243358157914 6.486212337658311
-9.077514616885688 6.207144049131333
-8.484678596794021 5.401820851103441
-9.140516659439974 4.646919244544809
-8.350855716168583 4.033375770395066
-7.4522714384791495 4.4721767456553305
-6.480969953174643 4.710028431891226
-5.515770363829397 4.971542777057541
-6.2500124228778065 5.650430542983803
-6.0504294940576315 6.630311481936879
-7.026174443638598 6.411401013098045
-6.347189523837331 5.677248795446646
-7.306188010335185 5.960659985936412
-6.909869066180669 6.878772884497504
-6.683013607225007 5.904844447320514
-5.881959547460955 5.3062524382395955
-5.681415678154557 6.2859371612416535
-5.295837436027804 5.363262018410525
-5.477810773068096 4.379958553245055
-4.560361856126346 4.777812150441828
-5.000856595631182 5.675567342277868
-4.644560636201387 6.609940495409957
-3.644743438124015 6.590820599261888
-3.8041893232211783 5.603613929042535
-2.804242395566715 5.593311411175579
-3.8036058965870083 5.557637992101119
-4.549253559418057 6.22397841779552
-3.6105636280350883 6.568740963209371
-3.2475153882904495 7.500511308100385
-4.213483663267351 7.759171880546495
-3.325098965448822 8.218271683075182
-4.085156204339721 7.56841555006608
-4.409174162827476 6.622364619842221
-4.438388916189109 5.62279146184626
-3.8455677901466494 6.428125623867063
-4.7549372002517725 6.012136109618134
-4.71382359272367 7.011290587802576
-5.56713034841202 6.489881362053144
-4.731281130550639 7.038840454336456
-4.241390313340033 6.167056658196195
-3.8456925602368712 5.2486758612556725
-4.406950138137015 6.076317046341132
-4.610422067855376 5.097236266314946
-4.161069618351056 4.203881702815957
-5.157730341161915 4.122227532033712
-5.907696166541989 4.78370410815866
-4.99210668972538 5.185818407758523
-5.858143332867299 4.6858378754020364
-5.927576597547644 3.688251276777221
-5.961479462147983 4.687676409426931
-6.908787184062519 5.008001369430194
-6.45042517254681 5.8967669551721675
-5.515950138931849 5.540738288418607
-5.904848102411266 6.462019121824775
-5.691958335503721 7.439095345640528
-6.691427564082076 7.471672348648603
-6.829433500697048 6.481240946955874
-6.66026207717742 7.466827589247836
-6.847619014417961 8.44911948989033
-7.237720249334573 7.528347516752283
-7.826126223648991 6.719781867351382
-7.297184742411955 5.871123567782722
-8.260478575151685 5.602674332720299
-8.910546284291682 6.362550621028783
-8.42985644132149 5.4856599352159545
-8.94711489594873 6.341489177014013
-8.62587425919998 7.288486776430854
-7.761790315249232 6.7851390459238825
-6.9081754412997345 7.306043688802197
-7.268014976407837 8.23905789500336
-6.380902921886738 7.777503778216005
-6.252910120795595 6.785728681296929
-7.219895462890331 7.04056068119868
-8.19129116782541 6.803094084739975
-9.186363540366347 6.902245350015573
-9.134451154258727 7.900896993066649
-8.753423617076473 6.976333303584509
-9.144817949299958 7.896556361708643
-9.115992350644088 6.896971905615947
-10.09713977364697 6.703711112036902
-9.172055103317595 6.323950196826307
-9.258203700998202 5.327667897918179
-9.131832442843358 6.319650914462495
-8.156019484803869 6.538258029905294
-9.127527465890834 6.301251188897847
-8.12983001516423 6.233429386992869
-7.796307122826047 7.1761713879063596
-8.714973679274683 7.571205257419854
-7.85172355477916 7.066428848939363
-6.867572070596273 6.889099053979179
-7.8515958786809374 6.711062133306655
-8.834029508940107 6.897674464452775
-9.107446300100174 5.935778805708162
-9.95341234689505 6.469015570823107
-8.99105712311037 6.19722075252383
-8.181147797840119 5.610665652946403
-7.910607510808376 6.5733743072612905
-6.9123410406925 6.514518087178887
-5.915078204094525 6.440580040541444
-5.01486080734428 6.005139299925441
-5.4795864869002635 6.890594009530189
-6.472205355966858 6.769318369878387
-5.743315736633275 6.084687138610236
-4.755646556528294 5.928131746908916
-4.911512436399394 4.940353519019675
-5.472927666973776 4.112819266629411
-6.352091639839021 3.6362998978564303
-6.093194009025334 4.602204663741277
-6.2145603447679045 5.594812447585642
-6.189317735337886 4.595131093018516
-5.777465215532109 3.6838805775565864
-4.777467809088434 3.686158099438962
-4.8444580768089756 2.688404470515103
-5.462678056736167 1.9023993455834507
-6.447621356165779 2.075277039080065
-5.632475093552217 1.4960218530461882
-6.490256678153028 0.9820075019627572
-5.638224025198433 1.5054961439590793
-4.678334415262112 1.2251179409255726
-3.680132769721579 1.1651723419197102
-4.654633157891459 1.3895581557688796
-4.200060759415024 0.49884836321948756
-3.755337876996907 -0.3968198554048654
-3.930103135652206 0.5877902727002372
-4.9224741429869585 0.7110776759554298
-4.455795814955986 1.595504800226399
-5.436234596353865 1.3986805234436717
-6.01551938122121 2.213805751872527
-6.960851215329651 2.539915738565932
-6.261238791247336 1.825393201433851
-6.148230972225092 2.818987300067612
-7.148090136084967 2.802204795920979
-8.09374069456554 3.1273893915668705
-9.087298339498933 3.240717261900734
-9.835875532837308 2.5776696123206753
-9.932804760407631 1.5823783359384191
-10.806672302993247 2.0685424214233263
-10.425291699473144 2.9929605277251454
-9.703074527736753 2.3012941653443453
-9.490667103061996 3.2784753593626488
-9.0073943840708 2.4030054974719866
-8.458741964343606 3.2390560475749663
-8.935911114526043 2.360244576260344
-7.9382449011248735 2.2919648088488143
-8.416004387508355 3.1704554878947517
-9.404613320469906 3.320962556395283
-8.429178612316209 3.541251299024386
-8.240942389733648 2.5591275163432776
-7.333399697031045 2.979087348853612
-8.248581165939932 2.5760453175891627
-7.321337908150815 2.201585785884299
-8.12920799585922 2.790946389747515
-7.725255104738579 1.8761666010796216
-8.14018783483669 0.9663145089825991
-7.168928626166208 0.7282902464109252
-8.136505727222735 0.9808660835589915
-7.593594290234213 1.8206560403857317
-8.263593284240216 1.078294034332793
-8.70352866913197 0.18026460434725866
-8.485747463953654 1.156262220466827
-7.566026344397752 0.7636898548540172
-7.520208836357871 1.7626396814003835
-7.414596848016427 2.7570470968587393
-8.108192857520443 3.4774112933594434
-7.758716207905903 4.414356367189386
-6.859419579524613 4.851695565274858
-6.976349011125377 5.844835791036317
-7.91030377747598 6.202227025415379
-8.800477071767476 6.6578491343282655
-9.003893194201966 7.636941510528651
-8.20889509638015 8.243553432979649
-7.219164666056561 8.386499840040068
-7.109620360379901 7.392517926173514
-8.102059867324133 7.515252701426038
-7.789426785181765 8.46512666988194
-8.740334463608898 8.774601365306818
-7.8664292475768764 9.260697727556142
-8.397666572782905 10.107920782192844
-7.7582320989366504 10.876766380253315
-6.760257122065913 10.940374127736233
-7.746024424746626 11.108489638518531
-7.665060035689516 12.105206633309233
-8.06287877659334 11.187742601651482
-8.070076935195505 12.187716694572263
-7.316808570554081 11.53000340534174
-7.369072255785797 10.531370085646266
-8.346178887426442 10.318619926060254
-8.552897358794342 9.340219459178048
-9.291488683983166 10.014372894499573
-8.318279511270013 9.784451372786226
