0 0
0.2780634266300662 0.9605627156884374
-0.44759750157217604 0.27251023420126186
0.4563297674301219 0.7001964420149431
1.4083152890714348 0.3940533927955994
2.3336471978337485 0.7732114846600525
3.329111408774047 0.868348253246169
4.318460162893663 1.0139128187213
5.122258349964748 0.4190107474009558
4.126011723789842 0.3324505958581335
3.3121166252318464 0.9134624447418459
2.3205908899772685 0.7835520281931
2.9537832848040924 0.009557589496366536
3.9107861746539263 0.29963597341882714
4.826381604699965 -0.10246477077198995
5.502773981188075 0.63407671008891
6.233192463344873 -0.04892317345702346
6.554508164712729 0.8980489592134596
7.149489672510198 1.7017883481817067
8.14785325156739 1.7589736960613291
7.383842722113714 2.4041774707588375
6.62290821719625 3.0530061686645436
5.624884704438683 3.115847778948233
4.8599284337074415 3.7599299972006484
5.057867918814517 2.779715755192532
6.0107132811660495 2.4762594725995104
5.694559771074226 1.5275514258029108
4.697204040161222 1.454877179917676
5.642419252453054 1.7813250355579087
6.319717382916956 2.5170337024024034
5.319805694466725 2.530323371345129
4.324937309042659 2.42914582599186
3.4256058873481465 1.9918781803182672
4.326558869668183 1.55796145599362
3.97226856936285 2.4930969451659415
3.493717018999358 3.3711564042259177
4.00101953904377 2.5093883651593782
4.276711367553787 1.5481422906847913
3.3388697576154276 1.8952058506680107
4.238598940775851 1.4587572317339164
4.911347483066554 2.198628435961878
5.701715186181971 1.5859956798411659
5.0562072824392965 2.3497492698201183
4.211552045568559 1.8144385835576098
4.313350163276166 2.8092436615659544
4.843532461123542 1.961359983783868
5.078555600607724 2.9333497594024176
4.284858650620347 3.5416631256707696
3.343041635034781 3.8777891573218426
4.339439840554727 3.9625866575009923
4.80125250609394 3.0756091707813087
3.8187031403088776 3.261611170220485
3.315844762895615 2.397242352952474
3.1636532695306894 1.4088913275837773
2.3788144750000395 0.7891913464641421
2.012921696140758 -0.14146566574746355
1.26207051544931 -0.801937091665541
1.9901806244467077 -1.487397279550875
1.6689540148454818 -0.540394921959247
1.038723553180025 0.2360131957140198
1.7943891129975416 -0.4189444836101326
0.810165886796161 -0.24201330770903234
0.933140025310597 -1.2344231833434056
-0.006626404974337863 -1.5762404686136366
0.9635819350887498 -1.3339683553359667
1.9046394988570297 -0.9957219042466614
1.0367644015832802 -0.49893944125900724
1.8076154482209739 0.13807599332446663
1.2792774698892657 0.9871101390761928
1.3169093333961335 1.9864018096353946
0.5423177608005118 2.6188635837086123
-0.39495703649412084 2.9674549696554045
0.586532094622398 2.7759371232281302
1.2149480170143727 3.5538146383191913
1.328193051944511 2.5602475484537552
2.10869424451347 3.185401840127765
2.813482871157413 3.894819200891755
3.3273455231824625 4.752691670932485
4.301287947832031 4.979487070946948
5.173414947542288 4.490207502217183
4.235095894930811 4.144436833266941
5.232878300648958 4.077876553525139
5.785484646582084 3.2444341581345295
6.66219118852384 2.7634085462212683
7.474742657982225 3.3462979949858003
6.522548772595884 3.6517923560350067
5.95098953885536 4.472353165680426
6.911360944370444 4.751076619069232
7.283704132444353 5.679171738275748
8.146177929478338 6.185273456737344
8.256068345259193 5.191329747808357
7.3688683073913825 5.652714720263417
7.197234191426756 6.637875483914224
7.930599372033626 7.3177103990763195
6.930893590202256 7.293454476646354
6.373081366048141 6.463487295015515
5.750857004842272 7.2463262595043485
5.32570823800457 6.341202772870408
4.334842818812541 6.206348328933972
5.093746140246303 5.5551450206524455
4.96296493549365 6.546556275623582
5.962445390689216 6.514325549878348
6.841185118405576 6.037024291831633
7.102563868015362 5.07178797400453
6.171124477482281 4.707891475308317
6.858480913499587 3.9815712085763564
5.92313345535711 4.33530151904806
5.42618271543891 3.467522767237005
5.624899731345841 2.4874658568542225
5.254218788556334 3.416226126597003
5.633251919489412 2.490843024495464
4.82979688267395 3.0862084616984173
3.9120976623218082 3.483484362005837
3.7931927866045485 4.476390012372811
2.8936065099657258 4.039646917541193
3.6176498908920554 3.3498924811388093
3.8671492261633498 2.3815175115639127
4.646453034191013 1.754871219949909
5.376419620997154 1.0713883875783912
4.526531900374357 1.5983522025928432
3.5323635123053796 1.4905133591071498
3.0127471863385047 0.6361136436409716
2.5808553983994926 1.5380390748773036
1.934233721505643 2.300849934115022
1.3307411800076638 3.0982185768119304
1.674171391668207 4.037396775940719
1.4411083498719308 3.064935147623865
1.9300801725699006 3.937234727245124
2.7593906420729324 4.496022831245791
3.7427562274944837 4.677660177098811
3.8830015017100754 3.6875433844626118
3.7053031951244804 4.6716283969674315
2.7057785861135977 4.640797309058603
1.7197437015586468 4.474258405373294
1.0479886394102755 5.215031742149152
1.8897574301580615 5.754869961362102
2.584949551370425 6.473693941627268
3.5292466080697595 6.144599625801282
2.941770315742998 6.953841002619102
3.832400487525788 7.408569379906201
4.151099954701396 8.356425196801357
3.2268054221026095 7.974745203864877
4.191144860140342 7.710076640856213
5.125509806143159 8.06639412243851
5.995075226074713 7.572576362066061
6.481795556671871 6.699018510642704
6.9920954589647355 5.839021993370748
6.485417359395781 6.701157309557942
7.253522489892513 6.060833556676169
6.8894546135939585 5.129461138441948
7.442073294985244 5.962895354788599
7.497082341949836 4.964409498728511
8.268987929897431 5.600146679720213
9.267649495802644 5.65186782417534
8.27067189321451 5.574178314345387
9.265420342576105 5.676528314309742
10.153232075653296 5.216321484057872
9.173651858558808 5.01526776417904
10.159479111375473 5.183031370494428
10.813741725961268 5.939298804115206
11.137179871289138 4.993049489110505
11.320579865793004 5.976087861716571
12.171513535708366 6.501361018659104
12.558420840161787 7.423479632374599
11.57606515898084 7.236457399333933
10.941871362712394 8.009631525113253
10.919263935047947 7.009887105666764
11.579976839705585 7.760525805454396
11.744916767731322 6.774222190869685
12.14274886171538 5.8567639493151935
13.097550857060929 6.154006526487703
13.41155475848386 7.103428218830563
14.023126862441458 6.312239517153855
14.655210283099562 5.537339169154739
14.0896363511905 6.362036766789729
14.325308006619553 7.333869504881696
14.445866527676381 6.341163282980881
14.003808341111911 7.2381496595169645
13.065990543175415 7.585277557954327
13.77972363127563 6.884859769094755
14.76967586728836 7.026261927541488
15.733410464845589 7.2931244866823395
15.819656805966398 8.289398328877985
16.803079303822887 8.108069371704287
17.79727270327713 8.215677384796322
17.930612149206517 9.206747812242952
18.07800015967556 8.217669061905054
17.927499780572884 9.2062790132458
17.13510706141239 8.596267719398348
16.382840206696642 7.937409176692802
16.853411201485965 7.055047040796783
16.676392335500772 6.070839582439899
17.656561620001337 6.269001571029162
17.410138748718893 5.2998391653876125
16.51371160328076 4.856648040790514
16.822111042466293 5.807904991309168
15.885726276032123 6.158880160217205
16.789166791228773 5.730166694716977
15.961791549755182 5.168517151143303
16.94295540819287 5.361694486500409
17.864657846690598 5.749592172581853
16.953064663349252 6.1606856754319885
16.047774829109365 6.585480115157738
16.47928338556494 5.683371271555357
15.773515147408693 4.974928476398382
16.39456075628177 4.191154049857512
17.384063081530837 4.046637101624134
17.210204958774884 3.061866390670677
18.209402023457315 3.02180111979904
17.6337951582845 2.2040745537845052
18.632418975060133 2.1516296058060056
19.12643387939002 1.28217617157279
19.909153311262113 1.9045508906687916
19.221797704676 1.1782298390018058
20.219859157381233 1.1159937030041602
19.44913095989033 1.7531577678982988
19.75565637666237 0.8012952941802062
20.032944447692753 -0.15949153215758693
19.471697125891982 0.6681566079185339
19.314870761395344 -0.3194695821953003
19.308950936477178 0.680512895487653
18.97387653536399 -0.26167877594583944
18.020368962630986 0.03969028142538
18.99285239934007 -0.19328174549306465
19.01286213134882 -1.1930815307625644
19.157631010481936 -0.20361603281200813
19.50599492443329 0.7337433344834243
18.69957227424622 0.14240374569770764
19.07265181256624 -0.7853956173581851
18.81307001260314 0.1803255065321021
18.352292690912552 1.0678412865696438
17.369238226167646 1.2511550049463729
16.92920336505777 2.149135695723191
15.931220440663518 2.212618627425311
16.68819604366884 1.559175488005569
16.082632801369144 2.3549726729562828
16.94742726785849 1.8528466621488278
15.947434550852877 1.856663196667418
15.475649906840115 2.738377010596717
15.695179738524564 3.7139827983002327
16.6693757279193 3.939686529432906
16.725713733224215 4.938098282748272
15.95536764954061 5.575724279201784
15.03000011640428 5.9547954184582315
15.345310176630006 5.005806711507275
15.71004933743725 5.936916449708755
14.751393891288245 6.221485835920365
14.579671070731989 5.2363405304449735
13.630219181735338 5.550253114583765
14.21554034916771 6.361054650692081
15.148890435696815 6.0020872204478986
