0 0
0.922624651880551 0.38569904296263435
0.4470035480828466 -0.49395120891151434
0.4646853812991491 -1.4937948730781234
-0.03223201527930264 -0.6259970273918751
0.8160545556942338 -1.155534460918495
1.702671848212963 -1.6180382734506276
1.1840223656136561 -2.4730252407194104
2.130204414014239 -2.1493903673134724
2.887959075925816 -2.801929923471773
2.017165698748354 -2.310280765775077
2.4702927070234786 -3.201726734060107
1.781066090243259 -3.9262725716174645
2.5404336582377964 -3.275610680403555
1.6002022533344777 -2.9350744778735867
0.6162692915786173 -3.113612784044393
-0.28629681684033625 -2.6830614863649345
0.18900432296910574 -3.5628846654730126
1.181892563177204 -3.6819348332866957
0.6313417303238216 -2.847133191910466
1.5578481835867164 -2.470854316523857
0.715250192134234 -1.932311259006408
1.0423381457362972 -0.9873173592332853
1.0461614944757924 0.012675331742211804
1.9155414661383805 0.5068195059180867
0.9750016311535076 0.8465029155904287
1.4696068031120106 1.7156207003997719
0.4755132857993075 1.6070938427245478
1.4507202654744913 1.8283885484741564
2.2535791719766367 2.424557632082305
3.250827343224625 2.3504220472222435
3.1874740811257842 3.348413211602688
2.434236103038838 4.006161300438748
2.619980513318529 4.988759394294954
3.5349814403200757 4.585307657917094
4.514525173475995 4.786539054162722
5.500026095695196 4.956209123135138
6.492138872913797 5.081557586546518
5.503082439090638 5.229095279062749
4.752315067071737 4.568528588173908
3.9772428368302117 5.200401231915056
3.820124532955451 6.187981020381547
3.5312145339956125 7.145337282439213
3.069768589696092 6.258168955406781
3.4065866909973574 5.316599219999036
2.4066399498669826 5.306278614263762
1.526678389282187 5.78132350887181
0.6676972116637218 5.2693163443738955
0.920758710827968 4.301866150492709
1.283310244946476 5.233829875703254
2.05176035268201 4.593920169634307
3.019045268030756 4.340227653901641
2.0190452683019307 4.340204365503015
1.6864253710315849 3.3971433897756427
0.7290969683267737 3.108141089828644
1.5318217866528059 3.7044907071199096
0.7705140297483624 4.352881406680849
0.11805568628498375 3.5950568161290355
0.9402248800512714 3.0258136195761978
0.9279654087710478 2.025888769718005
0.17518485849541898 1.3676172124358135
0.6248391957921279 0.4744145607658481
-0.12462883815936787 1.1364550928217636
-0.49761302168192334 0.20861739212082064
-1.3198118137068415 -0.36058305270750624
-0.37825084574648127 -0.023740443149942392
-0.17306011045057468 -1.0024624476786672
0.24507170126532524 -0.09407608272640788
-0.6900169060440711 -0.4484901011852914
0.3087551376073542 -0.49803205129179734
-0.1165743808804165 -1.403070614394476
0.8400505670240148 -1.1117482687928315
1.4854503016542653 -0.34790326976540953
0.9498981570965908 0.49659889154602
1.4931443429986238 1.336172343664948
0.6787312488665143 0.7558868000692422
-0.3176338072716858 0.6707006808553616
0.6049229018028098 0.28483915317783265
0.20475141950371722 -0.6316011257026555
0.9768377267917314 -1.2671188155417017
1.5201779538859532 -0.42760622026918316
0.751914626352777 -1.0677401590411026
1.608406289805395 -0.5515793019082054
1.903435991126647 0.4039087803504342
2.0653553010490207 -0.5828952209964707
1.083994574398928 -0.7750699440710795
1.5431537254399557 -1.663423969229565
2.5307719147326386 -1.8203007112222593
3.525439500546466 -1.9234336047688483
2.5778237076193604 -1.6040211613745237
3.57350266666773 -1.5111588411991412
2.58571629478627 -1.666973100897228
2.169514370343597 -2.576245314313109
1.3341099910497247 -3.125881123787546
0.5218147033436856 -3.709127525894377
0.06618222253755296 -4.5992955114086
0.6810487611820091 -3.8106643304023033
1.453290327820862 -3.1753353111098033
0.9049960505357528 -4.011620780011661
-0.08315775469105258 -4.16508757516874
-0.3245180200367112 -5.13552315897236
0.6576897224519442 -5.323320791000399
0.38681668421621856 -6.2859358735525825
-0.07552602023422167 -5.399234557639804
0.1753953025879998 -6.367242041987496
1.01208326190318 -6.9149219290903545
0.7503686266313416 -7.880067228868853
-0.2496301341801751 -7.881641514557985
0.6284207091178772 -8.360208873018191
-0.12769164516174125 -9.014650702141095
0.3807026541908809 -9.87577510452774
-0.4189704596449597 -10.476210705577587
-1.115493694467772 -9.75867646712484
-2.1153990679749617 -9.744919867565068
-1.9402837483288762 -8.760371938398972
-1.178263278834232 -9.407924873741838
-1.9013289613869564 -8.717145590095779
-2.900558568038992 -8.756390885228045
-3.8906269687404684 -8.89697737793777
-3.5547140255928884 -7.955084340153792
-4.306144592886002 -8.614896512319135
-4.7866400352386895 -9.49189373573452
-4.617582864997548 -10.477499982260007
-4.094369699122462 -9.625298138179058
-4.036125588476012 -8.626995767363981
-4.973236991399943 -8.976026165051552
-3.982039457054121 -8.843634896809405
-4.733809491240354 -9.503060264610516
-4.310514898509612 -8.59706816322943
-3.446949430103843 -8.09283143134933
-3.7662325581740714 -9.04049080271105
-4.564156807859496 -9.643248541577961
-3.5920329177921873 -9.877716326914033
-2.642720816532383 -10.192051394002794
-3.577708205669112 -10.546732352267096
-4.151417754914478 -11.365791173784011
-4.267808686996404 -10.372587694667521
-4.637929749283355 -11.301571224796866
-5.162013517453923 -10.449904503631751
-5.989349118328869 -9.888196569270047
-5.886693230116824 -8.89347964038254
-5.7278640638198555 -9.880785720548872
-5.037613417505834 -10.604356066308753
-6.034007843662947 -10.68919796352373
-6.0813929200167305 -11.688074659887674
-5.599640135751833 -12.56438182912288
-4.990419935125951 -13.35738293072953
-4.341376756414219 -12.596631360131237
-5.033019324290961 -13.318871319079
-4.059876186375322 -13.088670465197646
-3.134825087996097 -13.468513150249482
-4.087185326270419 -13.163537779843812
-3.1726561955979373 -13.568057827741855
-3.459051127781829 -12.609946173069298
-2.632634010664022 -12.046887784858367
-3.428663873024369 -12.6521451336205
-4.1434338891523295 -11.952785552257355
-3.3951578247411263 -11.28939808521469
-4.335569716292606 -11.629435545251916
-3.370551612927069 -11.891618802110132
-4.355051827784912 -11.716235430763641
-4.555489905452254 -10.736529057904395
-3.5572147389622253 -10.79523759194592
-3.4234478592855826 -9.804224765640642
-4.418679471211482 -9.706684832160166
-5.081550069566042 -10.455418810177104
-5.9305612290927145 -10.983793725364393
-4.948913911974901 -10.793088337932891
-5.944536563777561 -10.886552423107036
-5.329695839565595 -11.675203729991456
-4.956014921983834 -12.602761044573823
-5.451966044143445 -13.471111483295784
-6.260059108304839 -14.060166319159347
-6.930048148588796 -13.317795329761605
-7.29460857399115 -14.248975063341785
-6.699652098357493 -15.052732982184006
-5.699726652786406 -15.064943768377523
-4.8822070627475265 -15.640844558360191
-4.6545212371363425 -14.667109910308808
-3.9637397131902894 -15.390173452588993
-4.805368516733105 -15.930229891349878
-3.8090392453035045 -15.844626253036067
-4.656187572219572 -15.313269769869345
-5.622014379107279 -15.572458078049126
-6.119858403061614 -16.43972466210097
-6.4565796577500745 -15.498120288363769
-6.179691829783382 -16.45902253663041
-6.771441744599398 -15.652900933945531
-6.290832390624017 -14.775966130855036
-6.761071868398112 -15.658504987530902
-7.345275055497532 -16.470112427234902
-6.768310080321942 -15.653343538613017
-7.734644990587924 -15.91063100663514
-7.709072470954785 -16.91030397628052
-8.180736270139464 -17.79208244082741
-8.374541189913804 -18.77312252822
-8.873534305024048 -17.906516579087075
-9.81306504439423 -17.564051997300112
-9.910202911358704 -18.559322932674792
-9.528003838230864 -17.635242920716834
-9.209846282894894 -18.5832807733275
-8.997243167877182 -19.560419410105702
-8.008610799524888 -19.710772462107094
-7.090500434890788 -20.10709727630807
-6.115622841215456 -19.884355997354678
-6.671093518821339 -20.71589212183759
-6.934057599497115 -19.75108649774829
-7.484047834357904 -20.586257582950463
-8.481140905531111 -20.510064358721653
-8.65687895832194 -19.52562739436015
-8.134944217272745 -18.67264197473921
-7.14378702695747 -18.805334943981478
-7.451846649251283 -17.853967891203112
-7.941794285905562 -18.725719755747654
-7.962246012647551 -17.725928914184646
-7.3975824621893045 -18.551250109104473
-6.664588090662357 -17.871015405998396
-7.178187333951076 -18.729045602024886
-7.231163905375975 -19.727641357513594
-6.505553841292189 -19.039535235683303
-6.6789855136500575 -20.02438113988515
-7.664763442731007 -19.856327950278782
-8.614842882877188 -19.544319845557897
-9.410646781241663 -18.938765425750805
-9.042887349276151 -19.868686390242093
-9.794471065280344 -20.528324107354546
-10.466393883602802 -19.78770293143692
-10.963484959480077 -20.655401302003085
-11.899674842190736 -20.30390663133196
-10.925537681119774 -20.529864130478604
-11.447618949357956 -21.382759874022216
-10.810788723663787 -22.153763936036363
-10.918683563255211 -23.14792624853344
-11.255323870042018 -24.089559565619496
-11.597714754699602 -23.150001966478605
-12.559470578311954 -23.423910228032955
-12.133328520561806 -22.519253969216123
-12.20536102805416 -21.52185168434589
-11.35463652459681 -22.04746353658787
-11.517433651973601 -23.034123100631042
-10.547135025343502 -23.276033363248697
-11.109708572450762 -24.1027806064223
-10.693519841939503 -23.193502353853027
-11.692929105614926 -23.227869833826812
-12.03784257516283 -24.166504319941843
-12.938486111521753 -23.731945669797934
-13.714727536898376 -23.10150990817803
-13.144548055661637 -22.27998975676566
-12.168307334493322 -22.06330091456845
-12.122642779658873 -23.062257744682633
-12.964887670460515 -22.523162628846354
