0 0
0.6273631379674894 0.7787268411449453
1.4341570909447194 1.369559742597949
2.3551739154789475 0.9800369461856124
2.3186196702819104 1.9793686164323203
3.15455157239843 1.4305354404818704
2.37454566734711 2.0563075939731164
2.6395601002836235 3.020552039295638
3.290278783596948 2.261233137129379
2.346275194702116 1.9312979553835132
1.8390778986911682 1.069467982059782
1.5711543147049742 2.032908147894689
0.5711556696276454 2.0345543081258297
-0.4240999080363126 2.1318494011613027
0.5315727663767535 2.4262806144865507
0.20606210292872107 3.371818983872808
0.03306278727802092 2.3868970393592392
-0.5576469992873557 3.19378113763847
-0.7547042460361174 2.213389154040176
-0.22812960359010848 3.063518053638853
-0.05806123120888751 4.048950318543754
-0.6751331325609367 3.2620435460720922
-1.6486373211403194 3.033374364024319
-0.8041525099615979 2.4977948613466685
-0.3985989237873809 3.41186613249637
0.6006603236001826 3.4503493302642303
1.2835936553172855 2.7198686224903854
0.28928465682921023 2.61333404816993
1.1260480426892387 2.0657694071602486
1.2586985560604906 1.0746065339137054
0.9808232959156015 0.11398936781713276
-0.0033656983529622986 -0.0631321259678761
0.8889218800406412 -0.5145995970491034
1.383883894998225 -1.3835142095106092
1.976686394071551 -2.188862082850087
2.405196882268866 -1.2853252759047926
1.6128116288789236 -1.8953462675191441
1.131225849696333 -1.018947307405032
0.21558728287836149 -0.616944801249248
-0.7661791645716719 -0.8070359442868468
-1.1447482340900403 0.11853709961838532
-1.19565881350028 1.1172403152455874
-1.6993778050575183 1.9811078846939136
-1.9052460976391505 1.0025281760806992
-2.8859795506540546 0.807177480823521
-1.9024554699585434 0.626400317741317
-0.9026107458773848 0.6087785208104777
0.03660513387503639 0.2654513718389966
-0.5176299717983925 1.0978115388575553
-0.29699167059883025 2.0731672380995145
0.43731714008540634 1.394351673640727
0.9608836574114692 0.542366872171207
1.6227904899373327 1.2919529880081924
0.6271010799276413 1.199202792350433
0.8677295235250755 2.1698200970240498
1.7786346981364027 1.7572043400947885
2.079941635336722 0.8036771356611851
1.0805928222323864 0.767594594911459
1.130635493514656 -0.2311524857105245
1.1243885387521477 -1.231132973298255
1.9830341673423924 -0.718563285838234
1.7528016380662947 -1.6916989302697445
1.7255974890642953 -2.6913288289207786
0.832943407663409 -3.1420712065139442
-0.0030978714311667988 -3.6907377533799854
-0.5572290012136464 -2.8583083623767647
-0.6072964407353789 -1.8595625230864385
0.35318879371875855 -2.1378934671001804
0.2918473917097943 -1.1397766240404237
1.1640456680156575 -1.6289291225611624
2.1501411913946207 -1.7951086001508116
1.548015654277962 -2.5935100264721673
2.057273262719405 -1.7328958921212947
3.0372709301891936 -1.9319048661746618
2.82328711174078 -2.908742071364061
3.245363422792849 -3.81530237694151
2.8252301531451813 -4.722764792546234
3.015707954093652 -5.704456295690594
3.132325168118229 -4.711279360097975
3.969280307895189 -5.258550859448096
4.565030976591864 -6.0617202940927815
3.7275505627058503 -6.608187636536327
2.989870230714965 -5.933037484500635
2.749862680297916 -4.962266463227952
2.098766741683674 -5.721261903741292
1.9112135946137927 -4.739007447388874
2.0568356294791283 -3.7496671505437096
1.1388427142771058 -3.3530703683594707
1.977754753374842 -3.897337389826763
2.9650919095050616 -4.055973262581604
3.7000864548060397 -3.377900244111021
2.8012072409690245 -3.816096728501014
3.7666753330168135 -3.5555753987838448
4.484276998036423 -4.252029166352866
3.775845037458609 -4.957808279979697
4.7757389852101735 -4.97237170161718
5.464088747070439 -5.697750640756521
4.5839549533411486 -6.172476356444735
5.528614659546454 -5.844424471109341
4.632933500964026 -6.289121291606677
3.762767146682182 -6.781879361937184
4.4052264798934715 -6.01555958196951
5.379732107669788 -5.791196524778075
5.154396287026118 -6.765477679237527
4.155746005654301 -6.817416253688422
3.840064471797803 -5.868551052944919
4.677866353263438 -6.41452541810563
4.219093998527011 -5.525971578133288
4.192088896981565 -4.526336282392626
4.6519246705684205 -3.6383323064275537
4.844521143110807 -4.619610349983115
5.4050558048594075 -3.7914793863195273
4.542402302571015 -4.297274735239989
4.979178372804343 -3.397704468684045
5.861478496807145 -3.868391722797262
6.733816473564926 -4.357295040750966
7.308980997341141 -5.175332796963526
6.38113978542422 -4.802357348081781
6.532406331095818 -3.8138643374031105
7.449518189013329 -3.415234383602482
7.059819690982031 -4.336176879436044
7.347773763908867 -3.3785326595480702
6.548264212909619 -3.9791860353489406
5.574269400244779 -3.752615726389486
6.560265339931772 -3.585846403908512
7.1939008722805475 -2.812214700741505
7.804901569578735 -3.603844758218562
7.9926327529323435 -2.621624313106237
8.790266244435914 -2.018481864565411
8.424505300625409 -2.9491906976506286
8.76642440216401 -2.009461306813545
7.795689234168387 -2.2496138283837146
8.39771319626852 -3.048091848780807
8.524094486512128 -4.04007358726008
8.649656680823526 -3.0479878372567315
9.581540827493011 -2.6852318074156227
8.70668609576345 -3.169617189493154
9.704097846113584 -3.0977158663934765
8.902050281892404 -2.500455701367487
9.370534309816309 -3.383927667861158
9.391850253102593 -2.384154878392563
9.10335507844577 -3.341636227662474
8.1130743233837 -3.4807190308902483
8.180553376135489 -2.4829983397949293
7.180646896066496 -2.4693224077960667
7.112826501504803 -3.467019954190512
6.121621777840774 -3.599357385728667
6.8937780962408866 -2.9639247614837485
7.014406101220552 -3.956622542489945
7.944033168288085 -4.325124260498717
7.080626629628111 -3.820615440953208
6.402125651523191 -4.555214939122562
7.118095446593182 -3.857083681730777
6.232123019367968 -4.320821601462022
6.971212949656579 -3.6472148356513028
6.030244425501983 -3.3087207639892986
7.026019267821366 -3.2168923184846063
7.068134366287836 -2.217779552836424
8.063845515445987 -2.1252630275982
9.035175152656432 -2.362999722024252
8.090398192469257 -2.0352856767050427
8.808443536129898 -1.339289351680785
7.827142134086934 -1.5317667746386792
7.659921683294492 -2.5176863052479335
8.034254711831688 -1.5903919702354892
9.019454188886536 -1.4189802133141767
8.260057791775587 -0.7683519691878476
7.44363284691415 -0.19090040463199698
6.454303270554449 -0.33659525471234253
6.807461119589021 -1.2721590065033546
7.159205009252009 -0.3360627314948744
6.162968318789194 -0.42273716010964835
5.7448533335994725 0.4856569499327926
4.803998558335213 0.8244670617394488
4.831989005844194 -0.17514112892739786
3.98024644895819 -0.6991016396429407
4.216679144498736 0.27254622891821234
4.949458610214812 0.9530124327996853
4.169218515400578 1.5784925639343808
5.103566330872613 1.222130164511214
5.007074509223388 0.2267963871506673
4.425636531744711 1.040387118627806
5.179643559448006 1.697253468941204
4.61670084586239 0.8707575516972872
3.9069546946979568 1.5752150741266198
4.417354051725892 2.4351525697304983
5.388699567809552 2.1974807615912755
6.386889593550125 2.2576195386991915
5.390585500739526 2.343515723997782
6.140716782590812 1.6822267856447002
6.9429118685379745 1.085164775395995
7.232431768837926 0.12799278075223908
6.764755098822504 -0.7559068359030042
6.086674150313217 -0.02091960657942893
7.01688397043269 0.34610858110279613
7.452223273129302 1.246375036952189
7.363372562115391 2.242419991335435
7.7979094049348285 3.1430740493580007
6.845231813936762 2.8390914715511144
5.874456233884993 2.599102361016593
6.034574033716272 3.5862002741828554
6.085926976008528 2.587519706975338
5.29604972968567 3.2007846870136727
6.264158183976145 3.4513161635416876
6.89675609927346 4.225796555521685
6.1469328286412965 4.887434721605298
5.958331380634509 3.905381009321829
5.625483738443371 4.848361627939094
6.1350155438731715 5.7088134506784325
5.778893977142124 4.774373816614774
5.125000449399667 4.017787235728934
4.150445766108487 4.241937117003114
5.016238778860394 3.741534819776197
5.714809700704423 3.025993998331338
6.209835389020902 3.894872337287257
7.084526406795764 4.379553287422473
7.874084273963589 4.993229402644008
7.197241897692202 5.729357379074264
7.263445535613599 4.731551246438283
8.25682750687528 4.616693686076532
9.197239167135967 4.276655586379249
8.229526827035894 4.528712775957412
7.587806190151878 5.29565125080215
7.924563826463609 6.237242613541707
7.087426940275679 6.784236063030436
7.560170176410048 5.903035840215436
7.35562897087396 6.881893794792015
8.30477088268917 7.196742379409714
7.332977941720809 6.960906674131515
7.976268922193646 7.7265284570258475
7.2246830499110555 7.066893196760588
7.099770503644964 6.074725440891994
7.808841085914745 5.369587929934313
7.229354386186159 6.184569625948201
6.300337143545528 6.554606060473773
6.926215074429131 7.334527092138428
5.933624396672356 7.21302093414491
5.467364782903236 6.328372997071709
6.32149734394686 5.808317646012746
5.485640616727961 5.259369987703767
5.595547647228586 6.253311859568784
4.955369604911416 7.021538436911014
4.1723585471360956 7.643546220947173
4.74473348903009 8.463538248891254
4.073406793999316 7.722376681796023
3.5334181186330276 8.564048963908343
4.045287437144681 7.704985636343713
3.7003122592903184 8.643597444635272
4.2632743806271955 7.817114746728121
4.56246421622772 6.862921138348076
3.5943926859219664 6.612247022788695
