0 0
0.9963330801278628 -0.08555929781692781
1.9226432383318008 0.29120255111180204
2.60172284851965 1.025267182480947
1.6214479815537914 1.2229062099908694
2.620625919979764 1.182366755593659
3.4781196650578705 0.6678723657778681
4.393984381939889 1.0693593772372922
3.4230607382291276 0.829969991333451
3.337675932578734 -0.16637805777591752
4.321742569533614 -0.34417809723686243
4.131897827851218 0.637636026747685
5.131625520745349 0.6609714089082463
4.234775930264924 1.103307041720134
4.686394696640946 0.2110960297633213
4.254831700783382 -0.6909867716504092
4.9408810540770105 -1.4185417763376107
5.437497208179185 -0.5505715029498838
5.871487243161616 -1.451489173736703
6.613240216980273 -0.7808159851931484
7.022246765034831 0.13171546283946312
7.268961800633036 1.1008035347966905
7.892577939303357 0.3190728192750859
8.626864747991148 0.9979121836221316
7.643765803053467 0.8148371594860696
6.844120152983749 1.415309335631291
6.17645521987652 2.159771246744895
5.186341247756926 2.3000364320674085
5.527161552449246 3.240164891326798
5.272644202637038 2.273096683471442
6.251046338505013 2.4798072553563504
6.78859701467643 1.6365758099348386
7.72593810710616 1.2881627268816325
8.623339901767952 0.8469484717427103
8.638199719467895 -0.15294111507071606
7.883845537896388 -0.8094087599288471
8.549395374598715 -0.06305534842361094
7.830544481277727 -0.7582196406392113
7.352095001921564 0.11989544048843714
6.584538099244383 0.7608762523327645
6.08548220212345 1.627446048453551
5.5982896412239125 0.7541514769576838
5.688536347744152 -0.24176796354051722
5.528589511338385 -1.2288935936017507
5.679654717306687 -2.21741739379361
5.64010811428076 -1.2181996666744852
4.963430191090827 -1.9544788177220758
5.81485078050627 -1.4299952813556231
5.126125481223506 -2.1550176686843643
4.143245528894226 -2.3392647834764047
4.906329542336995 -2.9855640859888517
3.9642627605693934 -3.3209894557658464
4.34545074737879 -4.245487005093155
5.3299882796236036 -4.420660769114174
4.492690190806034 -3.8739141088935147
3.617153337963627 -4.357065450933267
4.601633639858943 -4.181570336528032
4.905612154498747 -3.2288914490547245
3.9724115604498405 -3.5882473329174607
3.1179758163910254 -4.107804412817888
4.069959841658767 -4.413952115136604
3.298990516230316 -5.050824393736011
3.492461150280586 -6.031930460254911
3.7412914885135384 -7.000477548823595
3.945582344755477 -6.021567314912469
3.8684604020215736 -5.024545647169511
3.219779766496572 -5.7856063760833605
3.3925528089871113 -6.770568038174105
3.285863697617041 -7.764860466745833
3.224547380605679 -6.766742082350393
3.752583442420632 -7.615964030620075
3.618769148318629 -8.6069704557728
4.514130912204893 -9.052310002377947
4.94233793519385 -9.955990668024244
4.2425463655405 -9.241643582188443
5.130959908301622 -9.700687563783488
4.145373963327766 -9.53151207776382
3.3240057638780813 -10.101910430612758
4.2708441114705495 -10.423620149969144
5.153618909902507 -10.893416547628192
4.259525467745363 -11.3412970190618
3.957527106029234 -12.294605463124253
3.222040212017104 -11.617066513146916
2.4871541010664315 -12.295257049745441
3.4736838147810336 -12.131674887031455
3.5832391394719973 -11.137694187605225
2.673169521925421 -11.552149602841446
3.596518323651771 -11.16818737768054
4.5106535933671665 -11.573596687714685
4.434391756586967 -10.576508861968673
3.4472548369085754 -10.41663171598509
2.45475941702801 -10.53891352786282
2.203031496216816 -9.57111548390733
3.2030228269913885 -9.575279421430771
4.157473810713426 -9.873647180533586
4.398038812668513 -8.903014150066175
5.315876631936635 -9.299969736399378
5.983548291940855 -10.04442561449237
6.319412923403165 -9.102515348419914
5.708627257073089 -8.310719371033237
5.8897730705907465 -7.32726312175469
4.949320514343451 -7.6671880979596265
5.913199058796634 -7.400845927917379
6.3514373594757325 -6.501987100393337
5.520993502922024 -5.944884774862198
6.236536594721067 -5.246316178532054
5.8234111016410575 -4.335642072736024
6.780149861515665 -4.626590427867306
7.511355675446564 -3.9444335121406886
8.3628183113994 -3.4200182381676214
9.36238782547303 -3.3906790743314694
9.346015786558567 -2.390813105142707
10.037586690099134 -1.668504524703514
10.550820270701438 -2.5267534930933033
10.391880169094348 -1.5394652656231647
10.089283678969377 -2.4925840222133644
9.934853278788902 -1.5045803524326806
9.06004966508544 -1.989058047947514
8.40672582442535 -2.7461366166741366
7.833199193962312 -3.5653235331649413
7.02838055610351 -2.9718027162131655
7.929335988004516 -3.4057143543701436
7.080376869944518 -3.9341728824144844
6.880616781189622 -4.9140177206111435
7.803209493252609 -5.299793157424145
8.769545687744738 -5.042510512820063
8.519860112412395 -6.010837479020507
8.499133057629773 -7.01062265054489
9.497710207238853 -7.063948781837215
10.494284472284715 -7.146651467696261
11.493621096392086 -7.1102329048788935
11.167820267359533 -8.055671332171597
10.702476861036978 -7.170541107745767
11.238740730353037 -8.014591498697733
12.235172843278269 -7.9301933687933435
12.790811887656377 -8.761616998697248
13.738302391474969 -8.441833094828414
14.710151140370638 -8.206227472506015
15.707795505056342 -8.274825734953797
14.811122759156301 -7.8321317246486215
15.61017626287752 -8.433391650297127
15.350303874213541 -7.467748682316684
16.14591687131943 -8.073553897576659
17.066478868681255 -8.464150376072313
17.831017179421494 -7.819572086482551
18.16621353342949 -6.877423794407601
17.78537318943416 -7.802064607040008
18.759157455861203 -8.0295381273872
17.777866302822446 -7.837008459626962
18.4719557617894 -7.117119702282495
19.367795217438992 -6.672741856635979
20.325757595177983 -6.9596357095444406
19.94756586327034 -7.885362998715879
19.51236237033722 -6.985030882361691
19.985966084833002 -7.865768937413135
19.11431293974205 -7.375645693062236
19.22565212670797 -8.3694281569072
20.211534152483416 -8.201986730572777
20.53679844768459 -7.256363582449127
19.84890654151287 -7.9821767301830615
20.7814435220508 -8.34325120993648
21.75391879472182 -8.110245106918928
20.82507058782427 -8.480705642662222
19.958379085791147 -8.979550147797406
20.212764033650128 -8.012447103493034
19.299308101397813 -8.419384764361446
18.392448967461345 -7.997950889125958
17.768167370635073 -8.779150279719703
17.515673511590997 -7.81155178284973
17.218176620506163 -6.856828995966092
16.769981460819853 -7.75076473125905
17.738042845923907 -8.001478023029595
18.35292692395078 -8.79009552891508
17.715513962249855 -8.019573163077684
17.39802977250129 -8.967836728369369
16.52302791520626 -8.483717166969242
16.89005618416209 -9.413926955020994
16.291022879434788 -8.613202845338087
15.307907345059013 -8.430216927658515
16.125871820827143 -7.8549481936034065
15.670105637127651 -8.745047730619351
14.700550839936652 -8.50017328269977
14.242805125118357 -7.611090125416106
14.052896441980371 -8.592891883445086
13.636667668748567 -9.502151806862997
13.119241927073684 -8.646423694754837
13.157561037928373 -9.645689247920414
13.590613925919135 -8.744320734934265
13.127433068359005 -9.630584518008956
14.083020843146915 -9.925291159732366
13.11869540833487 -9.660571580224989
13.034902235863692 -8.664088412154793
12.750536199214137 -9.622804197567875
13.478296805922895 -10.308635444539679
12.577094170084631 -9.87523746443575
11.758763987126297 -9.30048907456469
11.739361322929966 -8.300677323972566
12.738061673603553 -8.351644073569277
13.594438474754003 -8.867995479543275
14.557661816116301 -9.136697535089652
15.126726071322832 -8.314404476961203
14.493565565628767 -9.088425002547725
15.107354399137556 -9.877895247623448
15.550514081075109 -8.981452557706794
16.506128349435212 -8.686831835240454
15.563821553935533 -8.352081326420636
15.80529133035081 -9.322489666800065
16.805108421935273 -9.341615130862104
17.804794006083405 -9.366689676648793
18.765570049422003 -9.64401510740953
19.007856998123472 -8.67381047204185
18.83369447689199 -7.689093550181414
19.673522584676444 -8.231945969698158
18.795179017672513 -8.709975862385644
18.081822537183093 -8.009174512683927
19.006828678856234 -7.629222360608208
18.988109447180104 -8.629047140439882
19.987910024118 -8.649017277010408
19.337441532460012 -7.889484037869302
20.282476700964676 -7.562515338619109
21.27940047430577 -7.484138108843152
20.409631541323606 -7.97759733027798
21.091087778185035 -8.709456194569901
22.083529881114366 -8.586742412405039
23.042056013044885 -8.301737755589892
22.04877547642779 -8.41746923608527
22.324002667463706 -7.456090021979577
21.447430790362798 -6.974819054357604
20.870473607506295 -7.7915934474125566
20.51220069727878 -6.857976544289489
21.50774256973028 -6.763655919844136
21.54187993178939 -5.764238769445142
22.5267724004786 -5.591071725469464
23.506596747484913 -5.391211151534403
24.225981192507618 -4.696599014972295
25.15938622124131 -5.055423557520119
25.753688012567636 -4.251181441720206
24.79419157954126 -4.532902216619151
25.610706389258862 -5.110226705543559
24.613781162477586 -5.031867965079577
25.07527810823112 -4.144726167473265
25.967277884447764 -4.596762005908069
25.191325637722528 -5.227553659944533
24.611917104547192 -4.41251638982518
23.61320706425496 -4.463292914120257
23.92414145007717 -5.4137242939228
24.705811346234345 -4.790031923084719
25.63517343167906 -5.15920141551042
24.811423886267324 -4.592247549279701
24.16969990794905 -5.359183228232874
25.14187820785236 -5.593425310696947
