0 0
-0.8428523049872707 0.5381449544292363
-1.1334006756753472 1.495005259954815
-2.1201546778504605 1.3327815280553281
-2.253649863494216 0.341732066418857
-1.9103135891697072 1.2809446103794695
-1.114766239007936 0.6750531897019818
-0.16253116686344538 0.9804191461836708
-0.7304297628555023 1.8035176728925033
0.20343266053377895 2.161150129727029
0.518374937208355 3.11026095695588
1.5142247594619247 3.2012726678371384
0.6539685988996374 2.691410590197869
0.17377389204946964 3.5685725156786106
0.26311405198867366 4.564573688279345
-0.7287725942156391 4.691699142384966
-1.246310719677807 5.547359290278454
-1.4225483436434143 4.563011638328718
-2.1751287393229832 3.9045112601672596
-3.1741267072206423 3.859755700329988
-2.359807501540538 4.440172990958484
-2.249732307069487 5.434096253369702
-1.7972896592680248 4.542302751234594
-1.1585910199831027 3.7728457685672137
-0.6079445711266079 2.9381071937057595
-0.5842038569607507 1.9383890441801568
-0.9526558226272757 2.8680358314044625
-1.4022646326039563 1.9748102619141163
-2.033419349513059 1.1991532995116696
-1.041395184885868 1.0731054641644333
-1.319951546511267 2.0335253480683537
-0.37468579391386037 2.3598268297788394
-0.9004215644716146 1.5091789005178293
-1.1798438804489666 2.469347203126207
-1.7306687950269688 3.303968023307525
-2.6406850247946814 2.8893953981145946
-3.0493953704810903 3.802059549557444
-2.049513062822786 3.7867177494054536
-1.5102456031155005 4.6288523033223745
-2.509251451150762 4.673431621299977
-1.6627863575718096 5.20587583936641
-0.7765666802431592 5.669141080362865
-1.364597193251862 4.8603023351418395
-0.9442009347584421 5.767642946954589
-0.005772673441327036 5.4221687824193285
-0.7662506889344287 4.772805103151945
0.23343667057486017 4.747801438673595
-0.7654600291524901 4.794762947101325
-1.7157143358219316 4.483287823445873
-1.595270413948056 3.490567690838682
-0.6457672560823263 3.80432516597355
0.030058368375890265 3.067263618119057
0.00711106757200641 4.067000294142207
0.955586253297094 3.7501488746033944
1.018730376011313 2.752144455892409
1.8731781151099098 3.2716818088799458
2.028228681738727 4.259588343825476
1.29921803100684 3.5750859909299795
2.1353355578242867 3.026535645611816
2.181160294856871 2.0275861506542907
1.7615081892959914 2.9352711787881254
1.0570156180069583 2.225559817037049
0.1758284239686272 2.6983273381960777
0.23785095764463815 1.700252588832881
-0.040477886279426833 0.7397667458138943
0.0767788403535259 1.7328683821328186
0.7399405414711447 0.9843922247498422
0.6609624814965163 -0.012484129690689127
-0.29445975393543733 0.28275873989672146
-0.21231657335309834 1.279379278458825
0.587171336957099 0.6786970985434941
0.04678978758964625 1.5201171964156754
0.7256720753959985 2.2543643205522383
1.6081364611396771 2.7247435376675697
0.6243649694216655 2.9041694334655794
-0.037736217256217564 2.1547549829779076
0.4061280428594177 3.050849017436345
1.2214704399582026 3.629828097795219
0.3840481632247633 3.083271668475626
0.9363380904952088 3.9169237759134985
1.9052155648957694 4.164464559622347
1.173022219926084 3.4833677195312314
1.6930486683066102 4.337517877866834
0.7223037321289104 4.577630911426768
0.9939069275005634 5.5400402340457395
0.36038709266576086 4.766313784406796
-0.577891982334399 4.420434647399597
0.2392612958686552 4.996855084166027
1.2314936002662344 4.872456313634043
1.7211055421119745 5.744396762519196
2.2538128459870155 6.590696312559361
2.7511718996528987 7.4582411077927695
2.0810765983055406 6.715966032694465
3.080852585279732 6.737131473152478
3.9227929294633332 7.276702095810901
4.859637897912804 6.926957181493465
5.382951985739868 6.074817307129093
5.851448257101491 6.958282781112235
6.585217470410715 7.637681590059942
6.785069281292889 6.657855455642659
7.270453474048799 7.5321564252307605
7.22219091756302 6.533321741390909
8.095561027341729 6.0462646078376405
8.630359795841827 5.201285154116558
9.153228426960293 4.3488718772418355
8.94283049253214 5.326487706281222
9.936219111546144 5.211687655699999
9.666194198845963 4.248834319764946
8.666482034484439 4.224842895722254
9.340100253562355 3.485763404106978
8.578945382520997 4.134333571698746
9.57529614807887 4.048980469984505
10.06494009936964 3.1770579958135716
10.680283187364564 3.965317397315939
10.585721398074625 4.960836391613027
10.070870681005934 5.8181162403986235
9.849142992940694 4.843007614477775
9.256118561804346 5.648192080345947
8.381029871566438 6.1321546659015915
7.77716105205831 6.9292383809691245
6.800387926227393 7.143514512758225
7.399883375267333 7.943892677490623
7.928289986428294 7.094901244505938
7.06051023975618 6.597952241824897
7.956944273900164 6.154775051044119
8.321869873347223 7.085811734998196
8.154432989203158 8.071694532204907
7.48503253824812 8.81459629977663
6.807219178644192 9.549830309832227
7.643962007761644 9.002234256230194
8.632790149627448 8.853174181581677
7.9936979977348095 9.622304353522185
7.003096355911468 9.485525746946086
6.210815730742964 8.87536887286975
6.738922205165177 9.724547035373556
7.598182824793033 10.23608509608532
6.7538812474758085 10.771953406903982
5.762036272011808 10.644503241557615
6.112350283592386 9.707870926670752
6.8875609761739165 9.07616816262166
6.916385076874624 10.075752661910636
7.909260211747516 10.194912078454758
7.443016134143763 11.079568203793539
7.183479041213129 12.045301343637624
6.197985257494743 11.875589817062618
7.087831024720202 12.331851266837782
6.463711501601063 13.113180148206913
5.840279479659037 12.331302591285578
4.983106020440035 12.846330416563525
5.806169417577874 12.27838090798735
4.821807162793923 12.102224865352829
5.756155328430835 12.45858634667613
5.428777125057644 13.403479733231535
6.305551732442707 13.884381269769701
5.310796311015565 13.782099054593704
5.27534659757628 12.782727593215567
4.484721266162374 12.170427352053887
4.606411169316547 11.17785918438462
4.991729507992161 12.10064289570611
4.564999542788687 13.005021984803953
3.591580641602686 12.775990015826174
3.147110095236111 13.671783481649964
4.096868836784383 13.984766441014594
3.834105233626766 13.019906197841715
4.601236135155838 13.661396790071402
3.752896886852073 13.13194375175034
2.760086142309505 13.251638469765929
3.2048592918654455 14.14728172767283
3.3777792669188345 13.162345850456687
4.271361369478157 12.713446055418128
5.202372011115509 12.348454021042025
5.514647093402387 13.29844574362845
6.4368358321718855 13.685185876129232
6.74004386748819 14.638110263118897
7.009174282218902 15.601214006163682
7.620341720820413 14.809712671993442
7.739140721330922 15.802630995662465
6.953136674097778 16.420852345773508
7.064830947431837 15.427109728540868
6.292554001051624 16.06239574136474
7.164082751528311 16.552740147973545
7.553473451761981 15.63166746757773
6.841082632976769 14.929884508743209
5.8419994887431805 14.972696550370856
6.596958448948866 14.31692451040182
6.713369889214715 13.323723434800696
5.745659719131227 13.575788955483288
5.896972163398391 12.587302969639333
5.851875319923351 11.588320349816252
6.119916868117978 10.624912996490865
5.375158165290345 11.29224685189047
4.538724892200402 10.744178079136498
4.586488254118682 11.743036758459185
4.352336303484164 12.71523677080955
4.85787312636688 11.852431740278522
4.894154835347088 10.853090138225713
5.8126304517521845 10.457612525623839
6.409710030331945 11.2597945354215
5.895595660510504 10.402072893661714
5.091168964241891 10.99612481927964
6.088984997460813 10.930070569974575
6.618013669341275 10.081466619754925
6.475460178147744 9.09167952034994
7.2126858317302425 9.767326125980322
7.864193942053696 9.00868445682237
8.766018384196771 8.57658183526896
8.96805572743693 9.555959654058245
8.661295185385608 10.507746379034161
8.633217393338205 11.507352120110983
8.527567758502169 10.51294870365516
9.477880183790907 10.824246461986053
9.226880998657565 11.792233759972136
9.278277877490734 12.79091206695903
8.47977937560402 12.18891527088394
7.499125501206056 12.384665056652056
8.035479149273742 13.228658400348843
8.969938601274375 13.584727961764413
8.436799118705958 12.738700602793864
9.006080084931293 13.560843644784459
9.753898450212 12.8969402688713
8.923463318935724 13.45405560050574
7.973787826028429 13.140820132891857
8.719339317284916 13.807268160786927
7.730512482878576 13.658199413029605
6.980870204341603 12.996356188217343
7.980575238365722 13.02064291189171
8.916062447818778 13.374003465646274
9.857282799244267 13.036210259583038
9.654975748942785 12.056888117793978
9.748860611808865 11.061305056204128
10.433213721288938 10.332154302556464
9.637426904641238 9.726577435057616
9.259002951948732 10.6522098199862
9.303819679545745 11.651205045664229
8.42261078363685 12.123932114670252
8.644366668949276 13.09903432845571
8.549215651798114 14.094497177554109
7.555906970909334 14.209986850126983
6.599247370815904 14.501195382881571
6.764202886538539 13.514894375159953
6.3318322214435945 12.613198413116562
5.772154262762355 11.784488220970719
6.519723880863941 12.448671679129268
7.343596937828851 13.015446048704405
6.478907886039252 12.513138529633464
5.663396436598272 13.091879469805033
4.789668045832689 12.605465346685458
5.763079016470387 12.376399674350704
6.347992258649992 11.565303811259945
5.5911159282470635 12.218861934517392
5.6073917943383265 13.218729473835966
