0 0
-0.847841903238809 -0.5302490991151176
-0.37430367853542323 0.3505241689537797
-0.466952855193694 -0.6451746459820143
0.17634251809577273 -1.4107927379210474
1.173657257330687 -1.337558108784313
2.0509313882868803 -1.8175477952933627
1.7957440303740106 -2.7844394191899857
2.1343107420614995 -1.8434970289571293
2.7836216748229763 -1.0829739769748632
1.9183142439159528 -1.5842154856481638
1.5575287697018825 -2.5168643164500515
0.6757429784879083 -2.988514418128346
-0.024665233408088683 -3.7022569043995865
0.2968023150716835 -2.755336308322806
-0.4658288551410192 -2.10850271440548
0.47226401683555413 -1.7621188759448148
0.9836202504444289 -2.6214877154714444
1.6603518265441717 -1.8852578777783786
2.3094214383725116 -1.1245288596641698
3.2444157806027816 -1.4791914880836083
4.240143491001455 -1.3868533770772942
3.3038119527156407 -1.0357362307979932
3.001997798615193 -1.989103010366398
3.498646738322138 -2.8570545243854513
2.8499364363402595 -2.096019082305005
2.856394533551334 -3.0959982285777725
3.8562588200512584 -3.079523745824217
3.2254653333968495 -3.8554745027633244
3.263712581891461 -2.8562061964598615
4.102692432356388 -3.4003686818572376
3.2790221408327165 -3.9674376819456834
4.012808399517748 -3.288057282931241
4.768810674880465 -2.633488295240565
5.040622645316839 -1.6711379158425541
4.068089459796237 -1.4383736508422102
3.837597709549984 -2.4114479301592717
4.469710417657393 -3.1863243875698175
4.524464190531805 -2.1878245005613026
5.490734079641566 -2.4453560547441042
4.81820669619141 -1.7052838160337962
3.959738112152663 -2.2181499683762063
2.965700105806357 -2.1091158363850644
2.0847630765626928 -1.635882331118005
2.0981334177229027 -2.6357929441116164
3.0943770967278508 -2.549198879403426
2.095694461946887 -2.600511596998109
2.7346319179359133 -1.8312529101220552
1.9667542304483 -2.4718493954844676
2.9532428323036974 -2.3080194885401526
2.5515608328096295 -3.223798703898553
1.660741281941814 -3.678155972786884
2.059002022106506 -4.595428223998852
2.227885297895992 -5.581064282165665
1.9398832106466177 -6.538694063312849
2.441421834478602 -5.673558808682268
2.320393822768257 -6.6662079009507496
2.999285820446268 -5.931969754646188
2.7573065656609934 -4.961688331422202
3.674376739820195 -5.3604141716528195
2.7444609637439736 -4.992641620468587
2.731984574999542 -5.992563787301535
1.8665927566892626 -6.493659587325471
2.096996106105483 -7.466754801874277
2.2353438798470844 -8.457138512110236
3.1575963127693947 -8.843726729686612
4.144300437922291 -8.681199902958657
3.6050033014558966 -7.839084353524289
3.7556954513360554 -6.850503615311928
4.12329652037471 -7.780487192608667
3.2541371997556707 -8.27501937091565
3.5921641855296365 -9.216155788704574
4.55696039908465 -8.953157183556353
5.522212410042798 -8.691836393451066
4.741422509463489 -9.31663006431638
4.3421146136750925 -8.399813177276746
4.428684596324346 -7.403567405338864
5.42808147082911 -7.368841518307563
5.920563180639605 -6.498518724453391
6.704481866387318 -5.8776552176054055
5.919647389695566 -5.257949768060233
6.679658952736698 -5.907859318723843
5.713846112541953 -5.648618971333708
5.6295496891653185 -4.65217824905972
6.088118130357423 -5.5408373427186115
6.632570608332424 -4.70204565271037
6.848268763551964 -3.7255855634927477
6.686561574521977 -4.7124243471935205
7.513452497993631 -4.150062007878205
6.857594324524502 -3.3951778735279476
7.825835808895691 -3.6451947288450968
8.339689541895082 -2.7873169164017444
9.31678396278717 -3.000123149067881
9.707575186018502 -3.920602491500594
9.752659095465454 -2.921619287883547
8.784627394924005 -3.1724471705976316
9.321422362755234 -4.016159895706759
10.315547196098018 -3.9079202738893253
11.1888014934348 -3.4206555284142985
10.195332712151195 -3.3065512751418216
9.319925673297195 -2.823164766926222
10.318399696887838 -2.7679413641451953
11.294059189363658 -2.9872323916447856
10.309244426378502 -3.1608408090861433
9.666603346797462 -2.394673436487365
9.472331652150423 -1.4137256760745245
10.323360269725198 -0.8886063638522743
10.465069018074146 0.10130203122343906
10.462620919104262 1.101299034624666
9.48318220889318 0.8995570882177528
9.762583613486452 -0.06061729964692375
10.76125940271839 -0.1120630769465846
11.593095669708788 0.44295802618326685
12.442059787281343 -0.08549247014941042
13.41970009883946 0.12479167384758438
13.930526641194536 0.9844754782928918
14.862646026713499 0.6223243342387109
14.052247710262408 1.2082036466343933
14.522577920925636 0.32571314077187463
14.57666325684424 -0.6728231762635007
13.626981068399683 -0.35960800908420165
12.819545444883953 -0.9495636971470963
12.479979200673283 -1.8901458391169825
11.495479315122079 -2.0655310589893126
10.496521115204855 -2.111165638182494
10.056458403644204 -1.2131985954165097
10.358220752972194 -2.166581773644473
10.752320319985834 -3.0856495248356794
10.201435069175897 -2.251068527903643
10.46097516157288 -1.285336194159678
11.296582193749986 -1.8346638630205958
12.220906325869805 -2.216272168460796
12.940383080724072 -1.5217556465375424
13.874925336892135 -1.1659034701548388
14.650899507137662 -1.796668154575079
15.63588223948024 -1.6240152745326417
16.171540431403052 -0.7795803738884385
16.642355951787085 0.10265131096850055
17.562000515331754 -0.29010036215681656
17.943002660171878 0.6344737915091966
17.66011983316301 -0.3246806831107527
18.168831029374477 0.5362565497053781
17.674388425414094 1.405466830010941
18.655199628476744 1.2105068752848527
17.76970905066156 1.6751642077359126
18.55729591967824 2.2913678459534315
17.82268364340919 1.612880702703978
18.375162947222126 0.7793540871371013
17.947879739724655 1.683471922704276
18.59518680459023 2.4457012607483555
17.600820276090108 2.339705001386945
18.44690080004777 2.872760108275086
18.31330247454198 3.863795671422065
18.47342775420847 4.850892371250268
17.646587129155844 4.288456080847006
18.615781864118517 4.042160393266742
19.611614349376417 3.9509591799794497
19.938681159497783 4.8959603978183655
19.33416958115772 5.692556752098753
19.138758581598605 6.6732781912706045
20.12856764111399 6.815679124207406
19.129636680067115 6.769452129258919
18.628222701923892 7.634659631839997
17.924780855055804 6.923906813994854
17.61336522368728 7.8741806190317725
18.022707828216216 6.961799869499284
19.013494068480927 6.826364917946441
19.823264259811236 6.239617751585261
19.684474082207096 7.229939561201009
20.14571806688045 8.11721290499234
20.04489541412058 7.122308491146233
19.045938093773294 7.076654661903065
19.50683218085957 7.964109810340951
18.729977889797713 7.3344294069149125
19.66856497051363 7.6794718563514675
19.870981714331403 6.700172381307081
18.874470337859574 6.78362941553559
19.24129579356999 7.713919201055589
20.233263046715614 7.587424265636319
20.351389265839675 6.594425677341524
20.463243460520225 7.588150306769801
21.038587519762288 8.406061801673047
20.78910388012423 9.374440815052079
21.11919170889469 10.318391039003323
21.29670581972034 11.302509294325201
20.39216331844226 11.72889276419897
20.551735048523955 12.716079100692104
21.37034329120464 12.141726817667793
20.432834960512942 11.793763989360428
21.1390937005432 11.085810182865348
22.138102431600498 11.041295519311797
22.419006078243353 12.001031494100044
23.28626629838594 11.503176384094902
24.21488810027094 11.132148690972338
23.375532461609335 10.58856602766622
23.522954200406573 11.577639751374416
22.536922543746773 11.411081737263036
23.28644457932876 10.7491023431902
23.916476298576544 9.972532943367055
24.602003007296993 10.700580422334538
25.539117125182145 11.049603530538473
24.717824853833697 10.47909585747587
24.063919868315477 11.235672535621859
24.606099009088375 10.39540961289424
24.300364392502463 11.347526383159876
25.18876534318229 11.806594734095961
25.802771874001152 11.017293790151395
25.150300874776207 11.775107484386597
24.291371366868763 11.263013644894384
24.389734453356073 10.267863051659024
24.972361394521055 9.455123334757767
23.976705837040928 9.362010441671256
24.37260168239994 10.280305862343424
23.79478964422112 9.464135997342492
24.78121947871011 9.29995261928606
24.487318798098194 10.255788583212848
23.74765956859622 10.928770175986788
22.7704004270189 10.716721666905592
23.352672144764792 9.90372741925482
22.416282185182354 10.254688732782679
21.864208139636638 9.420893645105384
22.34832467379399 10.295897177301383
21.751520690475104 11.098284244429657
21.21867316466047 11.944495514877659
21.490091466316308 10.982034032258088
21.43977596627856 9.98330065920202
21.7330610388565 9.027275624904826
22.704623568731094 9.264058754674839
23.059490181891917 10.19897569583259
23.58956048447347 11.046929394050306
23.992124840643214 10.131537707862563
24.95709811143059 9.869189491428923
23.97919402744819 10.07824355747535
24.659373190787974 10.811289467196149
25.33221178786021 10.071500157804707
24.526912185465203 10.664368229455091
25.385879251959654 11.176399067079076
24.84042619791839 10.338257691273624
25.650527155854192 10.92454809538365
25.947580925305992 11.8794088486113
26.044406959199684 12.874710169398336
25.816759017714876 13.848453675018645
26.791031414126593 13.623079990684893
26.849743198460104 12.624805015349752
27.479313499068763 13.401748537487316
27.849061540728982 12.47261647707371
28.07081939325766 11.497514710670906
27.622326964995253 10.603728079650232
28.193310038120615 9.78276624728266
27.224709886325346 9.534142543782405
26.24651325442414 9.326461660364743
