0 0
-0.462631619834133 0.8865506101343827
0.5206044094606832 1.068887964224441
0.7686578322450122 2.0376343187698294
-0.20433594788733833 2.2684656507500423
0.724353567972856 2.6393238219305593
1.7203184858804574 2.549580397116788
2.5489259644262567 3.109410412834035
3.5237936495867963 3.3321950542026237
4.522749721013768 3.2865139053642713
5.521959697121406 3.3262558686647195
5.698397720690906 2.3419441173181816
5.002574613627701 3.0601573194224785
4.952870698854257 2.0613933228466137
3.953697160888049 2.1020410906585236
4.81415472214441 1.5925189760484164
4.521980932655011 2.548884218377624
4.428179479118722 1.5532932946973812
5.4002902818076866 1.3187712545915162
6.192685093056211 0.7087626783350711
7.175729142964845 0.8921322394384097
6.180133493113649 0.9858835167490454
7.063136304424333 1.4552512139944234
7.443194219595328 0.5302885222517364
6.448509942696687 0.63326031106124
6.233555156347214 1.6098843123152808
7.166018407676091 1.9711491527318092
8.109980558449756 2.3012028724605162
7.474952350971688 3.07369182105926
6.600064382764453 3.558017169442157
7.5328344093283235 3.1975451489689513
8.38598544501073 3.719209131158671
9.185090049687883 4.320401139408758
9.73208889560939 5.157534499489778
9.48414173010335 6.126308055651133
9.497471046840023 7.126219216362591
10.06373720173904 7.950441663166778
9.197873991440293 8.450722485356822
10.163748764622975 8.191712982578828
9.970142240411997 9.172792242263256
10.75537194276639 8.553587660125467
10.122026079319529 7.779718797038995
11.074225668734709 7.474242215420103
12.03873710071752 7.210201124726885
11.727224522213845 8.160443153598473
12.403874901618863 7.424138689364386
13.303593470006849 6.987668188989074
13.316976199104952 5.987757741717976
14.030322786821237 5.2869463221523905
14.591934651248689 6.114347140217203
14.363410644461368 7.087885418006971
14.412982863022117 6.089114876217234
14.265353244213797 7.078157593014901
14.72853130472465 7.964422837883166
15.650023822044172 8.35281895079385
16.597238171130094 8.673419912872468
16.598324953093055 7.67342050342016
16.783325673506294 6.690682118372245
17.69279070334543 6.27490169615434
18.59891718700294 6.697908546706999
18.474611031929264 7.6901524581576055
17.576029058730406 8.128958152562367
17.395606720309033 7.1453689192954695
18.258999257489332 6.640836138654443
19.099694611583796 7.182344514955295
19.958552700487893 6.6701309041209065
20.417784433718207 5.781814397917018
21.339144546566285 6.170524498702395
21.916898834829922 5.354313752391753
22.000588318871525 4.357821870708389
22.30637853375276 5.309920785991296
22.302374659726556 4.309928801527029
22.795565818631925 5.179849763900956
23.514143315954758 4.4844028713626
22.692722107620593 3.914080858374465
21.746355414326462 3.590986318303714
22.24491527321676 4.457841592904549
23.242068928917345 4.382445393245979
22.28718154840577 4.085477229060417
22.06343605948 5.060124835216287
21.697696069811762 4.129407767597198
21.229706645093533 3.2456737021952247
20.25966796943633 3.0027231563443864
20.094209401645216 2.0165064142716744
20.579929401550775 2.8906208699877114
19.962591161100463 2.1039230265448094
20.80721708601553 1.568566092377178
20.189579534683574 0.7821032164671532
19.784913892948733 -0.13236150040240946
19.64000456943856 -1.1218064397294163
18.718640192587458 -0.7331064460713544
18.8958247022964 -1.7172840974733772
19.68407840502575 -2.3326344855722794
19.350517714729715 -3.2753631134866072
18.354860411091547 -3.1822688939454635
17.374874100487858 -2.9832040024417865
17.25232208337591 -3.975666093960547
16.254896557552158 -3.9039561195133765
16.173156765962837 -2.90730241512507
15.331697492143325 -3.4476229593422416
14.941848078431553 -2.526744338334789
14.085354794104918 -2.0105861708092014
14.597933948643858 -1.1519461936755104
13.733517732803586 -0.649169299027015
13.86916105798329 -1.6399270334576848
13.83875937015823 -2.639464795314328
14.789539562895138 -2.329598654700078
13.954605406638986 -1.7792488071332535
13.065134443947919 -1.3222571151634477
13.460787442317585 -2.240657194040346
12.882627380033885 -1.4247338260822349
12.482424023868118 -2.34116018630637
13.140704293300798 -3.0939331181228886
13.60526486409392 -3.979474464455384
13.037964798588462 -4.802985627511176
14.032714388538302 -4.905324541393556
13.473281390698222 -4.076448965129144
13.800121786873039 -5.021528514917567
12.876095574602456 -5.403857638889152
12.10429726395621 -6.03972505249328
11.137316675952736 -6.29457509158383
10.748091259348433 -7.215717629451454
10.53201632079149 -8.19209441170696
10.557940490649493 -7.192430499475867
11.49542031415181 -7.540470124412547
12.259787036151954 -8.185251881520141
11.489488968033797 -8.822935883399941
10.504098768916453 -8.652623947577807
9.524124541905755 -8.851748316741364
9.374189007565365 -9.840444091761194
8.376637903891005 -9.770502719469343
9.010121441632332 -8.996746551538688
8.944517299954299 -7.998900823685585
9.939929468589865 -8.094580573540187
9.01069197428618 -8.464063562567029
8.574048352139673 -7.564428999403308
8.268572914691825 -8.516628955880963
9.256062707738073 -8.674311892908023
8.397923707092826 -8.160894464715742
8.933130642456833 -7.31617348336257
7.945760644130573 -7.474604813613883
7.009884578458285 -7.826934190336519
7.156250001080376 -8.81616478178659
7.944879867638205 -9.431033006346114
7.703295250372775 -10.401412763297337
8.248670992479404 -11.239604447771505
8.43648640819069 -12.221808789861885
8.083527223915164 -13.157447509793652
8.168010553369427 -14.153872402620163
8.447186185255964 -13.193632345883955
8.309439959096759 -12.203164791049929
7.714281536601627 -13.006773185812643
7.085367188054617 -12.22929859317846
6.195153003473322 -11.773756382653175
5.215738635727761 -11.975616473442718
4.561204958186058 -11.219583626958034
4.195170343290318 -12.150184863094182
3.4744464126043635 -11.456962665139885
2.78642576234636 -12.182653773545214
3.4906520629665363 -11.472678198250668
4.382451371945474 -11.020246996293189
3.6969780096099756 -10.292149290261596
4.050898855663477 -9.35687391117329
5.014337805977946 -9.088945956273182
4.424946947558925 -8.28109794085686
4.197873583974108 -7.3072202855272606
3.8072227329890467 -6.386681360427052
3.753841285344692 -5.388107166364641
4.743142087012957 -5.24221705765768
5.4886559256041485 -5.908707204973472
5.03506799158789 -6.799918732117764
4.143278317368403 -6.347468539327991
3.5201515939869528 -7.129589429349411
4.420560874149747 -6.694545606043393
3.976566956977042 -7.590575405499659
4.937130352862039 -7.312514328601287
4.603224085273553 -6.369908045752967
3.7377721953684 -5.868916003640919
4.533051970409443 -6.4751585948621795
5.357498823769691 -5.909219211196062
4.400025653622324 -5.620696892392211
4.4318218703358685 -4.621202519920457
4.930994361520145 -5.487705159296059
5.8897342872615965 -5.771989796217007
6.833239648089728 -6.103347056720798
5.9619837195109575 -5.6125180570515205
5.10915868660546 -6.134714823845167
5.708058070112734 -5.333890543222627
5.571850375357905 -6.324570846796679
6.521520423547139 -6.637822821367084
6.7183716078256905 -7.618256200668366
7.643167158510948 -7.237791761551186
8.617785153848502 -7.013917325395089
9.135852983963717 -7.869256862304094
9.410217443258965 -6.907631080892412
10.208091096236915 -7.510455793295298
9.467552245634266 -8.18246934282247
8.47312157949429 -8.287862180531699
9.264872231158556 -7.6770177604137695
9.345978099006384 -8.673723252623304
9.610871486352712 -9.638000958131519
9.551857112099745 -8.639743825108404
8.988969756593198 -9.46627744512083
8.000164531818166 -9.61548946694749
8.771162149043487 -8.97865143869158
8.947786726268598 -7.994373145361868
8.475459512269717 -8.875796427852213
8.62122348003041 -7.8864770326604186
7.764516511379478 -8.402280454387077
8.737806797077743 -8.631858370932608
9.730871949680052 -8.5142930585018
9.593983440908639 -7.523706597779496
10.556532306708215 -7.7948148435927695
10.388619447182798 -6.809013001635677
10.704359167400645 -7.757858842158127
10.435617207107397 -8.721071050748602
10.147532868522035 -9.678676091390011
9.150111932819947 -9.606902300747665
9.899917488051099 -8.945244058643402
9.28691608396083 -8.155162240991991
9.605576009545263 -9.10303135211785
9.429771924127627 -8.118606177942347
10.17795097171131 -7.455109295691365
10.609678706929103 -6.553105325276758
10.623658173870332 -7.55300760775442
11.454748475896704 -8.109145099637239
10.570279814039425 -8.575744699071697
9.657445237487842 -8.984074266764132
10.201316339799467 -8.144905497045944
9.876370065808267 -7.199173019534869
10.874046367192163 -7.131040812342151
10.715161232185668 -6.143743737559709
11.27109115807956 -6.974972898198105
10.520038817751313 -7.635215567288391
9.561116890680792 -7.351545445873821
9.404988132845292 -8.339282157238111
8.918452138387416 -9.212942689765983
9.864099607570473 -9.538136269080944
10.73482191000288 -10.029911290861033
11.169231446054816 -10.930626759245552
10.193989948095675 -11.151769293956564
10.95216227268096 -10.49971505830362
11.613964861283163 -9.750036904880817
12.509930080516979 -9.305912681353997
11.9362107556104 -10.12496465542447
12.64808423915241 -9.422656928406063
12.981101538730968 -8.479736211600347
13.852213898157546 -8.970819969481077
12.883104981211023 -9.217453112214853
12.702925041036158 -8.233819446077616
13.554743832780952 -8.757656010313486
