0 0
0.12748080256848277 0.991841038159087
-0.1251117818474512 1.9594137673624679
-0.26801987647886527 0.9696778043456545
0.7200283616273716 1.1238227983453335
-0.2785563728814381 1.177006705741933
-1.1778121568427642 1.614429881867868
-0.618849350260898 0.7852371534517757
-1.0986071462132498 1.6626381206400627
-1.5967508330321256 0.7955436233201352
-0.9569833245804499 0.026975125963175528
0.032657419605796045 -0.1165908778347064
-0.8704280956606587 -0.546051646841518
0.056366958233915576 -0.1704841721095423
0.9601244719259394 0.257560634476417
0.7025639036783482 -0.7087015212991148
0.9969390253403517 0.2469884324758952
0.19511918803432005 0.844554285334414
-0.11301848486617816 -0.10678749054818937
-0.8238719728677939 -0.8101276064209701
-0.17682981187449653 -0.04767338360026607
-0.2695989228996263 -1.043361031429447
-1.2695857025081225 -1.0382189882335096
-0.9712235358796204 -0.08376625628459533
-0.7180184275465951 0.8836463615337071
-1.6631344968635773 1.210381140090899
-1.284736253745749 0.2847382447984753
-0.8396750438200122 1.180238395228077
0.06542157717588948 1.6054443531611722
-0.8532507525524096 1.2104239099033842
-0.7572352188581113 0.2150440742178309
-1.7521227465957052 0.11405493048357539
-2.092845017653426 -0.8261090626608488
-1.6066910055096035 -1.6999822093340167
-2.476234477941113 -2.1938386151361
-3.0623203224880164 -3.00408757861692
-2.8911912585291866 -2.018838958486663
-3.180038797844341 -1.0614638496439586
-2.9602494323023207 -0.08591649825878045
-2.9331658369848723 -1.0855496704097853
-3.207308851168633 -0.1238607353719311
-2.243221189846913 -0.38944496172435655
-1.2501433757482665 -0.5069032740954025
-2.211573966415049 -0.23185560671732447
-2.3080702731656224 -1.227188949263177
-1.5852251811782812 -0.5361788386354001
-2.4552148542003556 -0.043108895488442545
-3.1292896134483983 -0.7817720250303828
-2.1293855736146954 -0.7679188259687671
-1.684737008047626 -1.6636239410256968
-1.5181475287253707 -0.6775975999073979
-2.284998556053525 -0.03577246649039412
-1.3160497753069351 -0.283033988546895
-1.4777598261863596 0.7038043261959883
-0.9174017781253436 1.5320548064090989
-1.9155963916995917 1.5921173857023443
-2.510166168348776 0.7880733690618752
-1.850876833153904 1.5399627043355602
-0.9152277598537916 1.8928944422575564
0.08415641755542291 1.8578050429451198
-0.7304324565445698 1.2777662802813594
-1.7263558378962007 1.1875630737023584
-1.1827372518757029 2.0268954470402836
-0.8832736707794906 2.981003178691711
-0.39617398751606026 3.8543495581796354
0.4975526041704439 4.30296161699262
0.08352220271630717 3.3926985634351743
0.4297092506668361 2.4545330514751056
-0.4808885339078033 2.0412393608291453
-0.2682824294869192 3.0183773471765067
-1.0277705347360593 3.668898536673875
-1.8591900333048887 4.224543762874511
-1.057361649553504 4.82209814785603
-1.8796697227549672 5.391140705796732
-1.3140073487887203 4.566503768303104
-0.5429479377231496 5.203266977516085
0.4455874958507132 5.3542560386064
1.305174913115187 4.843267318495485
0.5286880952360392 5.473400813605779
0.49831583274275704 4.4738621571892105
0.5513596617403375 3.475269972057925
-0.37107764770140983 3.089123095662595
0.6274547987395819 3.1432798441300567
1.5329054872023615 3.5677313145742975
2.4590298181834247 3.944949717578284
3.065265544943392 4.740234725358397
3.9188515571756977 4.219282789263185
4.6712520731291 3.5605768885813602
4.926535546571199 2.5937106371342757
4.098500522526635 2.0330342608212386
3.544001196306711 1.2008500881637372
2.7237899164587693 0.6287893777402703
2.079945556460204 1.3939458585322964
1.6955712705718964 2.31712320246349
2.6951013547631657 2.2864701308948256
1.7361560689011104 2.0028789837781695
2.6183496948729488 2.4737658133823333
2.6456584307035693 3.4733928603090023
2.367086204179072 4.433808142678657
3.0261757345585316 3.6817436567838753
2.125051143130773 4.115303884115852
2.65532910867395 4.963127733308235
2.966540495675727 4.01278701935327
3.9533121195431433 3.8506705108476216
3.129691512758508 3.2835293502185334
2.536431178704548 2.4785186819425262
1.6599330753698978 2.959923994388038
1.6756326281139795 1.9600472399609559
2.5145261462108834 1.4157516720063752
3.4880056241524358 1.6445260281450012
2.543104783561029 1.9718827165594175
1.5954971540755745 2.291319377794407
0.728422557101807 1.7931410530122274
-0.185139760950638 1.3864422811495092
-0.6521404388817997 0.5021853236920995
-1.015806474612715 -0.4293440716872202
-0.930149041708112 0.56698057630067
-0.6779547919846708 1.5346572063824504
-0.44050087841320384 0.5632584010869146
-0.4534456293401249 1.5631746142885208
0.5435297528670107 1.4854566159037452
1.5412880377982119 1.552377500918424
2.096556402393725 0.7207062658264409
3.054804175128742 0.4347671008833023
3.3677004953348137 -0.5150201873036366
2.5234264618058986 0.020891518398726605
2.765044547777549 -0.9494799056093158
2.8879325862209875 -1.9419004465129812
2.15553321490205 -1.2610251562493198
2.5524181605054204 -2.1788935236928273
2.122137983985059 -1.276198132271332
3.0926584104930983 -1.5172170147902198
2.1786256971086297 -1.1115765349770896
2.764959514953035 -0.30150699842358875
3.622641760894939 -0.8156870884660288
4.528480944574521 -1.239308822222346
4.777864484852628 -2.2077136186986737
5.176416300480232 -1.2905678013610267
4.4808392078967865 -2.009019266856895
4.3142395233141935 -2.995043883738736
5.143125890480437 -2.435626874410321
4.371719050129183 -1.7992846027834122
4.811704368366035 -0.9012796363517025
3.8730041052132 -1.2460140500048766
3.4171372594525575 -2.136062036877631
2.5518899011855307 -1.634716837427261
2.695394421026771 -2.62436649906775
1.719372545374093 -2.406694042731566
1.025884783566965 -3.127162448856179
2.0207884554992606 -3.0263324752588634
2.3310878565277653 -2.075693594441678
2.8433018514233104 -2.934551454295767
2.1220657350933916 -3.627240752972552
2.676689329103375 -4.459342110360851
3.5473620116105318 -3.9674792433584805
3.159970631292329 -3.045563890164296
2.561411122176025 -3.8466422346765223
2.9361980268808936 -2.919531250995634
3.117388837174794 -3.9029792111160666
3.131307075385522 -4.902882347747365
2.685204284692282 -4.007900616014419
1.6890584635121084 -4.095613231670765
2.2280378500396103 -4.937932186045198
2.8590075819009013 -4.162124737334572
2.9336309171465995 -3.1649129454684672
3.0025472913569002 -4.162535385756227
2.2308996507367578 -3.52648513717097
2.6301064424058502 -4.443346052187675
2.161836610227587 -3.559760536081994
1.1643458809257414 -3.630557746174426
0.34602799131446527 -3.0557918533605366
1.1844637802450846 -3.6007922458744224
1.201734226170658 -4.600643100601032
1.0229093607540471 -3.61676217919401
0.6547770081151827 -2.6869887815639344
1.3745704052259788 -1.9928004314198975
0.4075979988573143 -2.247681512164613
0.18733836761386982 -1.2722402300545612
-0.28259680807628185 -2.154941159389671
-0.9677302790369201 -1.4265236095122478
-1.7358675809488475 -2.0668087689618986
-1.064447437016373 -2.8078856815166584
-0.9681291882367924 -3.8032362704811873
-1.9607542543151686 -3.682011363003807
-1.642822194843777 -4.630124861251923
-1.1192601063071184 -5.48211238431029
-0.41584134155825203 -4.771336722515953
-0.4018498907740151 -5.771238837377679
0.4979186867943701 -6.207606236275173
-0.0034937048087775313 -5.342397814247965
-0.6352478175731968 -6.117566661019584
-0.02591375946823682 -5.324653043004771
-0.4649408901869286 -4.426179237881375
0.5342578477331961 -4.4662027577019785
0.42251387708834076 -5.4599397878183575
0.9168612965759402 -4.590675369562352
0.44186067948616725 -3.710689907316336
1.4347958229686828 -3.82934824388548
0.93032608880783 -2.965918867899419
0.19579783862519562 -3.6444969766559843
1.1126621030408583 -3.2452978776621038
1.5257161235188805 -4.156004403479802
1.3148738424938335 -5.133524496640119
0.4905727510485224 -5.699676164165764
-0.1424911905811307 -4.92557665776602
-0.880303471017208 -4.250570703097681
-1.5368579383766547 -3.4962920865438556
-2.149815682671805 -2.7061763964651173
-2.5173384764004147 -3.6361909103787
-3.128762567144432 -4.427494001019607
-2.782127350638205 -3.4894939867990944
-3.1982573950907875 -4.3987990984661804
-2.4145457216263533 -5.0199238950051495
-3.004008462022979 -4.212128328240823
-2.3100026953975186 -4.93209776918301
-1.3229503620458571 -5.092496307907777
-2.310353888656256 -5.250718542872866
-3.310126685503637 -5.272034140072217
-2.492910337811545 -5.848365156992873
-2.031256914846348 -6.73542553659762
-1.6327793101278272 -5.818247473985027
-2.5742368193634437 -6.155379137143308
-2.316588916510279 -5.189140264940701
-2.8236298716297945 -4.327218302213511
-3.5298410404596243 -5.035219562819737
-3.26429173549971 -5.999316843510491
-3.769344788613762 -5.136228543543347
-4.296384871951356 -5.98606897006794
-3.459626197696604 -5.438497129064927
-3.457267609418524 -4.438499910538128
-3.2649256176500625 -3.4571719540411463
-4.214679764574591 -3.7701688556227144
-5.132859365406427 -4.166333241473196
-4.177430176465513 -3.8711128747643477
-5.17499251602192 -3.9408938083977323
-6.076415662370213 -3.507954654211437
-5.172042170070836 -3.934696480643097
-6.08511727905931 -4.342487904468666
-6.729759775424146 -3.578003730740712
-5.737932903967739 -3.450412755131165
-6.663488822378947 -3.0718018177640793
-7.661529830086701 -3.009238674191433
-8.319592499818004 -3.7622018357777818
-7.387569686767839 -3.39980222767361
-6.5689476425137725 -2.8254696161484647
-6.409143582843226 -3.8126183701429235
-7.314726677870182 -4.236787272823683
-6.347249649124145 -4.489746160488737
-5.523344209024205 -5.056473454496819
-4.529269576437822 -4.947773754183307
-4.506254752954245 -5.947508878053634
