0 0
0.23187801743743444 0.9727448714998629
1.134876347606912 1.4023889284948776
1.4956912405749283 2.3350263784251704
2.2083622136636274 3.036524834672087
1.529944587194223 3.771201310473252
1.0094036044026082 4.625037995814389
0.631689708880614 3.6991156377683163
1.5944522047431078 3.428767017352709
1.8557848691917016 4.394015813514714
1.3219970229526807 3.548397379936361
1.0228125474719434 4.502592668979079
0.7189412321113586 5.455305754698504
0.2664162463321678 6.347057478692095
-0.695184879407551 6.621508339459748
-0.1564744198830076 7.463999313179262
-1.1405071767364467 7.6419867662185705
-1.46814588711108 6.697183678022915
-2.410692240668753 7.031259075792841
-3.161688560978868 6.370952687151426
-3.3768600466503336 7.3475289677122095
-2.8393652242394 6.50426191874051
-3.633481624098672 5.896496220897543
-3.86361400335988 6.869655554211248
-3.117545150894393 7.535524360644491
-4.001902837683034 8.002334259658902
-4.155656639404363 8.990443448188307
-3.464896604523146 8.267359376858492
-3.905732897009041 7.3697718528658225
-3.0526165170444584 7.891492508232395
-3.078865680632592 6.891837076890714
-2.1770420477979484 6.45973276626546
-2.5431592561730265 7.390301511566761
-2.3724446216913577 6.404980998447406
-1.4039125521532978 6.156092207465726
-2.309570326463107 6.580101636408293
-2.537746055804253 5.606481671257805
-1.9359275786347938 6.405114578504579
-0.952334140944209 6.224715162396827
-0.731028340726971 7.199919624440663
-1.0323503707748092 6.246397189357015
-1.1359276292409308 7.241018600512357
-1.1218582883769181 8.240919622437854
-2.1096575983241106 8.085187405899815
-2.698599385863676 7.277011947914544
-2.5279083245841805 6.291687350840423
-1.5421563231511883 6.45989255786699
-1.2875006311360795 5.492860770114226
-1.1535199352588743 4.501876828199797
-1.1675971120029542 3.501975916561591
-1.555852423207769 2.5804240659740874
-1.0696157470283707 3.454251219785418
-0.08348550579595493 3.2882778866053632
0.5735667803085247 2.534432880437068
-0.42638591436418116 2.52470619462975
-1.2116653124714616 3.1438477510675873
-1.6242245521037932 2.232916977740661
-0.906962719549357 1.5361132295011353
0.05690542820018074 1.2697334371859612
-0.5115878745790173 2.092421327394149
-1.3612707781794242 1.5651273265472008
-0.46098820247926287 2.000433292381214
-1.3572084647883726 1.556823958139259
-2.0120597460344154 0.8010661930779818
-1.597220749166497 1.7109610258348336
-0.9163430392487162 2.443358147714158
0.03726253802391721 2.142299344497033
-0.8019323641970593 1.59846856559028
-0.6120323307382369 0.6166651345042309
0.34661345642927255 0.3320632112043592
1.0363251844122496 1.0561472755799923
0.19148894331634825 1.5911722523156098
-0.37345354378656215 0.7660419678962473
-0.07388570872417355 1.7201169713399145
-0.4521138475195515 2.645829386198538
0.2138673045020244 3.3917979546731183
0.6750471006822666 4.279104663537168
1.11600062383485 3.381574725084236
0.9960494860216322 4.374354521684325
0.1752482932784103 3.8031405495238886
-0.5593087084187398 4.481687534822396
-0.31797264665476943 5.452129138058911
-0.5882188295323181 6.414920393025487
-0.10463647266642251 5.539621527421272
0.8928356069138411 5.468562042073964
1.6410689360403523 6.131997709779777
2.63377094866456 6.0114045336384745
2.1319530175247214 6.876377807206238
2.636221025300502 6.0128306015863915
3.5931496376226146 6.303153922935669
4.567301102188495 6.529049748669904
5.154640418660824 7.338390546681358
4.243619929455184 7.7507516363194515
3.700841038261758 8.59062726715704
4.69883612352268 8.527335800156779
4.134534440371003 7.701767141357171
3.2855078124236288 7.173417082176412
2.3735202715010795 6.763199182515706
3.338227708575973 6.499875121988775
3.869868789235635 7.346844874314693
4.868647148091147 7.396259344684112
5.458213184501208 6.5885391649735086
4.477034484884493 6.781641105456906
4.241723103467144 5.809721070795896
4.893302018968723 5.051140213619955
5.744627478510007 4.526502279481733
6.728762612605616 4.349081768157311
5.989162660056942 5.022128505160024
6.381936490089517 5.941763605861135
6.981142179375125 5.1411684885092
6.268520621165549 4.43961983390643
5.751011373931513 5.295297447863498
5.658423483941007 4.299592932142541
5.588988773418532 3.3020064341511834
4.8162809629461645 3.9367683104756828
4.365388447633261 4.8293465645435285
5.335661465260969 4.587333607734141
4.570635623909768 3.9433340253857625
4.024200544410903 4.780835490395269
4.872592478749948 4.251466879927618
4.4513839332564284 5.158430694643085
5.21861356785458 5.799803197791129
4.4049816510981525 6.381183541486426
3.405835697430968 6.422503794032751
2.4879960144405326 6.025552517012488
3.3601753725333428 6.514738746700951
2.3916811942586143 6.763774942158476
2.3608188665158445 5.764251297252415
2.7878390881219537 6.668493372329366
3.021496094536581 7.640812457482668
3.012351557334918 8.640770645328224
4.011508492749654 8.681824493048431
3.9379448066283063 9.679115014453423
3.133928841290169 9.084507305555041
4.133730405398949 9.06458665281381
3.233876589329387 8.628395055341958
3.92960950798418 7.910094487403937
4.694159815342724 8.554658547461552
5.246949368212331 9.387979440178288
4.927974246711833 10.335742528646996
3.963135014933195 10.598583272864492
4.0435763582840325 9.601823928649493
4.263704019291135 10.577295000931773
4.005660794922705 9.61116162796635
3.2697850910699238 8.934044984780574
2.4918800507303316 8.30566313573156
1.4970109660530984 8.406833805164377
1.0975760611872731 7.49007224577457
1.5374799600166356 8.388117099773927
1.6502919684043922 7.3945007498865465
0.6618796608671794 7.5462937349318455
-0.2844764868321822 7.223168307718783
-0.9184160383037889 7.996550907135125
-0.6609198397389233 8.9628302185791
0.33699921714219705 8.898351106352774
0.6856928142422571 9.835587882915357
-0.16626137136264907 9.311971548534657
-0.9441131408789776 9.940419338458623
-1.7377966262322546 9.332088404609724
-2.647742252609955 8.917360834949719
-3.609337696793542 9.19183160156316
-3.5761480025096133 8.192382531228239
-4.574590180984869 8.13658632847585
-5.550218452563136 7.917156440590901
-5.671555225833804 8.909767838597322
-6.412608463834452 8.238321564909878
-7.054335876151862 7.471388759326233
-7.977312390994287 7.856245035160902
-7.459443409948513 8.711704980728555
-8.435771734935514 8.927998766649639
-9.405232666298607 8.68275296635817
-9.379038963012356 9.682409852448668
-8.432980381907415 10.006405471427854
-8.290507492114818 9.016606766804461
-9.214491182800892 8.634174891372846
-9.098440168492687 7.640931637140511
-9.997687595054103 8.078371994015217
-10.862131540581254 7.5756427775960296
-9.87155524001863 7.438680765477107
-10.024154212552336 8.426968959063197
-9.880433437205772 7.437350679758604
-10.645663599300896 8.081107465369344
-10.245106960853148 8.997379466139552
-9.45646227406265 9.612228681799065
-9.332184958165197 8.619981157864979
-10.223024417877456 8.165662924663218
-10.255932779281295 9.165121297858278
-10.421441961268712 8.178913048715199
-10.891200316687542 7.296118005959409
-9.9407840272134 6.9851374974026745
-8.94686156735246 7.095219938254877
-8.504536071588426 6.19836534814726
-9.28922484087824 6.818255286241464
-10.002056205333972 7.519590759355565
-10.293795845647706 6.563092990267935
-9.312417849709838 6.3710064756736635
-8.318990417692195 6.485470169982518
-9.171359159337655 5.962528941673125
-10.111963207442207 5.623023382529639
-9.116264252420722 5.530375711381769
-10.101596818629234 5.701020763958592
-9.274786288823393 5.138540232915798
-10.274245461619227 5.1714243007034835
-10.682126963383649 4.258389427043994
-11.16445893824487 5.134377934974591
-10.283060781233452 5.606752033350946
-9.696718820825032 6.416815676199094
-8.853031954894146 5.879980066113735
-9.793444485026718 6.220015760077841
-10.5014338287265 6.926238875819285
-10.247697009338452 7.89351217044022
-10.712393854252628 8.778982013137762
-11.330667820038666 7.993019352936143
-11.871288561821663 8.834285787280223
-12.659276976708528 8.218595720766164
-13.251102733557586 7.4125297969546935
-12.582550879002344 8.156195325112847
-11.730836053751425 7.6321897369291
-11.240556596091775 8.503755026162764
-12.126031121023907 8.968442949070404
-11.71973527140551 8.05470136493249
-11.145724796779914 8.873549320917054
-10.811946520059077 7.930897708713866
-11.282489739927762 7.048520760785369
-11.819886213366972 7.891850488907827
-10.820409359355821 7.85950828279923
-10.89620914180932 6.862385224706598
-11.676424340824079 6.236874039174028
-12.241716725719662 5.411983428499458
-11.920877055293515 6.359116949118828
-11.4264256698524 7.228322234097792
-10.428384721926673 7.290886331338288
-9.47546968167694 6.987648922587571
-9.89743526575801 7.894260772196388
-10.734856923174556 8.440818150419137
-11.559270781358498 7.8748307031782385
-12.416771675889587 8.389313177008379
-13.355851467687831 8.733012383635577
-13.065237613567318 9.689852802824284
-12.529864881463775 8.845236891465762
-13.133346727176338 9.642613629209821
-12.575775045349904 10.472742426219805
-11.98258934909757 9.667676758238843
-12.446381498543131 8.78173271818176
-13.16780696772062 9.474224806527928
-13.413666247431609 10.443530338638414
-12.701763587833376 9.741252186296364
-13.23319340172773 10.588354513588772
-13.7236697730825 11.459809004163384
-14.702226493301437 11.66578654010932
-15.042605401028736 12.606074899696086
