0 0
0.9912544577174343 -0.13196438934544186
1.6708021776155524 -0.8655956975522746
1.3241041057121055 -1.8035724813472855
0.7865090203121451 -2.646775614734377
-0.20604246927510694 -2.524949753283997
-0.09378271423030794 -1.5312708577662941
0.8968534524053625 -1.6677991894538386
0.19165098478432363 -2.3768051694435686
0.708304239639829 -1.5206104402801544
-0.06330159196092422 -2.1567114076113714
-1.0424764712715873 -2.359730016923297
-0.5980334435692516 -3.2555371363004433
-1.0703889152460158 -2.374128996800347
-2.069776681933302 -2.409116020048955
-1.0912229630467538 -2.61510781418966
-1.8316348781384635 -1.9429544120631612
-2.4734423359599798 -2.7098202328458343
-3.325272121963733 -2.186001546966073
-3.57178305022813 -1.2168615352824022
-4.557982363741701 -1.38242395259189
-4.929045729755479 -2.3110315006995528
-5.181795158813141 -1.343499730621161
-6.143944532603102 -1.6160223581506652
-5.487231079529003 -0.8618821586177843
-5.6607406178142226 -1.8467143474317211
-4.693678966720084 -1.5921720857479702
-5.0374309548280625 -2.531232558066879
-4.452993956804386 -1.7197934689535477
-4.8265278012206165 -2.6474100207008906
-4.120491185906904 -1.9392346908309794
-4.545922383099002 -1.0342439193555468
-5.280728966237114 -1.7125206220196532
-5.852587536919892 -0.8921683957554405
-6.577305531242192 -1.5812139883728396
-7.429810212129352 -2.103933577699165
-8.429266523789872 -2.1369044903639804
-9.119427362558687 -1.4132484832515364
-9.983301919668383 -1.9169554909241784
-9.386482043111274 -1.1145802452028533
-9.802218632659326 -0.20509517764486684
-9.990734924803407 -1.187165240113043
-9.533796841889869 -2.076663743980981
-10.050057364553155 -2.9330953365436514
-10.523607555842004 -3.8138621708024663
-9.611305560029345 -3.4043440778734224
-10.24072641761215 -4.181408672382609
-9.888673684976174 -3.245428505154937
-10.719118176324356 -2.6883271258805195
-10.272254651283005 -3.5829292664925445
-9.53811858969189 -4.261931654611679
-10.13243325157473 -3.4576990497820277
-10.509068712497422 -2.531337495325264
-9.521785612295613 -2.690309442711918
-10.518595826429697 -2.7701179447524957
-9.877744358012672 -3.537782842626394
-10.8361641566627 -3.252420810191038
-11.064136044633116 -2.278753095672782
-10.95274274260182 -3.2725294952026585
-10.080015517080612 -2.784321353285654
-10.698655009907338 -3.5699963356511937
-9.980848162772975 -2.873754042906041
-9.067220259929684 -3.280305460498171
-8.989231941257364 -4.277259733346562
-8.596498224641927 -3.3576075013406665
-7.596514993993477 -3.351816264694794
-7.286355763514805 -4.302500887347795
-8.109196119232948 -4.870773488307615
-8.520562151497952 -3.9593032542908655
-8.499241496422023 -4.959075943289286
-7.829664368842508 -4.216333410359896
-6.851343850643488 -4.009236902251235
-5.858388523292565 -3.890747586760675
-4.9318119764988495 -4.266853825650476
-5.9186786699348435 -4.1053170515502515
-6.585655703646536 -4.850395326969118
-5.62463743853519 -4.573910437468121
-6.083890435021084 -3.6856049240220274
-7.082698662023262 -3.6367978991919108
-7.110769419564282 -4.636403837835271
-6.384477148313375 -3.949017820577719
-7.298097051826229 -4.355587214291959
-6.61610390304345 -3.624228653110544
-7.520289979649674 -3.197089871364561
-7.757695838304414 -4.168500422201027
-7.907463484159857 -3.17977920150486
-7.510608053357172 -2.2618980724677633
-7.192718357217884 -3.2100257754110277
-8.091234950370385 -3.648965329142089
-8.79773563183141 -4.35667769097782
-9.740141397626992 -4.022205909514505
-10.532563690027574 -4.632178786375934
-10.447357911829727 -5.628542161536672
-9.452816667339704 -5.524197957058234
-9.04359112408045 -4.611764696625357
-8.071060962502337 -4.844541595867634
-7.169729658916834 -4.411411267702013
-6.505809139194572 -5.159214412581546
-7.5013632221703626 -5.253406067574075
-7.574788198013962 -6.250706811042346
-7.479858696553636 -7.246190808780378
-6.675326610336883 -7.840099995649649
-7.485158223226577 -8.426762384732568
-8.073914839446594 -7.6184520193053045
-7.9836599729016955 -8.614370720337153
-6.984681784806666 -8.569175812323396
-6.742508762507298 -9.539408891160841
-5.996661792376026 -10.205526221025483
-5.111165897887694 -9.74087902062037
-5.061987663917946 -8.742089001996026
-5.814334537359414 -9.400856170290597
-5.57220873593419 -10.371101034376046
-5.137303261379618 -11.271577146331529
-6.114512550745388 -11.483855277040385
-6.780855934378777 -12.229500296528887
-7.7694462871949534 -12.38012935852818
-8.251969069408032 -11.50424593897661
-9.184087822990184 -11.866398709531321
-9.239148109547774 -10.867915677705444
-9.279205142455325 -11.867113072675348
-8.806733451933011 -12.748458919465918
-8.498005940290474 -11.797308393232028
-7.693084716796901 -11.20392670833637
-8.660805648056943 -11.455950911938316
-9.65504589362411 -11.348776595544225
-8.997822406192569 -10.59508084289046
-8.438955994428685 -9.7658231424124
-7.445347531056719 -9.878704591355975
-7.087100394320733 -8.945077798134793
-7.637924111725225 -8.110456187855801
-7.709521709545599 -7.113022589070222
-8.108494798457485 -8.029985224254506
-7.633494047203333 -7.149999834428067
-8.376864334450923 -6.4811197136011485
-7.387599345158105 -6.3349869624483715
-6.972669142849165 -7.244840207324633
-7.8547040381596 -7.716024293913633
-7.091750438243897 -8.362477543867309
-6.248484721758667 -7.824980630945335
-5.689362602263171 -6.995895318392481
-6.60591543458543 -7.395808941018723
-5.6487412342921175 -7.106296332842747
-6.51993651916343 -6.615359701883117
-5.872942766548756 -7.377855002903118
-6.7924782690747465 -7.770861948890429
-7.136840399753552 -8.709698847906628
-7.491463111298063 -7.774689365357483
-6.5635069986511505 -8.14737885139275
-6.179367506973712 -7.224103783531715
-6.251089714795188 -8.221528429760799
-5.353950026609295 -7.7797814661246925
-4.616608933290294 -8.455302089128269
-5.28994190398071 -7.715962714699164
-4.897192094235654 -6.796317355364804
-3.9033041144915606 -6.906710669112531
-4.000789883344239 -7.901947588077659
-4.9311817686559865 -8.268514007360785
-4.596798912872141 -7.326076685435428
-3.875019816653472 -6.6339531875958
-4.62067555058414 -5.967621793726116
-3.93867186046396 -5.236273062502456
-4.935509462988296 -5.156807383158902
-4.333261294408259 -4.358498455836909
-4.358060927592449 -5.358190897637851
-3.5564802594026 -5.9560775360437574
-3.25479547713827 -5.002669809963187
-3.469518382526635 -4.025994800606656
-4.41263241341746 -3.693525366317036
-3.5062880169444526 -3.2709856226455325
-2.515117941624624 -3.403582311105258
-2.7385331435545925 -2.428858941350233
-2.5786875604550157 -3.41600097244989
-2.910596010174186 -4.359312575794732
-2.8377488991250766 -3.3619694560952986
-1.896916069396504 -3.700840503110128
-1.490260325669154 -4.6144219751713536
-0.8671567555188341 -3.8322826392049762
0.06840323181824481 -4.185450460635305
-0.9285460598832426 -4.107398492204633
0.024323369834811648 -4.410779193484049
0.6669515921611736 -5.176957350226761
-0.30991021276853914 -5.390828839840182
-0.8092323001352855 -6.257245283051941
0.16917327351897105 -6.050550983560433
0.16054670388026462 -5.050588193104574
-0.6210798810208222 -5.674334841813699
-1.601487977630476 -5.871311906727957
-2.4629970874603604 -6.379054020088785
-2.8945331605981495 -5.476958339143123
-3.175003428181352 -6.436821052765132
-3.6966891532743134 -7.289958793246838
-3.8489231570812956 -8.278303271697999
-3.0639865975346616 -8.897879415111456
-2.3594884491293966 -9.607585240713552
-1.470989525335666 -9.148706539510956
-2.255553278380722 -9.768754696840574
-2.7221361490674045 -10.65323218371165
-3.2436638740267187 -11.506466519693719
-2.546642309935754 -12.223516684739502
-1.707312727317568 -11.67989378994755
-1.2966261225021094 -12.591670359412435
-1.7228346539326946 -13.496295302543999
-2.493086591363156 -12.858555580647502
-1.5042842923885833 -12.709324171277357
-2.4914758296570194 -12.868863723569515
-3.4853687749961293 -12.979212322134016
-3.327613632170305 -11.991734061658372
-4.326685306743054 -11.948655191357462
-3.5435502743293323 -11.326803504050627
-2.87087331552093 -10.5868672168689
-3.2199225676610026 -11.523971597170505
-3.9603408415340446 -12.196117994702222
-4.777460969555218 -11.619650565975618
-4.985084790481719 -10.641441820878807
-4.577222983763122 -11.554485492682211
-3.908727253921864 -10.810769512496226
-4.807311748819982 -11.249570042952483
-4.898724536553015 -10.253756956957488
-4.7305857994725535 -11.239520298278816
-5.726831657466504 -11.326089290590708
-6.263289254925926 -12.170016565969378
-5.33314704946989 -12.537216072545002
-4.924503146183563 -11.624522169690975
-4.911222591876655 -10.624610360141101
-4.09543797997137 -11.202966190904952
-3.613589875862429 -10.326711430822806
-3.7531205069132363 -9.33649367547878
-3.937456242602879 -10.319357011119985
-2.9944529427538633 -10.652140388820657
-2.7567816739011444 -9.680794740782876
-2.8469108024046914 -8.684864652777101
-3.4540147785928856 -9.47948705498867
-4.043189791971981 -10.287492502748611
-3.1551166372619748 -9.827790347126717
-3.2266971072980093 -8.830355519025442
-4.186447012134699 -9.111211567858229
-4.4561787573046505 -10.074147072265234
-5.004965519457092 -10.910109445632743
-4.667237383925383 -9.968865743677572
-5.282021428616698 -9.1801702521265
-5.998827161800008 -8.482897320717617
-6.043711978641881 -7.483905151970999
-5.925271737295371 -6.490943969834568
-4.983729686893977 -6.827839454111129
-5.90735394236493 -7.211138599304187
-6.883037839379432 -7.430321019006578
-7.882751492709049 -7.406391720096082
-8.60760128199874 -6.717484772122198
-8.679652376978975 -7.714885714427823
-8.76249870187161 -6.7183233799741355
-9.742031096807308 -6.919609959932999
