0 0
-0.7816940171577225 -0.6236621389340724
-1.474691213760539 0.09727813979963618
-1.0451068513532786 -0.8057485904664992
-1.9155965498251886 -1.297935226666918
-1.1389040650971674 -0.6680552506659242
-0.41764550480727536 0.024610678342102177
-1.1160096702344737 0.7403532944040303
-0.28684888103932993 1.2993634782659045
-1.206897056480512 0.9075582270665974
-2.067710439792011 1.4164789665848547
-2.6421856646196678 0.5979569961654814
-3.425142806753463 1.2200326455696997
-4.346804577688979 0.8320383414929418
-3.3715852625779044 1.0532786801165452
-3.2692280413699533 2.0480263864554873
-3.0885637511648047 1.0644815657967286
-4.078646978333973 1.2049636047849415
-3.735570779690144 2.144271180568348
-4.616184782773728 1.6704368449898626
-5.4809271576292975 2.1726525607228027
-5.545731255313649 1.174754555452065
-4.636985504342294 1.5921047202915057
-4.14649886148459 2.4635534297277975
-4.046781487465204 1.468537628185592
-5.008945178619966 1.7410097027610352
-4.4354669440897005 0.9217889055884718
-4.177539853856168 1.887953289181483
-4.172566137630668 0.887965658184525
-4.949852908089048 1.5171121248124335
-4.043213603622841 1.9390187158927723
-4.123741861992667 2.9357710420018828
-3.185327185292718 2.590259979148419
-2.18554249489032 2.5695097300660295
-1.2607055285213198 2.9498734844346397
-2.253812752028078 2.83266408797387
-1.4226382311062558 2.2766524731937654
-0.4437436492916633 2.481018315970963
-1.0876918211965207 3.2460874317378927
-0.32593381416723377 3.8939490980886413
0.44976866461494136 4.5250478735677175
-0.2119900778320266 3.7753310158174016
-1.20647359566969 3.6704380572871655
-1.7758390432692153 2.8483535196149186
-0.8958819494904482 3.3234066883323012
-1.0659593244914927 2.3379759771644615
-1.8404650313617692 1.7054090557835115
-1.081482042266557 2.3565195089818127
-2.0796504154860975 2.417016605641539
-1.0801215313892243 2.447708784711452
-2.004605910452733 2.0664888575466214
-1.1604522156044026 1.5303876175985012
-1.1539816011048485 0.5304085522436318
-0.8766668132487789 -0.4303705630770246
-0.008128019853735124 0.06525062731729409
-0.8155059602174533 0.6552852546181336
-0.9213268751754875 1.6496704586298607
-0.9671208223953621 2.648621365530707
-1.8760907977497068 2.231759777105577
-2.8103321939450945 2.5884010725760995
-2.2382991457966828 3.4086316449312375
-2.7201566744540093 2.5323820674270574
-2.686763562359213 1.5329397729124494
-1.6972937481883998 1.6776791484975908
-0.9132147492264653 2.298340185930142
-1.2816923769648338 1.3687035699041248
-1.151839460312884 2.3602368371407727
-1.606006173125288 3.251153554333337
-2.6057407305629274 3.2741929697982988
-1.6269887760868935 3.069145142183999
-0.8815857291192127 2.402531087748228
-1.154410609003717 1.440467376284166
-0.955974484113594 2.4205811984184074
-1.0859167914893681 1.4290596420446389
-0.1559590088938514 1.7967259616743128
0.192718305321252 2.733968796030352
0.3278411006490203 3.7247976562190375
1.004979201006535 2.9889416967784577
0.37863402697016013 3.7684875408192964
0.10647189216092462 4.7307389489118385
-0.14048863672070142 3.761713408910695
-1.0833225381685612 3.4284503982410324
-0.1511457276554916 3.0664470917068507
-0.8188706459971399 3.810855201164048
-1.6159305561306048 4.414755440986847
-1.4934272425048805 3.422287336637534
-1.8321841629212336 4.363161264892552
-2.0317218875345717 3.3832711197966177
-1.3863058631548588 4.147102354739184
-0.5807783206055969 4.739660687896812
-0.9052971767420641 3.7937814609275975
-1.6080766644956785 4.505189214324176
-1.653016688376784 5.504178901084537
-0.7949941843809528 6.0177909946305554
0.20479269282443568 6.038435610584782
-0.12313751264056194 5.093733657403947
-0.23188314140066713 4.099664048057816
0.11458808690958033 3.161603448760954
-0.14845897948796 4.126386450715097
0.8508727070936664 4.162940249340165
-0.10645927735326 3.873949814282342
-1.1046473850016962 3.81377920892363
-1.9408643537703578 3.2653804660883177
-2.002765847952815 4.263462729740958
-1.128728372232291 3.777604220464755
-0.6990079499818119 4.680566212300995
-1.2447833331130873 5.518497731679465
-2.0258148856862226 6.142989295982137
-1.6322816944995644 5.223678887341809
-2.1884650953634313 6.054738466796557
-1.746677659493493 5.1576187080645
-1.8567418213409517 4.163694223872257
-1.250268961303362 4.9587984120374475
-1.6070136457422912 4.024596490542652
-2.433846473177258 3.4621487369904678
-1.4524474737694688 3.270169561136966
-1.2812210335481586 2.284937859368728
-2.1858689875978583 2.71109754684948
-2.949607868534117 3.356622853670391
-2.6925479861008723 2.3902273772512355
-1.746362037805165 2.0666039058407817
-1.3906031915986021 3.0011816946554823
-1.6471820006613713 2.0346583815688652
-2.280833001556726 1.26103934802308
-1.7724322563957373 2.122159944873342
-2.71204472607185 1.7799196684166452
-1.9771702140835345 1.1017165634179027
-1.0506348770617078 0.7255088159566765
-1.471532193191581 -0.181599473761078
-2.431662763562744 -0.46115141497906664
-2.1055734520821994 -1.406490381137843
-2.5511201865587787 -0.5112316993049013
-1.551122095566023 -0.5131856723969757
-0.5814877266659517 -0.7577448485645455
0.10912813436610658 -0.034523075875871
0.8188459940773062 -0.7390091010083458
-0.17181645705074755 -0.8753465790727304
0.08641491402173779 -1.8414296805676402
0.5060752030756274 -2.7491109251635644
0.07489304053674989 -3.6513758212491303
-0.42477804342421 -4.517591041534065
0.5582881043548994 -4.33433998671925
1.5476537735644875 -4.479789540137142
2.545415209842885 -4.546663423497312
3.5235209333111626 -4.338554813106974
3.811067408618145 -5.296321498964511
4.293994110777717 -4.420660719700486
3.2942031143690205 -4.400216564053824
3.8526311117750938 -5.229769559174113
3.8061239497978554 -6.2286875157074935
4.439502416374723 -5.454845336657569
3.607565874871318 -6.009716124239104
3.3553932334664514 -6.977398385586749
3.303464936838392 -7.976049201442476
3.9993146122972254 -7.257861740424229
4.928154164456597 -7.628343975280878
5.861966604088969 -7.986106924156021
5.978175232374716 -8.979331750019705
5.190884743149808 -9.59591401182749
4.755144164303321 -8.695841710316923
4.122676077506335 -7.921255292166333
3.286237833353061 -7.373194106058625
3.2985925455632645 -6.373270428428075
2.3165380217990164 -6.184673205876481
3.3134908519724786 -6.106666447136462
3.812818805253907 -5.240253384520379
3.1961309246732568 -6.027461144863826
3.7588455800368883 -5.200809938707935
4.6241601574854405 -5.702039109901147
3.6394850566065307 -5.5276402976657755
4.354462930406546 -6.22678737802613
4.652868888383102 -5.272348336366531
4.3884133780892025 -4.307950450079344
3.622332841934853 -4.950695043308618
4.6014049799675965 -5.15420855275699
5.110306975844418 -4.293384088308757
6.104884562818693 -4.3973813165815745
6.917515382695137 -4.980160134476442
7.495192042454354 -5.796425824536629
6.645455051058944 -6.323632658193285
5.919743176213791 -5.6356339120398244
5.638211415984984 -4.6760820020409595
5.220283733180063 -5.58456230009112
5.308977186998725 -4.588503330325917
4.5620715386728055 -3.9235732945335497
4.613889342656735 -4.92222984970669
5.43880680182014 -4.356976644879514
6.254313253760811 -4.935724627029894
7.076352768958849 -4.366294178728282
6.090070399888547 -4.20122725756879
6.126508035099855 -3.2018913286939155
5.6987890222044095 -2.2979795818913056
6.34645169100194 -1.5360523757580289
7.298748456889935 -1.8412258832570692
6.37203488113051 -2.2169943605182443
6.838557780900046 -1.3324852401635563
6.452843059184477 -0.4098671428709215
6.0529586498881205 -1.3264327211039815
6.0401757894211725 -0.3265144252026201
5.52754930928981 -1.1851261487821025
4.923952494573242 -1.982415861034815
3.952246814910939 -2.218610848517661
4.949173000792987 -2.140264311244646
4.688132079290398 -3.1055920469391505
5.2818737005997995 -2.300936290031339
4.450027821236737 -1.7459295936873285
3.836682400199797 -2.5357443786166933
3.894548184915859 -3.534068750231047
4.2587184104176 -4.465401154294177
4.810008810834686 -3.631087727332841
4.444047353071978 -4.56171773514056
4.427665144634816 -3.5618519325216678
5.051599704699695 -2.7803753399377023
5.9545392546637395 -2.3506077642520413
5.0245718931237064 -2.7182498544297977
5.8313113876626845 -3.3091571127631125
6.819870880076584 -3.1583256506659296
6.204076187949841 -3.946232305764444
5.210888619768719 -3.8297056804358567
4.637614729330145 -3.01034187446111
4.500031789569396 -4.000832124128814
5.404763914349056 -3.5748511593056387
4.624961523024942 -4.200876901975374
5.586284793928369 -3.925454374175747
4.634945495431807 -3.617309052718374
4.453143340657628 -4.600644182020417
3.5731830684158132 -5.075691463115795
3.564795281047862 -4.07572664122301
2.639197075727416 -4.454234187128729
3.5190645724222493 -3.979015092120997
3.815032339008073 -4.934213019852312
4.416488324181179 -4.135307081772335
5.131322562140933 -3.436013143402712
4.345465139890818 -2.8176054203797825
4.545579287843089 -3.797378010213432
5.536880701225877 -3.6657668107458905
6.389746240837209 -4.187897418298705
6.315288246902839 -5.185121569199229
5.98633643552563 -6.1294682776658025
5.610047095038333 -7.0559704807045405
5.815769219696119 -6.077360033475263
6.783248614039423 -5.824410193544274
5.807176468417731 -6.041857121647355
4.841398814976838 -6.301228523529293
3.9289017511419866 -5.892145269786518
3.6710443933772066 -4.925962273120479
3.1700075313993183 -5.791388216190914
3.2970634731340747 -4.799492663388153
3.1585489503294615 -5.7898530659549206
4.082622024134498 -6.172068913701337
5.019078913273988 -6.522851602531882
