0 0
-0.8894475799306399 -0.45703720040662765
-0.41234744976137616 0.4218117432648497
-0.09210650707897644 1.3691478708509817
-1.0730507377086445 1.174858353906889
-1.6268352808771156 0.342198351416264
-0.6945130694430818 0.7038270201729773
-1.532793034923564 0.1585869817733364
-0.539277594064363 0.27228424987748967
-1.2609624060150346 0.9645060584040079
-1.559053755768013 0.009968711202523406
-0.9593215634424201 0.8101694969359154
-0.021715726982778683 0.4624694891176583
0.645348970125209 -0.28253030274286883
-0.29187179661526663 -0.6312669288525952
-1.2164778336263287 -1.0121916935013358
-0.2285695009106803 -0.8571525818198386
-0.2621158214191506 -1.8565897456177147
0.18140350548575218 -0.9603249372815723
0.18438888372558304 -1.9603204810300259
-0.6647769405644756 -2.488446794384876
-0.07164022440636286 -1.683345039359357
0.8741868463564293 -1.3586742026458078
1.770061183574605 -1.802981722179176
0.8132993587780766 -1.5121092232865905
-0.021620699565303214 -0.9617379884133576
0.3296454126119658 -1.8980136521128186
1.3194985563369994 -2.040107824610033
1.7402041264871766 -2.947305059639227
0.9269265812884259 -3.5291810210566874
0.7020752650290056 -4.503574106816437
-0.2979091926966134 -4.49799877658411
0.6986463158886831 -4.580927169238863
-0.2983574482456962 -4.658280218964643
-1.2663039252128019 -4.909436779155629
-1.7397946235594046 -4.028637960707712
-1.2737416513950728 -4.913394778786438
-0.9365611594388381 -5.854834801222362
-0.22146705828508984 -6.553863002724356
-0.9245158519374287 -7.265004615726991
0.07395328944348378 -7.209693010163028
0.6072204504905142 -8.055639896763386
1.2924805494618115 -8.783938322381518
1.5610936793258994 -7.820690178617608
0.8690979313139353 -7.098788603100998
0.3000416101233654 -7.921087151873313
1.29882327002278 -7.8717394482938134
0.34653164738134734 -8.17692900487619
-0.2799502915493085 -8.956364942072883
0.5698569305752187 -9.483458563002785
0.8840559539943362 -8.534101425945043
1.3283043734099962 -7.638197780541873
2.1110720531773355 -8.260511816629487
2.7048352850231847 -9.065151627046529
3.703030736285266 -9.125200282982277
3.7912403417691514 -8.129098347686307
3.711259541171102 -7.132301943431308
4.641763708717796 -7.498583248138816
4.833751981789556 -8.479980467924426
5.225750315761454 -7.5600145412927615
5.383904475608448 -8.54742897390102
4.39138837384036 -8.42531514286179
4.491665467044681 -9.420274692078989
3.7376687692971804 -8.763396484352576
4.504982360079332 -8.122124425549917
4.713290464471995 -9.100187682013594
5.6280913368564764 -9.504092824199963
6.585847416125473 -9.79167462582044
7.294755778642972 -9.086374027810797
8.290480524113228 -8.994003950089738
9.273099663831015 -8.808370908148724
8.42398931317083 -8.280155410078347
8.365676904009602 -9.278453793798272
7.639407475984681 -9.965863946411947
8.490091597551734 -10.491541152797854
8.684414699512539 -11.472478730854853
9.611863383492016 -11.846429180225801
9.19547554772173 -10.937242087146199
10.139799891108932 -11.26625809661432
9.763849294903398 -12.192897805030004
10.112038262236693 -13.130322171593715
9.19970176138363 -13.539763387412528
9.963640820746352 -14.185051783077597
10.926940241209598 -14.453480966541646
11.425046601149429 -15.320596906994531
10.81491137125692 -14.528299613521925
11.814828788548368 -14.515448209038395
11.568714174080906 -13.546207477049931
10.828173558238673 -12.874195872769167
10.357300491262814 -13.75639684465525
10.873835079071238 -14.612663169812079
11.428398762961683 -13.78052188342505
11.457167720466174 -14.780107971305481
12.257292904681485 -14.180274919878325
12.480072373781466 -15.155143787033047
12.174052535125325 -16.10716892238866
12.620434115672703 -15.212326207411316
13.17546768044913 -14.380498255265216
13.641389634525662 -13.495672434716615
13.361372664866327 -12.535677384363332
12.59506593873405 -13.178152287752122
11.59783591137042 -13.10377303981067
11.653221938152425 -12.105308023880065
12.651324242014988 -12.043730503434345
12.30612884328159 -12.982261342934725
13.200868958160402 -13.428848542512423
13.465152928168854 -14.393293451875612
14.209092109631259 -13.725046121701338
15.207323352944947 -13.784496814484585
15.972914311688863 -13.141169150001259
14.97361048181749 -13.178476731059368
15.962131662738516 -13.329559075727769
15.04242601247429 -12.936950470534176
14.042612309964184 -12.95625229099321
15.024444464634717 -12.766500821815713
15.153787917698835 -13.758100676166979
14.939772134953168 -14.734930878779368
13.99653304419585 -14.402816414072833
14.917294259273183 -14.012689787438203
15.796129033892138 -14.489816016983855
16.751237035446078 -14.19355818102396
16.96388990816792 -15.170685990332009
16.161329551849068 -15.76725692028532
15.321671941012822 -15.224140821679537
14.941183280877087 -14.299355235985148
14.075154260337126 -13.799361500441796
13.909529115443075 -14.785550281243333
14.70993833833272 -14.186096299762523
15.709934140287253 -14.188993897614077
16.21644415148299 -13.326759817703932
16.97513095083599 -12.675304262437498
16.362222278909893 -11.885150505325765
16.146211827375208 -10.908759454144025
15.409298403257354 -10.232772320128221
14.560499531550741 -9.704056446156596
13.813625450436314 -9.039090953097384
12.89524012851794 -8.643403702247818
13.846344630782676 -8.952272971958726
13.401698206228069 -9.847979149860164
14.01782484497191 -10.635626256774305
14.99501363793167 -10.42325379407293
15.504255295376463 -9.562630221119644
14.508474320789299 -9.65439214486929
13.509281400480893 -9.614223649682652
14.48240804588027 -9.844494212312258
15.086204569814806 -9.04735573144173
14.702264663963037 -8.123997648846178
13.82484618598141 -7.644271878747877
13.695593322615895 -6.652660212160692
12.77571869612391 -6.260447678530989
11.89077676375222 -5.794746297461254
12.62388743563432 -5.114636936569511
11.788624288816271 -4.5647865245776575
11.277612286443512 -3.7052129480695246
10.919420925137468 -4.638861141280288
9.921584834136183 -4.573110586185466
9.331604382298632 -3.7656930569915805
8.760931734914644 -2.944515409020235
7.978394467930873 -3.5671191560227493
8.190580054418858 -2.5898897679634514
8.717094788224907 -1.7397237635354075
9.123244175396541 -2.653530458247208
8.700203138072936 -3.559640981715603
9.463300627620242 -2.913357590743346
9.661847295850619 -1.9332661559605415
9.175811668458596 -2.807205152061324
9.91368961248339 -2.1322709776993025
9.536231832780317 -3.0582977724205063
9.976893647047937 -2.16062457718386
9.237276773609262 -1.4875964347374997
8.240144198449762 -1.4119219505583125
7.524127732316197 -0.7138385599626033
8.280950725196679 -1.3674584475482168
8.67139177182763 -0.4468305155877922
9.370069361315576 0.26860615243203545
9.861395469974543 -0.6023695389337096
8.965417894056646 -0.15827024434714
8.355057324082853 -0.9503939560369656
7.986511191157269 -0.02078449615308664
8.754117854908126 -0.6617057157778382
7.763664590914834 -0.7995546615301912
6.906905858292321 -1.3152720978022883
6.615217163369041 -0.35875879143694867
6.572036306791852 -1.3578260632586514
7.260558663938326 -2.083041178730925
8.242682152634266 -1.894803422285217
9.242662034887825 -1.8884603088416
10.215974964055071 -1.6589784099565823
9.376125304022544 -2.201797485287624
9.90753993540113 -3.048909337144721
10.02004830634242 -4.042560114061912
9.986057732706099 -3.0431379605632642
10.161031349612976 -2.0585648381459776
10.138246686054169 -1.0588244422898774
10.823342440229055 -0.33037141867645003
11.745687714268803 -0.7167380780254999
11.748610216889746 -1.7167338075055967
12.72904330884338 -1.9135864229371353
12.818800633019764 -0.9176227575573709
11.936050579578833 -0.44777986557108745
11.910546356916575 -1.4474545799789262
12.680772917540448 -2.0852249503392306
11.797335162938227 -1.6166764109717637
11.657988585727479 -0.6264327382226523
12.569504751803056 -0.2151684935053635
13.368995164028789 0.38551035642954645
13.967008816634861 -0.41597555816705034
14.653152401626176 0.3114905790347211
13.988332196354413 1.058493989108873
14.945123738663836 1.3492687207571998
15.060283388844608 2.3426157170129103
15.017387169407124 1.3435361834631676
14.218359333484175 1.9448302192063216
15.022282863119027 1.350097541022718
15.47922564517938 0.46060145113645845
14.490123163124249 0.6078301167976666
15.11791999015469 -0.17054713362176344
15.924956588276578 0.41995428830019055
15.319564465981768 1.2158816582676946
15.514303175722508 0.23502650335005237
16.414413840574298 0.6706878294051314
15.432159033650127 0.4831365183610371
15.710445042048573 1.443634773190092
16.634540786323377 1.8257958065427795
17.58074938625076 2.1493530432466836
16.683238596567012 2.590345540236438
17.25738917161543 1.7715958121927744
16.37588421171826 1.2994210503972172
17.284856125409444 1.7162784122376784
17.82124869195211 2.560247022173955
18.52504095775668 3.270652854493531
18.88908747381857 4.202033622033424
17.958935153728653 3.834859737570841
17.729542526604206 2.8615257647634884
18.11285753377944 1.9379080920902925
19.111278458425765 1.8817328553006363
18.18693537417855 1.5001704585627664
19.05419467633105 1.9980271676969885
19.057973671393977 0.9980343081243241
18.087696231226076 1.2400295334929747
17.101415139077318 1.0749549828503782
17.333558026964795 0.10227328794537893
16.33830884466134 0.1996337785167958
17.055132228256056 0.896888564611396
16.09819524109744 0.6065928488183627
15.16353696178209 0.25104552298498267
14.365573964214043 0.8537519643909275
13.40427600377306 0.578241109337984
13.091009418155231 1.5279063378976843
13.179712752928443 0.5318482480253559
12.264509974852404 0.1288546066339586
