0 0
0.8163816422925024 0.5775127826531604
-0.08390509903485177 0.14221543210968002
-0.16587875951534886 -0.8544190640760723
-0.8958686879603439 -0.1709611616644673
0.037340409571256394 0.18837263897813322
-0.8787808596144135 -0.2125286208672772
-1.64092122413172 0.4348831992081885
-1.4189850396225883 -0.5401779937461453
-1.769474925315208 -1.4767445103519732
-1.1033874640232573 -2.2226181550865514
-0.29540205123194263 -2.8118206438087636
-0.396684935591282 -1.8169629769358322
-0.8864408059193015 -2.688822591483521
-1.378540802535178 -3.5593612714573943
-2.3317265561963865 -3.2569758898376575
-1.756878638299685 -2.438715618719826
-0.7758300249845529 -2.632477375298507
-1.7595031966771146 -2.4525132363921793
-2.484639188957749 -3.1411189237773325
-2.4032494971441345 -4.137801279428563
-1.429081719090649 -4.363626743454069
-1.0578368429013172 -3.4350917457813006
-1.8122995322628808 -2.7787488092295947
-1.4548115346135413 -3.712666541975186
-2.450757453672964 -3.8026205652808835
-3.4215560605301585 -4.042516511316096
-3.2838066162195654 -5.032983618590297
-4.204860801124916 -4.643549171644035
-4.76444377378761 -5.472323505649367
-3.802328168450857 -5.199681685732662
-3.029463074009233 -4.565111322578393
-4.025114281104678 -4.4719519225728925
-4.534367441034638 -3.6113351558867266
-5.471824945183579 -3.9594348943451716
-5.35845428561008 -4.952987657688855
-4.682661697591373 -4.21589581946313
-3.72666894198094 -3.922505548287735
-3.5886931308032937 -4.912941147168283
-4.063794480388946 -4.03301006599096
-5.04541150909753 -4.2238712955514215
-5.850627196028724 -4.81685333366044
-5.505857791032575 -5.755540745623869
-4.505980506766138 -5.73987497376374
-4.252986338972507 -6.707342777394645
-4.409918220469882 -5.719733348232644
-3.662715571133279 -6.384329617274505
-3.0581635660807827 -7.180895291394981
-4.041879577380611 -7.001165468849146
-3.294723475754436 -7.665814067585935
-3.0164486535440496 -8.626315563328538
-2.251939094961752 -9.270927954487986
-3.0359179600495665 -9.891715469742298
-2.771934457956551 -10.856242665119757
-1.840877675693144 -11.22111698348337
-2.788608073111369 -10.90204474431253
-3.5216022591899403 -10.221809841374572
-3.779371654394728 -11.18801630942152
-2.914400299924708 -10.686195070386843
-3.7296274891351113 -10.10705378367685
-4.001366153547765 -9.14468270230375
-4.85386275049358 -9.667415475521391
-5.784313878216758 -9.300999456604826
-6.608092430364337 -9.867911175500845
-6.995766352439695 -10.789707752920565
-7.161370480939243 -9.803515442757934
-7.584413574286525 -10.709625006315877
-6.749803341833616 -11.260465963294296
-7.406315244807462 -10.506150299096833
-6.42011899868565 -10.671730986784882
-7.3672360552706655 -10.350842717872263
-7.59763192780775 -9.377745733025492
-6.608456522492557 -9.524483654230352
-7.608293013389155 -9.506400748723308
-6.6083626092051935 -9.494603003663395
-5.9098592938353125 -10.210209821977253
-5.5931560687769455 -9.261685142679118
-4.812735382821031 -8.636430352267961
-5.226238023116855 -7.725927432740306
-4.887361726508301 -8.666758371643185
-4.553699651353103 -7.7240656223324
-3.8586145590200425 -8.442993097406445
-4.679805985472275 -9.013645917535591
-3.7137851237965216 -8.755181810148832
-2.7916765858554653 -9.142113127382535
-3.754969415212631 -9.41056596292179
-4.681707598582938 -9.786273747620887
-3.728981827113081 -10.090105287091637
-4.105837692193139 -11.016377200168332
-5.091717349487768 -11.18383257133518
-5.216527098758293 -12.176013263793479
-5.054486647212478 -11.18922914755385
-5.2950515578100585 -12.15986220066361
-6.1994283512671515 -11.733127370287336
-7.1723198034288185 -11.964389607392235
-8.043919788755206 -11.47417183376602
-8.950281825713308 -11.05166993085769
-8.827435865158835 -12.044095681216602
-9.456374366425354 -11.266640626808552
-9.00316661404966 -12.158045547810547
-9.874703862234858 -12.648374850448855
-10.818566386766554 -12.318036335006509
-9.863456971385332 -12.02178305713411
-10.785253197016782 -11.634108298590803
-11.30155374890182 -10.77770083708477
-11.810768727941403 -11.63834019542351
-12.765358630839408 -11.340417189790887
-11.785370846764346 -11.141359552249275
-12.180573545627945 -10.222765612137037
-11.79230123157209 -9.301220925137155
-11.454479763658677 -8.360010717045027
-12.453832003576997 -8.395998222796855
-13.295560642806413 -7.856097400514654
-13.52226109344086 -6.8821328705228595
-12.55922526364965 -7.151506199823208
-12.911431169382457 -6.215583660311025
-13.52426235841359 -5.425369807135389
-12.722168098404822 -4.828172353975226
-12.179191922902584 -5.667920454798898
-11.993987736960047 -6.650620515605532
-12.992701793428179 -6.701317985098289
-12.160797770163837 -6.146398444915568
-13.157330984422373 -6.063202574347667
-12.157408829513706 -6.050725229966393
-11.995623783023607 -7.037551252491234
-11.515625197713584 -7.914820514519932
-11.929840199955164 -7.0046414486663995
-12.548114612650863 -6.218679140024447
-12.440686518945286 -5.224466283196099
-13.275382990221198 -5.775176552611462
-12.619033186297555 -6.529633267665013
-12.219268925246917 -5.613015279849677
-12.286851031024998 -6.61072899579158
-11.286934629592837 -6.623659198688575
-11.867129408888639 -5.809181440810622
-12.498715101149557 -5.033875363618334
-13.483348591344644 -4.859241775823083
-13.566566244693872 -3.862710380346228
-14.55645469282809 -4.0045583984868784
-14.99572491892929 -3.1062034193939803
-15.404394715284749 -4.0188857286050155
-16.015633369544556 -3.2274393895910185
-15.506597128945725 -2.366694302031985
-15.664337603281798 -1.379213698295268
-16.225993059063157 -2.2065849263368498
-15.581251784470243 -2.970985795538544
-15.255975883453829 -3.9166049515511325
-14.889290618976203 -4.84695000410689
-14.504331124549408 -5.769883472809085
-15.088430182125602 -6.581565855849767
-14.40923515371244 -7.315523697540177
-15.19684951271877 -6.699355196651784
-14.478695780124289 -7.395239681577704
-15.235897444137322 -6.7420585122105114
-14.73166308645273 -5.87849165751401
-14.464552756473077 -4.914825703140732
-14.312118160806456 -3.9265121425518092
-15.279576279243622 -3.6734809407801325
-14.868812254368585 -2.7617392471692397
-14.678150188321673 -3.743394979374132
-15.477694240971124 -3.1427875303086923
-16.107364904004402 -3.919649716359236
-16.14650914561893 -4.9188832868263335
-17.107286990137908 -4.641564096214748
-16.26148242726536 -5.17505696535545
-16.061769976349087 -4.195202416481478
-16.895878217436852 -4.746803216108775
-16.517428614934598 -3.821181317941988
-17.47149551962731 -3.521587690890165
-17.809219621905502 -2.580342541770983
-18.05457710239926 -3.549775214402639
-18.489801911820383 -2.6494534023463348
-19.446682224933454 -2.9399358740664496
-20.44503531365265 -2.997304072964801
-20.327377136118038 -2.004249918721824
-19.65137055277009 -1.267354336383163
-19.169834299637948 -2.143780509497281
-20.155464098163225 -2.312700313721125
-20.895208887938967 -1.63981277036812
-21.20335518581365 -0.6884737881403719
-22.10124278215567 -0.24824899972523568
-23.059786538114356 0.03669637734309583
-22.972426834661178 1.0328732101456723
-22.062814204436474 1.4483306242517318
-23.02495507380365 1.1757779733870273
-23.55845561710889 2.0215776957167355
-24.20065414428164 2.788116052028508
-25.06584916681214 3.2895515643214113
-25.014709121313405 2.290860072545103
-24.02269168651179 2.4169608617956966
-23.86637419368232 1.4292540017225737
-24.721488518124968 0.9108145239308122
-23.819298142360193 1.342152588420157
-23.98948137826272 0.3567401538437788
-24.316786300973593 -0.5881786191569639
-23.332341878958385 -0.4124823472467661
-22.73852770193205 0.39211986699486573
-21.739803411127387 0.3416244121823645
-22.148189339694543 -0.5711849509095902
-21.420000582856087 0.11419168599457574
-21.09411288635311 1.0596001740398142
-20.344938384921974 1.7219728534321712
-20.01980780944301 2.667641986315716
-20.956550015150842 2.3176219296823564
-21.21034806340832 1.3503646987966442
-22.08847568541155 1.828791160726743
-22.137785705783994 0.8300076396918449
-21.558741825219442 0.01471126144602719
-20.70180604408801 0.5301344536062728
-20.08656827614884 1.3184760603360113
-21.015028283455933 0.9470436777529779
-20.1616250522249 1.4682949846332836
-19.171926544318055 1.61146224152872
-19.37266439172267 0.6318172463292542
-20.372266630434073 0.660019451263442
-19.376955837179253 0.7567480655947887
-18.80887862329622 1.5797233258954202
-18.17165365860626 0.8090454785584935
-19.027861564536813 0.29241406079335686
-18.674669494681755 -0.6431367725617843
-17.675569504180228 -0.6007196889768597
-16.989430392257496 -1.3281900451357092
-16.60289585515436 -0.4059151123599851
-15.958086762316109 -1.1702587744604231
-16.949736608874197 -1.299218387600824
-17.913362549407424 -1.0319637398742578
-18.908417902466855 -0.9326418170788843
-17.908971955109692 -0.8993582128367636
-16.90912646450298 -0.9169364639847982
-17.210571292774098 0.036547157011700526
-16.484863598822855 0.7245503132108336
-17.274908163883143 1.3375997282001144
-16.50533330876577 1.9761563367878543
-15.564994865064577 1.6359158170115993
-15.013172098484251 0.8019544064633444
-15.822218706082001 1.3896988974920317
-15.498480538346891 2.3358456085001675
-15.705231746631727 3.3142391580868154
-16.00225305734877 2.3593683076678027
-16.436664640465427 3.2600827887627175
-15.491988277822564 2.9320788713107317
-15.137099357422398 1.9971703976208177
-14.137655245630535 2.030509074927703
-15.110605551251464 2.2615235826802267
-15.651551864197398 1.4204664582765396
-16.647499032255528 1.510406651944291
-15.902416770249237 2.1773792322229633
-16.863827916215854 2.4524948595711
-17.642375689066835 3.0800802046746787
-17.668044020892186 4.079750718764848
-17.931942215300616 5.044301258129153
