0 0
0.09724270794390188 -0.9952606973812123
-0.14013629550643403 -0.02384358371637396
-1.0059115123987192 0.4765895025350414
-0.48937789165790835 1.3328564110655463
-1.4711937896153666 1.143020844013453
-0.6393772172139833 0.58797022480975
-0.30217220463938504 -0.3534610151087928
0.6961640891595691 -0.41112074528305304
1.5329309221922234 -0.9586801184440847
1.6624366026660051 -1.9502587984917261
1.1565061700596226 -1.0876845133645152
1.0030892879585644 -2.0758460691267246
0.9134894481833247 -3.0718239146194097
-0.08490118948184422 -3.1285348890647273
-0.39758512304815724 -4.0783921192259225
0.4311158646898155 -3.5187005319011635
0.5795292638875069 -4.507625940078437
-0.41682316727450663 -4.592959596495733
0.49536868406628154 -5.002722974980763
-0.418262526270312 -5.409266959684621
-0.1336736971721883 -6.36791663414999
-0.9588506966720953 -6.932790885197363
-1.8745435985855528 -6.5309121604739575
-2.3344152340548985 -7.418897565134839
-2.854972580468419 -6.565070856080294
-3.6690683562653685 -5.98434022331708
-4.340072085126707 -5.242886249118965
-3.4036327024722013 -5.593715670082556
-3.793988420473047 -4.6730515546614955
-2.830054007592939 -4.406911652231437
-1.84376852749081 -4.571959983758034
-1.1040389791847982 -5.244864282572497
-0.44085657789888544 -5.99332209876834
-0.39209494977125237 -6.992132543058117
-0.23721150896685303 -7.9800652936867165
0.707203810038609 -8.308820073466132
-0.02192075833127871 -8.993201081238428
-0.7900081966304948 -9.6335460563315
-1.7567774685652526 -9.377895562800315
-0.8720285690913093 -8.911827558234837
0.1275166007185482 -8.88167041132431
0.010316295557453184 -7.888562114878173
0.8247098524124794 -7.308249152285557
0.02432824146758672 -7.907740000306824
-0.902569533623062 -7.532426112298394
-1.8953021926026468 -7.412085479944547
-2.8929190706258057 -7.481082325403781
-3.4948600117818356 -6.682541716943452
-3.603231062514848 -5.688431202280709
-3.8762902431051853 -4.72643396533284
-3.178266418851868 -5.442508501100433
-2.565720725146127 -4.652073321517343
-1.917123498987066 -5.413205135475196
-1.4157488960049718 -4.547974814991369
-2.0584463578708374 -5.314094892075356
-1.2182967696757734 -5.856449637104533
-0.24579113669357655 -5.623570282463773
-0.13882148329652205 -4.629307996519006
-0.9052795987861963 -5.271602288257627
-1.19387941078234 -6.229052103399805
-0.7790319067717517 -7.138943057534522
-0.1139362503868524 -6.392184885260566
-1.1067581754699645 -6.27258294098597
-1.9526618924325398 -5.7392473040471845
-2.297413926592623 -4.80055351215204
-1.5063613231885082 -4.188805378809916
-2.3994856217490454 -4.6386153245878505
-1.8699748917939085 -5.486918564509978
-1.2785706938449568 -6.29329383362998
-0.3401979850715624 -5.947668806426679
-1.01511587292882 -6.685561647325883
-1.5362091209533042 -5.8320618952091685
-1.4951193805782421 -6.831217355203213
-0.9102599029872169 -6.02008272305393
-0.0030729692023246935 -6.440810505794701
-0.3399576523988542 -7.382356420887308
-1.043267884539533 -6.671473366252986
-2.0097085536477777 -6.928363290332558
-1.6647447378206914 -7.866979274518858
-1.820637202710665 -8.854753307074143
-1.1380573313257538 -8.12394230607583
-1.5676143047424118 -7.220902546935004
-0.5701534005339797 -7.149686364955787
0.4041810385430594 -6.924581054426623
-0.3144798607503625 -6.229220348154857
0.34067998885398576 -6.984710633642637
-0.13527845080450385 -7.864178406626875
0.2418273033665042 -8.790348612458997
0.6742865501007023 -9.692002093522587
0.7944844478477501 -10.68475204460654
0.13810393888826922 -9.93032204291116
1.1274009394131173 -9.784406160456442
2.1256231860001398 -9.844007724351675
3.09922794893569 -10.07224831142858
4.022772654768091 -9.688757534057151
5.022585057976225 -9.669388528115292
4.022921136279823 -9.695312332978217
3.7631714052186913 -8.729636363921479
3.4101774034758274 -9.66526194861525
4.073762020764 -8.917160715025496
5.025556934795435 -8.610425582339504
4.58822273260692 -9.50972464027081
4.9525633429607465 -10.440990402363996
4.634355054613184 -9.492969577051115
3.75175943022934 -9.022836655614537
3.9610413719152775 -8.044981314122676
4.895835696161137 -8.400170800675596
5.853848505877314 -8.686896203142338
5.441791724349293 -9.598054372066246
6.429591733277539 -9.442326589184205
7.234456491979655 -10.035784860842277
6.937543713882286 -10.99068946456063
7.906687480205739 -10.744193297863474
8.262826385639226 -9.809760271886418
9.156016577824047 -10.25943935810774
8.936766293212203 -9.28377070907897
9.9265065571944 -9.140892404734155
10.246939129035916 -8.193621077762293
9.721110717573884 -7.343030411401959
9.084897563404532 -8.114543744055313
10.013327785895674 -7.74303691778553
9.204053413808527 -7.15560607872194
8.417562585828847 -7.773208035894873
7.424289097463761 -7.888999992917169
6.453292407213771 -7.64990706637277
6.813309817595102 -6.716961481559636
7.80730337034485 -6.826400126890867
8.129848016339647 -7.772954378553227
7.227155945050332 -7.342667236714889
6.355018938076477 -6.853405506077098
6.321934891102078 -5.853952932997316
5.365117131647205 -5.563264482604534
4.5956073492455385 -4.924629457893127
3.851055891596933 -4.2570643847254726
2.9960712391747713 -4.775717683300306
2.020711080574434 -4.996336270493511
2.9502793809668244 -5.364986205941223
2.036629919659926 -4.958483239342437
2.55335649597053 -5.814633719885618
1.5570425242503783 -5.72885219649499
2.509282567377979 -5.423501741665879
2.7327516012340083 -6.398212771103554
3.381421068637464 -7.159283018885267
3.454209148070879 -6.161935589203717
3.4227814541153503 -5.162429561181555
4.374487510158846 -4.855418840049321
5.242249499282821 -4.358438830157975
5.890942214303505 -5.119489263098587
5.9668611910647025 -4.122375273141806
6.0976544777337285 -5.113784934261927
6.854732305202003 -4.460460234624819
7.236810900498653 -5.384590066962321
6.585804528714739 -4.625517801695867
5.586519314987932 -4.587714870235862
5.240952300890716 -3.6493207958897296
6.204820028849865 -3.915702107169007
5.311396256937818 -4.364916937492372
4.318901603814908 -4.487204972567086
4.862182371319013 -3.6476538974917503
5.407065906775911 -2.8091421606699027
4.803260578640088 -2.012010348662132
3.8041322330568135 -2.0537541991317414
4.1250016716260145 -1.106630762935442
5.124920095065621 -1.0938578828352998
4.125554609244317 -1.1294756557745222
4.945026245443078 -1.7025953967237641
5.907268574226373 -1.4304011633210336
5.558583912868228 -2.3676412643269367
6.053655083577176 -3.236493689041785
6.3606755423450725 -2.284790774315792
7.29299788201408 -1.9231624361644408
7.005709337908247 -2.881006521820113
7.811234841947419 -2.2884454175089735
7.802625278383374 -1.2884824804881874
8.7670222325757 -1.552941389857045
9.700794314346297 -1.1950731189726231
9.866229976355806 -2.1812937036977016
9.549670996681554 -1.2327208744496798
8.560609446955153 -1.3802242671320566
7.696298690435746 -1.8831824325542428
6.707324371496373 -2.0312695571748636
7.095961075572763 -1.1098784826334174
7.000629856277377 -2.1053240907043227
7.604439642179162 -2.9024525260578997
6.638123600657286 -3.1598108519335035
7.554261434239733 -3.5606742574457297
7.17423701291989 -4.48565071076793
7.646012408400153 -5.3673694733104105
7.949050783303085 -4.414391119235047
6.949711598998632 -4.450739361471899
6.046381142932974 -4.021794041944792
6.2094867725681375 -5.008402654101263
5.267438307419256 -4.672925845199909
4.864155601508967 -5.588001284228668
5.204505365431386 -6.528300193192171
4.550148321965148 -7.284485924124806
5.315000232002956 -6.64027978032337
4.785034437178873 -7.488298799164621
5.776908356521377 -7.6155235142483715
6.572075889488375 -8.221913318347333
6.097171853621017 -9.101950906588254
7.057901666493789 -9.379436449738607
6.670324952364606 -10.301273903232891
5.7221190228214365 -10.618930187885303
4.748352742008713 -10.39137968722192
5.056201144724816 -11.34281510854338
5.042679562567804 -12.342723687772487
4.30127143490568 -13.013778073226113
3.764133882901015 -13.857272738429419
2.942616431389853 -13.28708936716838
3.442453129761681 -14.153209032665446
3.2468695178616027 -15.133896062637863
2.577332697349701 -15.876674930120515
3.093822762439924 -15.020381748632365
4.035191958920554 -15.357759928005919
3.981246771283629 -16.35630382625517
3.01578124189764 -16.095772999734717
2.818828180218623 -15.115360080860603
2.4484435056205927 -16.044238540521988
2.2318642250989775 -17.020503573824286
1.46326813483411 -17.660237932780845
1.0477593413266222 -16.75064877139096
1.1656997174215271 -15.757628093012814
1.1906409665099789 -16.75731701167397
2.1358601016811525 -16.430880514777165
1.1834919329961733 -16.73583111942588
1.297991410781057 -17.72925442778289
1.5265443567867036 -18.702785912056584
2.514731066790009 -18.54953113668941
1.6844217144984537 -19.106833908526387
0.7810277562625385 -19.53564547113034
1.4874421248835041 -20.243443987521722
2.4666901127898284 -20.4461096683397
1.932833538091077 -21.291684713886173
1.5437833693794798 -22.212901282465722
1.9625247462235318 -21.30479574932613
1.1135110549295808 -20.776424902292135
1.3334828962573289 -19.80091868036278
1.4562791559978816 -18.808486779125356
2.3906945254349847 -18.452301550122634
1.3906990427132186 -18.455307300621612
1.4361366167510434 -19.45427448069589
1.0291555423123635 -20.367711071296867
1.5683870972910912 -19.52555352658494
2.0991908837926827 -18.678058783099427
2.5857744599928347 -19.551692815960024
3.4612947467563617 -20.034874176802422
2.5222498903679327 -19.691079532151818
1.610393192936414 -20.101588196310423
1.9939814965807656 -21.02509239949915
