0 0
0.9759763825623695 0.21787634263607264
0.7874302188681572 -0.7641879852753912
1.6798715569104314 -1.215351434762731
1.0444040212308559 -1.987479022080609
2.008674021133176 -2.2524004581486996
2.996374520280981 -2.0960427785062294
3.8987995339553323 -2.5268897289362475
3.0858042554654386 -1.944619450497497
2.1814596293889172 -1.5178164546240887
1.5052227389674915 -0.7811322155954799
0.5224539155858011 -0.5962932592335486
1.4659713575142441 -0.9276161180537746
2.1540831692105122 -0.2020114497914487
2.6159794769464924 0.6849224828663727
3.6032285321892408 0.5257392459276147
4.393419185933356 -0.08712185639121262
3.394067405058977 -0.05112160551419916
2.436047083999417 -0.3378219097291359
2.0964640323809807 0.6027541643092751
1.4189320097545277 1.3382474398160658
0.7297667633403702 0.6136432284462218
-0.1959922485254495 0.9917573011137453
-0.23979164050385338 1.9907976472771634
-1.1506833812800619 2.4034430599327368
-2.1472257043246605 2.3203563679726256
-1.2368385062810445 2.734113723965596
-1.5991582908237492 3.6661675709770916
-2.4192526657465443 4.238395861277379
-1.6239934308281827 4.8446653964488755
-0.8838816214141556 5.517149232363089
-0.21088134210500886 4.777507005303404
0.7213744119663058 5.13930696246333
0.3777733231822243 4.200191265764359
0.6093739305398898 5.173002223079068
0.33989483265522974 4.209995984364453
0.45160061494887627 3.2162546607785996
0.47500099500904885 2.216528487162524
-0.5225042907865147 2.145936668869531
-0.5319502396310194 1.1459812828395208
-0.06713908076730357 2.031391123871215
-0.9640951922761433 1.5892715314225856
-1.7946727535782037 2.146174498429875
-2.4636432979964376 1.4028855837400542
-1.6139350607051912 1.9301387596237118
-2.4280418910398183 1.3494236239483044
-1.5352726421499605 0.8989093974951998
-0.8258835568592537 0.19409231081922085
-0.8846120538821842 -0.8041816814481464
-1.6464694808078626 -1.451926431359857
-1.8763246710924018 -2.4251512725446975
-2.0568990189535126 -3.4087126101818246
-1.0633884365609378 -3.2949728955964304
-1.547844409026621 -4.169788539456512
-2.4921994290564413 -4.498716489233478
-2.3402721207132644 -3.510324819408404
-1.7759746865281878 -2.6847532563249006
-2.019095406727144 -3.654749295187916
-2.0530723533663457 -2.655326678325021
-2.5475137671219152 -3.52453763566702
-3.0171730817028433 -4.407385373517309
-3.253900659766869 -5.378961440423005
-2.65026592194026 -4.581700439690497
-2.207606192826898 -5.478390109655131
-1.6326219302906875 -4.660225640959692
-1.2351280396586894 -3.7426208202932805
-2.221418801775153 -3.907637584786243
-3.0515355947150873 -4.465227138202659
-2.0564376473876873 -4.366332875351899
-2.950162232337938 -3.91771681873388
-3.8929990864764026 -4.250971475833047
-2.8940688523999882 -4.204728774267932
-3.5384708012689745 -3.4400418263645087
-2.64046543762017 -3.0000573188440973
-3.1636090828649843 -3.8523018415252164
-3.105272708470375 -2.854004857946436
-2.3041334335572583 -2.2555269033050926
-1.7372863565664445 -1.4317038693305806
-1.3306522257045499 -2.3452949614599814
-2.330635823786363 -2.3510224013200522
-1.339474984663175 -2.4836881127477506
-2.306781760939701 -2.737297261970556
-1.553295322880587 -3.3947607116474097
-0.9681504149065919 -4.205689461089742
-0.6662008896773912 -5.159013374675182
-1.39981361067158 -4.479445588802792
-1.4552167184803688 -5.477909657082231
-2.4323884058600207 -5.690360812371168
-2.47413969448887 -6.689488847158417
-2.2511870009939496 -7.664318112447145
-3.2078610045497675 -7.373156901224766
-2.2147625645510454 -7.49044069580912
-1.237740956004005 -7.277300421735557
-1.558534953618524 -6.330151430766081
-0.5594998832757688 -6.2862318653624225
-0.09112190698093847 -7.169760060340918
-1.090486221773416 -7.13410944576891
-1.8438107755987914 -7.791758376889306
-2.789902997063339 -8.115655750272106
-3.585183146670199 -7.509413650413237
-4.5797895680791925 -7.613134749963885
-3.819198416976306 -6.963903588616876
-3.558541970313466 -7.929335210645647
-2.8681438935440164 -7.2059055350081005
-1.877021305025064 -7.338856708479759
-1.2999899505968955 -6.5221347141592965
-0.4833226927036608 -5.945025894364325
-0.050770347544462746 -6.846634716801904
0.5583297696924411 -6.05354137602669
-0.41516893545858435 -6.282233901198102
-1.415164718466655 -6.285138030340546
-0.4370403215132801 -6.493158856424371
0.33331416243940903 -7.130774703979924
0.49335950623412544 -6.143665040401641
1.3006853950272161 -5.5535591945701945
2.2229068282359568 -5.166897031784105
1.79428390094284 -4.263413558665377
2.7850573507790983 -4.127885070517831
2.0787411933023803 -3.4199885486395805
2.835463924783384 -4.073724510370255
3.5721551662459143 -3.39749524839441
4.441082838680077 -2.9025561611542248
3.9937869116524665 -2.0081701406549604
3.1661990687872823 -2.5695063699701106
2.2135143191872007 -2.2655462280445127
1.260965409717871 -2.5699317977891885
0.4799610068499407 -3.194457315843421
0.11078398219375046 -4.123816409233055
-0.1984582661594168 -5.074799706580321
-0.33555277270116846 -4.084241734386834
-1.2442251370172235 -3.6667318131534925
-2.178142360374689 -4.0242211415484554
-3.020782309364399 -4.562698547171587
-2.834469921297433 -5.54518910389607
-2.5155246183153275 -4.597415980355604
-1.5332737498533544 -4.784987916971131
-2.053342182519844 -5.639112512884292
-1.813275660547867 -4.668356073282536
-2.565813492560479 -5.326905093014369
-2.6312356807054003 -6.324762766882907
-1.6857541803382485 -5.999086958043074
-2.1187749827056743 -6.900470885521854
-2.8041017601261036 -6.172235203787892
-1.963839347260942 -5.6300552728369055
-0.9956133159349071 -5.379978580075193
-1.9429729040293937 -5.700150113546619
-2.938834242660911 -5.791035724173618
-2.984591795662815 -6.789988298795295
-3.865200850839768 -6.316144767721636
-4.319578167153106 -7.206954093234054
-3.657272093240241 -6.45772070872818
-3.4079897593061763 -7.426151562216639
-4.407255448973921 -7.387836011159069
-3.4239172273290683 -7.206050583106273
-4.361316727641603 -7.554306490182965
-3.834756849421511 -8.40444453464918
-2.834757023268402 -8.403854879027577
-2.0023530149707107 -7.849685620614647
-1.9774450294712116 -8.849375368615673
-1.160307279331842 -8.27293291936582
-0.764569540433236 -9.191296486811424
-0.3832521888586254 -10.115740685986326
-1.1028105029129256 -10.810172707623673
-1.6090488473758895 -11.672566317639076
-1.8132920331290552 -12.651486498794515
-2.3551749898073266 -13.491940460211566
-2.3238059275317577 -12.492432590341624
-2.8758312793723277 -13.326259917145737
-3.164744989039692 -12.36890477490946
-3.8885072096732674 -13.058954228197814
-4.887983615445031 -13.091310283358418
-4.0475124199768615 -13.633166509296908
-4.2339192770664855 -14.615639146895518
-4.676726355217024 -15.512256061491591
-4.488463573930185 -14.530137369488356
-4.010338859308562 -13.651845415029024
-5.002079371798475 -13.523584914927687
-5.76997365462429 -14.16416150707216
-6.301960618715837 -13.31740896350547
-6.573113900168549 -12.354872783428364
-5.576240214934683 -12.433884527417792
-4.612893182315483 -12.16562626614
-3.612944358281588 -12.175743049879427
-4.2420400341986895 -11.398415171476495
-3.6954643463494765 -12.235824878520878
-3.496652240397563 -11.255787253464081
-4.491300403889493 -11.359107294415145
-5.208475167430491 -12.056000656802759
-4.720918016241268 -11.182909582329856
-3.9705221957519914 -10.521920843702468
-3.0071987707433596 -10.790263868261778
-2.009601681117119 -10.859546238091735
-2.4528498651021504 -11.75594517126489
-3.417547465503189 -12.019305266534614
-2.440682169558533 -12.2331608102527
-3.013566617615881 -11.413524665872751
-3.7799576156169596 -10.771150290463122
-4.098358979354456 -11.719106287105426
-4.671805876488793 -12.538349020467768
-3.9235241220000523 -13.201730069261938
-4.813829211712782 -12.74636554799177
-4.1623329366938036 -13.505017380940453
-3.2835077074843575 -13.027873569804894
-2.360896274308356 -13.41360423150153
-2.487892162064017 -12.421700987987753
-2.3824844738914943 -11.42727189585794
-1.561881103174549 -10.855773769904768
-2.47845716379782 -11.255634151903694
-1.9460295453235807 -10.409158617061811
-2.9444777710984633 -10.464846501264647
-2.954565748627501 -11.464795616324695
-3.4078117086893114 -10.573410121890525
-2.408414606696546 -10.538690782489235
-2.7839254929775183 -11.465508765851922
-3.566688215227677 -12.087829037621628
-4.368302953010142 -12.685669996547954
-4.7269918227798495 -11.752212823077564
-4.583533957110168 -12.741869248700871
-3.6845964603737964 -13.179946156288278
-2.735223656993414 -12.865794472858642
-3.5430383682138706 -13.455230976933347
-3.9908460074916414 -14.349360899374414
-3.758606047428099 -15.322019421647099
-4.7357746634302735 -15.109554140011731
-3.7527965930546534 -14.925831215038766
-4.535409254180891 -14.303322241091475
-4.413461783012264 -15.295858796728384
-4.628349355262683 -16.272497589369923
-5.50944152114161 -16.745442189959444
-6.277272651626824 -17.38609447869164
-6.363795777451177 -18.382344321199824
-7.088681183157338 -17.69347484982356
-7.832680442859864 -18.36165529069421
-8.831985055225648 -18.39894190631527
-9.65916778974934 -17.83700888209805
-8.968048784780471 -18.559749859883897
-8.509896080016652 -17.670876359819015
-9.377498017460777 -18.168135726893386
-9.46697147420592 -17.172146519854437
-9.982154338671803 -18.0292268055691
-10.554814704604086 -18.849019526499397
-9.607900883663326 -19.170507031250935
-9.751566930309833 -20.16013325717715
-9.121428943932688 -20.93661643028817
-8.3729545373676 -20.27345275311862
-9.278253046781277 -19.84867680175911
-10.207041092138276 -19.4780654597822
-11.013984029198026 -20.06869486671127
-10.239004129070288 -20.70068074819756
-10.05820338586356 -21.68420049444361
-10.340099977163396 -20.72475570092314
