0 0
-0.29274377308843047 0.9561909240930649
-0.10768056735076212 1.938917544207783
0.5512463356632632 1.1867105670503353
-0.40727426877650086 0.9016873208678013
-0.4060627304638042 1.9016865869549906
-1.3394072596909068 2.260668466388811
-2.329872403542755 2.3984320276615114
-1.4643639006654103 1.897537795865
-1.8019348330704623 2.838837889137695
-1.1759634957455303 3.618683953978466
-1.61978860727416 4.514797378929012
-1.0156581225462453 5.311682789400565
-0.2182085899579218 5.915068439689552
-1.2180721795493996 5.931585164826366
-2.1662485289323556 5.61384059686208
-2.7784717834044095 6.404525544665974
-3.5234458891147002 5.737432161531984
-2.525650933114849 5.803804036458456
-2.9686834025016253 6.700309603127764
-2.86679968081363 7.6951059175836445
-3.7234169094517213 8.21105836074134
-3.2248958801042082 9.077935966461027
-4.207699105739795 9.26259191594624
-4.907596133095438 9.976835677626196
-4.149074786996199 10.62848387068116
-3.323593689650757 10.06405410718054
-3.9491136626051446 9.28384595326574
-4.707542294320456 8.632089855791815
-5.57314287773858 9.132824945421255
-6.164518914562633 9.939220867453527
-6.584168864187894 9.03153484256413
-6.709560901278458 8.039427571633068
-7.602603184249666 7.589454815984938
-6.7946926919947455 8.1787600310513
-7.73161636119959 7.829226001114685
-6.758349776339355 7.599547628614147
-7.204356205190046 6.704517871888789
-6.2149248585317665 6.84951997618381
-7.2139248645055805 6.894230020517497
-8.172522642892254 6.609466435640262
-8.177088108395045 7.609456013848327
-7.936538564969631 6.638819152216839
-8.244844458977232 5.687531879243961
-9.115797300235332 5.196165266311783
-8.270022654576234 4.662624969089327
-7.270832082948353 4.622398092875203
-8.211504136312014 4.961715183544968
-7.990146400029385 5.93690785814206
-8.11041097754524 6.929649733653985
-7.194059056261735 7.330023504473241
-6.752641889206415 6.43272150145037
-7.66276317805848 6.018379565872694
-6.669355909854519 6.133018126050079
-7.667566642362727 6.192812218613025
-8.41209937518814 5.525226261786848
-9.412097363621923 5.523220488023822
-10.111971682002075 4.808954474222298
-11.090544971835335 5.01485327563918
-10.219191650766975 5.505509356680818
-9.933274627674527 6.463763736219963
-9.701084162815098 5.491093397395774
-8.834848675341236 5.990729345102623
-8.456151905077382 6.916250147781701
-9.213303545986982 6.263010993514368
-8.620889524043646 5.457377313356369
-7.644167918533552 5.242866462046269
-6.902684198939467 5.9138373210088035
-7.503749139860432 6.713037506691764
-7.22424239136495 7.673181234237533
-7.748105429315432 8.524983745075163
-6.913553775161821 7.974054043071838
-7.492702687869737 7.158832271460432
-6.79581635213743 6.4416506800419135
-6.257491252176857 5.5989134216081595
-6.439685594039715 6.582175961214525
-6.653999081480094 7.558940891533557
-5.6952531013154 7.274676673739548
-6.593170548897857 6.834512775484585
-6.921648347294931 7.779024467291633
-6.786006622758043 6.788266513720399
-5.962297049387056 7.3552784525162105
-5.267566298093593 6.6360085565750415
-4.267743301432846 6.6171943239751165
-4.625013012789046 7.551195583796247
-4.265266262331168 8.484245569346323
-3.3353735790548344 8.116414633196111
-2.385091921643164 8.427806302299395
-2.0087156867289515 7.501339395285549
-1.047205195311478 7.776107615598832
-0.10846625027562629 8.12073668151315
0.8514408496676203 7.840418363384375
0.1878002951122988 7.092366751295005
1.1330518344286642 7.418709404682578
0.713933231765709 8.326640898189577
1.1078801957192441 7.407507725253363
2.1051755917011947 7.481005297684056
1.1110252605820188 7.5890104787432655
0.4553260144653153 6.833988294538068
1.4109216902433679 7.128669316041468
1.133831306114975 6.167825458266658
0.8688891337218232 5.203561155656841
1.6261056296284995 5.856725130724982
1.2302449008670715 4.9384145713691225
1.819337745905066 4.130349215147832
2.730053597960369 3.7173157578889997
1.9391686120464957 4.329280576367981
2.470057506419024 5.176722009053399
3.405288392107732 4.822683606540458
2.701910317501483 4.111867678072894
3.4424454511696103 3.43985003261771
3.7510300054358274 2.488653116691087
4.738416712294627 2.3303259518755226
5.2868083744638215 1.494104339584075
4.838719907651029 2.3880935598263333
3.9590347381037065 2.86365007852679
4.11079618850427 3.852067228404471
3.4623024548849832 4.61328722121635
4.428506721599662 4.871064867614071
4.336854905397267 3.875273752677408
3.38703386925238 3.562479891969348
3.6807131958194463 4.518383889841056
2.982498950564125 5.234272755324059
2.044903615644567 5.582001080223085
1.0757461278204457 5.335558868346877
1.9170681541154178 4.795024643647901
0.9285836722759948 4.6437023744253985
1.0209963458723368 3.6479815813519707
0.11631061809771959 3.2219020888145904
0.5593194221085213 2.3253848276484046
-0.3498901602965331 1.909046101053308
0.05055396396020123 2.82536728019753
0.4631019443068027 1.9144314076401145
1.4610095957285856 1.8497760193583845
1.7303701406249665 0.8867366136988213
1.6804213250889062 1.8854883925841182
1.2479182930111306 2.787120871615087
1.2201087821437377 3.786734112376391
1.5299028402251587 4.737537794309441
1.9983694295006915 5.62101900788025
2.648532566821755 6.380813647811877
3.615034630504039 6.124154806355193
2.8001363263547923 6.7037587693287755
2.7215812816711336 5.706848991588208
2.149263558995504 4.886817026167725
3.11183808809391 4.615799912444288
3.965820532900619 4.095498092380245
3.0722307492275513 3.646613587729973
2.13020465562629 3.311073964176588
2.786594369856309 2.5566519714874603
3.0631148645706014 3.5176599922671845
3.320760411824205 4.483899492588089
2.538081756713276 3.8614734947106317
2.834808701537612 2.90651112884734
1.9192241396510326 2.504385638440477
2.3346699115306553 3.4140035860576865
1.334684432722546 3.4086145070160896
1.8944268180206874 2.5799478296959824
2.7655422147715267 3.0710261997588755
2.2615639965347967 2.207309836857876
3.1860901238128982 1.8261911677006752
2.5404418771988397 1.0625562145691467
1.566387033948969 1.2888683051464505
1.0766398767814582 2.160732814142167
0.33014477670877707 2.826123725988337
-0.4133784774929178 3.4948338055155728
-0.5130791717033071 2.4998163325162457
-0.5904753530201831 1.5028159157071226
0.28689186263462985 1.0229963987071145
-0.3205618358791641 1.8173514856562147
0.4661839270171564 1.200074315687418
-0.473750371302592 0.8587189072900085
-1.137867777812311 1.6063472042202442
-1.9348307612249638 1.0023190566393523
-1.8839867724787511 0.003612448666632906
-2.8185097897630076 -0.35229024894316174
-3.1989440533653197 -1.277098213375436
-2.8616979125701922 -2.2185147208357594
-2.304321210116883 -1.3882549954712955
-2.205144175084274 -2.3833247999182703
-3.190044329329674 -2.2102014734501516
-2.2821787390021595 -2.629462811876763
-2.624903243946317 -1.6900268567894656
-1.6344412787403995 -1.5522404442502342
-2.1727549559640207 -2.3949849992097922
-2.8846767672147506 -1.6927262615172802
-3.591642462445062 -2.3999741005154087
-4.088669493044486 -3.2677091584988465
-5.032405662924415 -3.598408480633565
-6.005932091087982 -3.3698339989714903
-6.056539927891213 -4.368552601408682
-7.034368718575339 -4.577958561470036
-6.2672961675090635 -3.9363981968895274
-5.310141555479867 -4.2259755590420935
-4.486294387250974 -4.792787559092582
-5.464432739120382 -5.000742757638322
-5.139347594766586 -5.946427508980158
-5.256804365303011 -6.939505505441239
-5.94386229058049 -7.666108152913298
-6.934738697693796 -7.5313344691830375
-6.829631509946644 -8.525795367903488
-6.0608878619840425 -9.165352405013667
-6.422406176880617 -10.097717412934031
-6.171753242813632 -11.065794427764779
-5.445879936597623 -11.753622853553535
-5.839131172492647 -10.83419179824431
-5.510819770461856 -11.778761342161843
-4.64884153007082 -11.271816065931386
-5.3286595491578845 -10.538435222900604
-6.1117324442333665 -11.160365155447755
-6.812243902493182 -11.874006309562837
-6.474598341743141 -12.815279636129457
-7.451069306344789 -12.599630719392259
-7.762018355935348 -11.649204136978485
-8.712759779351295 -11.959189210491742
-7.74808517659788 -11.695744888475605
-7.839084327529758 -10.69989391843557
-6.958663282192129 -11.174086688231355
-7.463660353176414 -12.037207744802965
-6.769533804120076 -11.317354750160906
-6.621073759158346 -12.306273156830516
-5.680451215192854 -11.966818845053679
-5.047101825990229 -11.19295286751192
-5.886960926400432 -10.650148398611595
-5.082422216175516 -11.244048612241484
-6.038344234510528 -11.5376692771517
-5.497551759864757 -10.696513227796704
-5.021760281786799 -11.576071338093227
-4.071435388747547 -11.887331032994343
-3.190548637429063 -12.360658120061592
-3.401148698576891 -11.383085813659385
-3.66796926000695 -10.419339587727398
-4.54075989638795 -10.907434358284972
-5.349883144266091 -10.31979537919736
-6.102627161149379 -10.978108712684092
-7.101871943510254 -10.93925173230002
-7.858090492421798 -11.59357084884952
-7.664946278761897 -10.612400469797187
-8.471381289057831 -11.20372320246438
-9.341467813635115 -10.71082418669236
-9.784617370595834 -9.814376491527986
-10.365090371469849 -10.628655986085178
-10.68120042730738 -11.577378512748478
-9.681216135185771 -11.582983466811163
-10.070266698534752 -12.5041998687265
-11.070122969550876 -12.487245892504651
-11.939536015912143 -12.981331871679147
-11.497811925176709 -13.878482822001308
-12.370156201364669 -13.389590744133294
-13.330135286373963 -13.109519045554663
-13.89441511297488 -12.283935447551869
