0 0
0.12228039465974352 -0.9924955944898987
0.5340223830645383 -0.08119513087514452
1.5311840656863243 -0.005905166664177591
2.3630107073209228 -0.5609406954971569
1.4589392859025665 -0.9883221000699256
1.2088818677049513 -1.9565531094908917
0.32662101023559875 -1.4857922579139549
0.8124259900186817 -0.6117250284527661
-0.03241364639632893 -0.07670541316548274
-0.13720859006040226 0.9177884378876264
-1.099239225185054 1.1907299281042278
-1.7197820458925246 1.9749024905344725
-1.2920060222121397 1.071017722677309
-1.3865065438622377 0.07549291062697172
-2.272451380197354 -0.38829771775090305
-1.3586824258328503 0.017936571840216686
-2.080097538495906 0.7104394492503765
-1.9986663978241264 1.70711841929484
-2.566554227717943 2.530224373992345
-1.8799601343677024 3.2572653294938636
-2.233114865001108 2.3217004005705704
-2.069937089040711 3.3082970828235663
-3.037852779039755 3.55957226475301
-3.6881353590419597 2.7998798492678505
-2.8181147280937004 2.306864533355258
-2.237213973568465 3.1208389269279384
-1.4743830693415854 3.767436956275694
-2.3129100277065264 4.31229706685018
-3.005787844292117 3.5912420541891588
-3.0861660793031915 2.5944776189606014
-4.039918578251133 2.8950706507337225
-3.2242084996984692 3.4735315982034773
-2.5855767504323444 4.243044098965674
-2.1404775736177397 5.138525378948099
-1.2683440353914495 5.627793292775372
-0.2889470366478939 5.425848946847799
-0.5361382581457804 6.394815664549899
0.4614954434491507 6.463568827691648
-0.5214363761878642 6.647539037087264
-1.470125825105776 6.963748349903677
-0.5742047440906404 7.40796160566342
-1.1528100473079395 8.223569295112714
-2.14050075177526 8.379988834521471
-1.9000853093669774 9.350658920107522
-1.8798281294797334 8.350864117829067
-1.0058906758011181 7.864825717023392
-1.8367911990357992 8.421246709158245
-1.982745092246438 7.431955315757566
-2.4208450550858225 6.5330290548439525
-2.0789351792231208 5.5932963073100845
-1.6580051800085038 6.500389431394477
-0.793997060893079 7.003867305886123
-0.9413002968207642 6.014775926545855
0.018497335276296267 6.295468828880196
0.6259182555130437 7.089848980733667
1.613428075021118 7.247406450804528
0.9438481798185878 6.504666412877011
0.14635871301281422 7.107999281477623
-0.2770933663024259 8.013917785827545
-1.2471016154546708 7.770845787076976
-0.46755577311505303 7.144500610923271
0.0710110313243415 7.987083424156451
-0.7853559404642091 7.470715716384452
-1.6994428223293188 7.065197316799278
-0.9540279127304494 7.731798106288541
-1.8348473901690594 8.205250372271896
-2.4081694156562854 7.385920246442738
-1.928060118440575 8.26312892328482
-1.1941653589408858 8.942392113792662
-0.19421155884284658 8.952004484441495
0.5822838319498846 8.321881553516391
1.483981671263578 7.88951480343376
1.1703008258869438 6.939986327165776
0.9470926221712819 5.965215534725815
0.19910556570514526 6.628928848860107
-0.6742305243949132 7.116046980044671
-1.2814609813455824 6.321521227062755
-1.346515985600687 5.323639547492793
-1.8285109142373046 4.447465541505066
-2.66101652619429 3.8934489297864956
-3.567412482353367 4.315878060716729
-2.6689696201405018 3.876787610651194
-2.4707696670189816 4.8569492190518835
-1.9247195629223866 4.019196699619028
-1.2369896640556473 4.74516335601913
-0.3902608856210177 4.213138567338565
-1.1522649262125397 4.860710835214665
-0.46815072063693797 5.590085741370383
-0.7003694743000246 6.562749326813553
0.1847643494246909 6.097412766785799
0.6904656235884563 5.234704113004498
0.09479865236136031 6.037935623460318
0.9277398555874631 5.4845741213947585
0.4238192397496273 6.348324092702206
0.7933528201871081 5.419106716127136
1.0228334539387332 6.392419943579096
1.7486910706996261 7.080264926253387
1.148486453976913 6.28041842968999
1.8063260260912868 7.033576512273174
0.8994260001421993 7.4549223831839315
1.7782362875816857 7.932093713725203
2.0353769777765702 8.898467691772057
1.6066156149539985 7.995049907050873
2.0280579421339273 7.088194700934062
2.1294558709458835 8.083040648823808
2.949148561340655 8.65584418697051
3.215397524227615 9.61974848188864
2.2306166538324312 9.445947914272468
3.1265911165995286 9.890053489636268
4.125612557592154 9.84582498709527
3.126238353358389 9.810452682786263
2.126238421590108 9.810822092360318
2.2824575903394453 8.823099676235593
1.528250825797524 8.166462671247901
2.519541477621775 8.298154901868585
3.4400586772596013 8.688856943290094
2.7922710629767153 7.92703596249363
3.753872548813974 8.201485561574366
2.9210610640567687 7.64792885187201
2.2712408867772096 8.408016831779838
2.8095138562366797 7.565246275608537
3.1267640967542354 8.513588136380038
2.78601340170302 7.573434444783758
3.7506685570317186 7.8369499686106545
4.076246596404083 8.782465140502913
4.674232590612146 7.980958589855325
4.81515705681547 6.990938239142619
4.455299817473454 6.057930861201189
4.670941560299376 7.0344034100990065
5.360210893929502 6.309898209484765
6.2790864275531355 6.704445739838059
6.633867563232363 5.769496358445592
6.177123955018933 4.879897979200116
5.77682033215515 3.9635154119706155
4.7778357838201275 4.00856951486781
4.25724512153044 4.862375911152579
3.9205813939953056 3.920750967471631
3.974285583099415 4.919307856222928
4.6498899613220495 5.656572207813595
5.404540397711788 6.312699267807905
6.040456358702894 5.540940956834348
6.925613706988921 6.0062327671805535
6.8177940312387575 7.000403234213813
6.7745634005795505 7.999468353499242
6.14710475258223 8.778118239554184
5.1476095776089394 8.80988922010423
4.7012741444131905 7.9150234865587095
4.357997982156561 8.854258002761323
5.3543461266534615 8.939641695335393
6.047633175846208 9.660303243790432
5.066307583785941 9.467949189069547
5.334555021881131 10.431299235498864
5.7892584430980145 11.321942148642881
5.9643132169725215 10.337383452503467
6.323306290237144 11.270723676295423
6.849766423464201 10.420523859709611
5.946641097263155 9.991146816571234
4.9567129450600795 9.849576150556684
5.144756610456432 10.831736819645151
4.954980091695795 9.84990950645454
4.075231617578738 10.32534890563041
3.0813637353928067 10.435923010913934
2.71380304981669 9.505923471979202
3.708071159993887 9.399007967562557
2.8243489051761568 9.86701969427447
2.539320326978138 8.908500675365394
2.679393284829626 9.898641860489382
2.2957858500761765 10.82213811711519
1.4951852478275032 10.22293975623704
2.1071413567136124 9.432048031158965
1.1970879238376035 9.846538983183967
0.5384722464575474 10.599018477595084
-0.3907718445757681 10.229552079556417
-0.12272091009183356 9.266147337756642
-1.0593042813026399 9.616592181878225
-0.08342914634520371 9.398262795464472
-1.0742362683410045 9.262980693904812
-0.494937833874451 10.078096221805367
-0.16330302316487955 11.021504061674014
0.8223871257312807 10.852936774310583
0.4690472409887528 11.788431790785891
-0.5209213153862269 11.929719643727461
-1.4721754939625389 11.621311654626814
-2.299167369999001 11.059097783426811
-1.643202995922421 10.304305931362734
-2.071769473066091 11.207816182919773
-3.0347849151687796 10.938369976281484
-3.051418268485649 9.938508320072268
-2.411327821509108 9.170208756302138
-2.0751681266449866 10.112013757111148
-3.028393689842479 10.414273621576848
-3.123709265559783 9.418826515485481
-3.2329321107208613 10.41284380411527
-3.3275211413090098 9.417327397775127
-4.29067224547133 9.148366525990953
-5.2889942092959785 9.206273835937942
-4.957335549390613 8.26287438008174
-4.775697949374418 9.246239918556807
-5.658437335103026 8.776376984411666
-6.499707726911095 9.316991567887824
-6.681483745441163 8.333651606792294
-7.6474721674454615 8.59223692840519
-6.7044680283260965 8.259455928941962
-6.785647220895637 9.256155451713875
-7.688175849582631 9.686785309480813
-7.846051301522759 8.699326276571245
-7.788005000520142 7.701012384581399
-7.009745673810674 8.328955391859708
-6.058894825691821 8.019306131192643
-5.681217691883639 7.093368777697043
-6.100641705451255 6.18557833004801
-5.706294766351987 5.266616692316033
-4.790089171080846 4.865908185800567
-5.302611016458316 5.724582371979977
-5.418967661665905 6.717789868486138
-6.379800505518872 6.440661295124565
-5.452288307479076 6.066868407969944
-5.302820136661883 5.07810187035221
-5.062902350776362 6.048895080060533
-5.212187740674337 5.060100929408836
-4.216920578853106 4.962924406522333
-4.487920820567639 5.925503685849842
-4.907204409416533 5.017648371318946
-4.595281660808174 5.967755838346022
-3.827788356888575 5.326698876416291
-4.826657987492938 5.374232664991398
-4.960249128561915 4.383196133360052
-5.784509276653422 3.8169848580677215
-5.3828361300916425 2.9012017596589557
-4.419255505323421 3.1686197462852923
-4.089315026514851 4.112621483806771
-3.193298318919034 4.556641820851317
-2.2854804732224197 4.137277111994266
-2.3569853793924804 3.1398368639625307
-3.246552034465725 2.6830314719389694
-3.6172325994123664 3.611791892483923
-3.8104827079006194 2.630642364853563
-4.036151297358807 3.604846495275905
-4.928823178842503 4.055553619701911
-5.547783143869434 3.270131082659676
-5.953181906074451 2.3559911351666023
-4.990744045925684 2.0844890811186403
-4.096516926753842 2.5321025967072877
-4.335681534815878 1.5611235597293864
-3.638243954465697 0.8444780256504495
-2.78328521764366 1.36317404292036
-3.530319988271139 2.02795900926177
-3.7839748199782464 2.9952538073205828
-4.718049508713101 2.6381761184839863
-3.741705950849897 2.421951103698413
