0 0
0.5809087704882749 -0.8139686728430037
1.1877082856433556 -1.6088235957110444
0.9589470472024517 -2.582306156308297
0.9779465295192667 -3.5821256498528533
1.0764717932872403 -4.577260199750229
0.594082543463075 -3.701303230684922
0.03636792014053425 -2.8712704608907433
0.194363326618506 -1.8838306138459422
-0.4595597451992951 -2.640391659726822
-0.1545945547893594 -3.592755157892429
0.5721481751921196 -4.279664907727927
0.9821023867840715 -3.3675588040327367
1.2978291394943737 -4.316408959548879
1.7909064479163197 -5.186394458232258
1.1229180433134895 -4.442222776887043
0.3749809654548034 -5.10599241129661
1.320344945611498 -4.779975624884785
2.319578965804365 -4.819108384680147
1.511299385969024 -5.407907264452524
1.3721657974933588 -4.41763364339727
1.0580566754172833 -5.367020529460374
0.3395396915009664 -4.671511116279072
-0.1146503002284271 -5.56241596608788
-1.0510882659985847 -5.211582763177652
-2.037416390159923 -5.0467894638952595
-1.277290506091659 -4.397013625340577
-2.226593264591351 -4.711376906760141
-1.8095673308452422 -3.802482319592198
-0.9876940116642531 -4.372152616534581
-1.2398222138674901 -3.4044587756666322
-0.27159315476330903 -3.6545237454369546
-1.2710298172484644 -3.620962492770618
-2.1703960656811514 -4.058158502793713
-2.3452202279477286 -5.042758173872162
-1.8537023313409016 -4.171890699846865
-1.2212230036988276 -4.946467939446268
-1.2366440460482904 -5.946349028102742
-1.5847453265753992 -5.008892096561144
-2.583169806751495 -4.952780089066381
-2.4509394811715772 -5.943999106739583
-1.5342948747396101 -5.544295884962245
-2.533547011162683 -5.582963285365223
-1.6023545021630468 -5.218435493306837
-0.6027717416691414 -5.247319830297388
0.35581197071782256 -4.962508899421436
0.6049246944756553 -3.994034402667931
-0.3948812667175966 -3.974335672697761
0.5313286382814808 -4.351343911177506
1.5310822781690252 -4.3735398462018775
0.9019410688014868 -3.596248820474994
-0.09171578496171828 -3.4837941319582035
0.19554689372300998 -2.5259422888034937
-0.7682845809986343 -2.7924547431764566
0.14369551782716183 -2.3822202988087375
-0.5722547795732313 -3.0803715515128265
-0.2970830681978607 -4.04176664680859
-1.1261070434531453 -4.600979708576576
-2.084492399098709 -4.886457396118223
-1.7003195466227574 -3.9631962091183084
-2.6591364528076045 -3.679171315114071
-3.6269630671503283 -3.9307893680631794
-3.8995702226206195 -4.892914795846063
-3.9802052203125537 -3.8961710990276575
-3.016030589364758 -4.16143941797412
-2.261232136075807 -3.505482639738993
-3.2592389121878114 -3.4423757872226144
-4.250402168939449 -3.5750234350173877
-4.939769707422283 -2.850611675804356
-3.9599451630240545 -2.6507520695933833
-2.986907756580276 -2.420104707455496
-3.39105739253089 -1.5054118236081435
-2.6793211254198575 -2.207858608837354
-2.412002850014987 -3.1714669004343943
-2.433617980853458 -4.171233266201335
-1.953644232094652 -5.04851611711227
-1.4942271689026605 -4.1602954451798695
-1.7539977627443006 -3.1946250880832245
-1.508458782677388 -2.225238369963103
-0.6154435931066617 -1.7752118471936558
-0.7481046425512318 -0.7840503840806747
0.1471385596533895 -0.3384725469899868
-0.12499182690388494 0.6237878401777426
-0.1486695306544848 1.623507484050513
-0.5735004076614805 0.7182347483838152
-1.5734969640397494 0.7208591019429751
-1.7350418774073524 -0.26600625917020826
-0.7719474104283507 -0.5351698668039904
-1.4719181817432032 -1.249341358327483
-0.7161856452692156 -1.9042217545179576
-0.4849665930511083 -2.8771234709782383
0.5113269582475106 -2.7911051029352074
0.298203793903698 -1.8140797620048503
1.292929144557184 -1.9166540120255036
1.1597694130228386 -0.925559422242217
0.9633953285786783 0.05496962830076302
0.5343661198201805 0.9582602448976905
1.531984848170713 1.0272303314879379
0.9356392703975848 0.22450251219273376
0.5027587236615803 -0.6769487800341606
1.3512459327065387 -0.14773289205733775
2.1671254453164654 -0.7259548398450265
1.445598511392507 -0.033568471101178665
1.4210482098794837 -1.0332670670267805
0.6215286353302115 -0.4326270334687842
-0.37180166407017956 -0.3173234502931977
-0.5377725761622929 -1.3034540990103503
-0.89328216464659 -0.36878146514556986
0.08774468815850145 -0.1749095639444486
-0.5623335430080446 0.5849577227335441
-1.0347373349446176 -0.29642451974922057
-1.844941428000829 0.2897233520331155
-1.55428186132459 -0.6671031820364519
-0.9067151927885079 0.09490561699481914
-1.6037449293313315 -0.6221366037809465
-0.6102264461605726 -0.5084659233128742
0.387597729425062 -0.4425347878998646
0.8928612068872864 0.4204303436916616
0.048312543392714624 -0.11504846540308916
-0.9019151793493491 -0.42660468012594094
-1.136068620845884 0.5455949731528127
-0.20590559815032083 0.9127417438179699
0.7528208532488871 1.1970718185330482
1.3909416051959005 1.967008118453099
0.5213246015135705 1.4732812031379965
0.7893340545619669 0.5098649207985815
1.543625725365915 -0.14667454896373866
1.1958200388245592 0.7908920910195194
0.230207055952527 1.0508758738002468
-0.5204579190386411 1.7115589258921777
-0.11982390738624482 2.6277970983709866
-0.9489605907971485 2.0687511608825124
-0.06207244397549261 1.606766945754713
-0.35067728006413573 2.5642152464927985
0.12456363395917874 3.4440709583218942
0.23760314663473037 2.4504804649222875
-0.6257418556145866 1.9458663479069915
0.3596836744753247 2.1159737394189926
1.323346460868234 2.3830954984006487
2.178221331637656 2.901929725612929
2.530254446650215 1.965942179790574
3.499107302697783 1.718305059535007
4.195772168209542 1.0009083316629859
4.562643748532448 0.07063673500350831
3.5626442764915076 0.0696091563735591
4.562353987751417 0.09370258312500061
4.085530053063795 -0.7852962424197286
3.9332721487163 0.20304455435216884
4.657161433286978 -0.48687160264355767
3.8044684158180937 0.035540703834580634
3.099568648053821 0.7448476313390806
4.099413574449395 0.7624579453916426
4.570487276844686 -0.11963590840827631
5.49806949221966 0.25398319404776165
6.413253265086629 0.6570199937087586
7.0663664929658205 1.4142802604395723
7.840851095802689 0.781687500467868
7.748636317220589 1.7774266403087473
7.255129142332697 0.9076849152350495
7.951562604877118 0.19006354414275273
8.362936789445792 -0.7214030105209165
7.4789636482755135 -0.2538653268102333
7.243122978496282 0.7179264093545086
6.431188775662412 1.3016753710396909
5.720112838173186 0.5985601520863404
5.74880237629758 1.5981485225680148
5.234769693486312 0.7403779232806239
5.497034945169434 1.7053737459449447
6.250728622667656 1.0481478787583236
5.370369218669382 0.5738406789481107
4.3800817232643565 0.7128754819452072
5.02849768885264 1.474161719552465
4.105807813461572 1.8597047052892273
5.02465261104655 2.25432381018789
5.964938196261664 1.9139372384247397
6.104025715296812 2.904217331150352
5.120389213340621 3.084381789408326
6.059112003036339 3.429054857845489
6.483072916967685 2.5233743714384462
6.930369564457475 1.628988711253538
7.927718519588155 1.5562215366502843
8.51273492721216 0.7452000802074195
8.074616898360649 1.644117536259568
7.377365909987226 0.9272904586374362
6.861832965313916 1.784160217093449
7.600066872935603 1.1096154093618844
8.462189213274343 1.6163155872667812
9.130374678213286 2.360310334858677
9.190993529120023 1.3621493483866818
9.061289155698532 0.37059663898826645
8.259482834534964 0.9681806275138499
7.441892028958335 0.3923809447798642
8.419911534567248 0.6008943655673415
8.751080697010533 -0.3426770338755484
7.955419486138176 0.26306485629974297
7.274170059908573 -0.46898652117443196
8.210139788427895 -0.8210670052905895
7.752982075722277 -1.7104526503927393
7.688576263419815 -0.7125288600451697
7.686899974114189 -1.7125274550712646
6.91021604130325 -2.342417976124989
6.047188675643149 -2.8475751458472307
5.104673550230839 -2.513411655368368
4.127724155390653 -2.7268826836635323
3.987273441317771 -1.7367950123351708
3.0078990102560206 -1.5347412477514022
3.966580332180545 -1.8192234492914046
4.679324463556633 -2.520647574331986
5.4354186307100205 -3.175110415444165
4.439082172831478 -3.260630370437367
5.015529626704701 -4.077764590087406
4.618827782757983 -4.9957121087448035
5.530852760624603 -4.585577448239999
4.643212708410748 -4.125039569552713
5.125866504486272 -3.2492283381027574
4.605387149433571 -4.103102591704495
3.6190888605800797 -4.2680743632433735
2.7569000690666745 -4.774661461172894
3.539496056119229 -4.152131525306965
3.0488579192672414 -3.2807681001700075
2.31758513706805 -3.9628532253667488
2.2518626758793596 -2.965015283566929
1.2518629591359187 -2.9657679541710187
0.3276613385995979 -3.3476728698215488
-0.40319415266893555 -4.030205104139189
-0.09638523242966396 -3.078433972794257
0.1586672008346487 -2.1115067489113253
0.24098790288047559 -1.11490085789187
1.1540558731098127 -0.7070934502332079
1.2024671680712697 -1.7059209360985874
1.1248891629588944 -2.702907221421903
0.7279141588017194 -1.7850778004103458
1.7014498847982935 -2.0136126778543
1.3325318522881622 -2.943074611065582
2.328901831240221 -2.8579460903273852
1.3322025056106295 -2.9391277033288357
2.230768839513439 -2.500289984375161
1.8805215659286756 -1.5636327112242823
0.8923263956574767 -1.7168329248425283
1.1998299219621114 -2.6683798660441775
0.28787216254765846 -2.2580957632035106
1.0331706224312494 -2.924826747705617
2.0232259882804398 -3.0655050066983476
2.4646487865275812 -3.962804239500685
3.4637396008409285 -3.9201715671156183
2.7422651558719213 -4.612612629774862
3.2713240045524303 -3.7640274928364086
4.2188917484446335 -4.083582450136463
3.9840118604715977 -3.111558048063257
4.756892514786287 -3.7461094598386127
5.493417639862548 -4.42251964613935
