0 0
0.4862182457567053 -0.8738374090717747
1.3386448586146855 -1.3966842984107772
0.825712905095525 -0.5382550287216445
1.7343937944616892 -0.9557463954595887
2.182337037972823 -1.8498083902858564
1.3053973387710722 -1.3692079700156046
2.172723427541335 -0.8714676202965184
1.5989664690731835 -1.690493231989691
0.6514285206768198 -1.3708499365042235
1.1833961767262224 -2.2176146103760757
0.33066888250945203 -1.6952582552910194
0.6854513200136565 -2.630207142684643
1.5444944248032706 -2.1183038860888095
0.7279450542736585 -2.695579492266391
1.54559859898088 -2.1198689045335306
2.503065423584817 -2.4084122804458086
3.4772014615920788 -2.182449939655325
3.921297252374373 -3.0784292522565977
4.045527299411975 -2.086175809121712
5.00331176014768 -2.373663072793017
4.109694426098239 -1.9248334165910566
3.4449802575748665 -1.1777356491172928
3.8368174317460433 -0.25770106882286337
2.8413950071423533 -0.35327405975707615
2.3681379769799573 0.527650331664724
1.917625622952085 -0.36511986209639447
0.929920521242206 -0.20879125928719108
1.2595691941447607 -1.1528949360375702
1.8775358172545271 -1.9390992687159851
2.6463848811876014 -2.5785295752304913
1.7236780472668822 -2.9640319729351
1.5217282166592812 -3.943427840762589
2.520851056406908 -3.901552417246667
2.9732014745232735 -4.793392705207437
3.9726532733040196 -4.7602852753172895
4.420408273414222 -5.654441559126956
5.065721696068347 -6.4183594778475594
5.230801618796257 -7.40463967085163
5.654590499231423 -8.310400668477111
5.1109540722182984 -9.14972148629614
6.1085473673664135 -9.080384501392516
5.460668792995973 -9.842128128127735
6.095165153538151 -9.069202278864864
5.988822099188701 -10.063531778976186
5.154879152015592 -9.511681109990246
6.154877681682784 -9.509966273713825
5.211470071777437 -9.178330808824015
5.46327774143034 -10.146108106296927
5.76217927101451 -9.191824146664239
4.851041486406626 -9.603925999923645
5.262265192059099 -10.515460455613306
5.2604219565354065 -9.515462154373347
5.062914068298413 -8.535160856769307
4.225808312021531 -7.988119767994334
4.3799575424036785 -8.976167345175003
3.413453237758093 -8.719516942678624
3.7312436749639883 -7.771355965828972
3.795233186085402 -6.7734053946750485
3.4817727378496874 -7.723006651725536
3.543305617047495 -6.724901594741238
3.238795046660472 -5.772392638078587
3.450552460155805 -4.795070379133378
2.4855464107467293 -4.532842759299218
2.7422495371226727 -3.566352456756654
1.9011822127104505 -4.10728291051764
0.9799525516064501 -4.4963020765007675
1.7169384902885296 -3.820394001253183
0.7317456189278955 -3.6489442820344307
-0.2253992481730549 -3.938553852633028
-0.5303132501541501 -2.9861739644603134
0.44665356075011564 -3.199565272604644
1.2263830138151572 -2.5734486859988497
0.48093540375847343 -1.906884465041275
-0.1323748456503343 -2.6967265618999487
-1.1022043764780756 -2.940510649023049
-1.787507932181247 -3.668768183512456
-2.3083554362161767 -4.522417922890724
-3.1544295627001926 -3.9893526618819894
-2.1642446464418077 -3.8495891773290642
-1.2719115280845705 -3.3982117234361513
-1.499878367468954 -4.3718806200026865
-1.0028477246410499 -3.5041476310653747
-1.994722412216106 -3.63136635668344
-2.171685266991753 -2.647148825834871
-1.5058526916252668 -3.3932500130613983
-0.6308001874262573 -3.8772780235060855
-0.323120104042337 -2.925788156881714
0.2087239724195919 -2.0789458584976774
0.5881292039628255 -3.0041764623352423
-0.34793150123079786 -2.6523379252299155
-0.7021459533052133 -1.717173703319335
-0.8228281720680856 -2.709864895017171
-1.7977001360189164 -2.9326308122995286
-1.1773049389802321 -2.14834145275719
-1.6558696586886728 -1.2702891712554663
-2.1216095672942616 -0.38536751510049483
-3.100020890888933 -0.592034594873068
-2.100050762084965 -0.5997638574365535
-2.5740003468210695 -1.4803158383715087
-3.291897358089885 -2.1764651623037397
-3.6469965917720084 -1.2416365500766808
-4.251568895262343 -0.4450862818246446
-5.168662746424385 -0.04641490316701585
-4.469230643211131 0.6682841474792574
-4.650016485090865 1.6518066329242196
-5.131787680148294 2.52810368051307
-4.3227791127092985 3.1159005313129904
-5.11970466321615 2.5118229974240434
-4.3658324802362705 3.1688441019017843
-3.8771811695034346 4.0413232687127065
-3.6753159471432872 3.061909958612477
-4.649254490657661 2.8350978922290957
-4.460017532290454 3.8170293427835262
-3.7085278999875704 4.476774242378268
-4.707664379489288 4.518322952694147
-5.562950461390317 4.0001668776488115
-4.621767781553073 3.662268722616287
-3.6557771725312005 3.403691571109136
-2.6615762564952443 3.511230115609541
-3.4990905701313375 4.057645501972941
-3.3568699690751367 3.0678105154043656
-2.6462459583214346 2.3642385465622846
-1.7319655615258929 2.769320459310048
-2.6515525977145207 2.3764341107640403
-3.6435811664829587 2.250420941820297
-3.602409938574061 1.2512688362865731
-3.7226705991296063 2.2440111863063272
-4.045906738602911 3.19032952499495
-5.020888137196886 2.9680430602794026
-5.21520802791245 1.9871048460822538
-6.10291634067775 2.4475111356215966
-5.180250854005361 2.061909787460568
-5.912658876139724 1.3810438027666416
-5.834396923036408 0.38411097318560394
-4.883947727434226 0.0732310500976614
-5.0535229566839455 -0.9122861956291218
-5.891507886587578 -1.4579795685542507
-5.302740303640345 -2.2662819459294954
-5.724532454226904 -3.17297449674458
-6.3926397574849165 -3.9170394343228176
-6.3414273176285985 -4.915727216366817
-5.4856338405608165 -5.433044840857067
-5.676067386439907 -6.414744929786429
-4.831032272993872 -6.949455746063084
-5.358573416056592 -7.7989852289982435
-4.398935346047155 -7.517747296655247
-4.024796035272129 -6.5903747845907645
-3.028680625352944 -6.502317473017363
-3.035878689904831 -7.5022915666151455
-2.7022859843445244 -8.445008866125956
-2.822185499333494 -7.452222833636876
-3.083432534858156 -6.486950858269531
-2.74437988278126 -7.427718257321828
-2.6750602301934654 -6.430123757655202
-3.0611837556593557 -7.3525708418187286
-3.814093775474562 -8.01069431204439
-3.19329247111685 -8.794662258141527
-3.2557116439473153 -7.796612235916608
-3.4540182768588816 -6.816472205439698
-3.497300730719353 -7.8155350809324355
-2.890779710068883 -8.61060253185035
-2.0243252108613206 -8.111346484512943
-2.9923103666990087 -7.860339038253103
-2.0711191791482966 -8.249449300234085
-2.515364295830362 -7.3535440171242366
-2.4881407468513212 -6.353914646616854
-3.134254043919491 -7.117156159738159
-2.4409286488564508 -6.396531502540892
-2.65564236975525 -7.373208531070689
-2.522292252978205 -6.3821395393473335
-2.699021098339646 -5.3978799621944304
-3.6762715134337935 -5.1857912397259405
-4.031259584039617 -4.250920409221771
-4.623059451275494 -3.4448354775057646
-3.681945893806975 -3.7829261043337623
-2.9682791290657264 -4.4834114709930235
-2.291685826917241 -5.219768384105007
-2.0210225258980925 -4.257094307648485
-2.3196200409116816 -3.3027151775184773
-2.3080276368171853 -2.302782371692351
-1.3249683016360039 -2.4860699695082795
-0.5630311559231074 -3.133720944944034
0.15746411293885454 -3.827180797817673
-0.8311157160920521 -3.676482683585201
-0.7865889121425097 -4.675490873606703
-0.6211905569342293 -5.661717715714743
-1.5360322381068283 -6.065530417829588
-2.3308474204342238 -6.672381986124397
-2.935603875880765 -5.87597152060066
-2.7893130826115646 -4.886729889953896
-1.8262528582268538 -5.15601599098414
-2.3021398798067207 -6.035522410910591
-2.717560718228887 -6.945151745862265
-3.7173311960409876 -6.92372765439113
-2.7366459052034187 -6.728135322397177
-3.596333854926224 -6.217315756306175
-3.8175464693772856 -5.242090152044409
-3.77522268969576 -4.242986204662822
-4.275365193698121 -3.3770430912366294
-3.2775817467337007 -3.4435877601726097
-2.632290316315656 -4.207524256112576
-2.739439968471733 -3.2132813521686594
-1.7471614993673072 -3.3373113475398477
-2.0734357576263522 -4.282586497111394
-2.6061285202700417 -3.4362777941979514
-2.3441870745360847 -2.4711940263276153
-1.4424065568003157 -2.9033883088351566
-2.3997534052399265 -2.614447117962785
-1.5683934208145147 -3.170181385662896
-1.1204804929032628 -4.064258568578314
-0.3285884613950554 -3.4535974428843623
-0.8919331893887575 -4.279819396987315
-0.26476643124685384 -3.500934387835274
-0.049192088414870355 -2.524446956931753
-0.7579819543090803 -3.229866637693261
-0.45473149088688203 -4.182777523576208
0.29435109502478085 -3.5203008979629744
-0.4984665822697306 -4.1297597813745925
-1.494327386272658 -4.038868312849528
-2.493523338145268 -4.078961326722134
-1.5274318132906557 -4.337161182655654
-2.2487369174067924 -3.644543722020991
-3.227727438668923 -3.848449482800087
-2.742379561567527 -2.9741283528980538
-3.402586446919173 -2.223044556950972
-3.953501435807544 -1.3884831901132024
-4.943491793753337 -1.5296182005619283
-5.397330431669555 -0.6385343152097402
-5.897675542121731 0.22729174725696588
-4.972984748566452 -0.15342722562737626
-4.081488672113505 -0.6064556415893347
-3.8051731916992644 -1.5675226295165279
-4.248287197927291 -0.6710573610958556
-5.185776216303067 -1.0190722177109484
-5.62573254482905 -1.9170913873225652
-4.722444966795337 -1.488055781142856
-5.674727954627138 -1.7932722798550642
-5.530503541674294 -2.7828172857584885
-6.292627570628741 -2.1353862357691935
-6.674801660443192 -3.0594765804187283
-7.361201372511204 -3.78670105420447
-8.314307056680748 -3.4840633916379837
-7.4224228866650765 -3.031799500446728
-8.406440519912557 -3.2098705465435797
-9.213085163315876 -2.618833813955211
-10.023250539075962 -3.2050351990776944
-9.751276491551051 -4.167339785720052
-9.031609115224427 -3.4730207902639627
-9.997336463976096 -3.2134621497353297
-10.17529081249562 -4.197500893811492
