0 0
-0.8989045808502888 0.43814444481970405
-0.07744150216071255 1.0084061482067042
-0.4591337260876877 0.0841166663917915
0.15150578509888474 0.8760253652818996
-0.6819932372751676 0.32350443382183347
0.22692764847248026 0.7404730458919884
-0.6007112539397198 0.179212101932827
-1.5339681010693156 0.5384218697367196
-2.2270585944151398 -0.18242871674680539
-1.2634976099775737 0.08506002931498402
-1.2840520264925699 1.0848487649795384
-2.172506351312542 1.5438138101721839
-2.059027922320967 2.5373542704220946
-1.341767813864208 1.8405487474699596
-0.34670538986514754 1.9397998046185563
-1.3212262248580415 2.164096800061546
-0.7163758448436393 1.3677576651470091
-0.02883758081450971 0.6416095153209486
-0.19902972416906367 -0.34380138087433043
-0.1503836628002318 0.6550146986484713
0.25148074549258626 1.5707138836145076
0.14509894857714878 0.5763885277651042
0.3172135948557363 1.5614654529523693
-0.6294169106980338 1.883786234092856
-0.4391761370398204 0.9020487701861736
-1.407620829672549 0.6528202057889525
-1.1584999548572554 -0.31565219429855795
-0.804339405949442 -1.250836831467773
-1.800909789174139 -1.1680873826515998
-1.9826769299818858 -0.184745780499745
-2.051397324665518 0.8128901788333806
-3.03112050987985 0.6125342945836674
-3.07952635769921 -0.3862934552795856
-4.056353875270821 -0.6003214929636318
-3.5585505659219376 -1.4676114474778648
-4.537782139920931 -1.6703564214808067
-5.186958531197522 -0.9097185227345618
-4.518129757578608 -0.1663020367864635
-5.483542161143506 -0.42702965527565945
-6.42268845883767 -0.08351221535834885
-6.320865416544784 -1.0783147425255355
-5.5886327567842216 -0.3972601691028378
-6.300823198174092 -1.0992464760867433
-5.673437653828348 -1.8779552655234586
-5.564861102286956 -2.872043356416504
-5.883334789752983 -1.924111655083654
-4.888035871835461 -2.020962385551782
-4.007126154265013 -2.494246728721881
-4.867060749699502 -3.004650972018233
-4.573033762561971 -3.960448090048428
-3.6834466368079166 -3.5036825641025207
-3.925144512752405 -2.533331010919901
-4.924407203384363 -2.5717246967416516
-4.4779284945004845 -3.4665189538272596
-3.722333758789098 -2.811479569236348
-3.7010594058443003 -3.811253244578313
-4.69716006506078 -3.899477258930949
-5.068130537090713 -4.828121921265197
-5.820434074520254 -4.169305264242167
-6.785629650634848 -4.430834421027441
-6.62001637637305 -5.417025195364885
-5.7122064342000405 -5.836407012915238
-6.676266740252622 -5.57072350515873
-5.929873814950857 -4.905217982221863
-4.963190512513934 -4.649242606863908
-4.239715676686499 -3.9588918540400506
-5.230415387167097 -3.8228253862617683
-6.089185113555385 -3.3104636419453284
-6.959625926228696 -2.818190555505875
-6.419311473502458 -3.6596537407820615
-7.374677109148754 -3.364227773361881
-7.813129363640098 -4.262982256261108
-8.810448533638837 -4.336156521908426
-9.615210458306011 -3.7425588091382487
-8.972834685136313 -2.976168982715277
-9.372773519399866 -2.0596271512378967
-8.373589840948746 -2.1000248828188637
-8.27604466376725 -3.095255980809994
-8.404312859800413 -2.103516463655213
-7.41844768021715 -1.9359758784668495
-8.358601184597472 -2.2767270900588246
-7.605063138142284 -2.9341313892115597
-7.004570387032761 -2.1345011897662682
-6.302593294642527 -2.8467007136072726
-6.064740079510342 -3.818001824515359
-6.707554380326625 -3.0519797787059235
-6.934762509461731 -2.078133555704096
-6.5408335873019885 -2.997274461270845
-6.824816545430083 -3.956103788884898
-7.477546462828831 -3.1985130979886702
-7.166892766207394 -2.247989936369009
-6.206839630694739 -2.5278076931185036
-6.914279449858196 -1.821034106839294
-5.922629382491251 -1.949992022033101
-5.511670732409026 -1.0383380372764965
-6.238056668688005 -0.35105100002342027
-6.488086566477284 -1.3192891165069032
-6.1907394037403085 -0.3645196863237459
-6.89478059887508 -1.0746788202882416
-7.532679336175327 -0.3045585693204129
-6.976600706247256 0.5265711181155005
-6.12943285807336 -0.004754240794096254
-5.65725816669075 0.8767507568194942
-5.615841093394246 -0.12239118807099636
-5.114667301039358 -0.987737841070024
-5.771822589017894 -1.7414930582870236
-4.885894648158791 -2.2053159594089378
-5.250538496385468 -3.1364630283247132
-5.723879300953655 -4.017342408677519
-5.138025601074761 -4.827759241139809
-4.415992029566338 -4.135901219855969
-5.365575626167699 -3.822387275882779
-4.810796758746703 -4.654385117384232
-5.528875564028671 -5.350346919069368
-6.484408354164136 -5.6452317897832325
-7.310809676580546 -6.20831335963649
-8.23273332099006 -5.820941711372606
-7.402154237039138 -6.377842407460558
-6.413942567988434 -6.530936160278958
-6.479024420361252 -7.528816089174074
-5.72814076408916 -8.189250593681109
-5.2953258059099895 -7.287767808500847
-5.350061412125397 -6.289266925470576
-4.407025326880439 -6.621957385096133
-4.283776411923527 -5.629581596918114
-5.2823290778703855 -5.575798947946341
-6.282045591173087 -5.55198943241388
-6.6878934318249925 -4.6380487722842485
-7.603659109859084 -5.039761633585404
-6.7564585365289105 -5.571034810537737
-7.345511302878239 -4.762940237819789
-6.659679051615574 -5.490699898097812
-6.917052149951961 -6.457012005158843
-7.186962630125038 -5.494126584824347
-6.249084693400853 -5.147161203545484
-6.644040136393775 -6.0658614800504305
-7.545734335758187 -6.4982358211399225
-6.571636839027442 -6.272107391120836
-6.559761745188832 -7.272036879708069
-6.561832601517785 -8.272034735482803
-5.691300655335308 -7.779922826791549
-6.539980059951395 -7.25101520897868
-6.040751675807322 -6.3845447706688105
-6.079465397070175 -7.383795113568918
-6.019036799086504 -8.381967636004658
-6.813061427856925 -7.77408204734015
-7.801630832653723 -7.6233155659866885
-8.645908537557048 -7.087409644202673
-9.63982783959135 -7.197520592993633
-9.949961394470952 -8.148213591883254
-10.769143022426489 -8.721747776060724
-10.005362695405658 -8.076271508444357
-10.952745572285998 -8.396374124169267
-11.952666376105652 -8.383788970667677
-11.182355168836335 -7.746120840716613
-11.9907436264596 -8.334770228367255
-11.096435791075587 -7.887318001229252
-10.629133259292018 -7.003220527084762
-11.412956851098734 -6.38223697100037
-11.99005912057361 -5.565565084275384
-11.021052485165372 -5.318530389273231
-11.640106037086785 -4.533181613344038
-11.722270910594386 -5.5298003637002004
-12.370396416548125 -4.768266826334834
-11.860912573214158 -5.628747048874346
-11.203279979259149 -6.382085864659121
-12.067821623693092 -5.879524679290162
-12.126053286478161 -4.88122158230544
-12.699307287427938 -4.061843860863691
-13.438189272307504 -4.735678716314515
-12.77177694772804 -5.48126212120534
-11.832762296495517 -5.1373849850496125
-11.094998865008856 -4.46232564013168
-11.8920344231723 -5.0662580196437315
-11.182549606448784 -4.361537298479099
-10.433025059491213 -5.023513849051736
-9.849849134584998 -5.835859736349617
-8.96485842747567 -5.370251050509101
-8.489500632976124 -4.490458479951399
-9.320475835250928 -3.9341490218218893
-10.126773225619699 -3.3426386514271598
-10.476370901117479 -2.4057387286570973
-9.827448167680503 -3.166593041931776
-9.058957003523815 -2.5267326426155656
-9.350626039237628 -1.5702133413958914
-8.912848822207668 -2.4692968237541777
-8.062543532354058 -1.9430070613162518
-7.064093308876709 -1.8873550062056588
-6.066670025619164 -1.8156138463618183
-7.021067800440505 -2.1141517625735995
-7.791680444648613 -1.4768479475947558
-8.055764242833087 -2.4413476871159556
-8.94087227820272 -2.9067332968248376
-7.946421450491599 -3.0119357267619167
-7.906279868779449 -2.012741724869568
-8.868418811436733 -2.285301177140671
-9.225456126090412 -3.2193912991015496
-8.264259832599052 -3.4952566383134056
-7.6612239373179625 -4.2929706904665155
-6.667782448377245 -4.40731231915551
-5.678673424428688 -4.554497028767382
-5.312291439662869 -3.6240324989549557
-6.310066895195082 -3.6906968847804067
-5.311330331948349 -3.740949021392735
-6.310736756453091 -3.775398965640122
-6.084083306349916 -4.749374434302617
-6.9999979585621395 -5.150747514943262
-6.1758063633615174 -4.584436456954233
-6.594784903455602 -5.492432592926534
-6.368338385829347 -4.518408992260234
-6.850861956203228 -3.642526006905659
-7.349038917406787 -4.509601387323063
-7.721546434541457 -5.437630562337601
-8.625309842377796 -5.0095982006451125
-9.328027349506513 -5.721067177603912
-9.244996959188482 -4.724520162012758
-8.276031018339033 -4.971714428681184
-7.342086732980025 -4.614295805991694
-7.074012372257604 -3.650897582450014
-6.939791229952901 -2.659946178516188
-6.30843266491009 -1.8844551325671826
-5.313870661219451 -1.780308981342758
-5.285831681750106 -2.7799158118667986
-6.283777512360312 -2.7158524122715058
-5.536107884466822 -2.051781536893275
-6.50483725710615 -2.2999012712672546
-7.49551549219135 -2.43612400992888
-8.461287258335846 -2.1767306875049175
-9.110698671333184 -2.9371679411089224
-8.66296250307278 -2.0430022273670616
-8.694626896755272 -3.0425007847310632
-8.484423703960443 -4.0201585048657025
-7.484465640601147 -4.011000365167825
-6.492368229109275 -3.8855303444014084
-5.875201559070447 -3.0986978962949614
-5.287841545254139 -3.908023673821976
-4.312767633040422 -4.129903969748035
-3.3632841514541045 -3.8160869558773314
-3.890457673851049 -2.966329297904425
-3.7295311265109183 -3.953295683533229
-4.719446547472386 -4.094955343785114
-5.158942748019965 -4.993199792531803
-6.158294528421664 -5.029200056530176
-5.160599689888886 -4.961339838691943
-5.3548540051638 -3.9803886365431946
-6.0634383258184865 -4.686014784388026
-5.082828535852757 -4.490044276853429
-5.701471925161911 -5.275716191117954
-6.5097767260180746 -4.68695193531358
-6.928085128716995 -3.778646876299001
