-0.7388696094006486 0.7134340619363346 0.5566883983749578
0.14535128593728652 -0.7370997741381585 -0.7059572053429157
0.3362052754648419 0.5392348714800161 -0.7361279500983926
-0.6115127473351734 -1.1501502079581245 0.0771475042254659
0.6213970470854571 0.028643071402749243 0.9674950522514583
-0.5764858144037286 -0.05464248762891777 0.9231630844526215
-0.07166595707444556 0.056054358032538776 1.3240678425937245
-0.7099245567548109 -0.0002352259158140413 0.09395894747238165
-0.5155529137009169 0.12445481053720542 0.5452064583132348
-0.22755014768882065 -0.3065823345275396 1.6570181732938214
0.4502513582482157 -0.10663695736937906 -0.41522269909346843
0.26093832378779047 0.23992507600332003 1.0781889693855886
0.4614350765769839 -0.07900357954198012 1.3102416604994698
-0.23674788167767735 0.1771751025338817 0.7426962293925898
-0.52178905534807 0.007473606718372494 -0.9766527773464828
-0.07169841193369231 0.3213924754577624 1.2513705675345306
0.4788973148286817 -1.0581507752900148 -0.7386357452007428
0.09473284428053907 -1.3373608462111917 0.022665546189789776
0.13324518287639076 -1.015382018419813 0.5002390326213941
0.7754834256591188 -0.7344831510438614 0.32213179772257483
-0.6038568135397671 0.15319323638246973 -0.4283922710546251
-0.7690177926805057 0.7789091496447549 0.5141321665955751
-0.2186419225106604 0.8338749017056148 0.7241178287700181
0.42592242123496726 0.8923293357841366 -1.2854047533231876
0.8766772700006107 -0.14578802795319978 0.6065469919607964
-0.6787449682345059 0.6936401377331318 0.2445506160579356
0.21736057109489204 -0.5544561874209871 0.19313319552277752
0.6913427397947058 -0.7839368869264719 0.8168137273513172
-0.741286636938965 0.8270248011032724 -0.09294047110508608
0.21903788912693534 0.9009450060359931 0.010818965008046355
-0.5904907318312793 0.8192545053767999 0.3050653583710048
0.5636667989240136 0.6896192996680051 0.2021986194582217
-0.923967254147229 0.11985658469669858 0.7132015029637602
0.37651681187472974 0.7788063913688221 -0.00516888277180616
0.19609592011969812 -1.0294488868812537 0.4492049872545256
-0.5923693677269755 -0.2853605799834944 -1.1974902697043475
-0.1476083729354276 0.6749346109635264 0.9405429782997983
-0.3980345569472743 0.7889853237469686 1.1724104211795923
0.2521704087796659 -0.08513731111113154 -0.18229105196256556
0.3853636084602783 -0.23025857910969494 -0.25200955403724956
-0.04334528957310879 -0.11977924877533552 -0.9591024522949172
0.03218600179260567 -0.09180424599883397 0.45527712952761723
0.09393823650764 0.4023724178340422 0.3113633603573782
-0.2140173206032625 -0.5151395004893083 0.21016349486087638
0.20243013053151238 0.5446911774818033 -0.01401156520010316
0.38898036931059465 -0.23714577389931746 0.6556870566611264
0.31524578082080246 1.2084815451675697 -0.2505496908617486
0.09914165676957154 -0.16306178848661101 -1.1412953024935417
-0.35052301637620853 0.3485216617699547 0.636815840725871
-0.21845682637449482 0.4125888069261747 -0.16902179266895745
0.7013534175295955 0.04674837732945081 -0.8412224588928807
-0.5964851936840887 1.0331255760544527 0.43193634460783015
-0.10952215524747055 -0.5573344283121381 0.4234782940737456
0.04404043001225966 -0.9264880809124886 -0.10185543082542736
-0.25083168246165166 1.182818511260837 -0.1648996030401726
-0.16856740402060355 -0.7408779647906238 -0.7778078585293597
0.7024066619257889 0.5878891276118048 -0.8543765414785041
0.17383023632953143 1.10791782553562 -0.4836547946172698
0.7528378648467091 -0.6215782381315539 -0.8587380480038518
0.22138857925508337 -1.0490726216270994 -0.9367852366094196
0.73583909894898 -0.0922844718924587 0.05004478568446169
-0.43160112637199655 0.5947091987138968 -1.272773337256213
-0.2849534728413732 -0.5382882055807361 0.21712330040223637
-0.18991253408026476 -1.022506287502891 1.0305541358630896
-0.49421522311967947 0.21206850363591245 1.6453746221023255
0.28175601611196766 0.2228229533608208 -0.7826105327154989
0.07154160048852787 -0.6563005011598823 0.26663461922073317
0.19883480226809946 0.23250106356398303 1.1120636314957966
0.1620318364515121 0.48109774944256367 1.3441506770219362
0.930641268554542 0.010456244925522995 0.3774920260987833
0.050475167229604434 1.1229785653800022 -0.12822160007944738
-0.05198665944279668 0.11602293761336702 1.8301651193746213
0.097578676253395 -0.22544330590610073 1.0588869614598853
-0.05497394713780812 0.4447241003338529 1.163103793580174
0.48460945276501577 -0.2430093659178758 -1.0926374576087508
0.22454876665928936 -0.6110541789533287 0.8613863300895384
-0.09746490504082761 -0.9856659464669713 0.7855559653416146
-0.087210110396015 -1.016791861882913 1.2223614941844536
-0.2368678428316655 -1.341380349409469 -0.3096211271012659
0.32684675190415247 -1.2353817857754792 0.08731752435527262
-0.7104460639772037 -0.2433647766723137 0.577241934692136
0.3832762455008141 0.8444045077404714 1.13666269393988
-0.8042324738299949 0.5168814365770418 0.8107276633114053
-0.655708025375654 0.8042476011928543 -0.4366257721406832
-0.5427194400614599 -0.6621472302475936 -0.3874918342461027
0.7764491127787789 -0.69507041774427 0.16993991573554412
-0.4752716245134214 -0.06153671947457817 -1.2845127648938535
0.2451967629559204 -0.3117207761432903 1.7618448865646084
0.6331520542471745 0.8955081246801679 -0.26783294987063533
-0.40451051538531524 -1.1256299143357078 0.9604024353791019
0.4902236723001083 0.41657234463649484 -1.2226694791401624
0.15533501438862274 0.5662207693721788 -0.20448026062683589
-0.04741819946065129 -0.042705900510185746 1.9632614345899944
0.4664655888841298 0.6701472579199717 0.8614451039452398
0.6637962533831558 0.07275798860302007 1.356699670787053
-0.525499719265156 -0.5557724328712543 -0.21787885648304028
-0.3293151113221551 0.7709668729724037 -1.2807557232611617
-0.05250372531951375 -0.26004347082453894 -0.9527310828962521
-0.0368564725616487 1.1001827637421293 0.7759667461615845
0.3087498325031073 1.1245696896409871 -0.6662936689845473
-0.08263461078042944 -0.7972782709129148 0.5737670302681832
-0.22012617346212848 0.575103929527828 -0.8752941721165288
-0.5875002644006617 -0.26767149736340246 0.5699293604627793
0.01444904491995902 -1.2487754015944423 0.6418273075094252
0.8382988866668513 -0.5869812152529864 0.418223880673795
0.8164911317887777 -0.5616801841051254 -0.6021155590551328
0.7288443376983811 0.17991063686178888 0.8390781059323529
0.6317053722879669 -0.24520328480048503 0.9612300967289786
-0.5025178020645624 -1.023345860445061 -0.10291675790170318
-0.11587971665927221 1.0205314739297364 -0.9945868635562869
-0.3138219969815039 -0.7789877696345178 0.6431857891818722
0.23903121706169927 1.0911478731607152 -0.5477048430990537
0.1590994427955712 1.161878504299294 0.061568226228409184
-0.5702699108463842 0.029331993247846633 0.08867958525650632
0.5728445884189606 1.0386997753412328 0.8375436634652642
0.38273342541802946 0.2894015798453873 0.4963219494414144
0.3677358198742664 0.6992120545524587 0.11663495620139397
0.5457242865250236 -0.7218295624929664 0.8755475276791875
0.02028901860710719 0.5347593005950766 1.3689998615477994
0.3609915658692673 1.26284534702858 -0.7496321403360078
-0.7564835564184254 -0.05103463956784782 -0.9935163900229433
0.6737916083515187 -0.6736429931565586 0.5134439460628193
-0.49645387389988294 0.9684933441308283 0.5207902312920929
-0.10670112742198334 -0.5912739462936974 -0.4067355793109311
0.582566369699701 -0.8681629407901231 0.24366206128612022
-0.3537919494970807 0.04905905229854035 -1.182998536737403
-0.27376318996932403 -0.9477037069558485 -1.3500283206085761
-0.220911804220828 0.9649657284889339 0.5595109832581495
0.7312085979798113 -0.5717346368078955 -0.7003143300217638
0.36392200340249947 -0.4528611057150358 1.7427899352751512
0.628246773424399 -0.8817735122820275 0.46240474073495186
-0.3099925325131918 0.07850848420038048 -1.8918656398609919
-0.5845724770241205 -0.32494597285876936 -0.3674110608321426
-0.6635052627478464 0.7054479400849147 0.010583796608564455
-0.05007142867219283 0.1729455511943807 -1.6474269773207668
0.6282798637096816 0.7623758641669287 0.6152353170922509
-0.1706927228510915 0.9266248237071295 1.4645887939814473
-0.06678881465366526 0.06312477286417595 -0.8906109869199601
0.05099293449921283 -0.06845708354503577 -0.671904323062793
0.4323154305314516 0.334226636941815 -1.0610510616493611
0.45438746761585525 -0.8245555681836849 0.17914910051150157
-0.44733859962580746 1.156859136876454 -0.038271446477565085
0.4278556382392569 -1.2034661848140054 0.5721315132912905
-0.03179267634627059 0.38781589344541567 -1.0682013188888142
-0.4177056960074972 0.29343587849940045 -0.04422404211622455
0.8202727075695384 0.3237638290847409 -0.4213207797080325
0.29659094475746217 0.08301297708275657 -0.6190734921612937
0.07465702883602843 -0.7174468099365202 1.689400773939544
0.5010660394244424 -0.70528411664842 0.33102006258738115
0.0793549995768883 -0.5829690691248632 0.3112852112104534
-0.31378617029865863 0.827289417564189 -0.9901810015487849
0.34790464107705765 0.07058667595426504 -1.4731409902716903
0.8417121168823518 0.2130622093539256 0.2697082542414231
0.733628695434078 0.8649697477069211 0.1221286356406619
0.4507410030080712 0.10813316029228304 0.5503226632656664
-0.11295426071119996 0.4008180137404338 0.1098382747883293
-0.7203443424692537 0.13062087946668077 -0.24252768107836165
-0.9239946481663914 -0.38949783858679266 -0.28486248193384167
0.06453412417359461 0.019735811453672092 -0.7837389957812979
-0.6455303097473177 -0.3086131553268612 0.671303092163479
0.17506879281301124 0.26086261192672744 0.2663082873090752
-0.06029369710593202 -0.2874352833583893 -0.20431694824758617
-0.45533025457199927 0.1910411271835013 1.5931886709939511
-0.8659246052784506 0.45394627355680095 0.2728364411692423
-0.5802573411765977 0.751077487547831 -0.7105233805017255
0.3391579471676702 -0.6758464806237547 -0.9736153265844285
-0.17667505913081372 1.4159652164116214 -0.4450663438759612
0.2779485658231451 0.4273815943695418 -1.542586604988812
-0.16619072234204468 0.9911763467998433 1.0548866137142627
-0.1577370211524205 -0.5013361888429131 1.4489054244888524
0.6571455581546841 -0.08202336593403681 -0.27181230304494397
0.22877499089329034 -0.28659856300556275 -0.06943526525413457
0.22750086967458083 0.16210984961398522 0.9776623130568929
0.032980990271568755 -0.5962932745846683 -1.369148977507526
-0.38671387348857555 -0.9419881136274926 -1.0393738075230945
-0.3290706316598966 0.07312107482032548 -0.3091065091832754
-0.19944008131709645 1.240562010486927 0.7212007184106017
0.9119016320024449 -0.3403252291668104 0.12569885485089705
0.7442940402524774 -0.2646181269575263 -1.251437997884615
0.43340380420545155 -1.0977626705397188 0.00018013280104156593
0.521080510515084 -0.15503814522726422 -1.1556722251514664
-0.27966508766437803 -1.1494275015326276 -0.4906549256714796
-0.4155776465997132 0.015052160732541786 -0.8096509189685865
-0.2390739617583313 0.5193288862135317 1.1775237184665133
-0.039037012577475716 1.1564298811612401 -0.41162326511481684
0.49095479713495216 0.8608420495256115 0.42685416753138705
-0.34865582297040154 0.11031593436269183 -1.6987725990218787
-0.3012073605933223 -0.2881944565207384 1.6535733983798617
0.3575700870115395 0.361855407597397 1.5609269732933146
0.6447465479495647 -0.522747987421774 -1.1896448968899427
0.20829945555699192 1.1516369035181744 -0.9520497658116618
-0.7965669342346757 0.08148780171189074 0.036386181236983006
-0.7611045064663862 0.2534654045107323 0.31498531642341776
0.2255581299406575 -0.06770304309458774 -0.0027828674517986762
-0.43479566901284294 0.5003744301574233 -0.2536027658029125
0.043507903590871866 1.280977916726033 -1.02102916068432
-0.03422928717697049 0.5149105226416202 1.664362724051697
0.7123261024597747 -0.5547225363851283 -0.1711054411979851
-0.19521554410117203 -0.19325461012812006 -1.849668354402783
-0.8417101367357547 -0.4125846773443138 -0.044677951774490854
-0.027156180588759904 -0.4019356482852987 -0.6192057621801341
0.13771360648464492 -0.272427471277938 1.910582520254207
0.030305255274216014 0.3581412869356746 -0.39068799655090336
0.7362152494449763 -0.1442506291003518 1.2857902463918256
-0.1973145525382951 -1.1515346943402953 0.6998271437791654
0.6695575477391777 -0.06416514033509069 0.00788768172850185
-0.5851116645273287 0.0920952686593286 -1.4350574083368226
0.3178987365567345 -0.44879638368743113 1.099446745376683
0.6679997113927438 -0.5227187662713499 -0.19039402241048542
0.10374386860244167 -0.2697401546336393 -1.7145660562861322
-0.5570925781324629 -0.779610481888849 0.2304682418321713
0.27563460103330906 -1.156272448590126 0.6779459462329602
-0.7782030865517444 0.36913329982688303 -0.391347696209948
0.6856900964875845 0.25742109073660613 -0.730122727914114
0.35115357511917256 -1.0408061778991595 -0.0074785379071520275
-0.17939947161262415 -0.458357656665076 -0.5632512358803066
0.42986579979767425 0.13613745216853257 1.3637875108538964
0.04053963065336075 0.8554737243097561 0.9971639700119304
-0.6684038446098193 -0.1363704261993255 -1.0844440835880365
0.04958966672307641 -0.27855731833060693 -0.526751102030306
0.3524192786849072 -0.6384493709323543 0.21159056909623386
0.6757845514355445 0.3454626522543127 0.6603071243540217
0.14219510501841914 -0.17990196112345958 -0.33432391522529503
-0.657068857810267 -0.4867249578230197 -1.2377136764765169
0.8195818963632227 -0.057071573705840484 0.5453414466303945
0.46857788809442424 -0.6465507274136567 0.5989549072982423
-0.2796103829742642 0.5285729281399885 -0.571838936572667
-0.518186401376268 0.3199306550536143 -0.6532205127867665
-0.07299867414468242 0.35044174429032804 0.71191350612597
-0.45465526545322543 0.9151287647635673 0.8674528804179555
-0.05113530741210526 -0.2709526285979553 -0.08573879475686663
-0.15289069775377562 0.8380880442021321 -1.2756801262261672
0.22605731311639343 -1.1074137306287395 -0.7620846130178385
-0.3601425043067603 -0.9350134097762051 1.1805936681721945
-0.18066128689534033 -1.140945938717806 -0.3345315724135136
0.391977654903942 -0.1733931127265973 1.3974775992055948
0.22522833730105285 0.3580623899010815 -0.8158875007250992
0.12597779785692587 -1.3770422972691692 -0.15138134243819623
-0.17916649813283403 -0.9850906917225356 -0.2547854602408264
0.5077306156503836 0.37255674436388797 -1.4350017346563915
0.6851412099639738 0.18681053321102015 -0.6596237648190537
0.41304056300663516 -0.8880058725693623 -1.056006800751418
-0.5312961457271281 0.7243545324487743 0.3197360704875911
-0.6547781819052303 -0.5969137104266269 -0.15926089133722776
0.22052634919105185 0.32819560544622783 1.1168449962443114
-0.10304764656610454 0.026011303155436316 1.834004871304173
0.9558083305410463 0.09964259013343035 -0.3727434387385906
0.6282216914616088 0.6683037858335128 1.0267891520314145
0.4290070804735677 -0.833924427127615 -1.4046911772763448
-0.5341253601193483 0.9720144838774858 -0.2726121523901006
0.0490804562668834 0.7493420494985017 -1.4809377129668926
-0.26923581435814037 -0.9958065151544482 -0.8511321461506518
-0.1711941583256784 -0.7103628211349201 -0.49032556693240403
0.2076907154817531 1.259293941206224 -0.7337712930940339
-0.6236293330239555 -0.27119412367500884 0.7194069467905475
-0.7375400025384664 -0.34925914858968565 0.116233785816382
0.7671545358293368 -0.4570028521412173 0.6600299862158274
0.653889389646674 0.21352604864451386 -0.4696596349466704
-0.21835530178511697 0.14132290557733995 0.6834846777594317
