0 0
-0.9536261475543107 -0.3009936389705336
-1.31783767407178 0.6303226144857317
-2.017817880473231 1.3444848584094649
-1.141891738442843 0.8620396348785855
-1.057561398466132 -0.1343982175534728
-0.6852428850816098 0.7937068005296853
-0.2466264514749863 1.6923811710166858
-0.967508642816644 2.38543879214674
-0.8483981060714673 3.3783197920839307
-1.847392113292758 3.3334759125021227
-1.6399235268601582 2.355234231912066
-1.206215955886053 3.2562879167054533
-0.23407623215835838 3.0218857888340502
-0.7734577727006083 3.863947279297941
-0.6576787853195616 2.8706722790683874
-1.1277084451596557 1.9880216580010224
-0.21347330455981484 2.39320569975537
0.36484544469678704 1.5773947999395612
1.3342340678770417 1.3318633411635208
1.0637655156000891 2.294592151488219
1.750866967351776 1.5680306640690715
1.9924117609871779 0.5976409935409732
1.0477148225382902 0.2696963419832774
2.0474408677117686 0.24629047515898728
1.6274731273128578 -0.6612485581746943
0.6274851915976603 -0.6563364889510446
0.0072452657387733765 -1.4407486474306048
-0.988686025498492 -1.5308644791943593
-0.3170921450763847 -2.2717839483538462
-0.1944914867085155 -3.264240032303038
-0.6879048253427225 -2.3944450695343145
0.31133872573189714 -2.4333337007237
-0.2879021397410304 -3.2339024892405
0.2666489177399879 -4.066052190103683
0.13813399188046607 -3.0743446153462237
0.10958541466824592 -2.0747522090429555
0.6473919942564482 -2.9178204642581775
-0.2637534008027872 -3.3299054907543484
-1.2436722497057178 -3.1305087767273725
-0.2719111515495587 -3.36647565599295
0.6742601361990407 -3.6901419876373724
1.6394232672182472 -3.951790856393196
1.2481768982113541 -3.0315048797865094
0.49777873648649074 -3.6924909604871137
1.1853162514360864 -2.966342101411418
0.21905813771052884 -2.708766369519752
0.4482737085209496 -3.6821420534661167
1.4267603988342508 -3.475832100047184
0.7993154591526455 -2.6971711676331154
0.049955836347841065 -2.0350079281597653
-0.8305032130323938 -1.560885726228182
-0.21273911669007106 -2.3472492053333305
-0.09193003453392873 -3.339924965926179
0.7452296058100523 -2.7929663417331447
1.3814966613582165 -2.0214974609452874
0.4578865719524049 -2.4048307398916746
0.8763826469939072 -3.313049345280739
1.85590544138937 -3.514382639247991
1.4236696121876709 -2.6126220346780644
2.248901901697837 -2.0478285606100566
1.2677706039262218 -1.854485920375197
1.8932134369335158 -2.6347559138004284
1.7454812444586794 -3.623783314485858
0.9710252964066004 -2.9911554740245365
1.3540144425320066 -3.9149083164830225
0.355502427628673 -3.86037615997253
-0.5093502068872952 -4.362401976610269
0.4882130888125996 -4.432169240225551
1.4492704053591015 -4.708518356946478
0.5314840483090344 -4.311443801210698
1.4734073776899241 -3.97561580718992
2.325139492310642 -3.451638322059385
3.174583635303925 -2.923959776035002
4.0418777879666345 -2.4261637809154424
3.057586800841009 -2.2496099572149566
3.017949570959203 -1.2503958210022543
3.429921704622666 -0.3391993761646038
2.7530423463325793 -1.0752933472856827
3.5389797766225155 -1.6935993845109807
2.7759478880667525 -1.0472385433030484
2.16274540070663 -1.8371643053182891
1.6212828185043662 -2.6778891545257197
0.889505616923706 -3.3594330835917616
-0.07820777578697946 -3.6114862318926204
0.16889813185267472 -4.580474709847639
0.7210074661290757 -3.7467029886883823
0.07079810880973314 -4.506458075314571
-0.7698137861355568 -3.964820150057773
-0.05399989802508098 -4.663111262408606
0.8060142901447568 -5.173381383174632
1.3251023427899615 -4.318660613799621
0.34943739250548456 -4.537927357256966
0.5848774160684382 -5.509816237378905
1.2860276869904137 -4.796802704838294
1.7845440102152346 -5.663683016922036
1.6205055625706368 -4.677229070863554
0.8195497903228687 -4.078505552949833
0.32924494304857616 -3.2069545465598845
0.2858339187952702 -2.207897249417584
-0.11588852139942529 -3.123658725482186
-0.22799067646944676 -4.1173554130225325
-1.0583230784513955 -4.6746238422547
-0.059360681253620484 -4.720166448513837
0.7169991452872506 -5.350456397452758
-0.27199337414841396 -5.202490872750898
0.5742832948896219 -5.735234525403735
1.0108964119791577 -6.634883893760851
0.07167534197444558 -6.291570943729537
-0.0022334659149302327 -5.2943059397730305
0.6659913811958912 -4.55034656339303
0.4688608146491412 -5.530723806974784
0.10393280073117694 -6.4617595445584115
-0.6167094335239556 -5.768452419102621
0.15898727611398855 -6.3995582855441135
0.9557552864731012 -7.003843597022376
0.0080158454999526 -6.6847982209018255
-0.8852495159374418 -6.235268473214177
-1.8839339288604706 -6.183990374725782
-2.7984298211051897 -5.779395190538507
-2.629426496608956 -4.793779709577894
-1.7248953474644442 -4.3673721577834765
-0.8439505806277721 -3.894153056538523
-1.0586327291681235 -4.870837025434347
-0.06688703065176671 -4.999057419577805
0.15379423559925465 -4.02371144059094
1.1516836192151132 -4.088648164151357
1.3542380433954007 -5.067919171199453
0.7201797919037749 -4.294633885088704
-0.19175040587245307 -4.7049792449793815
0.7609263031254411 -5.008964586949914
0.8156959155989538 -6.007463605251636
-0.10050541284473846 -5.606745342930072
0.6623457540316878 -6.253319466442044
1.6613931403762183 -6.2969579796862245
1.5957852867043185 -7.294803463484476
1.14928787881355 -6.400018536953622
0.2753122284181234 -6.885988250532453
0.4269496693594538 -7.874424432845082
0.8549504110259621 -6.970646050091368
-0.10018821958156021 -6.6744869774273905
0.8799544005361519 -6.476193144369511
1.7735980385939176 -6.924970425611423
1.2059622752424577 -6.101690618884447
0.43349597932642214 -6.736746381533492
-0.39245710175009607 -6.173007516578975
0.2931615682326776 -5.445046638941274
0.26347799082419426 -6.444605984469209
0.7190851147902015 -5.554425020512204
0.9233030240553763 -4.575499565977815
0.6208272502507175 -3.6223424927410512
1.4578021666212146 -4.1695837460897
0.47518605970354844 -4.3552328409594825
0.3518547364382577 -5.347598390896416
-0.4061807697088078 -4.6953851041409544
0.5351810914405979 -4.35798645806583
0.06332078103731309 -5.23965978048526
-0.7267717985611695 -5.8526473135260355
0.17964536867772785 -6.27503092937141
-0.3618851648698038 -5.434349847607507
0.4009851833339638 -6.080901339626095
0.8434157941066759 -5.184098599525862
1.8415836248222095 -5.244604646534786
2.7415542284244405 -5.680555231638002
1.8327344827176093 -5.263366221939316
1.2951128842655883 -6.106552451000189
0.39715061309123945 -5.666480002933504
-0.17769152599369975 -4.848215672089093
0.6316065954632015 -4.260817552747254
0.1389086893288871 -5.131017974081823
0.9722162260529462 -4.5782082878073505
0.09599084725958529 -5.060109818784822
0.9203960835090456 -4.494109813091826
1.2631672822918365 -5.43352873204386
0.6196490541924871 -6.198959519315887
-0.37319140504831516 -6.079511528564627
0.48310752724309924 -5.5630309978990615
1.0844257783583249 -6.3620406104042715
0.08484290792188154 -6.333160078379385
-0.9003636592081794 -6.161789077087449
-0.04176462349220722 -6.674436807861324
0.9472162465232857 -6.822480175640494
-0.03665775310424135 -6.643617231303404
-0.8571364788905897 -7.215294290955101
-1.663397380258028 -6.623734185026577
-0.9538344952787566 -5.919092068587393
-0.09090245612812631 -6.424412062064135
0.8924789004470648 -6.2428601203495475
1.8923804088893579 -6.256894842107632
1.041408477607561 -6.7821060112296605
1.0718310502592 -5.782568884819012
0.33029628600649175 -5.111654439151995
1.2051122775613663 -5.59610978376062
2.1163357718189095 -6.008022084515372
1.2039608331737992 -6.41737764064272
1.0360320642725607 -7.403176772603849
1.4670386017455346 -6.500827968285054
2.4648346253072826 -6.434472144393224
2.5609047742337423 -5.439097578470803
2.175814593693404 -4.516218630367961
3.175794781413182 -4.509923857304659
4.062686590659828 -4.04794667313729
4.980861937784376 -3.6517724287287026
4.986756630747099 -2.6517898025821904
4.035937801506279 -2.3420422376827754
3.804571070084423 -3.3149088449785378
3.8032581117341797 -4.314907983048352
4.131910088338274 -5.259359081980542
5.054528902293861 -5.645072089455252
4.397232251365166 -4.891440141699638
5.378732747751485 -4.699980549113087
6.286486652887342 -5.119483645300232
5.714823739386829 -5.939972227382947
6.063529548366384 -6.877204460494845
6.413106647214855 -5.940296859948939
5.417639937878328 -6.035407482924016
6.05577557636291 -5.265483521161638
5.164195310464423 -5.718346226029662
6.041306155423046 -6.198634228852939
5.043714556116475 -6.129272849159629
4.098954565343235 -5.801509886282266
3.822087167638007 -6.7624180213752805
3.088176031926876 -6.083172524607582
3.471629214754758 -7.006732840222738
4.399137505429842 -6.632930257662124
5.103043579303344 -5.922637191974452
4.58384517342286 -5.0679834519538725
4.683063175079047 -4.072917731437206
5.303325795853878 -3.2885235185126476
6.1144856023766 -2.7036989565438305
5.5769716562387 -1.8604440972591285
6.363425795105095 -1.24279542085812
5.687751480063955 -1.9799956785857522
6.4665275748042275 -1.3526936825255687
6.000438526450145 -2.2374314962333277
6.753570187541512 -1.5795616754771553
5.994486932063385 -2.2305552324750173
6.4651399929026 -3.112873596968627
7.201181981013043 -2.435937712457822
6.673229738615374 -1.5866636520113295
6.3068885122546305 -2.5171442299217484
7.207851749313241 -2.951039661412875
7.523145414356899 -3.900033815653741
6.524400578390889 -3.9501212654912745
6.498354323469165 -2.950460526738095
6.318938496370844 -3.9342338547901545
7.317836349572572 -3.887296887813368
7.530595026091872 -4.8644016649819966
7.118604260949824 -3.953213644078698
7.056905447160907 -4.951308457399076
6.082966977460822 -4.724496074054918
6.116961634297714 -5.7239180886746395
6.931998332818818 -5.144508751449376
6.613574450760766 -6.092457184295319
7.372140908374469 -5.44086150491784
8.262301816834121 -4.985215197953449
7.890737635036697 -4.056807928052351
8.824064589243397 -4.415835498792041
7.855301430682332 -4.663823286021148
8.592758249996619 -3.988429001438538
9.354042719153346 -3.3400109595698986
9.16730668702931 -2.3576008342624633
9.178062466201482 -3.357542989196637
9.1032603279399 -4.354741384758672
8.175080324351852 -3.982609847611803
7.284420963744139 -4.437281051188476
7.81051522682221 -5.287707312751665
8.134638985051469 -4.341692625047852
7.137129306151454 -4.412222338649924
6.959992899724388 -5.396408649019106
7.743772549129004 -6.017447666456156
6.998825205180422 -5.3503243984284605
7.9959621393082685 -5.425941424276598
7.791214918172191 -6.40475630740673
8.761784829421503 -6.645575840205675
8.417282088975501 -5.706790528313123
8.182141331199052 -4.734829199847676
9.042061566316859 -4.22440076290971
8.946649014502555 -3.2289629471942916
8.48792147426284 -2.340385970323057
8.803660650720468 -1.3915399488581102
9.506329560079367 -2.103056922528012
8.72860729605942 -1.4744488729075123
8.048915880342925 -2.2079470524562455
7.106233815093058 -2.5416393116656057
7.671682673620267 -1.7168559532069878
6.926246625820575 -1.050278801902823
7.249687844427513 -0.10403053738337942
6.280277664564309 -0.3494768720017466
5.949931302779153 -1.2933366503879808
6.739536583666775 -1.9069517580852904
7.738311101152563 -1.9564438101848947
7.761318541683347 -0.9567085163794682
8.697578717315098 -1.3080159081690546
9.572523018905612 -0.8237923346884903
9.71070938450133 -1.8141985787941333
8.711074266717944 -1.7871868906907362
7.714375729599878 -1.7059955973970142
8.296432929893827 -0.8928477537757141
8.372255607685316 0.10427356358367712
7.405427593773306 0.35970181479124524
8.363645500430309 0.07366258083570482
7.622786931631265 0.745323641964778
8.338144432425441 0.04656499546549431
8.00296639120543 -0.8955898117100125
8.203473989245172 -1.8752819588298786
7.406533538628624 -2.4793398353376626
6.589903825959324 -1.9021778889260363
6.304101895373933 -2.860466601409734
6.9697903930640726 -2.114236861957435
7.502073573433494 -1.2676704936815542
7.1729514688351985 -2.211957865335326
7.969998901264421 -2.81587457354763
8.438353819612542 -1.9323341554234084
9.111662947152631 -1.1929730672052061
8.14802680201366 -1.4601909179968535
7.14901246745046 -1.4158021881519336
6.734167339727479 -0.5059101505977498
7.163216703263203 -1.4091911941548427
6.957564930311741 -2.3878164279813165
7.456503022106141 -3.254454057303148
8.440329596160899 -3.075330434674311
7.541627063567833 -3.5138891626809596
7.807211547690194 -2.5498015723690317
6.840707481127578 -2.8064528714460577
7.355260454724151 -1.9489942792312942
7.890223486685821 -2.793869746051332
6.911077088638917 -2.5907138177800326
5.911465277022218 -2.618574651873439
6.57880730783852 -1.8738232746300172
5.77760479607368 -2.4722165693298415
6.261138020666822 -1.5968905610823094
5.294388226792328 -1.3411664205644005
4.667215377874818 -0.5622863158109827
5.57467157296922 -0.1421396104986708
4.614053899217588 0.13573389467230257
4.7423571108285865 1.1274688824035528
4.68721841097911 2.125947587123343
4.202726906619104 1.2511516210815583
3.561669229547973 0.4836589144920007
2.69625261353246 0.98471188646628
3.01163670323835 0.035747779684370706
3.2383153550823622 -0.9382218239471702
4.045284274489382 -0.3476279168408851
4.02749317870083 -1.3474696427708657
3.6128082519430795 -0.4375045821669329
4.584585692596846 -0.201605014900659
5.227236563479432 -0.9677641747061481
5.240752359583008 -1.9676728321622612
5.156526097399909 -0.9712261769123859
4.173634525776603 -1.1554112969190489
4.897242646958584 -1.8456223421504943
5.183708466503045 -0.8875318797030697
4.6169740336121965 -1.7114324092428244
3.6381212784484696 -1.9159984956510585
4.454593334783754 -1.3386135450127232
4.054477285665419 -2.2550780272693647
3.339642654708114 -1.5557844906310416
2.353848702529978 -1.387825317469792
1.3719163313162657 -1.5770574985664974
2.3583465560080983 -1.7412385322287949
1.9572616267268457 -2.657279404408335
1.9286587673587234 -1.6576885498903642
2.341396976184831 -2.5685382471373996
2.0027965384223467 -1.6276079927895792
1.076603307602752 -2.0046571927409396
0.6703298421927341 -1.090905655777124
0.9363231130540424 -0.1269307702865824
0.7891560609587555 0.8621808810337238
1.6215297772674995 1.4163956376023041
1.241519452690387 2.341377882412872
2.24034485695937 2.3898321060358203
1.2501072135430569 2.2504426890727434
2.102986573226055 2.772550721788884
2.045001789935622 3.770868188783608
1.5996864269408964 2.875494396738701
2.5921748179423036 2.753155548749039
3.5273662366991503 3.107298189903075
2.612465428691327 2.703619466774605
3.0182557774475414 1.7896532787477666
2.0241061230437767 1.8976646885565227
1.8880986724275852 0.9069568742253324
0.9721454791173337 1.3082419943889798
1.4900418593798495 0.452798636058936
2.4889081071870516 0.5004034571547203
1.5166645475564944 0.2664323889499037
1.6829504354332583 1.2525099738756722
2.6829390194100875 1.2572882492984316
1.9717370339906548 0.5543005282566933
1.1609180262811623 -0.030996436315133158
0.9821707812144568 -1.0148914624134782
1.371200428346477 -0.09366622738550967
2.130953487583091 0.5565454988857148
1.136897649909813 0.6654169441212642
1.6209136295444342 -0.20964221471220457
2.0153041453819682 -1.128585151470197
1.2209167009472734 -1.7359965344097288
2.0811533969876788 -1.2261016170144998
1.349227370111699 -1.9074857166099797
2.2045318319991978 -2.425611451808818
2.37858326599998 -1.4408748889036562
3.3739776630970133 -1.3450104313198676
2.379354836378239 -1.2414467669874614
1.6515004319301738 -1.9271784681108328
1.8899788695831687 -0.9560306756638816
2.7553584375626414 -0.45491371993033114
2.731757718356847 -1.4546351841657297
2.429995051418403 -0.5012521064670545
1.455194760812198 -0.7243314498273441
1.5256667049361545 -1.7218452116829839
0.6293301318776673 -1.2784709366085643
0.6828849554856075 -0.27990602591506186
1.4886615519658999 0.3123135926088738
1.2210703892274641 1.2758461398662522
0.2339380528870264 1.4357515823973583
-0.5379736290186462 2.0714813640951766
0.43486718718249884 2.302956516828877
1.4337505961400057 2.255713154232315
0.9644726083043815 1.372662662961885
0.6667579655756497 0.4180077559379366
1.6652402295539979 0.47308196515307
1.6598569399775498 1.4730674751447579
0.6942239072055119 1.7329767785940116
1.0819024483235062 0.8111821437882846
1.5963739624088134 1.6686896138401621
1.1980073377501834 2.585915884919491
1.1893119902418017 3.585878079670727
0.9008887106405048 4.5433810884305075
1.9002106420465203 4.506561563570038
2.7913212451027594 4.052775388019542
1.9956431245375321 4.658495066132931
1.9061053896581581 5.6544784967344
2.8747652693566508 5.902869393231235
1.8829260614869159 5.775374351240038
1.0339065479989618 5.247012859724355
1.7785931756516198 4.579598575643386
0.9796690691334099 3.9781667241223015
1.1174244055857658 2.987700436316958
1.2808864449692028 2.0011508117766574
1.9825326475302252 2.7136763246052835
1.4716618294732555 3.5733338187608354
0.4737677755123325 3.63819873277014
0.6418589654871929 2.652427282659702
1.6369540359786576 2.7513504886509486
1.359283452728454 3.7120268374789456
2.317722509013403 3.426729491911874
3.317528052714513 3.4464494002414523
4.150277867333577 2.892799920649975
4.198867784558438 1.8939811082800433
5.174305190215721 2.114257906069978
4.189430239669718 1.9409912566910301
3.936572827751667 0.9734877015357504
2.972542304990493 1.239279257430248
3.58844976640584 0.45146075106415406
2.8611594248043777 -0.23486916888195197
2.26514985133122 0.568108158524211
2.847212873238162 1.381251834960644
2.1359506421238543 2.0841786011250125
2.8073626328713948 1.3430943018172856
3.792067370955432 1.5173256962180859
3.405733739671563 2.439684804884022
2.4189348023981436 2.2777346353995442
3.342913761762551 2.6601779418540654
2.8568587912733734 1.7862497035743057
2.0920283381650964 2.4304813218593657
2.1281286256090337 1.4311331496758843
1.175215869666724 1.1278885626468131
0.7503488284286756 0.22263279919118817
0.5679579656596364 -0.7605933056180594
-0.4308187023462501 -0.8100419400487404
0.4440715500406017 -1.2943631622540765
1.4096364973099436 -1.5545252897914124
0.4951427714268144 -1.1499252090692353
0.06586156529068099 -0.2467543248738321
1.0422472205153555 -0.03071948446265385
0.9862048250785203 -1.0291478744404736
1.6252703636547219 -1.7983001593647983
1.384364192147028 -0.827751749171105
0.8138359672633401 -1.649029743890961
1.8126372092316818 -1.6979795042836097
1.4575344958195329 -0.7631522138564799
2.0167681165009466 -1.5921623208512963
1.4402493039116777 -0.7750784458845587
1.817360016224559 0.15108974114135698
1.4110343134579268 1.0648180504714349
2.3242531776819533 1.4722874432181525
1.5608506819683667 0.8263643599193224
0.6653681870917043 1.2714610925173817
0.21462449551432972 0.37880767460917664
-0.34293344150656135 1.2089457034122235
0.054126926221414684 0.2911532081390684
1.0363230384475717 0.4790116578500734
0.11861878860156327 0.8762759399276029
-0.18927880286518994 1.8276954442310265
0.32654296937585736 2.684391364194525
0.1614407233398364 1.6981149078427265
-0.6559817482709082 2.2741535375419692
0.20923615930921768 2.7755495610629666
-0.439819621871827 2.0148087425738677
-0.8937358114139238 2.905853125795929
-1.6877891277636576 3.5137012407012804
-2.504282203342002 2.936346014230942
-2.20276541306297 3.8898068813774813
-2.939681431236312 4.565791187526335
-2.48687224835719 3.6741837380844062
-1.5626189084279543 4.0559634699058495
-2.4958704245577215 4.415187087784033
-2.8842911275453353 5.336669240346201
-1.9281391529980332 5.043798276320583
-1.8421519876128845 4.047502031527386
-2.6254691092165015 3.4258797289974456
-1.62851802073866 3.5039087440037058
-0.8418775030829061 2.886497458082977
-1.6843331146698635 2.3477316996075097
-2.68309489934916 2.2979833582861513
-3.643711310897591 2.020105489675109
-2.854458787058414 2.634174259124826
-3.0507489033765203 3.6147201225273617
-3.981427374444769 3.9805583155718645
-2.98884993916769 3.8589440278472074
-2.126898237318892 4.365934425862752
-2.7875755934068165 3.615264437683746
-3.3682468226127513 2.801126289964043
-2.387643469064944 2.997129001707513
-1.3955303907881378 2.871782921146055
-2.387799623118663 2.9958867912315204
-1.3945043623388145 2.8802817527933433
-2.2732324291674573 3.357604478595914
-3.2097309035126003 3.708276130642697
-3.263497866994289 4.706829641295961
-4.2629295629414825 4.673120812539738
-4.9231887412746955 3.9220829856450132
-4.403491009937757 4.776433187870798
-5.345911115047214 4.4420018115236
-6.173441480957097 3.8805808522630327
-6.315618167817054 2.8907395570477212
-6.279294546584165 3.890079636570468
-6.894465352548064 3.1016857759337135
-6.004855978330637 3.5584079686334746
-5.242680606399389 4.20577857533528
-6.145767163849219 4.635237152794639
-5.955603193060805 3.65348480916923
-5.585266726917998 4.582382490211042
-6.365981804417871 3.9574953261851142
-7.021758760663469 4.7124500159892495
-7.3135097126953825 5.668944334837235
-6.414713101933116 5.230578446015736
-7.204498009828364 5.843962338256879
-7.522698996358823 6.79198561443265
-6.629629143024875 6.342067580713085
-6.146927567143627 7.217852479327899
-5.157076111733729 7.075746546225488
-5.030668495043926 8.067724930285747
-4.37870614526007 8.825976270188495
-5.053016955710922 8.087528620785292
-5.979762475036033 7.711838931798715
-5.904300691532592 8.708987626442838
-4.9049856258987905 8.671982226873181
-4.016209362883394 9.130323534525445
-4.994734169795307 9.336452625771694
-5.994729644565131 9.339461020671873
-6.886337472988624 8.886652584030127
-6.735228840689172 7.898135421182365
-7.627849625894159 7.447327109568624
-8.26989650646064 6.6806617307006
-9.114417511809844 7.216184159291569
-8.127645583899788 7.378298817138027
-7.575802617418023 8.212246861289822
-7.406460882328327 7.226689467346267
-7.695668723550168 6.269423138378303
-8.326106436042174 7.04566297932171
-7.3483366991187085 6.8359814552033065
-8.235573742910674 6.374667648642855
-7.781309417778632 5.483800698468851
-7.656422513634559 6.4759716823084865
-6.919079335097318 5.800453335359569
-7.919050325575863 5.792836367369783
-7.534833222281239 4.869593594565203
-8.053991513742163 4.014915486499147
-8.204902969068545 5.003462770472591
-7.9810183102949726 5.978078417569354
-7.627710042545379 5.042571459850823
-8.281942468992112 4.286277910899346
-7.3908983098506695 3.832361281483855
-7.491630726446427 2.837447727326119
-8.489002872315185 2.7649991065997703
-8.962076063973212 1.8839759767476154
-9.370313442418766 2.796851785847572
-9.295788084677154 1.7996326669707403
-9.910206588589482 2.588612959532055
-10.254418196990741 3.52750505591045
-9.842534941006102 4.4387416790986824
-9.346476770932911 3.570452388652441
-10.343240610743797 3.490066770253009
-10.226468638959487 4.4832255222184765
-11.17531879131459 4.167498760008339
-11.62100256514005 3.2723082921476183
-11.790624787213355 4.25781745079553
-10.796990017162067 4.145167800351675
-10.701468651480678 5.140595180273667
-11.661496479146233 4.860690607056734
-11.609375922491965 3.8620498069819273
-11.96597550245263 2.9277924871969137
-10.976403996503917 2.7837500121612724
-11.948152539015382 2.5477314321154565
-11.449102057521076 1.6811585171681331
-11.591452126593623 2.670974892984901
-10.613540911979534 2.4619541850825586
-10.82699669194229 3.4389069116770914
-9.878943917374869 3.1207938238686586
-9.785390614953313 2.1251795513684995
-9.889155726350282 1.13057772065594
-9.485514997344312 2.045495291745013
-10.481307730253329 1.9538610564091288
-9.7566679380197 2.642988890349685
-9.335920923993834 1.7358108757415718
-9.808571831733342 0.8545611271384768
-8.88106468541634 0.4807557051193582
-9.226094465481546 1.419347443239909
-8.226253531003557 1.4371829623571757
-7.231449964623948 1.335370073593471
-6.375322000765652 1.85213395536139
-6.95687723470113 1.0386270347502307
-7.812309010905025 0.5207115240145038
-7.581253200848504 -0.4522289739806845
-6.78209148984022 -1.0533450689725856
-7.717214770099815 -0.6990225453919715
-8.717200707769948 -0.7043257955260753
-9.614158855265721 -1.1464412574146523
-8.705399021288523 -0.729121758529524
-8.986550385709347 -1.6887851944716823
-8.942644045467269 -2.687820846131095
-8.42962919530328 -3.546200577666748
-8.308508383951276 -2.553562804328743
-8.007775331385751 -1.5998544468658227
-7.461571474122454 -2.437506729325971
-8.095265905447627 -3.211090188112071
-9.091927079859847 -3.129441529707563
-9.87162807747619 -2.503289507977953
-9.607634269104736 -1.5387651334069756
-9.70130982857642 -0.5431623564132254
-8.736546485124462 -0.28004319874621253
-7.801450667268439 -0.6344381922607575
-7.6031649126710565 0.3457060621853657
-7.765226046098318 -0.6410746576466906
-7.235368497528485 -1.4891613149073546
-7.462909231202302 -0.5153927517881804
-8.337489684098282 -1.0002731818039345
-7.483042497711788 -0.48073491980949223
-8.46835625462337 -0.3099812948383457
-8.94522994002718 -1.1889531306609655
-9.328715549157607 -2.1124999825260273
-10.142079152801093 -1.530744322245801
-10.126837611512348 -2.530628163208912
-10.82597953636103 -3.245611078332679
-10.344651277535272 -4.122151497968741
-10.818804271561465 -3.2417090306513145
-10.59316484840946 -2.2674981444877336
-10.58941957280828 -3.267491130918474
-11.45578594190074 -2.768082165735079
-12.397850036243314 -2.4326492482232394
-11.402799349699261 -2.3332805851135356
-10.911508035375169 -1.4622852668312238
-11.883091894101128 -1.2255896702030276
-12.802490975037903 -1.6189156545628347
-12.078043890641979 -2.308246070191106
-12.627409589272037 -1.4726640400057343
-13.119341087043844 -2.343297947856782
-14.011706004188667 -2.7946125328738316
-13.595497394079388 -1.885343379723401
-12.595880931301346 -1.9130368327966107
-11.72748845538101 -1.4171593199318426
-12.094133727856251 -2.3475201339021843
-12.995714130523092 -1.9149085557780001
-13.142001183088512 -0.9256663719566054
-12.373787983604743 -1.5658604676329952
-13.373557944400583 -1.544412262806408
-12.542408545172881 -2.100461429844207
-13.427112525818316 -2.5666146950157844
-13.915141106612815 -3.4394423437115096
-14.748650330134303 -2.886936801382199
-13.819400482029325 -3.256388719494522
-14.797614517664096 -3.4639876127650173
-14.050288159788133 -2.799530454760192
-13.409673705012073 -2.0316677584843728
-14.113841855364742 -2.7417010084303883
-14.614317316822996 -1.8759502865258977
-14.562908031206197 -2.874627954921647
-14.308859639270631 -3.8418194636493412
-13.310156099621265 -3.8927236863801475
-12.621023472971201 -4.617358920747331
-12.62411190703957 -5.617354151523461
-11.820647973613676 -6.212707582422949
-11.464050318376064 -7.146965636859215
-10.90994115583834 -7.979409650587311
-10.907225824324236 -8.9794059640679
-10.437343864318692 -9.86213522248259
-10.485457782165886 -8.86329336767804
-11.484832978821286 -8.82794911340692
-10.901403574814797 -8.015785256454006
-10.271874346987405 -8.792762058753178
-10.94413388872292 -9.533077605358512
-11.759449200472151 -10.112094826542178
-11.313250053385241 -11.007028523046513
-12.025459962729553 -10.305061967552756
-12.772241364603568 -9.639992393887654
-13.414789033083125 -8.873746680208624
-13.825423383121208 -7.961946575707205
-12.955134164405585 -8.454487615405778
-13.690709544145221 -7.777044731672478
-14.1547697175564 -8.662848409387573
-13.273871221458727 -8.189543180626197
-14.266234592034412 -8.066194322748773
-13.345355793027773 -8.456043316001406
-12.47659495965848 -7.960811436571688
-13.43014037061467 -8.26206075066948
-12.437297728685003 -8.38149059771837
-13.257670091443039 -7.809660914663356
-13.136349333813605 -8.802274270289915
-13.913275954586442 -8.172683112526006
-14.840760183506545 -8.546545393459084
-14.879836009909942 -7.547309145222016
-15.442392650158773 -6.720550397755775
-14.647856003397466 -7.327766600564378
-15.172256591504354 -6.476294919770971
-16.145657554778587 -6.247186725467944
-15.633896792799558 -7.106314726698635
-14.633898058281769 -7.107905626702048
-15.567767412904233 -6.750291269472055
-14.799337431431136 -6.110357395096542
-15.767240641272604 -5.859034144324588
-15.406221016624771 -4.926475925970829
-14.681686581394267 -5.615714529188331
-13.707659175273054 -5.389284380743428
-12.952821443246417 -4.733372802625704
-12.149714424586259 -5.329207609076948
-11.477989120401958 -4.5884072879927125
-10.607483432729 -4.096248931638754
-9.608836727756456 -4.044241637463
-10.346842246553157 -3.3694469618574403
-11.283749563306205 -3.7190248213030888
-10.591855491601594 -2.9970257953065067
-11.294943401047771 -3.708128735527263
-10.361964019731282 -4.068058553739511
-10.659044254170613 -3.1132060340771956
-11.658928528742667 -3.128419102916788
-11.983684521198729 -2.1826212675609025
-11.086046650617115 -1.7418875006474663
-10.977993142508886 -2.7360325802940464
-10.510147486579108 -3.619842764795015
-11.510050472615983 -3.63377181768962
-11.184268598951345 -2.6883268585346425
-11.005536887246016 -3.672224706500011
-11.603493049829046 -2.8706959000126977
-10.776574973911892 -3.4330183126208658
-9.98672687488108 -2.81971579309448
-10.1065890307456 -1.8269252494290449
-10.612795497950394 -0.9645129277637978
-11.572739628067252 -1.2447044106004288
-10.604672559696887 -1.495395756954481
-10.624731140802407 -2.49519456337707
-9.661212085819988 -2.2275548228941107
-10.610365786403518 -2.542367866887827
-11.591601380648036 -2.7351804924796386
-12.153567121371688 -3.5623410006356537
-11.475235890427262 -2.827584754574813
-12.291800057935077 -3.4048394300364047
-12.40796885794672 -2.4116099450210555
-11.47405630520896 -2.769111474862311
-11.372991466842159 -1.7742316336523825
-10.418698493756207 -1.4753588822701695
-10.329591551413968 -0.47933681784267057
-9.382930723363113 -0.15710510519776272
-10.072892912799619 -0.88095051490068
-9.077450823227089 -0.9763184671041123
-9.873351243911438 -1.581746018801651
-8.877252094367499 -1.6699870765800053
-9.53526182167134 -0.9169776485025574
-10.159125496226707 -0.135444465860723
-9.215949137981926 -0.4677370436413808
-9.442077374927694 0.506360497909669
-8.698377303748005 1.1748739264414578
-9.464251475483211 1.8178644030963707
-8.616514698260314 2.3482815564235757
-8.940011062283613 3.2945109696546933
-8.106101721021593 3.8464124196944116
-8.644986841633273 3.0040331542899645
-7.647519840517559 3.0751638908616057
-8.636851547315395 3.2208442736332126
-7.809565003956424 3.782624457670675
-8.151570480474367 4.722322416608404
-7.344724469713078 4.1315606076544125
-8.340894066149513 4.219002789327042
-9.228489027102919 3.7583780122143446
-8.434531636131801 3.150404607103286
-7.628757445681309 3.742627499267928
-8.604044698736525 3.9635681565223386
-7.8775182002241415 4.6507066046966035
-7.406284658507076 3.76869813015637
-6.41765461928764 3.618329763958635
-7.417622018415622 3.62640445783638
-6.430536474334929 3.7865984922662594
-5.64286883327942 4.402698879568564
-6.06484470569263 5.309305940593962
-6.383088159264361 4.361296919403373
-5.385468140695118 4.292345497736342
-4.39386132841762 4.163055398173933
-3.6579962724191635 3.4859271833132697
-3.4045593921834976 4.453279108796655
-3.3308624191195784 3.4559984280646874
-2.926834658930261 4.370745152025153
-3.098555866892556 5.355890738593946
-2.1110548462976317 5.1982781302024135
-1.9129700960273968 4.218093233506704
-2.667273932432157 3.561567740943727
-2.1800592691505285 2.6882855002658523
-2.986127926283808 2.0964634662156225
-2.1320230577373955 1.5763626360631267
-1.9642545768665405 2.5621890593376735
-2.912728296032698 2.8790448688964014
-2.579929365332993 3.8220426799888414
-2.885856975843439 4.774097456316007
-3.0338707117824937 3.7851121510796935
-3.429720390212036 2.8667968282808043
-4.092259238075126 3.6158243812267883
-5.057522475595513 3.3545450626964826
-5.218778893636009 2.3676325196407424
-4.472710496544204 3.0335018362944424
-3.4728464076898415 3.0499883101271164
-4.136170425131695 2.301655998994689
-3.5098966634161766 3.081259215629083
-4.203946906276089 2.361332649661347
-3.2046709535631117 2.3993795986792605
-3.451349576723984 3.368476939958998
-3.84136809641864 2.4476699274448723
-3.473704166648553 3.3776286548871264
-2.6055686001090956 2.8813015066177456
-2.3607143335061656 3.8508614006554174
-1.5122842459291959 4.38016885997763
-2.1686357757697894 3.6257136464122968
-2.000781004221633 2.6399019120184946
-1.0175353108007794 2.8221871455656586
-0.6000443799525366 3.730868235200228
-1.0656773516932727 4.615846164658297
-2.0629803128963182 4.542451317593695
-3.0600570133497564 4.466044162085295
-3.968083279227915 4.884957399492956
-4.396649173636768 3.981446871524665
-4.905348406249943 3.120502569761324
-4.658163035687777 4.089470780065483
-4.340712616260365 3.1411959089414188
-5.205110159580994 2.638386912302275
-4.205457888083452 2.612017686113318
-5.205028668019191 2.6413136909375003
-5.272418044194977 1.643586938776049
-6.22986358098868 1.3549729334439835
-6.952130998003499 0.6633590394838189
-7.93373847344226 0.47244868313104516
-7.464397987137866 -0.410568591850342
-7.921634354113496 -1.2999138030675197
-7.500796910648575 -0.3927777348958761
-8.278263137033838 -1.0217024258011218
-7.5976667906235535 -0.28904383324045824
-7.755171124556669 0.6984744626874125
-8.75091212338987 0.606279759788277
-9.625433306221083 1.0912670800137614
-10.169481755986263 1.9303208830014507
-10.859226089867922 2.6543738878831005
-10.568253389713561 1.6976425317726822
-9.9289984370216 2.4666373987638717
-10.673225310462854 1.7987104859598921
-10.010853282268387 2.5478855631384834
-10.940132970359286 2.1785087077432372
-10.272729585928035 2.923205103900564
-9.372771968516094 2.4872277112960575
-8.372911888702756 2.50395555621603
-8.57976893904658 1.5255843788385213
-9.49964231355186 1.133368908878107
-10.305227051089584 1.7258494829446955
-9.847779057209012 2.6150858592219146
-9.40060778005321 3.509534208142549
-10.380739785882337 3.7078804991322496
-10.154295370929566 2.7338564096269145
-11.15421572130673 2.721235280453743
-12.142488819455707 2.568538576248895
-11.1428167631457 2.542930377700002
-12.063625212338366 2.152915249922376
-11.08896977021148 2.3766266021878444
-10.109997080731848 2.580617958017001
-9.568827473819905 1.739704492460186
-9.705070682592352 2.730379912597068
-10.123421239837638 1.8220942685111565
-10.940855114062943 2.3981167170919475
-9.97535892450034 2.6585338976697535
-9.962219566613388 3.6584475725809025
-10.46862341014127 4.520744010739027
-11.099643346046463 3.744977396034447
-11.715552365426825 2.957160107669994
-11.589176466946462 1.965177682279664
-12.584702175881414 1.8706866094232337
-11.91518982863807 2.613487536245964
-11.089244921049136 3.1772383762700898
-10.740666790191502 2.2399586492473627
-9.742245009283423 2.1837986331475006
-10.689481907334647 2.504332966675585
-11.187529699259185 1.6371833850236692
-12.078577855173831 2.0910921686367514
-12.864265297082436 2.70971583745901
-12.732598495616344 3.7010098671957414
-12.971406698490924 2.7299431124153024
-12.350299166205552 1.9462177566060257
-13.196646691216369 2.4788488361611565
-12.30573595279371 2.0246703952778504
-13.18866128573272 1.5551569700656038
-13.742071344301547 0.7222480272183984
-13.967467991405886 1.69651511147924
-13.182423547979841 2.3159545531084365
-12.729137951586534 3.2073198924067308
-13.25750144201363 2.3583016228838094
-13.580096748868764 1.411764635759142
-13.192860752235115 0.48978400531664457
-12.217873829799785 0.26752177037762975
-12.201300941529228 -0.7323408898784534
-12.902438453483036 -1.4453669688764261
-12.050084709390326 -1.968332641680235
-11.832337900709712 -0.9923273510647548
-11.151944059440263 -1.7251740067592476
-10.33854884081173 -2.306885462991839
-9.819860513837355 -1.4519220605818162
-9.265306740167766 -2.2840699513493274
-8.26532782573242 -2.277576055391871
-7.3663268505957085 -2.7155226807964294
-6.89998456750816 -3.6001270415163464
-7.8736945586561555 -3.8279182905549582
-8.860441017506586 -3.6656486817363763
-9.784622999373902 -4.04760111907878
-9.153845840262122 -4.823565148878404
-8.155159573733243 -4.874807134072274
-8.65476129365492 -5.741062362888414
-8.675191616754667 -6.7408536420552405
-9.445743380821723 -6.103476219413721
-9.453988379959885 -5.103510209996795
-9.980446394226007 -5.953711338680456
-8.992755992404318 -5.797289888267443
-9.983377724574675 -5.660656862421561
-10.530200889442204 -6.497904989540553
-10.013934359437094 -7.354332960823884
-9.034103686169415 -7.154503404141685
-8.039317514218368 -7.256486109023366
-7.065621022190401 -7.484335053309776
-6.337848259488388 -6.798516705735814
-6.616953927826944 -7.758777100577384
-7.590042043256806 -7.989210430651747
-7.3382073562744 -7.02144016326776
-7.717295543552356 -6.0960796139323605
-6.740663792881913 -6.3109991886164405
-7.645083982776135 -6.737642037040857
-6.85459300517731 -6.125168352434853
-7.75409598498579 -5.68825372769031
-7.459821370508025 -6.64397463427024
-8.13376575774581 -5.905192553470572
-7.678330694248801 -5.014923547530527
-8.156196671658423 -4.1364907910634505
-7.506279836267561 -3.3764854574798444
-8.051313394431036 -2.538071227832194
-8.312283981790959 -1.5727244753473593
-7.809798883728837 -0.708138605566052
-8.674760031151258 -0.20629977342002537
-9.190744816027603 0.6502979745201108
-8.271135535219038 0.25746369565591404
-7.440109179865007 -0.2987693460694009
-6.477333652487703 -0.5690715545016547
-6.626921598399125 -1.5578199787421192
-5.654491583259998 -1.3246250695856017
-4.825748810169584 -1.884254782923279
-5.813657885372144 -2.0392891634084567
-6.754285261667288 -1.6998482422393788
-5.803258392563487 -2.0089564663982027
-5.869201471697532 -3.006779852731837
-6.8662295565050036 -3.083818791620852
-6.98813537443309 -2.0912771191681108
-7.609118625373499 -1.3074532856114374
-7.688719765434258 -2.304280080245805
-6.9709172645473645 -3.000526853825777
-7.644868968127661 -2.261751447331208
-7.221745066627219 -3.1678232789091707
-6.331376681291958 -3.6230640266410497
-6.8123018423915775 -4.499825675791664
-7.277008075696808 -3.61436076020931
-8.040101737746117 -4.260648670463073
-7.930530363108225 -3.26666974017332
-8.90517161221293 -3.0428965613881482
-7.988976856350971 -3.44362985091005
-7.085118731392669 -3.8714621661304665
-7.334312838565466 -4.839915725652219
-6.336495254823474 -4.773884902733729
-6.244776616030269 -3.7780999403558466
-6.67624104169787 -2.8759699888614247
-7.524543960287573 -2.3464587441156772
-6.796564654959384 -3.0320578478300027
-6.963127207420833 -2.046026957787745
