0 0
-0.8123775986610483 -0.583131749430357
-1.7763657371348738 -0.3171865128086629
-1.2390619386339645 0.5262022635670334
-0.36770565089374563 0.03555145105819346
-1.2149605037452083 0.5667380607535493
-2.169112512832856 0.8660605349415148
-2.1102466366110115 1.8643264356997418
-1.854531384154276 0.8975742908037565
-1.5524153313876576 -0.05569686194383283
-2.084897623059445 -0.9021380052349429
-1.9129283013187581 -1.8872403107748539
-0.9933497471326826 -1.4943341099061898
-1.273293814137548 -2.454350421928426
-1.384510634875531 -1.4605542563165155
-2.1493316982108017 -2.1047970219559176
-2.9241615838909447 -1.4726272281054864
-3.201811148050539 -2.433309651969891
-3.8842380719541754 -1.7023558274834047
-4.39812702672136 -0.8444991132424482
-4.364964266938068 -1.843949077654652
-5.364855734581334 -1.8586817941114049
-6.344363469070746 -2.0600883433480632
-5.482265822672161 -2.566830534283472
-4.6555034115154355 -2.0042792783980032
-4.178087774357528 -1.1256016871296763
-3.5705758326935078 -1.919912231397856
-4.4820772807737 -2.3312090951686772
-4.449048248818265 -1.3317547024883074
-3.6144723988270657 -1.8826477507394785
-3.745346414321585 -2.8740467582376406
-4.708350282631596 -3.143534326819118
-4.576088306908091 -4.134749121794312
-5.187562876508895 -3.343485037729129
-6.100884030491787 -2.9362449737774616
-6.522881927389961 -3.842841783287355
-7.522651633309387 -3.8643018654350376
-8.188931048325676 -3.1185996855230087
-7.316534065836018 -3.607397706123481
-6.344702342926486 -3.8430735477931144
-5.872518476639375 -4.724573630843681
-4.888987140389092 -4.905311315386033
-5.888646769253321 -4.9314001332785855
-6.067296438226834 -5.915312881328764
-7.034567039298427 -6.169059968607812
-6.034780164503022 -6.148415235942087
-7.0346321244642915 -6.131208895203635
-6.91249694696167 -5.138695420022364
-6.641904937642823 -6.101389537846291
-5.735176165308822 -6.523103817212872
-6.557333854015366 -7.09236363039198
-7.317984875683023 -7.741524645268836
-7.453026080461552 -8.732364628824184
-6.532612929440846 -8.34141753339037
-6.587357332023549 -9.339917934184411
-6.615025566056387 -8.340300773054459
-5.72884953507213 -7.87695204681364
-6.060022166975108 -8.820522228558726
-6.874968681591946 -9.400058403714228
-6.8194699523068225 -10.398517161524353
-6.610222222716253 -9.420654498538802
-6.6347323461799625 -8.420954916740452
-7.400571614278379 -9.063986965271848
-8.350563925501964 -9.376260256822809
-8.118403694433445 -10.348937812393107
-8.154997313837107 -9.34960758318009
-8.34476541764068 -10.331436522852778
-8.847744826685545 -11.19573491697189
-9.549815991242179 -11.907841706644685
-10.537301313061663 -11.75013077109781
-9.991943024961296 -10.911927730301466
-10.462564187216518 -11.794263109642873
-11.367175608567772 -11.368025879498832
-12.364290037945347 -11.443939084720547
-11.918174539313977 -10.54896368735988
-12.868189346566322 -10.236758841143024
-12.642542277813876 -9.262549725827718
-11.896175250984294 -9.92808429387176
-11.807405510235037 -8.93203211997357
-12.628265059835531 -8.360902012353883
-13.43497012089743 -7.769947746393211
-12.544866022699853 -8.22570502211339
-13.245542600268882 -8.939184057296732
-14.182946413582332 -9.2874283548601
-15.098268419977094 -9.690151118817475
-15.134353591065397 -10.689499836947203
-15.763170737006508 -11.46705304861215
-15.700758250557486 -12.465103488988413
-16.025744353697515 -11.519384697398726
-16.969338994096624 -11.18828176082148
-16.974975710104268 -10.188297647231344
-16.73848719677753 -11.159931931859315
-15.920207695603931 -10.585111387724812
-16.499207192933856 -9.769783489212996
-16.24538614097782 -8.802532294546413
-16.968673858761147 -9.493079090429061
-16.726755371972512 -8.522782514247378
-17.680436032089535 -8.823603388720473
-18.584365736455005 -8.395922328155766
-17.888779349999915 -7.67747986074564
-17.862596215861654 -6.677822697770904
-17.67871827919596 -5.694873612412173
-18.675087242860076 -5.780014015552481
-18.482116641255857 -6.76121855432944
-18.742046025364246 -7.726846181977402
-18.90700974671208 -8.713145817300804
-18.54462120470855 -7.78111870148037
-19.453308474959577 -8.198596179775592
-19.32342711440742 -7.207066638016436
-18.6440727347308 -6.473256290028489
-19.388651883172606 -7.14079047769656
-18.798456738844198 -7.948051087172317
-19.13793282753722 -7.007436402401933
-19.377307533718263 -7.978363665404029
-20.340065580931647 -7.707999203009517
-21.079711676865355 -7.035003175703244
-21.44139924951739 -6.102703814023166
-22.337509107366394 -6.546536127702374
-23.24252491304018 -6.1211581881231965
-22.42891492751345 -6.702569222978223
-21.831211571028938 -5.900851880240056
-20.872809826548206 -6.186274542578367
-20.77547980555634 -7.181526705104892
-20.3885729040141 -6.2594079223339385
-20.526302803152458 -7.249877747660959
-19.552516100012124 -7.022414658815583
-18.56388417450907 -7.172770622701712
-17.632578445057195 -7.537009058743424
-18.53506238051771 -7.1062855439039145
-19.393484894221245 -7.619228803891708
-20.290624533768035 -8.060975866308492
-21.11245776727949 -7.491247741413726
-20.404939292641213 -6.784552893515764
-19.486436662102466 -7.179967761336134
-20.332193537620086 -6.646399295706207
-20.45703557489086 -5.654222665397832
-19.468829382749416 -5.807351767182257
-19.879880250359353 -6.71896417617915
-19.02638708049219 -6.197860147227061
-19.159572965211716 -7.1889512228157155
-20.13839236370984 -6.984225589042692
-19.317150411037886 -7.554805693122354
-19.77858761602361 -8.441978565709745
-19.976664321556466 -7.461792043294112
-19.066649026126733 -7.876366719418853
-19.8509853102468 -7.256030847964746
-18.879432119201855 -7.019209402630104
-19.61081734119265 -7.701173959666225
-20.41058883556909 -7.100869406307787
-19.410598577495144 -7.096455365392893
-20.35710715366399 -7.419134021704129
-21.30692488944098 -7.106330139369734
-20.337473260292878 -6.861047570192691
-20.99004805132637 -6.103323252180133
-21.87035655725046 -5.628921592826278
-20.959216253908 -5.216825308415692
-20.141068869879454 -5.791833880532009
-19.64308356156421 -6.659019346682227
-20.56482490933392 -7.046824565589451
-19.625628102927482 -7.390203887675023
-19.30883317939906 -8.338697944813296
-18.433356798592815 -8.821958854312916
-19.431825615182447 -8.877276322603686
-20.152576084474408 -9.57047092804679
-20.28495100458966 -10.561670645825442
-21.152708554856105 -10.06468288545746
-20.32489156970354 -9.503684633149206
-20.274075518018694 -10.502392663001356
-19.85120739009815 -9.596201432416457
-20.559163171942142 -8.889944672481615
-21.14113697863679 -8.076737141576166
-21.68943845351523 -8.913017891471874
-21.874846996055854 -9.895679416287495
-22.088442102230232 -8.918757141683033
-23.06771251445304 -9.121314441588458
-23.44216539778661 -8.194068498937225
-22.670569439441444 -8.830181442576485
-22.146030149292788 -7.978795200562707
-23.14524076903528 -8.018520978010429
-24.1448236476426 -8.04740122723208
-25.098187663098344 -7.7455783420260325
-24.599694348211237 -8.61247188509396
-24.957074147390273 -7.678512742979728
-25.27676636569196 -8.626034186302963
-24.982393835380755 -9.581724938271496
-24.89675724882494 -10.578051378271493
-25.207096863925482 -11.528677131814518
-24.72150817133926 -10.65448972534357
-24.071290807675442 -11.414237959951638
-23.0812979275538 -11.555355277487275
-22.081301461549238 -11.558013844467348
-22.783166137290003 -12.270324153916334
-23.64544991611806 -12.776749552933804
-23.20091206481643 -13.672509620563595
-22.20111044894504 -13.692427675211725
-21.66497688255857 -12.848294510957576
-22.439861869219765 -12.216192258590858
-21.492079139929995 -12.535109015848978
-22.49062858211269 -12.588951485300367
-21.60640958736667 -12.12187893276668
-22.603831466584115 -12.193639610427493
-22.961192669990336 -11.259673352846386
-21.96276384834713 -11.315708057379947
-21.38919098890207 -12.134862606233835
-20.97343972676173 -11.22538424583777
-20.202607030804536 -11.86242188589004
-21.103878684314278 -11.429167449582902
-21.824987007521056 -10.736345115790243
-21.145989841686486 -10.002204224142991
-21.358362841194104 -9.025015547847499
-20.471355831613057 -8.56325958962488
-21.2744559913501 -7.967415538357828
-22.095224659250448 -8.5386762439845
-21.104733754703027 -8.401098018931153
-21.61178761528786 -9.263012389658325
-21.450744871726272 -8.27606495704291
-20.516458019754523 -7.919542758249176
-19.755998196152284 -8.568927741665677
-20.726329970751102 -8.327150473908958
-20.545094580433652 -9.310590219544897
-19.592640572482008 -9.615272616044674
-19.34848376477615 -10.585008380699605
-20.34108901965441 -10.463621363321042
-21.099765032061963 -9.812153245760882
-20.482387447007234 -9.025486278441171
-19.490868086808007 -8.895527214308984
-18.690749028180637 -9.495368436651404
-19.59166749591707 -9.929356817246365
-18.907990709638206 -10.659141752623498
-19.8027115670205 -11.105767532628517
-20.641531613223506 -11.650176322131392
-21.291611027442244 -12.410042596688319
-20.647000239997702 -13.174553507473854
-19.650819124528613 -13.08724265372266
-19.15860583359914 -13.957717280712084
-20.10997833867267 -13.649674497011317
-19.415636370404656 -14.369319708974615
-18.418693024838966 -14.447447589608169
-17.65048648849125 -15.087649680758023
-16.74782975128963 -14.65728841997294
-17.701437504496454 -14.95834033081861
-16.770736792522115 -14.592558722846782
-17.354545205770137 -13.780667266665091
-16.4138444157097 -14.11990468143485
-15.441600500055035 -14.35387427021186
-14.518722658400936 -13.968781438048143
-13.961826349935555 -13.138199412226713
-13.055985615120832 -13.561817829142601
-13.715809790856328 -14.313237856234622
-14.164354553865925 -13.419477488139982
-15.135108964918047 -13.179402763475247
-15.987439835714992 -13.702405714410057
-16.497044740638998 -12.841997183026624
-16.212551849258002 -13.80067533274825
-15.335216742407534 -13.320797108312428
-15.863423269540741 -12.47168117706754
-16.643564687582636 -13.097284380268722
-15.71234336842472 -12.732830192824276
-16.66846073139563 -13.025814131335514
-17.160535524037964 -12.155261204486145
-18.15292611182319 -12.032131511579486
-18.729898019370584 -11.215367520024323
-17.744019567013183 -11.382829985004907
-18.2001883266588 -10.492936697737619
-19.078854095252332 -10.015499301734815
-19.918340403392857 -9.472118460662378
-20.155468880164992 -10.443596759701387
-19.386627260835663 -11.083036017478898
-18.590509356953245 -10.477894477739754
-17.592316896800618 -10.53799283457625
-18.14667105286107 -9.705711950704403
-17.940059651059464 -10.684135033345841
-17.86700262770342 -9.686807268095944
-18.55443818903067 -8.960561890126012
-17.853826402245442 -8.247019232524092
-18.614891428697234 -7.59834363909396
-17.994748034110074 -8.382832115841651
-17.012769669143623 -8.571825477465318
-16.01375589818324 -8.616226889959947
-16.405964854421185 -9.536103041757972
-16.06482295253575 -8.59609123184387
-15.224953382799143 -9.138879501642
-16.166086353159592 -9.476916085609645
-15.175545942616871 -9.339694749506767
-16.169130792882065 -9.226605646037441
-17.168052063801074 -9.273041564307183
-17.047032837857024 -8.280391400880056
-16.458029902730562 -7.472260506524189
-16.511370554316958 -6.4736841324353875
-16.084834247950106 -7.378154573826881
-16.28618300483345 -6.398634957840793
-16.133859762707015 -7.386965686852135
-16.88951989333853 -6.7320017435896355
-16.11213235564719 -6.1029797914749295
-15.21826786575307 -6.551317023596379
-15.851811284628216 -7.325024162247685
-16.763043570878345 -7.736917012993313
-17.423232511111344 -6.985817443565908
-18.293277551182467 -7.478789682386349
-18.892469186749995 -6.678184046716758
-18.390718190475262 -5.813171944063094
-19.387490363553443 -5.732889723260493
-19.709277645191122 -4.786077732749054
-20.279651919354208 -5.60746265309574
-20.97199862166912 -4.885897656859316
-21.924417504622046 -5.190689834243677
-20.948894351012783 -5.410586575402419
-21.30568923580069 -6.3447693252908905
-22.129813824459372 -6.911177890169773
-23.027769064252755 -6.471091094949096
-22.33949551459203 -7.196542348195947
-22.091365503122283 -8.165269088514403
-21.502961845770997 -8.973836424000837
-21.277176843053216 -9.948013580655482
-20.41836835205198 -9.435716815309279
-21.20234833824542 -10.05650291474139
-22.099402583140073 -9.614582467470067
-21.21738582257815 -9.143364435039372
-20.92488573287484 -8.187098939727763
-20.90106087539025 -7.18738279193088
-20.710654971648093 -8.16908824257284
-20.135102124598465 -8.986852829879645
-21.010102088737135 -9.470975812971055
-21.80732016454622 -8.86728438549899
-21.42678668637046 -9.792051530237307
-20.539869071497737 -9.330123890418601
-20.825849310571645 -10.288359405758767
-21.823796005893872 -10.352409333904275
-22.81624954896874 -10.229788108832349
-23.75447066400798 -10.575824435385691
-24.740410097372134 -10.742927498605876
-25.691917476713172 -10.435301577949717
-26.388013477037564 -9.71735286227959
-25.55073028873243 -9.170583383813948
-26.27801398835705 -8.484246425563608
-25.87463300948768 -7.5692143026922905
-26.874614748087215 -7.563170920572085
-27.38075032479113 -8.425624848613806
-28.065876259537884 -7.697200210413404
-28.500284143964066 -6.796483945461799
-29.470150689776684 -6.552847159828963
-30.445428604416392 -6.331865284517831
-30.122771690262198 -7.27838127262817
-30.170803492026796 -8.27722707955697
-30.628329978255504 -7.388031086314079
-31.398278802703405 -8.026136726260395
-32.311897508212496 -7.619564640470065
-31.679089695133232 -6.845255741059864
-32.470110613532434 -7.457044844145952
-32.66987212722115 -6.477200296450353
-32.84983206829522 -7.4608742361319
-33.28158494091931 -6.5588822977084735
-34.20610445609876 -6.177747589170454
-33.7139042400845 -5.307265569048542
-34.24751092832708 -4.461532808501342
-33.496733362149186 -3.800977703968801
-34.24310871223498 -3.1354524701990285
-35.19800130112277 -3.4324038865741153
-34.65303244961635 -2.5939475961881677
-34.686342180551186 -1.594502519245443
-34.69153038291608 -2.5944890604329833
-34.71455156827202 -1.5947540830390707
-35.47973317058823 -0.9509395791042838
-34.89188579870765 -0.14196772089592435
-35.31255528392327 0.7652462473653828
-36.30502741872071 0.8877169036492678
-36.596595083327614 -0.0688333025373592
-35.72860026453771 0.42773994941433724
-35.55696290168 -0.5574202485591965
-36.556471520923225 -0.5260750725587389
-37.527694218389826 -0.7642482698872857
-38.371694003749745 -1.3005917813726158
-38.89247439198832 -0.44690109545289713
-38.24453090865761 -1.2085895110200902
-38.50893951412549 -0.24417876379952408
-39.503177729093586 -0.3513719160856821
-40.38911007036608 -0.8151864120724266
-39.58277532459473 -0.2237269648050345
-39.51109062144135 0.773700377578265
-39.407413738823045 -0.22091065393634224
-40.27238548957768 -0.7227312099087584
-39.71264227243656 -1.5513973253403681
-39.12132867996236 -2.357839037651463
-39.61321840266004 -1.4871815270857973
-38.75033315941431 -1.9925814251751865
-39.623607347063604 -1.5053523279473406
-38.6294415410221 -1.6132149725368852
-37.9936758816633 -0.8413328400969237
-38.98394912139777 -0.7021965376241641
-39.6558332491591 -1.442852813410977
-39.15347430944649 -0.5781936344908548
-38.92906762703233 -1.55268921728632
-39.86808831229697 -1.8965498760496167
-39.65459125837601 -2.8734935837252795
-39.914262113757204 -1.9077964019619704
-40.78558121330932 -1.417079552082446
-39.990706459658156 -2.02385308974539
-40.5218487058774 -1.17657042482112
-40.23130368714642 -0.21970910148810263
-41.18029288028504 -0.5350176984310338
-40.65918799900151 0.3184749510408167
-40.55768167714939 1.3133098451936371
-41.42692496490257 0.8189252715103054
-42.06357912048663 1.5900747292534476
-41.108021187839626 1.884878116878793
-42.09296255554932 1.7119894180747302
-41.39991486230071 2.4328811539704764
-40.7795829512277 1.648541737579516
-40.434095768087865 2.5869652061085686
-39.55735062761077 3.067920462499217
-38.70202136015303 2.549835677709871
-39.02836160705913 1.6045833075730567
-38.35656572269655 0.863846991632289
-38.46641930401755 -0.1301007890236926
-37.947194388150336 0.7245368457330993
-38.12963047701984 1.7077545599134327
-37.13056191682584 1.664603522476308
-37.609435343994384 0.7867195661632567
-38.573526131076775 0.5211466867819832
-37.584639124363825 0.6698157419155089
-38.280131215645746 1.3883494926637234
-38.500030017492755 2.3638721817623667
-37.75764731112329 1.6938961245158766
-37.811587032468324 0.6953519309714845
-36.93863076104034 1.1831504018327168
-37.28545600081435 0.24522063204411215
-37.421802310340645 1.235881867723877
-37.68912037820722 2.1994902168948887
-37.29881681655115 1.2788039892588996
-36.93201842713056 0.34850353160102
-37.92566158080182 0.4610792090905221
-38.924937703724154 0.4230367307628936
-39.90044347124804 0.20306287429889883
-38.94472299868613 0.49733889834103495
-38.40440137439615 1.338797478619731
-38.289436776687566 2.3321670680846505
-39.04674296966445 2.9852270424199774
-38.09577634582119 3.294520560515909
-38.65203966257983 4.125526651004229
-39.219987674392755 4.9485910809717435
-38.26966693361464 4.637318708848982
-38.796737394366474 5.4871402956557915
-39.786272995695455 5.631429220048801
-38.95285560979091 6.184073283503778
-38.42219782064926 5.3364871163070156
-38.54330482062407 4.343847657814104
-38.73091376250646 5.326091458978443
-38.35743398482438 6.25372978055779
-39.35701391190662 6.224747555414207
-38.360204475188155 6.144929344027248
-38.423087298954805 7.142950260879762
-38.783656868814006 6.210217938457327
-38.46596308461431 5.262024572375873
-38.35626038122414 6.255989016845035
-39.254796847590434 6.694887887440496
-38.3033638508472 6.387031991430387
-37.44340048390397 6.897387757064195
-38.09472751003267 7.656184900597525
-39.086717805961385 7.782499004256838
-39.84752598386798 7.133522181534762
-38.90629298412777 7.471280142506876
-38.14546469763958 6.8223268942066175
-37.145516783059094 6.812120615446649
-36.156818930739824 6.662198779747977
-35.235842590436185 6.272580273256155
-36.08984252392287 6.7928533876919674
-35.09396839371786 6.883598728004347
-34.62659958371596 5.999536289351167
-33.628114156744715 5.944519454418086
-34.57173269948027 6.275554264982814
-34.41363237803425 5.288131210583806
-33.423446897166215 5.14837172618957
-34.09353069818653 4.40608626923236
-33.09678734782232 4.325446989072258
-33.14712110898616 3.3267145361665253
-33.660925391878855 2.468807105914797
-33.71201760803403 3.4675010457423863
-32.75956328491226 3.7721824570011813
-32.06584098156579 4.492425031304914
-31.44975798815151 5.280106277257678
-30.68695532501508 5.926737622857294
-29.687821896311224 5.968359632016816
-29.688751351258563 6.968359200073474
-30.479378538420125 7.5806570450157835
-29.715758645147492 6.93499098690347
-30.655878013649968 6.594145607051397
-31.538572706629257 6.124198717513656
-32.04291546813082 6.987702266389383
-32.42591544046903 7.911450620211422
-31.75981437518565 7.165589124470866
-31.19508711091064 6.340311524517696
-30.261360262277332 6.69829779819493
-30.84365570996798 5.885320546607441
-31.83545001948592 6.013164387318811
-32.83524040989827 5.992690617780176
-32.706594916089365 6.984381263557711
-32.57859745942933 7.97615575964468
-33.55813398310166 7.774889272638196
-33.64300766889234 6.77849755375435
-32.870418056218824 6.143591820287569
-33.83853021620918 6.3941089767435795
-34.04208430796071 5.415045275173957
-33.894719856869656 4.425963014411671
-34.0432552960546 5.414870099686185
-34.49794221055482 6.3055214398762045
-33.5732049530741 5.9249153382080415
-34.49150201868448 6.3208073680486985
-33.98608404468649 7.183682023812658
-34.5005226958349 8.041209209506851
-33.56361056394851 7.691644255422355
-32.56374932053909 7.674986106432295
-31.918937656414727 6.910644613505754
-30.999317987858717 6.517834652831467
-31.66349097313688 7.265413575505651
-31.703551699585855 8.264610822397565
-30.774001214768692 8.633305677496164
-29.84346207768071 8.999498132835633
-29.617349971867252 9.973599418947403
-30.555717798424567 10.319237701089442
-29.72593619942909 9.761149448240028
-29.302912507362038 10.667268069586019
-29.05109764938804 11.635043496688576
-29.088404824634754 12.634347341710255
-28.875439502101646 13.611407100066092
-28.570981104654447 12.658881465647845
-27.94492866826063 11.87910050480989
-27.733326390488493 10.901744645339225
-27.329627438196578 11.816636527431536
-27.713662011956398 12.739955240637931
-28.03931405890666 11.794465555703662
-27.147306700670324 11.34244467913684
-26.498268191385197 10.58168912479304
-25.741026058030798 9.92855487253484
-26.045088822738094 8.975902871477498
-27.011244277078728 8.717942335643336
-26.017360230387155 8.828371053520438
-25.934528383076863 9.824934591420137
-26.25624564429953 10.771770376459648
-26.239466107825773 9.77191116279218
-26.47700251662865 10.743289798800319
-25.97295310415909 9.87961498164453
-26.960611615055175 9.722992295374219
-26.3420501485825 10.50872870931669
-25.880523583603225 11.395855098180437
-24.917133705682186 11.127750747004836
-23.955156258372163 11.400879637580127
-23.400497647491584 12.232957653980046
-24.176370757183815 11.602068664017068
-24.94347988829656 12.243585289649987
-25.82407901875286 11.769723314556384
-24.861641866328345 11.498218751734715
-25.648624912273664 10.881244128760134
-26.53826508792271 11.337906321054543
-26.526317120462576 10.337977700565276
-27.200518159663115 11.076525572230283
-27.914231457193782 11.776963527318316
-26.918792824051046 11.681559504096457
-25.955319156472715 11.413756419941027
-26.265770582719586 12.364345664536865
-26.89026885836669 11.583319478219277
-27.870988951570073 11.778737232753361
-26.90467022382153 11.521388993197629
-26.179457102365046 12.209913450618965
-26.531958806540914 11.274102279199692
-26.13718049761178 12.19287868660198
-27.04803979605059 11.780161666783846
-26.155053225974104 12.230244976475545
-26.09743244759978 13.228583519205182
-27.068370764423165 13.46791338554905
-26.232836506983137 12.918475031732955
-25.384710936173157 12.388679773035552
-25.664243641641956 13.348815943884922
-25.03652528238944 14.127256475626
-24.360206981792082 13.390646975091897
-23.379907513467536 13.588163942470937
-22.446316911784287 13.229822501316399
-22.543269423948278 12.234533492844442
-22.31703807381008 11.260459893872245
-23.314206768315987 11.335656933025307
-23.79088938459774 12.21473240380969
-22.94308529355745 12.745041957952688
-21.94773034325819 12.648768789755316
-22.915696664059418 12.899848860239876
-23.91451362807388 12.94847675755134
-23.197024361751712 12.251907196981488
-24.129850690648016 11.89158090024776
-23.92071280946832 10.913694737826148
-23.902288413049952 11.913524994228013
-23.314727279283343 12.722704772822917
-22.469308922687507 12.188600099251529
-23.454426245139224 12.016716821980118
-24.259023221084977 11.422895547269494
-25.244918970501608 11.590256149808491
-25.65119730257892 10.676506776684507
-26.636682645455586 10.846267310894499
-26.346206219144236 11.80314945920608
-25.567732663211647 12.430826862585928
-26.55960593376342 12.303597089478659
-25.804367561139298 11.648146862141706
-26.4329787503215 10.87042713573962
-25.654291045964097 10.243015421565747
-26.65370975163077 10.277107220631695
-27.157727748845378 9.41341406997935
-26.217266600774423 9.753315274697808
-26.65471688436982 8.854072677073393
-26.306736371408753 7.916570910355404
-25.313814687705374 7.797799996274352
-24.36332301287037 7.487049974441128
-23.37566344541998 7.643665997962688
-22.401998403289255 7.871649299396307
-23.265468887325955 7.367249930644299
-23.961878347446483 6.64960526658371
-22.995595424514168 6.392122620859026
-22.03740263116767 6.105999271971108
-22.256772061239566 5.1303574047114395
-23.050632543308772 5.73845734305122
-23.07933969752298 4.738869478330503
-23.219504337019064 5.72899768913703
-22.341459495685324 5.2504193187448776
-21.44759550193492 5.698757540042793
-21.837436216366125 6.6196398437992325
-21.178479022789453 5.867459401994503
-21.308460925958872 6.858975768399241
-21.699132286656024 5.938445547314112
-20.837624436606163 6.446189798194871
-20.951980182392514 5.452749934184146
-21.538972915189774 6.262342135013185
-21.793542447098712 5.295287662181554
-22.688551064563622 4.849238814336891
-23.305250760252523 5.6364373187417325
-23.607891094913853 4.683332483041022
-23.75856308759046 3.6947486724195553
-24.695503559015066 3.345259684028449
-25.59432820659483 2.906951284721397
-25.4240960247964 1.9215473044776874
-25.169755965969287 0.9544324537614856
-24.992100078996422 1.9385251251211928
-25.802021081045684 2.525064101182906
-26.198076832010337 3.4432905667826645
-27.076749989555687 3.920714364062693
-27.206552554711653 4.912254224118219
-28.170864536588375 5.177022805352828
-28.657397104517106 6.050685246084187
-28.849509131913365 7.032058248020607
-28.624263051513097 6.057756342416232
-27.717821991469474 6.480088681536729
-26.7195894183886 6.420660320964211
-26.074267180843076 5.656749848638274
-27.0699967363526 5.564431636541177
-27.38467833382785 6.513628924890877
-28.372505843986126 6.358075685855171
-29.367077125433465 6.462133199376307
-29.204191607435256 7.448778175052186
-29.708171647068436 8.312493475166372
-29.99570863872441 7.35472394212127
-30.995609238073513 7.340624600955666
-31.215054318960497 8.316249455330802
-32.18293618300374 8.064844011363942
-31.349070414766786 7.512876729215267
-30.9792104830154 6.583789203260441
-31.974113038188783 6.684630195468341
-32.95899706124086 6.85784526737826
-33.38229305626275 7.763836713584251
-33.3916890415575 6.7638808568283935
-32.64204884518908 6.102035273637935
-32.559995992867954 5.105407294186241
-33.37757757379391 5.681220074984495
-32.602981559845716 6.31367640958442
-31.614976500112473 6.468097916964416
-31.563526092624066 5.46942236626275
-30.70437757516638 4.957696047855867
-31.090308065822896 5.880223909972574
-30.808898757729235 4.920636081101112
-31.717107346866793 5.339153892689538
-32.42695991716605 6.0435041808555425
-32.51465923600043 7.039651172757835
-31.965594528674522 6.203871329037546
-32.94355159649769 6.412677395747083
-33.530298732396986 7.2224476091496115
-34.474805353116544 7.550939988691248
-35.47047954670232 7.643853390454989
-36.374092767757155 8.072202718381286
-35.75375676994485 8.856538902563942
-36.72258714604248 9.104263956505877
-37.11050635655984 8.182570576844514
-37.94511308196514 7.631724306177058
-37.98104508069827 6.632370068948315
-38.83086024117068 6.105289246842963
-39.812402736621436 5.914045084515563
-39.13602939151105 6.650604042117867
-38.22158791275023 6.245885890904304
-37.253244721478254 6.495508533942156
-36.609158483698664 7.260461420271068
-37.56983504290249 7.538131275668271
-37.06881232166062 8.403565405339267
-37.98400649708757 8.80657858287146
-38.97435841143231 8.945153781784205
-39.30717285988265 8.002161447296432
-40.27900042538395 8.237854431773718
-41.275009970021266 8.148607655969984
-40.418570385341795 7.632360391769919
-40.87557520561879 8.521824609287181
-39.87558137524581 8.518311887269599
-39.090900139765225 9.138211361930338
-38.0917707097838 9.179929249520558
-38.57306026957036 10.056490918566416
-37.84681007333202 9.369060447563152
-37.07061162073309 9.999549116916551
-36.410795076211876 10.750975844932055
-35.42978424879506 10.944928819879518
-36.202950251766644 11.579132518898174
-35.207323798280726 11.48570893986673
-35.62757733515127 10.578302214771638
-35.7604981609223 11.569428873719094
-36.49951435586594 12.243116533997233
-35.565971508213416 11.88465070355197
-35.26816247048363 12.83927616782917
-34.33330151055133 13.194290231768132
-33.334200629928525 13.151894119461211
-32.45025051049579 13.61947532776075
-33.401402018561335 13.928199814487408
-32.41328561026686 14.081907210728534
-33.360796662778476 13.762184197217879
-33.46326884215443 14.756920067916198
-32.58631079843783 15.237487013888092
-33.50469768086866 15.633170642787467
-33.95870962564993 16.524166239856232
-33.615866827765565 15.584773448773172
-34.55733268955594 15.247665111464086
-35.40419803776206 15.779472484492825
-35.10167774915091 16.73261543021431
-35.99291532592052 17.18615217817839
-35.164762170429945 16.625650303916583
-34.65413326067827 15.765849096354149
-35.37617094790977 15.073995370327186
-34.47145505975811 15.500010818082254
-34.21107332222629 16.46551656677561
-34.132418673493675 15.46861464269644
-33.993613410489935 16.45893433802844
-34.802232021568486 17.047267527486078
-35.356256574312525 17.879767854787378
-36.2224513677195 18.379474348516094
-36.70856176127289 17.505576937329074
-36.54637577506041 16.5188167304519
-36.87148461457339 15.573140124803581
-37.620071849402784 14.910103812185271
-37.85189969390236 13.937346982080912
-38.148995238411366 14.89219473823521
-37.521926547985224 14.113230774057637
-36.71591886573912 13.521325700451856
-36.41634320532658 12.567253154107298
-35.579069163063494 12.020469670310979
-35.42399214947288 11.03256728654231
-34.50319870381811 11.42261783511161
-35.27800605946458 12.054815242284498
-35.49281569419292 13.031471180078292
-34.856436145620776 13.802847268740049
-33.861711366950836 13.905427065484039
-32.92669753312769 14.260038304109294
-32.31121375430677 13.471888751036829
-33.304126193684404 13.353040580124686
-32.36187429450096 13.018135580930599
-32.93613595883116 13.836807396055992
-32.62735599533087 14.787940895697743
-33.10144361515185 13.907463224923246
-33.97364591478541 14.396608549457715
-33.27001711031913 15.10717628410752
-34.131103715447175 14.598717968737365
-33.58920082415882 15.439159076973583
-34.20801444158973 16.224696922581337
-33.22625455512967 16.034571897037825
-34.03907944747076 16.617080003754545
-34.912411783147945 16.12995514146497
-33.92647816568095 15.962817766983871
-32.926681360989484 15.942659658720954
-31.93973214656573 16.103691482123477
-32.05770549879243 15.110674720852854
-31.424606354422043 15.884745436871412
-30.43835349777732 16.049988599392965
-29.826304073385817 16.840808112367974
-29.149429599957482 16.104709649374662
-28.75047985056711 15.187736859450467
-28.74892098560044 14.187738074481198
-29.610934102271766 13.680852104378861
-30.480785474826977 14.174165989916071
-29.760125388049474 13.48087742133453
-29.321124362649517 14.379363982000735
-29.00501130283276 13.430642456255015
-28.365050381867324 14.199049913036294
-28.04659305612651 13.251112714862275
-28.465481202746155 12.343074873898827
-28.752947143625526 13.300865734595638
-28.88754793433777 12.309965826865477
-27.905768160297324 12.49998812893838
-28.651550728140442 11.83379869529257
-28.38479751300124 12.79756356403022
-28.895549328204467 13.657291767165725
-28.334029965102502 12.82982816986276
-27.815416801297665 13.684837167668244
-28.46764062083714 12.926810724049464
-29.437261719888873 12.682198941271709
-28.975581983383588 11.795152256536113
-28.071080356262247 12.221622427280614
-27.679205596947583 13.141640999382327
-27.575243562995347 12.147059732970922
-27.093321086071015 13.023273591703546
-26.202890056511844 13.478391797885406
-27.20164317115943 13.528313897017421
-27.197181139369345 14.528303942104023
-27.408203088885777 13.550822619099698
-26.732223363688767 12.813902398775559
-25.87606251125486 13.330611789787223
-26.858020313474686 13.141511618820589
-26.19267758434089 12.394973573715859
-26.628017271192114 13.29523984380059
-27.62591758877127 13.230471362458013
-28.077200057444127 14.122852521755167
-27.29728245411292 13.496970318769566
-28.293018032434397 13.589223546706553
-28.48598968798682 12.608019215207065
-28.04763980283611 13.506823631188851
-27.986855470067773 12.508672708286955
-26.98789779945558 12.46302654388004
-26.00154582769215 12.29837604191179
-26.581107529891156 11.483447681045517
-26.842008093453323 12.448813360947668
-25.897972952034408 12.118968470482216
-25.423185512370665 12.999068968799055
-24.43878604065663 12.823121021697856
-24.972955281533935 13.668498583560345
-24.15837994938335 14.248556363657952
-24.476587930546597 15.196577292078844
-25.183812209195015 14.489588027881556
-26.108463964870552 14.870401802220332
-25.814695574765736 13.914525171595216
-26.284198284854728 14.797456202434597
-25.316965043560664 14.543566744331702
-26.272770443099482 14.83756680931884
-25.272776837228598 14.833990747609446
-25.706617301480176 13.933001040910211
-25.285505336251163 14.840009702798817
-26.14629845188254 14.331054683095083
-25.262686607212455 14.79927483212621
-24.369067807688864 14.350448093686957
-23.378564708861738 14.212957689607762
-24.305261719515634 13.837148362361704
-24.13096313882247 14.82184121029366
-25.1283877342295 14.89356412488256
-25.189309981577466 15.891706639645895
-25.459473799706384 16.854521009799356
-26.09390581125429 16.081542340803068
-26.91139377650284 16.657488021118308
-26.30671961176442 15.861015074623642
-26.430963880592746 16.853266737088017
-27.288748245153144 17.36727644897653
-28.210343895134923 16.979125115171446
-28.18772579408668 15.9793809371414
-27.270828904987294 15.58025677756212
-26.629142749161975 16.347224102434648
-26.948922163690177 15.399732083447681
-26.344349426662923 16.1962820226501
-25.714986394309502 16.973393451923215
-24.796268315262047 17.36830748210112
-25.75693852691678 17.090615666522677
-25.85388491853978 16.09532606185915
-25.974909373990684 15.102676536002813
-26.91093840283508 14.75075373600171
-26.52546802191643 13.82803352627699
-25.775257851668442 14.48923296703332
-24.93044619726575 15.024296765645582
-23.940652908003997 14.88178625890168
-24.91723148255813 14.666625185001644
-24.007066619618605 14.252378975278157
-24.531223370871995 13.400757169477313
-24.697541877538878 12.414685085732874
-24.79008582207558 13.410393686845463
-24.141463725786675 12.64928306662933
-23.196963594859504 12.977794105528412
-24.107481374063052 12.564324186726287
-24.88690547708503 13.19082084883103
-24.671104290223617 14.167258172856084
-23.760150055219608 14.579765605187017
-22.76177892296382 14.522712276815234
-23.0396728171777 13.562100501143789
-22.93171068862261 12.567945493713934
-23.714436786233737 13.190311829659615
-22.91168552927652 13.786625857210211
-23.174670341981503 14.75142583041011
-24.103200321928714 15.122683256381942
-24.60073023054289 15.990130078979368
-23.9078782136976 15.269050275661167
-23.144261901182137 15.914720568659291
-22.16519667111507 16.11826730843599
-21.314966989700714 16.64467920879734
-20.670829601458102 17.409589023787305
-21.60179519401311 17.774695947138124
-20.859295133469335 17.10484994984286
-20.69584670489969 18.09140182947115
-21.29988844765807 18.88835450874729
-21.527942985160312 17.91470614926393
-22.519571473950485 18.043829889217974
-21.920680461053884 18.844660429764275
-21.34792402854718 18.024934823831295
-20.50768305263181 18.567147976007433
-20.4167394456567 19.563004019996903
-20.28040361950294 20.553666698463683
-21.25157813617233 20.315297115311857
-21.97271755187004 19.622507144882746
-22.916576885487363 19.292159512314466
-23.067585729284858 18.303627100557044
-22.155281591202385 18.713140421021222
-23.016209550109608 18.20441353007497
-23.026680569897312 19.204358707444513
-23.14899562899206 20.196850030489028
-23.895656558934217 19.53164520812383
-24.349070011472957 18.640344898992897
-25.291593491425 18.974484824382085
-24.564668290947832 19.6612014711231
-23.727277360743884 20.207805925927637
-24.422188602508054 19.48871040649383
-24.811746162149852 20.409712527949544
-24.703137159274053 21.403797073898392
-25.68658573162142 21.222609586615405
-24.71520869856001 20.985066622836616
-24.983386683501088 20.021697239685512
-25.772048393176036 19.40686985928302
-25.960032575756486 18.424697803531302
-24.981944624293337 18.21650568263663
-24.015878727091046 18.47480140900997
-23.05910980567929 18.183952253913056
-23.922253783424583 18.688910146892297
-23.73344118762846 17.706897008655986
-22.80946623736279 17.324444016405238
-21.92974863242587 17.799940531181157
-22.8751674465758 17.47408279251084
-22.196843470085913 16.7393198491618
-23.11618801185995 17.132773294324355
-23.020633808759815 16.13734906603277
-22.16833625399231 16.66040630777342
-22.838268120052003 17.402828892854032
-23.104565015816622 18.366719946503835
-22.221980280046083 17.896566584094455
-21.779156831507432 18.79317541375449
-22.17646716897402 19.710859725346545
-23.078139144294624 20.14328041046862
-22.983660885635558 21.138807335589558
-23.712601310743793 21.823384472691743
-22.713383415347526 21.862926823656917
-22.824164724762813 22.856771631201955
-23.770811019964217 23.179046035679654
-22.822189745290355 23.49545981103739
-23.76010111560044 23.84233480500937
-23.61972323369603 22.852236804672014
-23.933462818259585 21.902727735164046
-24.18134016061938 20.933936311200846
-23.443033992973557 21.60840202776184
-22.487946596094297 21.904726283134906
-22.991883099692817 22.768466985163528
-23.827288000128828 22.218831967786087
-23.16882176165085 22.971442233982785
-23.648800193141376 22.094161945076273
-23.398836866054182 21.125906640359847
-22.622953294349355 21.756782763825115
-23.07710207813464 22.64770862055302
-22.575113830898108 21.782834179008816
-22.07349887439893 22.647925177353113
-22.55569672688294 21.771862833076284
-21.572137119185808 21.952446603406468
-21.13356303975589 21.053751562331797
-21.736684537816075 20.2561022292426
-21.57541838803617 21.243013182133065
-21.82089716145468 20.273611216073093
-21.35264936359588 19.39001402289037
-20.39384893137114 19.10593352168402
-20.256993794595257 20.096524593488148
-21.13929540916318 19.62584013343998
-20.389687047989035 18.96395849382621
-20.191297957457937 19.94408183747141
-19.21029669971554 20.138083209393965
-18.888098297357974 21.08475537520335
-18.751083605663382 22.075324390597956
-19.52448980243356 21.441413628110453
-18.69574125970445 22.001034797227902
-18.335288943580103 22.933812438362484
-17.915991616402444 23.841661407862187
-18.625310403199123 23.13677357373729
-18.048112785215615 22.320169073508346
-17.082927600423076 22.581736577332872
-18.059577625574356 22.79657309278592
-17.538913552588088 21.942811461473436
-16.83369115781732 22.651797620656943
-17.795459049301886 22.925663505551963
-16.880451662365406 22.52222642018217
-16.837652766653854 23.521310127649105
-16.27948644549692 24.351039214716767
-17.267027356917765 24.19367674056843
-16.29583551416334 23.955377759103417
-17.285878891686636 24.096140362881073
-17.092632201897427 25.077290563862306
-17.705907817774428 25.867159552347537
-16.9373724390303 25.22735225978311
