0 0
0.3620692546387174 -0.9321511974166872
-0.35901765915754547 -1.624995814016817
-1.1129460626733065 -0.9680392230823965
-1.7469159513133183 -0.19468149195289464
-1.197305274254734 0.6407394221156991
-1.9458933986646856 -0.022295886138990362
-1.4159878455213297 -0.8703525497811281
-0.7995323756567946 -1.6577423221772998
0.1887975027956078 -1.5054135614055415
0.9834523171047309 -2.1124751119054337
1.9268437103875726 -1.7807935189885844
2.9227645280227845 -1.871025026793849
3.830107119295334 -1.450633040591905
3.1028594050707543 -0.7642579520614978
2.8319172967539337 -1.7268535961098368
2.898181074811735 -2.7246557366755435
2.635764397572884 -3.6896103923495396
2.504282675078591 -2.698291797421585
3.074723418758045 -3.5196305569784636
3.7295457205232085 -4.275413431295534
4.724080664512277 -4.379817670599594
4.220511028186079 -3.5158630297935494
3.44022548681165 -2.8904395940941714
4.092874738766976 -3.6480997777663458
4.877425052090455 -3.028034615171292
5.57334121388969 -2.309911578535772
5.760762610571426 -3.2921911823481826
5.027629422963136 -2.612106092651822
4.124746654524095 -3.0419929457374395
5.085974923573911 -2.766239043173042
4.086665236679556 -2.803389408973466
3.517959141490745 -1.9808486031193762
2.5186248805259224 -1.9443652526442452
1.6453223397735535 -2.4315435283457147
1.996586319100322 -3.3678199922320626
2.97747909175411 -3.173270850482313
2.0449796057886025 -3.5344421514934323
1.1994311415696481 -3.0005434769708526
0.5539732413406888 -3.764339326024788
1.490372038301211 -4.115277059890622
0.7134533179587713 -3.4856761529809623
0.1397281748060284 -2.6666282544338964
0.5993286387943775 -1.778502467452292
-0.4004502253854214 -1.7574733747626103
-1.0441671567920556 -0.9922096867305527
-1.2387918558621411 -1.9730874704079477
-0.3020804012559829 -2.3231898137443143
-1.2262879767146582 -2.7050803182934544
-0.8728438266448493 -1.7696246898527301
-1.598169170863079 -2.4580309253232597
-0.6465369922526262 -2.765270565723263
0.18191432410204267 -2.2052094829561986
-0.23554921935183853 -3.1139031551510308
0.7343157274686043 -2.870260004356719
1.4619248924344435 -2.1842680925547544
0.580635370725755 -1.71169134860043
1.2500031722339955 -2.4546225340436205
0.2500959032828165 -2.4410044027990367
0.7484177348580233 -1.5740122735524493
1.6076975038472443 -1.062506380521068
2.3552644836888312 -1.7266928081530453
1.7245845981064236 -2.5027359009782835
1.0714881731639312 -1.7454611425666915
0.1428979551477383 -1.3743544099349063
-0.2568853979578786 -2.290964070902774
-1.210014989209457 -2.5935264318808033
-2.19864321087268 -2.7439067475175687
-1.3719325060656233 -3.3065339869553867
-0.7575865785272693 -4.095570793015179
-1.2291093122174999 -3.2137168869665116
-1.2757381244438282 -2.214804601592885
-2.18590557398692 -2.629045128089536
-1.232342705620733 -2.3278510775618915
-1.1653341539837343 -3.32560347871536
-0.3603081125337845 -3.918842951936271
0.33862581790319035 -3.2036567098399047
1.2967873266398506 -3.4898848062516423
0.49085588327565544 -4.0818936816892535
1.2467496024934839 -3.4271993367869635
2.246736362024683 -3.4323452829867875
2.966427161535465 -2.7380505666742323
2.369390589369708 -3.5402645851858527
3.3016313679198985 -3.9021031276438585
2.3523963688333245 -3.5875353026694787
1.8606531354522158 -4.458275558098095
0.929860687336958 -4.823823665098535
-0.06963795768681957 -4.855485291646022
-0.25212521336509175 -5.838693510445586
0.5703960235507967 -6.407427907877601
-0.3251295516629732 -6.852437957357437
0.23145728529098042 -6.02164851777025
-0.4737778509121786 -5.312675032607009
-1.3823999422895945 -5.730294350959179
-2.2796627066096997 -6.17179127253921
-2.111579036224427 -5.18601854023738
-2.1745507189154694 -6.18403385433785
-2.6412662619604528 -5.299626368005771
-2.66713907228733 -4.299961125194064
-1.7841170882581352 -4.769292751787823
-1.0024598372315394 -4.145584533213188
-1.854916200109301 -4.66838291632968
-2.4144023643810955 -3.8395432261673212
-1.7642821298147786 -4.599374576275644
-1.2119519763432862 -3.7657491198708164
-1.8670187725351344 -3.0101781486662924
-1.792226462233358 -4.007377281397424
-1.1996427660448623 -3.2018683968954713
-0.3284446603058795 -2.7109367717613715
0.6674248262207969 -2.620140484364288
1.6656817890250362 -2.67915773788269
1.2289718571489088 -3.5787601141583134
1.939790168749297 -2.8753844478934267
2.4743081853054227 -3.7205415279542313
2.4655545278022553 -2.720579841948054
2.1919049392241954 -3.682409298073753
2.671669492771551 -2.805012025933301
2.0768412536303615 -2.001159199900953
1.5626273796303085 -2.8588211914721415
1.5268556039618049 -1.8594612062488376
2.5132960181224413 -1.6953414045471773
1.9192569382635574 -2.499777586975846
0.9277125306983777 -2.3700097642068068
1.2213645821818468 -1.4140973871242888
0.4676325790201342 -0.7569154736407906
1.2784215906272869 -0.17157695734693146
0.31364275742668246 -0.43463931308807585
-0.5495818241674131 0.07018077539067985
0.44930426865797946 0.02299419297553556
1.22575011760906 -0.6071897830557784
1.172749023561154 -1.6057842372911928
0.7561932759237785 -2.5148944116431617
0.6168608324614269 -3.505140073183171
0.3136125005686639 -4.458051637392703
0.7955013959694581 -5.334283965311163
0.7706624314115087 -4.334592499988141
-0.11404323806529981 -4.80074255994265
-0.9317795769663348 -4.225149578713091
0.03042210725712491 -3.9528117023948353
-0.4881440157760335 -4.807849231420526
-0.7326346868589473 -5.777500875957587
0.22639508220277238 -6.060806191921522
1.2247751151165651 -6.117703554593742
2.0077682623094475 -5.495673224586446
1.1746254106283232 -6.04873107752106
0.6951185118752536 -5.171192967779828
0.903195531677651 -4.193080523410495
1.6966886247944295 -3.584501267129139
2.0796457712401155 -4.508267376047504
1.3706545662653156 -5.213484698061351
0.6815096046569354 -4.488861194516383
1.4653386891915583 -3.867884571576667
0.46695232465142755 -3.924670723940965
-0.5160002930678813 -3.7408116710804697
-1.5123738766392962 -3.8258979917263685
-0.5174396423837978 -3.9264259455821238
-0.186928197386113 -2.9826239617287613
0.3569752511802615 -2.1434761567279943
0.8008931185318006 -1.2474086776584428
1.1742477191663396 -2.175097387401654
0.7285067593116668 -3.0702593820751516
1.4362261554693443 -2.3637657470704108
2.4253072460294187 -2.2163934420178877
2.592152869241743 -1.2304104107161868
2.6331942216436754 -0.23125296196598089
3.561450336439976 -0.6031946043553168
2.6523343731760343 -1.0197377177765752
3.637630405375904 -1.190593589584345
3.708947702624221 -0.19313990990132568
4.637260893795997 0.17865925510106306
5.199665202139168 1.0055216341926738
4.949554928547495 0.03730427685812454
5.783781743839153 0.5887257315081383
4.823131467607709 0.310964958942159
5.707986165199663 0.7768320689096395
4.79967831680398 1.1951344147586727
5.672964709374231 0.7079271933922014
6.312684605688951 1.476535321282535
7.31116283042624 1.4213879303608208
6.351669914774352 1.1396551761169487
5.5778337152832735 1.7730409482631224
6.467738239288802 1.3168941098936184
6.987046272562994 0.46230697766139817
6.633205300458747 -0.4729986229100521
6.226294037231105 -1.3864663146531613
6.797400319606692 -0.5655901886565917
6.296180657912318 0.29972989705214625
5.653446848423769 -0.4663596865739055
5.106736792154712 -1.30368167623755
4.591594336605369 -2.160786250073551
4.936248603295994 -3.099515943037371
4.392151703026492 -2.260493557688136
4.071089051499131 -3.207551514623307
3.105521889479738 -2.947397607042016
3.513013115501895 -2.0341884849265175
2.564149624334663 -1.7185018125281852
2.9063940614920307 -2.6581127667187143
2.17950351452426 -3.3448660941434127
3.128295823623381 -3.028965549360157
3.648390527440985 -3.8830741484626827
4.32283420861083 -3.144747851402861
3.323880852467785 -3.0990073633146635
2.6023287271222357 -2.4066472471833826
1.6784217710321032 -2.024030027905073
2.598818826423019 -2.415015015376116
3.3809520276526044 -3.0381262859645726
3.282984546600815 -4.033315902397726
2.288510181449998 -3.9283362040847707
2.898824621979611 -3.1361769500953813
3.8826559446827233 -3.315274489074131
3.0914011343449403 -2.7037879192156273
4.055107902417739 -2.970750960048401
4.892674521157884 -2.4244157523487693
4.204605585047164 -1.6987704263392498
4.88926700681857 -0.969909165509757
3.8893179488285656 -0.9598155326204961
3.822376818271541 -1.9575724594517496
2.9703554331268527 -1.434065478355865
3.826181647612923 -1.9513289417847477
4.049374667055565 -0.9765546724936074
3.1619699993285573 -1.4375459475697405
4.116117699076536 -1.7368821583188603
4.803092380951624 -2.4635635097120425
4.086165769772597 -3.1607121553991413
3.0869676233060304 -3.2007504383016006
4.084723841493559 -3.2677021303498357
3.117981875254366 -3.5234558609423337
3.409486161579368 -4.4800253832741666
3.844530351827309 -3.5796162804039695
4.66471308003247 -3.0075146352796622
5.664712005209576 -3.0060484686333497
4.685390265273995 -3.20835746420583
3.762607918794958 -3.593679071472595
3.5226835994019594 -4.564470666493795
4.368681501075101 -4.031284441648628
4.406400995163753 -5.030572808320479
3.6422057948142315 -4.385587773019074
4.476408144447259 -3.8341293068888165
3.7937733742424617 -3.1033695854294
4.791921057027199 -3.16420710141632
3.8016061130639667 -3.3030462593045007
4.040404228409554 -2.3319770238184847
4.270847945528002 -1.3588913681639414
5.181471046679491 -1.7721292750036293
5.38096936235561 -2.7520274442244883
5.74639857451208 -1.8211883115583214
6.287055889611871 -0.9799453813478586
6.507678362937682 -1.955304660928261
6.599372562143008 -2.9510918740576995
6.52990797459829 -1.9535074560372283
5.628405175994406 -1.5207341850172114
6.394828354486407 -2.163070165225558
6.766303051096643 -1.2346270868527731
7.014634000413809 -2.2033023366714293
7.859477209879913 -2.738316309777751
8.779499174623476 -2.346449515586926
9.228702889265769 -3.2398788763936803
8.35621202272911 -3.7285092968651345
7.356770483266141 -3.6950935940311522
8.116311639478225 -3.0446343470217703
8.87926443799687 -3.6910885427948106
8.699404453949422 -4.674780764040079
7.876195469075128 -4.107042296766427
8.443008467807163 -4.930888777895283
7.466839473234807 -4.7138770408034905
6.506652483006358 -4.434518948391559
6.177405501251165 -3.490275110707089
5.489275935436656 -4.215862941815036
4.630481863621521 -4.728183878548233
4.673327655837621 -3.7291021811433733
3.6733305267231073 -3.726705983586793
3.10678900325484 -2.9026727911811383
2.654288840306651 -3.79443711124102
3.609657285419769 -3.4990202293907378
4.426231051844366 -2.921779132458833
5.1626150539428135 -3.5983429516610377
6.094334214882705 -3.235163374678157
5.294909845102164 -2.6343966337537084
6.068799456106297 -3.267717145011532
7.04875764309671 -3.0685138524924036
6.682057422606725 -3.998853010161582
6.5610434762735785 -4.991503817239719
7.2692111395128425 -5.69754812232421
7.33655565661793 -6.6952779033851355
8.335599649821205 -6.651561777705313
9.30115709880325 -6.911751732767547
8.30368233984783 -6.982773597336328
9.233443949478005 -7.350935720942091
9.716034537332888 -8.226781783052253
10.607207205005917 -8.680446060235875
11.256471811528797 -9.441008661680812
10.700475394753372 -10.272193349059547
10.126101679494923 -9.453600144091288
10.92530072932905 -8.85253369290288
11.251538297200772 -7.9072458799542815
10.409643647989222 -7.367603961985559
9.676915505567582 -8.048125430642745
9.789876800250404 -7.054526041601276
9.302319205910148 -7.927616868606773
9.817541639689157 -7.070560368875959
9.439084709254447 -6.144941466840171
9.527843821335779 -7.140994587924852
8.530285811818786 -7.2108373946303095
9.267680035596241 -7.886300020346673
10.122215950802833 -7.3669077123346725
9.123233277499333 -7.321812053570297
8.15365959031485 -7.077012410761145
8.75891356734575 -6.280979984732984
9.74118376225216 -6.468450686973431
8.741289307929398 -6.482979286857322
9.71688872927178 -6.263421164537945
10.33575766205696 -5.477926897192006
11.155115488547866 -4.904644460544853
10.775508236647527 -3.9794967240699304
11.008108576786277 -3.0069243196869264
10.102737339286552 -3.4315452356910914
9.143433582655037 -3.1491690636923506
8.950384549809918 -4.130358174372633
8.168216777574258 -4.753426048745807
9.12243040803909 -5.052552021264284
9.242774626464907 -4.059819797000621
9.459398658124737 -3.083564692579937
8.464912442514061 -2.978697314619223
8.29492134900603 -1.9932517158528866
9.28006358949461 -2.164992118802051
8.512812812917126 -2.806339330413084
8.36987404374696 -1.8166077969818621
8.40926664121141 -2.8158316073792142
8.836883477468625 -3.7197916957400725
9.832288493866406 -3.6240375661678574
10.641064805214471 -3.0359211846563254
11.639456325798267 -2.979225756036591
10.665416623399398 -3.2056030034593848
11.327494827355743 -2.456168248563442
12.308297515832386 -2.6511710338691588
13.291502626003131 -2.468667030257918
12.575397369276015 -1.7706747227875623
13.316841111289538 -1.0996596876139946
14.132373914932588 -0.5209488391049081
15.132225586464534 -0.5037257460385324
15.916218018917563 0.11704463490467998
16.871897467519243 0.41145385948907703
15.988535724921364 0.8801456897085073
15.912165655763708 -0.11693385202166728
16.58086612567349 -0.8604657488105254
15.655700369505269 -1.2400290816203234
15.46081963063316 -0.2592021358155798
16.309902357664956 0.26905776485477273
16.88962382786725 1.0838724781402467
17.64843965043298 0.4325672137488883
18.626408680015995 0.22381717859570258
19.10506143147397 1.1018214744403805
18.198417683840933 1.523718517423525
17.937249813489693 0.558425119799674
18.173611933236693 1.5300901589714586
18.963125317193775 2.1438235021691656
19.8402945160138 1.6636420816191435
20.310793259647973 0.7812414173862431
21.266841924877063 0.48803338592449635
20.68574118882346 1.3018650236469194
20.347826594420237 2.24304180135093
21.116338765743336 2.8828769695999537
21.19405466229559 1.8859014235492597
21.447407522590918 2.8532753575479877
22.314864392924015 3.3507877474559242
21.521562614617284 3.9596163674594327
20.723520123470763 4.562217547614812
21.378343244049926 5.3179997124976355
21.859881963466187 6.194424530552753
22.85208773819435 6.319034725144066
23.810120122652943 6.032374734338617
23.30199289444512 5.171092713190006
23.71395657692757 6.082292978946937
23.491796230218704 5.107282835230372
22.769452346035855 5.798816864026955
23.74010151032258 6.039316759805473
24.739463903986202 6.0750211871349
23.88311361667097 5.558625810107648
23.594262028568927 6.515999697390421
22.81346984767405 7.140790518588542
22.51371159902381 6.186775323549101
22.092223616368674 7.093609310824227
22.45408972491181 6.1613792322020835
21.45955201261541 6.265757097768727
22.257288609914607 5.6627510270451396
22.503513482887573 4.693538299141999
22.93239957216808 3.7901797200485845
21.93835261764381 3.899132242740928
22.395623764986592 3.0098049139087273
22.91484693684025 2.1551662195997077
23.874864313967322 1.8752258052004
22.889371164767436 2.0449410163044557
22.278940571760355 2.8370107677285477
21.806534641285012 3.7183918639926583
22.68903772462045 4.188698474517583
22.810186618854864 3.1960641282320137
23.384664166853025 4.014584468141795
22.515654611695897 4.509379772328901
23.494929388083204 4.306843572276681
24.457036933039763 4.034173309986011
23.953779080649635 4.8983096036386256
24.669448003073253 4.199869918714422
24.118952732108234 3.3650316369824758
25.027045706597086 3.783800248131869
24.09303018201235 3.426567831021243
24.12728812821228 4.4259808553120825
23.355768296971632 5.062186128791014
23.337913771153186 6.062026724039976
24.286889925039493 5.74667888536789
24.10422714656875 6.729854510249502
23.10440528966677 6.748729214514061
23.8043768773314 6.034558523108811
24.714149662760338 6.449665110496763
25.318154906287305 7.246645452658306
24.60755441416154 7.950241175066155
24.156497669231808 7.0577459017714474
25.156020059722934 7.026842974613963
24.367160113610993 7.641415985264663
24.185928202436017 8.624856372055781
24.012330320515183 7.640039751870784
24.85018864949624 8.18592748809232
25.8447655616023 8.28993117026545
26.840831450205815 8.378546888738484
27.572025041474934 7.696376871743476
26.57253521420704 7.728315644230753
26.84663682820077 8.690016380013995
26.02136199388141 9.254747685892422
26.12904710388052 10.248932737622974
25.12953276028585 10.217770630047932
25.832202822216217 9.506254794618545
24.84329208035038 9.654765887208827
25.818158381981224 9.87755658258142
26.75769727684448 10.219998789441403
27.24464708828851 9.346568837393374
26.624377013493675 8.562180518820226
25.754504539046064 9.055457193920915
25.097945787893863 9.809732081667724
24.269492272349215 9.249674251991436
25.214172666428293 8.9216819456143
24.599955208530172 8.132545129584804
25.202947480792407 7.334798102268484
26.155923785899194 7.031753283957704
26.43425691174695 7.992237886153812
26.234685405466212 7.01235462071816
26.672710195885198 6.113391727725126
26.783152854780067 7.107274225355622
27.469440996775386 7.834603989738057
28.43910349487948 7.590156368005848
29.423512854116613 7.4142637489272385
29.301789473842113 8.406827811693239
28.865334816732673 9.306554065776936
28.038270900290915 9.868661954104454
28.19511290060901 8.881038246948627
29.13381508299264 9.22576743455567
28.13946642023875 9.119603707795758
28.92708170217481 9.735771028951936
28.255411425729328 8.994920814846784
29.253834041262962 8.938775638820921
30.20462509669929 9.248608446803354
29.49582182367987 9.954014656130264
29.324757292006616 8.968754829483805
29.112563700705003 7.991527179542132
29.849027729045023 7.315050472654754
28.984578049181902 6.812331116567734
28.04775859008874 6.462517879161838
27.723184547044635 7.408378170421601
27.45108517086645 8.370647326886383
27.131696534555765 7.4230235096489725
26.626414916657268 6.560068999484111
26.483135291457693 5.5703867530016
27.054180727811932 6.391305207915971
26.1999168940705 6.911144897013864
25.837418713906747 7.8431293761646526
26.366985476236454 8.691397638116984
26.036527667216024 7.7475768731105035
26.656122520732758 8.53249866379769
27.058963647926408 7.6172287439153905
28.001532185684617 7.951241545508914
28.88331514058344 7.479586141161737
29.690041487598847 6.8886609335159825
29.150319008523564 6.0468179282110555
29.966896796054634 5.46958251963769
30.101476114905815 6.460485343802377
30.448824895665236 7.398221353831289
30.59937166689103 6.4096184660783315
30.08588113697455 5.551523205815178
29.558483775386755 4.701904454262322
29.086884380097988 3.8200915430599123
29.503463595216278 4.7291909642078025
28.50401046184333 4.762258080668055
29.454979918827437 5.071542887736476
29.07170310379211 4.147909365685455
28.126617463244514 4.474732149515988
27.179865603778797 4.1527679953028125
27.49652757486475 3.2042295426990397
27.964326238816728 2.3203944845548494
28.775969908405887 2.9045473357982914
29.76516881079543 3.051126773344362
30.507399882928564 2.380982732439649
29.703108554331155 1.786747544367608
28.708088847284298 1.6870691485720095
27.790760022521642 1.2889387336831617
28.312647911576725 0.435924647481985
29.02159432181608 -0.2693377061203672
29.974517109656688 0.03387535496719357
30.871553286189872 -0.40808176737695756
30.72060611847734 -1.396623598843671
29.759523310319032 -1.1203631495163304
29.34163177679118 -2.028860076426784
28.712175756267303 -2.8058961877023445
28.84259538502423 -1.81443730280852
29.690905783864718 -2.3439365636381195
28.798121508267798 -2.794421010924464
29.464364575070732 -2.048686355744069
30.410746372777357 -1.7256360609452916
29.463600042377937 -2.0464379138247764
28.475488633696923 -2.2001774469137656
27.479317018611635 -2.1127582653895245
26.827679350618034 -1.3542278773022307
27.520039794256878 -2.075779688390128
26.54088604056329 -2.2789001615772446
27.334850757683682 -1.6709363238632462
27.832114069238504 -0.8033366471796191
26.93659859720762 -1.2483670274384344
27.929583804651834 -1.3666056750836635
28.712896545143924 -1.9882334982888143
29.665611976757578 -1.6843695379953854
30.665569607052756 -1.6751642343909345
30.022946244335333 -2.4413464670808818
29.138963287728277 -2.9088655922813875
29.44166894970122 -3.8619496820707
30.436596465191563 -3.9625441099492567
30.908228701222324 -3.0807487629800043
31.28464641017734 -4.007198820125589
31.059651563703383 -3.0328388665867747
31.07017228050224 -4.0327835223143
30.661717564873065 -3.120004937289274
29.970809886120286 -2.397061938540103
28.974840354495587 -2.4867541459791
29.957309294998442 -2.30032780409793
30.169263447354506 -1.3230481934956095
29.66870420481355 -2.1887504776018867
28.995969352160643 -1.4488668259200361
28.9040296301131 -2.4446314002596843
28.993835327601655 -1.4486720955194783
27.993972917789165 -1.4652600864756942
27.024913795327635 -1.2184313661571493
26.52311648627967 -0.35344612892346083
26.886192564924695 0.5783133685412827
27.143675970991534 -0.38796935178451275
27.40564077439846 0.5771080760812363
28.279887000866424 1.0625908620855675
27.393500295763076 0.5996452831931536
28.393443806502585 0.5890162978254404
28.88312999371933 1.4609150522970402
28.477013553669 0.5470937146599468
29.275214235608743 1.1494853408890395
28.711190458146884 0.32372679357774725
28.360435947087396 1.2601942372037491
29.066081852307864 0.5516295919909187
29.081846137047755 -0.4482461439516232
28.125784208649748 -0.15508136252676397
27.55004201751107 -0.9727126543342848
28.24509434732581 -0.2537535047165179
28.83215451476936 0.5557897985113897
27.966345307053725 0.05541552275890227
27.29511927412478 0.7966682547730717
28.1941018602805 0.3586838831468996
28.04983065617919 -0.6308543019006295
29.018141758537748 -0.3811072117290847
28.32746000017984 -1.1042660522832386
28.334926191438797 -0.10429392467763143
28.946746239748055 0.6867030591894736
27.955800932442717 0.8209692050697045
28.739492909532444 1.4421188529366207
27.772657954091155 1.1867168777350932
26.852138680980964 0.7960197215735945
26.10812713969413 1.4641864870086843
25.13177944177291 1.2479801671104587
25.82852623610482 0.5306630095098597
25.944244427177356 -0.4626190754261874
26.608039609650234 -1.210533479436298
27.275512727585024 -1.9551673739337274
26.978992178246063 -1.0001409010966025
26.776261474864235 -1.9793754296475055
26.05463808075427 -2.67166126445363
26.851821570893794 -3.2753983620788847
27.795658012512966 -3.605811393709989
27.106855196607786 -2.8808626501418026
27.324995167586774 -1.9049451571838756
27.551298199514946 -0.930888209290111
27.837156054626675 0.027383822374656752
28.141732848514597 0.9798716053015318
28.63039544748908 1.8523444497863921
27.734580352223066 2.2967714011445906
27.777286488202957 3.295859077952621
26.994941883106282 2.673013255235531
27.98649476659481 2.5433102126899336
27.413372428152098 3.362780032254973
27.587557050476168 4.3474930449372575
27.30412586340858 3.3885004682207027
26.636371779098695 4.132882415132011
25.874395494553482 4.7804873423759835
24.97691676689867 4.339429598529333
24.742782569480497 3.367225310532541
23.983754594609408 4.018283321283578
23.867949659279322 3.0250113459650376
24.50790494370168 3.793423497053177
23.593690764362933 3.3881921627563516
22.613706661497467 3.189116402978902
23.44909838901344 2.6394613642519924
23.989804602968725 1.79824986279107
24.732114164993185 1.1281927651291932
25.698705731833908 0.8718712035851157
24.931112700697565 1.512808750114357
24.581653436345757 0.5758571918368259
24.01308612776972 -0.24677955401069784
23.19818331870387 -0.8263771832127026
22.934457209418845 0.13822042163679304
22.27398019236154 0.8890666841560179
21.324582965129785 1.2031445485856054
21.914947346237415 0.39600769679440795
21.646957050496553 -0.5674139146451136
21.039022432538925 -1.3614010054020795
21.993037800201197 -1.0616433061444654
21.913635684912208 -2.0584859738145616
21.017736771444604 -1.6142280117614698
20.48026834805034 -2.4575118867727763
19.712944924043814 -3.0987721794550076
20.204254096693 -2.227786934533618
21.057475636468343 -1.706238275189748
21.961880595203677 -2.1329134099409277
22.566867127826026 -1.3366777065555628
23.491563672584476 -1.7173827106095982
23.902370373789054 -0.805660245028425
24.011791267064595 0.18833526206141238
24.964078205519264 0.49353943445856985
25.028211652958632 1.4914807658601417
25.463335401057957 2.391851425000029
24.518158579333427 2.065292432359016
23.548124320399637 1.8223242523543608
24.293060102550648 1.1551880739986486
23.46912925103207 1.7218784232334554
24.380495728561694 1.3102825733573407
24.749700495668126 0.3809345008108457
25.37114468565196 -0.4025239337824231
24.468754754347394 -0.8334443578518085
23.67622646367005 -0.22360920924519712
23.98126596715507 0.7287304892414366
24.736550184541656 0.07333308997383503
23.927827864153453 -0.5148575326188105
23.069540529149872 -0.001688115591205852
23.973087285514897 0.4268013931044476
22.992628443902966 0.2300770684646395
22.477258563444288 1.087044912853218
21.495561712803617 1.277495151609149
21.42918159572877 0.27970074389925936
22.42771052635414 0.33392227748287356
22.988589801346855 -0.49397532420688156
23.618133771327397 -1.2709401817526655
22.67480537262178 -1.6028008937923681
23.627278182927697 -1.9074245068428812
22.645295728711936 -1.718452393523497
22.455019333046714 -2.700182953938447
21.499921299013625 -2.996472922358117
21.11714926721346 -3.9203157508043707
20.169954019162013 -3.5996583603254377
19.964906272359002 -4.578410331731375
20.702915713997555 -5.253200717001016
21.599552851744825 -4.810434590008011
21.69567289409926 -3.815064840890739
21.836319772669608 -4.805124665117749
20.84070582127823 -4.89868138478476
21.495465284650393 -4.142844070857616
20.714325012091244 -4.767199638291926
20.882245489588154 -3.7813990939437248
21.86881159747515 -3.618036568348963
20.916175150214606 -3.922148059994387
21.341466166665615 -3.017091403576643
21.742573561446818 -3.9331224389962056
21.347922142245256 -4.851953357784964
21.403485989427573 -3.853498221643986
20.416275930933246 -3.694073316413875
21.074615538686768 -2.9413522785366695
22.065291489438355 -2.805112928118218
21.187082321929758 -2.3268361692182538
21.874751855449205 -3.052860006753323
21.2706663044177 -2.255940533384174
21.20361003206133 -1.2581913382766718
21.447520804152898 -0.2883936607904364
22.445111566908096 -0.3577670711542436
23.05790572603225 -1.1480096405867692
23.935168342165788 -1.6280203720652848
23.925025169572763 -2.6279689287669523
23.01208348921119 -3.036058977970048
22.03216005345487 -2.8366848069861095
21.83715515597616 -3.817487075519027
21.943118750983675 -4.811857085391148
22.544278759703772 -4.012728407445191
23.019923891464853 -4.892365667133516
22.951104024563627 -3.8947365647514247
23.874680155618417 -4.278151653324974
23.206358448647173 -3.5342792879348863
22.212624109988237 -3.646047191064943
21.596617765040694 -2.858306000708383
21.52147761674519 -3.855478983753015
22.228279269970823 -3.1480672062164015
21.43362173083078 -3.755125189845554
20.433914443438958 -3.779318981108724
19.693182233250898 -3.107518569684384
19.114875311166102 -3.9233378535143313
18.120593410566997 -4.0301250350532785
19.109251938606207 -3.8799440944005386
18.852534472183493 -2.9134576007372788
18.910343385607888 -1.915129934322744
18.220922922377802 -1.1907685432480841
17.741473396188198 -2.0683380002351432
18.26027770959336 -1.2134449751190193
18.202570626448594 -2.2117785328816155
18.308987565098086 -1.2174569374365252
17.342537473446804 -0.9606024643448008
16.7367212144599 -1.7562070522822484
16.20627839800279 -2.6039277718998877
15.206563007458712 -2.5800711604620044
16.200921142330532 -2.473996188794626
16.95187634523911 -3.1343493391804884
16.35060805917413 -3.933396551911051
17.34904656912514 -3.877534741639524
16.507779293361878 -4.418154174077777
16.787384722502374 -5.378269169271144
15.790366973282962 -5.455441753402168
16.631055526412304 -5.996960688100939
16.637228708734895 -6.996941633829413
17.21814406238518 -7.810905608396694
16.275184845818877 -8.143813877883453
16.833934583650468 -7.314477558605725
17.691399063211836 -7.829020721314696
18.368002890785505 -7.09267347951049
19.245069334099167 -6.61230439847683
18.37011512314969 -7.0965100662893645
19.287692378091236 -6.698952546911428
19.60588270579034 -5.750925693199606
19.047668569958915 -6.580622612898586
19.86772144234226 -7.152910378359134
20.216124909865368 -6.215565711858132
20.967593298657384 -6.875334808320168
21.919972309266495 -7.180251551302924
22.841711835148253 -6.792442002133141
23.580524999793642 -7.466352313485228
23.874089555531096 -8.422291564491625
23.630611222527847 -7.452385228107559
22.631853507511792 -7.502215205991455
21.966174779166685 -6.755976751723087
21.068248427890207 -6.315831017126795
20.980350433808457 -7.311960497985787
20.084430772368453 -7.756176616834738
21.038046639840097 -8.057202823843868
21.990965047055017 -7.753975995889971
21.214150338483197 -8.383705230201418
20.385609983791554 -8.943634583466133
20.91793075487072 -8.097091851716765
20.927184721913743 -7.0971346705865095
21.880165308089282 -6.794103315158511
21.017434895348746 -6.28843916284737
20.313854081048046 -5.577823909881348
19.63010270394079 -4.8481088598077395
20.289576182458962 -5.599836690296367
19.28959582390709 -5.606104266420242
18.678224646894044 -4.814760293221681
19.065445627876738 -5.736747230161028
19.102816916727544 -4.737445780762685
18.33471976780667 -5.377779107881951
18.838950564410343 -6.2413480418741525
18.06849956934423 -5.603848815049807
17.970150011999486 -4.608696884654206
18.462401114774995 -3.738243639605229
19.41473953922992 -4.043287120615243
20.334233506066678 -3.650183005970272
21.210837705449737 -4.131395098112589
21.82585831768479 -3.342884066784543
22.688973602081866 -2.837877130356781
23.595288573645973 -3.2604799844866936
24.595280032111614 -3.264613142572576
24.210833691398314 -4.187760482444253
23.28361194292731 -3.8132476933937713
24.192343521461726 -3.395866670616805
23.267241705086665 -3.016147525274406
22.332503965571554 -3.3714858968671493
21.79877231861424 -2.5258319906878928
22.21921137237572 -1.618511208344542
21.251874643909627 -1.8720060875048763
21.74705877205236 -2.7407941394689463
21.892556976733093 -1.7514356238464837
21.81121709908009 -0.7547492015935294
20.841865278740777 -0.5090724863662623
20.313928542280664 0.34021121316873026
21.047715249398117 -0.3391687015017909
21.57325486727619 -1.1899378300205488
20.70271268853958 -0.6978440228653314
20.25922652330532 0.19843719485922195
21.24326318911679 0.020471354489089377
20.73335491800961 0.8807001351378709
19.858361364767845 0.3965655652243492
20.814788190256603 0.6885377000000712
21.64049696489975 0.12444105980681874
22.466751545009995 -0.43885581471570545
23.10268023654625 -1.210603635756354
22.55915042377297 -2.0499934990657964
23.49511361507351 -1.6978956369159284
23.366797291602897 -2.6896289282452983
23.13613707496742 -1.716594568902487
22.172599359988457 -1.9841671231996796
23.091244514636234 -2.3792507597149934
24.091210470872763 -2.3875022061312485
23.90452650621003 -3.369922226966432
24.778270408861964 -2.8835359683421093
23.86503908997807 -3.2909774466056563
23.511266623056333 -4.226308960908531
23.096755466422113 -5.136353191166469
22.563900428809823 -4.290146650840052
22.094995388519482 -5.173395236001848
21.0950400879161 -5.163940248154213
20.211161562189893 -4.696223718875989
19.276663713644773 -5.052192497091917
19.596344177389707 -5.999717906302575
19.218358596558268 -6.925529388562069
19.200199977261143 -5.925694269882383
19.91067843742946 -5.221975321979986
19.897439764030867 -6.221887686903355
20.884778587488015 -6.06326219180798
21.828816177131607 -6.393100075229394
21.303646450133165 -5.542102567686404
20.624065181141177 -4.808502336746393
19.632064759626257 -4.934736895066306
19.046877866937542 -4.1238384423452965
20.031785009332808 -3.950754876231151
20.87554981601813 -3.4140417768947513
20.129731559812917 -4.080191256149233
19.206563091608686 -4.464586858769047
20.18233443663274 -4.683379642539335
20.980938089270825 -5.2852369395733625
20.616814102522092 -6.216587422621612
19.64110650412793 -6.435664309663346
18.642909864882704 -6.495693214363821
19.615804948524126 -6.264446254975487
18.630133641705882 -6.433123683563947
17.7700792925579 -5.922921256568896
17.400245930406896 -4.993823153976878
17.80775938363517 -5.907022357567183
18.333901807663395 -5.056625891418775
19.04534419765793 -4.353881467236792
19.9340644484889 -4.812331372638609
20.48606781452904 -5.6461732544605505
19.85975448453256 -6.425744683303807
20.501627557613556 -5.658933782198747
20.529267121698854 -4.65931582792963
21.43998671338696 -5.072341039406423
22.40582614476652 -4.813199779101532
22.977220188843013 -5.633875626433419
22.356573227540885 -4.849785485297569
21.84781863975288 -5.710697077393212
22.624357190076868 -6.340766819454137
23.157534715279198 -7.186770203974033
24.12729176223463 -7.43084246761798
24.024936258655178 -6.436094584540566
23.944866363777162 -5.439305333026374
23.521753454939688 -4.533228368097296
22.644850616013063 -4.052560695913671
23.288572706823192 -3.287301347847255
22.815833719007937 -2.4060988459219557
21.9903980315014 -1.8416026760584145
22.91509848569424 -2.2222981843265783
23.57948281665179 -1.4749070813703766
22.727996000372162 -1.999283093123378
22.451580384417824 -2.9603212855260437
23.125213844964115 -2.2212556857093366
23.108530748616815 -1.2213948582457008
23.41669720198624 -2.172727311711739
22.632424730229857 -2.7931438573044027
23.521259360947766 -2.3349157490040096
22.775566358254792 -3.0012054350526043
22.593662610666556 -3.984521776121619
23.590168642669767 -3.9010009512860213
22.68532463554025 -4.326744210494906
21.845902039214607 -3.7832649516653567
22.692012120388142 -4.316273141599164
22.55334835313771 -3.3259336242355895
23.307513440627787 -3.9826184960052142
22.41258837643002 -3.536402035673886
21.49962261259317 -3.944438203264209
20.502525869641836 -4.020583361979896
19.660366313150814 -4.559811775002471
20.141820736521098 -3.683340647002703
21.07847922326996 -3.3330966189289395
20.090154812535896 -3.4854608507787086
19.70162388637348 -2.5640251669594987
20.02824397963604 -1.6188694577363283
20.902219755012702 -1.132899968925804
20.03551457919048 -1.631720716492475
19.04570700546256 -1.4893094564360927
18.396968564812006 -2.2503209120806753
17.89642203683549 -1.3846112763882834
16.937214374538218 -1.6673137004850762
16.472391874606366 -0.78190981323525
16.754406450327096 -1.7413199336118572
17.724844666795235 -1.4999702536490696
16.835403811557345 -1.0429199664445996
16.836271932945298 -2.0429195896271564
17.835082287185987 -2.0916830622433573
18.63674345553393 -1.4939043647615837
17.9076710610206 -2.17834095317471
17.92296091235307 -3.178224056565417
18.882906086665997 -2.8980361511995327
19.340125589638458 -2.0086822699454974
18.93197820595163 -1.095766220579732
18.129097305115206 -0.499626757809408
17.59268051956048 -1.3435799746260386
18.49616479279172 -1.7722012153780793
18.153340219210428 -2.711600657441361
17.187751025819246 -2.4515285335869086
18.157418979971386 -2.6959545115238015
17.791065030977485 -1.7654789427652364
16.868811303581026 -1.3788938133262771
17.821701325150414 -1.0755777952964167
18.408182513440238 -1.8855406436926605
18.41092580803053 -0.8855444065323446
17.62594794366538 -0.2660205954833039
18.60824612698172 -0.4533445903516057
17.68875064174634 -0.8464451533526679
18.523940790183072 -1.3964064392212512
17.573945317534513 -1.7086701129766841
17.81329728942024 -2.679602980663433
17.56084130796714 -3.647211360860996
17.359772291873323 -4.626788438362846
17.808694345967574 -5.520359358518487
18.748687812676085 -5.861551800617248
18.051902720510412 -5.144271844577993
18.289845964515372 -6.115550904700467
17.620420681121338 -6.8584302959564205
18.19942820538269 -6.04310809777417
18.53391546307782 -5.100707824832999
19.3083087307176 -5.73341239019837
18.385088857015216 -5.349140266826197
17.40787977609377 -5.13686117655902
17.159122704201835 -6.1054270850979036
17.275657405867815 -5.112240464513624
16.387917522114346 -5.572585876995795
15.396039696232013 -5.699780132066277
16.380896218632564 -5.52640876682654
16.792449563853843 -4.615023094327145
17.246372581685208 -5.506063999046377
16.922755304109877 -4.5598759322992155
16.877508332898067 -3.5609001009618613
15.928299505313701 -3.875546889656604
14.980450940635974 -3.5568258542065236
14.942463740701623 -4.556104080048129
13.9460204715745 -4.471837767613979
14.8923151721325 -4.795143102701172
15.440114252594405 -5.631753028201158
16.14580398502478 -4.92323203236381
17.126750074633648 -4.7289519014160675
16.609380501680544 -3.873189828768347
15.756172212741637 -3.3516194924895837
15.267408048632184 -2.479203541304378
16.020269035252202 -3.1373831025378855
16.645216295668433 -3.918050074875161
16.743322449157233 -4.9132260304968955
15.824337685022137 -4.518932988093708
15.448408077674642 -5.445581211703702
14.484886015990813 -5.177952295761227
15.13088275846128 -4.414612129965173
14.731426478054248 -3.497859884239328
14.518245084822949 -2.520847246869697
13.747771182506538 -3.1583187880770835
14.726747974657737 -3.362290453828358
15.151949690959672 -2.4571918401657973
15.807368878161753 -3.2124571505351813
16.681673365359654 -3.697835007122827
16.697635648333936 -2.6979624124777652
17.5034553751496 -3.2901233432007673
17.70275739725136 -4.27006145552529
18.702063093729837 -4.307319004903487
19.050479826781125 -3.3699792691993684
18.63895881485409 -4.2813795417155385
18.07523423687452 -5.107342373919115
17.735448683821524 -4.166839435095174
17.058564906515453 -4.902929342660727
16.288022383704778 -5.54031793727202
17.129970436703818 -5.000759343557561
16.18634789708256 -4.669735926381788
15.545785447196808 -3.901829846319672
16.14851489752925 -3.1038842280586585
16.581393757457352 -4.005336330295569
17.498087008458278 -3.6057446842750953
18.06481674407024 -2.7818409236493795
17.189413492524512 -3.2652342905703273
16.25301565886229 -3.616174594771338
15.303604904665397 -3.302137622719815
16.234536416952597 -2.9369438119416644
15.354602042845906 -2.461848561212439
14.36322512774457 -2.330807299755752
