0 0
0.35786639951492294 0.9337727989710481
1.1820307199408933 0.36742204816656787
1.2185236059442535 1.3667559609660613
0.4606077341869135 0.7144036548167603
1.4318081949601331 0.9526675106444664
0.43323870000867537 1.006136789229375
-0.09713518826723322 0.15837294319966022
-1.0740821231288926 0.3718552292666977
-1.0668592372066092 -0.6281186853525557
-2.055730913207507 -0.7768896785036927
-2.207011661514768 -1.765380515685098
-3.1193988213168273 -2.1747088321113273
-2.8995715331838863 -1.1991700254039175
-3.1883253379024383 -0.24176664110837398
-3.4415086809948527 0.725651673159321
-2.477025726032102 0.46150658123762667
-3.370220693832155 0.9111761816073451
-2.7434064544201426 1.6903449112611604
-3.667642570409174 2.072166337979869
-2.694977944919939 1.839951940661602
-1.9384128056297891 1.1860336047733382
-1.4688453604088854 0.30313700018777656
-0.5060597908076655 0.5734034371858888
-0.10495625220593224 -0.3426292867498709
-0.9477238635800294 -0.8809068668317455
-0.8376557452556639 -1.874830912887848
-0.7722518576890138 -2.8726897864221614
-0.9814493934312947 -3.850563188780236
-0.010605025045933636 -3.6108525040487676
0.14115230183335245 -2.6224347210549297
-0.63343406778631 -3.254902867287949
0.006994173033369799 -4.022920880332311
-0.9930051656841781 -4.024070908361052
-1.29480116998779 -4.977443433550642
-0.7515351194701859 -5.8170040319323215
-1.2312436936830249 -4.93957615237373
-1.9560813805971893 -5.62849583392516
-0.9561259306810932 -5.637935017316634
-1.9183259926281915 -5.910278625262552
-1.3645313901067624 -6.742931937402804
-1.5450900262777132 -5.759367715349111
-2.2891816209480895 -5.091290101040042
-2.5793469106607407 -6.048266644454755
-2.7842682876216465 -5.069488207184887
-1.8707613883093148 -4.662664971726574
-1.4012370716620695 -5.545584512838298
-0.453620058619145 -5.226175689241319
0.45672108091613106 -4.812317006029748
0.027856947791037645 -5.715686008884541
0.9461745547070199 -5.319841629325978
1.1987282299595194 -4.352258743410537
2.187461938905959 -4.501943922346252
2.0461365994181215 -5.491907127934544
2.6420289869854257 -4.688842832601139
3.4795680425653033 -4.142465371153134
4.421660045981917 -4.477819895646945
4.687971911882398 -5.4417068133300335
4.240190173030584 -6.335849707028152
3.246040768020115 -6.2278360017989955
2.3214133202700813 -5.846963210873654
1.499258123364966 -5.2776997989087615
0.5782846878087866 -4.888074426275192
0.42728527977950936 -5.87660827940052
1.4073928554538706 -5.678141304551488
0.43411357171566034 -5.44851675045059
-0.130076146553333 -6.274161929567839
-1.0795170314677054 -6.588107794412423
-0.6008306679984337 -7.466093765501121
0.38856518431795806 -7.320849669513984
-0.587919619998073 -7.536435909659042
-1.4487567494988025 -8.045316481574442
-0.45616266462496713 -8.166794803399668
0.3939209190784899 -7.6401470076975615
0.03058971922459347 -6.708486962824579
-0.017216129237032973 -7.707343609622739
0.9418443097166126 -7.4241421364026285
0.28488792197658774 -8.178070716977459
0.549506333030637 -7.213717515846654
0.2021848960701974 -8.151463653896679
0.32906868978500436 -7.159546065136132
0.05043897337753345 -6.199147459798383
1.0244419744016715 -5.972612354360015
0.4894946081526482 -6.817497740281226
0.9664572354101828 -7.6964213161395545
1.8620223863167464 -7.251490916546873
2.7805916156294654 -6.856230785797719
2.961620969406794 -7.839708479022615
1.9837239193655571 -7.630621512617134
1.004947751247248 -7.425689297668777
0.47160318637372123 -6.579791209764644
1.133927574828265 -5.830574015315454
0.2053713202584877 -6.201765720636771
-0.3034435498616469 -5.340889755154733
-1.2064839966792529 -5.770445282894114
-1.977420176547872 -6.407357683911381
-2.0823637112663778 -5.412879501887871
-3.0744728355737063 -5.287502129662475
-3.9382908689957175 -5.791306064874308
-4.756888567342576 -5.216938753599348
-4.910222166702772 -4.228764271381128
-5.751605981222865 -4.769202312847138
-5.742718416239904 -3.7692418080327363
-6.1205149593958 -4.695130447113838
-6.488908002038067 -3.765460308767568
-6.560724821098282 -4.762878147238523
-5.8883181880355 -5.503060097716359
-5.3553576288044535 -4.656920013389816
-4.411821885091536 -4.988190749097198
-3.412506233429484 -4.951201178361002
-2.464392506263242 -5.269132555168855
-2.058051771979028 -6.182854179987578
-1.3339246018281725 -5.493187708822483
-0.3365465042187006 -5.420821070038368
-1.0204162890136805 -4.69121698737129
-2.0156592044460897 -4.593792456160725
-1.90782484414073 -5.587961330516352
-0.9575480630373772 -5.899367880376579
-0.459028407458715 -5.032489484636017
-1.0024462122579794 -5.871951865822421
-0.7514199450368606 -6.839932141016617
-0.36712831222395303 -7.7631438940559665
0.5296631370145543 -8.20559739056458
-0.46572998668795706 -8.109719711797535
0.4850832057215534 -8.419484579301962
-0.2610587016269392 -9.085271522774386
0.561336230694264 -9.654188542463904
-0.4309110657189372 -9.529909410021274
0.19208920047278166 -10.312131033555836
-0.33863019351618084 -9.464583439114092
-0.3196849797076127 -8.464762915783156
-1.293776211667926 -8.238607500596963
-0.3793776089627007 -8.643422514363413
0.5513451250756565 -8.277696944647314
0.8070331742572862 -9.244456284662032
-0.18232998903032505 -9.389922882647726
0.6927437300940394 -9.873912537596933
0.5189668745183609 -10.858697592553714
-0.29221554602217026 -11.443490787286693
0.5271878480646431 -12.016708091421007
1.461953309539997 -12.371973530259023
2.4178593617274498 -12.665646170100393
3.1134702372551217 -13.384064926709396
2.237232310268312 -12.902186212394415
2.166614912927128 -13.899689687672952
3.130434567287292 -14.166244886213619
2.4956305714279106 -14.938918094524197
3.4179643153080272 -15.325312277839743
3.6531917698179437 -14.3533719274865
4.138772229341358 -15.227563907162034
3.3862671260872426 -14.56897748946386
3.0581985302810417 -13.624323586467769
2.0595833637391996 -13.676932988218875
2.2530341722947855 -14.65804296404686
3.245280781862012 -14.782327580159812
2.251563169274035 -14.894244095618662
2.9398983092409123 -14.16885128128509
2.069301784420248 -13.676853627865704
2.8679862087370984 -14.27860373410056
2.6943730628437943 -15.263417663517194
3.595678424137046 -14.830233354355329
2.5986346173324426 -14.75339815856209
3.5945190871682193 -14.662766360941644
3.9167284918156198 -15.609434782067419
4.51396784235359 -16.41149784577811
4.167475157191102 -15.473445171815243
4.951844776879199 -16.09373889233025
4.008160767117683 -15.76289075538457
3.608980110434151 -14.846018461480067
4.382747538995883 -15.479488244892792
5.3827348190485935 -15.474444463297477
5.798935019744769 -16.383717465723297
5.2691039874867185 -17.231820688955214
5.3869886777442595 -16.238793398392218
6.007807859781721 -15.454839609438853
5.9296894634760795 -16.451783698221487
6.658736060513411 -15.767319630977422
5.6642204217762036 -15.871907604985543
5.855012963997879 -16.85353798645944
5.1771518389947415 -17.588727958649947
4.827561205109206 -18.52563050891839
4.484045508925073 -19.464777444426957
3.494858729493933 -19.61143867106389
2.606478510818024 -20.070547140889207
1.6166538569145865 -20.2128396372653
0.7414366890916647 -19.72910943441662
-0.20902750241253454 -19.41827536185013
-0.7355608939747177 -18.568120912605746
-0.9191434219691513 -17.5851166117936
-1.401262255336481 -18.46122244473419
-1.902203870616253 -19.326703523719104
-2.901278081587928 -19.369723530359327
-2.403799088448906 -20.237199553881236
-1.797432207529814 -21.03238456739976
-2.6144631928043713 -20.455790803037633
-3.443854132184794 -21.014459461254344
-2.4858100357029285 -21.301080306965616
-2.173526037034948 -22.25106909857104
-3.140280741801497 -21.995363524107475
-3.4720909979968306 -21.052017376670815
-4.3969634337743475 -20.67173987597039
-5.092465931774315 -21.390263553573156
-5.076376592137209 -20.390392995375727
-5.062976378846406 -21.390303208486763
-6.05385663789772 -21.525048569157924
-5.33894838797418 -20.825830295518525
-4.55552811152556 -20.20433800236505
-4.0418930568472735 -21.06234676141453
-4.558485789857326 -20.2061155144951
-4.528455557826008 -19.206566523617642
-5.4468983816636545 -19.60212028651357
-4.465289090788544 -19.793021308165272
-3.6573353658834646 -20.382267248679085
-4.575353418967354 -20.778805839754487
-5.452680069231943 -21.25869952458011
-5.586546320737837 -20.26770011655417
-6.150405459857168 -21.093571093905723
-5.772631162624573 -22.01946880982818
-6.159538020850715 -22.9415876107739
-6.491646853515492 -23.88482868455411
-7.257395421438258 -23.241688629259592
-7.335787867179374 -22.244766052300516
-6.578222852174392 -21.59200633537514
-6.159331475029139 -22.500042686053543
-5.264494132062975 -22.9464350354876
-5.640924465016009 -22.019990107586935
-6.2610200029673795 -21.235463802219932
-5.272238680512849 -21.08609346927168
-6.254548295561482 -20.89882943059098
-7.202204249988088 -21.218122700234733
-6.389554982547477 -20.635369606610823
-5.5659139046139465 -20.068258175990266
-5.283504551167411 -21.027552164862243
-4.358236679112753 -20.648237829589444
-4.503042382291405 -19.658777720071665
-5.075137455289937 -18.838590407654067
-5.937242454794677 -19.34532008887368
-6.412640931829158 -20.225090677171163
-5.483776294105925 -19.85467134076
-5.169579366029228 -18.90531351023077
-4.458071051528025 -18.20263583277427
-5.12569966629985 -18.94713031410899
-4.8137385743994 -17.997035436141385
-5.8101344074752515 -17.91221006358648
-4.8213492763232875 -18.061555182063092
-3.8343088953580393 -17.901083108654735
-4.689134965799126 -18.419997734864335
-4.3510666321444385 -17.47887616897609
-5.290554914244907 -17.136295130686005
-5.353651867517361 -18.134302532706517
-4.450718205113946 -17.704522587503448
-4.696763206045385 -18.673780993459594
-5.410006701484888 -19.374697333840697
-6.085992671210501 -20.111611825986238
-5.538834000686052 -20.94864073186101
-4.574560405913859 -21.213549082852655
-4.982819232314897 -20.300682865564685
-4.9516651226031305 -21.3001974584787
-4.017967945284958 -21.658261113529136
-4.519835474622661 -20.793316616467926
-3.7800264579336518 -21.466133544633117
-4.737488172773718 -21.177573213652714
-5.708623799002617 -21.41610118993433
-5.8002297932477145 -20.420305858644628
-6.395911972504634 -19.617085626506686
-6.90710916760812 -20.476549079899748
-7.541474467438188 -21.24958249856385
-6.588140513785394 -21.551500323166394
-6.557456887116847 -20.55197117649059
-5.570714685141704 -20.714266668853274
-5.037425434601317 -19.868333707408887
-4.040779247219156 -19.950165102219202
-4.040968402553597 -18.950165120109073
-3.994693294509275 -19.949093853490734
-3.111491417601388 -19.480100842214036
-3.3041983005985567 -18.498844475485384
-3.7204447260302382 -19.4080963181095
-3.7561488975405477 -18.40873391530621
-2.8526707062984746 -17.98009985465546
-2.789224172284378 -16.982114615625544
-2.04980206385775 -16.30887250050653
-3.0409602235312208 -16.17618677213796
-3.6717695778548842 -15.400248914769367
-4.657326561066787 -15.569593040272002
-3.6658466029991574 -15.439333711430603
-4.585173045340582 -15.832829445094717
-4.279286741662452 -16.784897493724714
-3.2997878572022152 -16.986347078835113
-3.401390201285565 -15.991521986833122
-4.174588312490999 -15.357357433402115
-5.159874335381738 -15.528271017110814
-4.2193870497625205 -15.86809989403065
-4.042185350118641 -14.883925337540125
-4.749489182496022 -14.177015662472463
-5.7448421362428235 -14.080721854428962
-6.744664307239781 -14.061863795596452
-6.370576560643607 -14.989257109054446
-6.7286975116596235 -15.922932311918581
-7.711414574408337 -15.737818361654048
-7.64671805607012 -16.735723347369078
-6.646733115343836 -16.741211363463357
-7.0051272107067355 -17.674781753101442
-6.276395288571795 -18.359580837257894
-7.152762098623895 -18.84122511910821
-8.113779570715057 -19.117712765008548
-8.007211500732625 -18.1234073559615
-8.813900121948388 -17.532430648805448
-8.63123915403685 -16.549254687544384
-7.900549495765103 -15.866544922494317
-7.797476259905465 -16.86121869215421
-7.250866377390249 -17.69860607941097
-6.253154057625315 -17.631003365047757
-5.254390833989937 -17.58128392102967
-4.850045227382248 -18.49589019173694
-5.8435511403153 -18.609670686405675
-4.960562642880041 -19.079065310785868
-5.960562633839703 -19.078930846377517
-6.84961483293176 -19.53673668654295
-7.832235513935099 -19.722361569747047
-7.899322906839009 -18.724614466662626
-6.962468612074825 -19.074334398010418
-7.31209231993831 -20.011224606572654
-8.100006871275651 -19.395440017782974
-7.232874911023483 -19.893518489019417
-7.2618528836203 -20.89309853939266
-6.268584997789803 -21.00893854533972
-5.6748357446100615 -20.20428841991346
-4.676073588362464 -20.154547538863262
-4.900635576636098 -21.12900734481864
-4.479381363828127 -22.035949949502935
-3.4850219140785184 -22.14201259464087
-3.641386216524967 -21.15431314393715
-3.918870507004897 -20.193582969259133
-3.378967918982693 -21.035310475906577
-3.773363456016179 -20.116369694153985
-4.308443558916887 -19.27156836633793
-3.800526578447686 -20.13297439194435
-4.503096803307185 -20.844588809407117
-3.6115680254168225 -21.29755286779731
-2.928017918694903 -20.56764927717698
-3.474471937383128 -21.405138384843156
-2.474641939831689 -21.423576822854265
-1.6574121956991954 -21.999888843642605
-1.1332120067639306 -21.14829377442236
-0.20066298232732804 -20.78725040165069
0.7016418383753662 -20.35615179281893
1.5490083614844452 -20.887160244271477
0.5973260973087112 -21.19424470830922
1.371077517422184 -20.56075537148311
1.0887216731955267 -21.520065111468615
0.9205190106087324 -20.53431267586487
1.6976886997377179 -21.16360376455051
0.7708950102097503 -20.788032922962483
-0.1334221321162813 -20.36117169715803
0.8460052070599998 -20.562968841027985
0.4313144608335889 -19.65300643246696
-0.17456779603935574 -18.857452103205564
0.08332559989677008 -17.89127872521767
1.082681687758094 -17.927159216497888
1.9402479371630978 -18.441532746028166
2.579453602919261 -19.210568581906585
2.3911014187386574 -18.22846703180375
1.918274869301786 -19.109622553915266
2.910480680597948 -18.985012650496138
2.225793802600376 -18.256175303004987
3.2231243788483583 -18.329193942275158
2.245663593122957 -18.11807688382397
3.1109322994901514 -17.616768529832495
2.1998408485501653 -17.204564250349527
2.7274613744014236 -16.35508406770814
3.653126440269726 -15.976740063089288
2.730415472528962 -15.5912475599055
2.3605713574484124 -14.662153737657023
1.9090098933836614 -13.76991372276658
0.914332589683217 -13.872952848846014
1.9140730219195912 -13.850169781628727
2.6204980999851917 -13.142381953900664
2.5291406666593006 -14.13820011972016
3.3053845768678682 -13.507767417630467
2.3527341770315644 -13.811835199040681
1.9997288414144672 -14.747456507597652
1.0201313873529174 -14.948426226700134
1.1905534109832834 -15.933797392232051
1.2974796325532716 -14.939530434548772
2.223116828050733 -14.561118248815285
2.0260318669582227 -13.580731836164047
1.6215321162359648 -14.495269944536592
1.3726441999281302 -13.526737650229403
0.6154921736697752 -14.179976357849265
1.5380769229990086 -13.794181878488667
2.5366585236310404 -13.740939161811458
3.347094658522064 -13.15511216408696
4.030354755794932 -12.424937089550264
3.50023148908694 -13.272857676689677
2.8175343526601444 -12.542156219243031
2.888130247423976 -11.544651221941015
3.425760488355701 -12.387831940432427
2.679291724454256 -11.722411483488512
1.8212481939052576 -11.208834517802735
2.821240566334024 -11.21274029356268
3.1255256433913323 -10.260159277648428
3.6643451021519042 -9.417738010786673
4.286324394217571 -10.200771701148392
4.201702755578218 -11.19718485756193
3.2022062517680663 -11.228914006168287
4.105394113482491 -10.799668521099749
4.758289786642089 -11.557116367469039
4.810957620559799 -10.558504280985796
4.09831276965127 -11.260029274463262
3.11764206992779 -11.455694750988531
4.111181596357442 -11.569181355581065
4.189487560849528 -10.57225198199186
4.8572785288662805 -9.827903123569111
5.296730435899346 -10.726169243048746
6.2963798048511865 -10.699690210698835
5.465766802821946 -11.256540316975176
6.018620654190741 -10.423262080713908
6.958520534276401 -10.764712246060128
7.949277946681537 -10.629066568781868
7.067908372318417 -11.101493995363954
7.240946872468342 -10.116578934322717
7.6689958505460645 -11.020334472267917
8.526852754225422 -11.534223110797381
9.515550368201081 -11.684146518305473
10.160011373643137 -12.448783695314685
11.011811262560796 -12.972650996489193
11.991473028678215 -13.173306980720163
12.621526363816713 -12.396755118394886
11.695924201160258 -12.775252986930091
11.734464263083579 -11.775995931099638
12.518799795909224 -11.1556591097299
12.81055264615482 -12.112152849580596
13.746516411129573 -11.760056512402423
14.739802673670036 -11.875738838833023
13.795347240293859 -11.547099318436864
14.793183076744421 -11.61285373650141
14.682813749025572 -10.618963092869583
13.956039521057674 -9.932086669077307
14.02786530439894 -8.934669476099657
14.125144601342022 -7.939412354353593
13.171473165161974 -7.638562239156199
13.109044631904654 -8.63661167592541
12.627663663728063 -9.513123149596673
12.938460029965615 -10.463599671523193
12.305106447520616 -9.689737125844642
12.496940165749153 -10.671164568170672
13.368331021461541 -11.161753985688858
14.290233162973184 -10.7743311656637
15.289900679315414 -10.800115982323103
16.282973719207536 -10.91761465227056
17.144465740032324 -11.425385760207222
18.144401894374578 -11.436685638048402
17.563212799654803 -10.622917098364784
17.216963758953646 -11.561059732410124
17.534122862050513 -12.50943207665198
18.336292798303347 -13.106527875809972
17.47258494183248 -13.61052067205859
17.851039848347725 -14.536140401609844
17.80772723200952 -15.535201969915791
16.86690505302822 -15.874102585933056
16.664440212201566 -16.853392118313053
15.890130400362947 -17.486198814935683
16.890002642798635 -17.50218314496954
17.889928329449617 -17.48999211648304
18.874853368123034 -17.317010417467888
18.318985738582594 -16.485739596117174
18.52624460090322 -17.464025732168157
19.519089093347073 -17.344611269794846
18.51918950698383 -17.330440271572517
17.677918552386252 -16.789826563874982
16.92727306312565 -17.450531754904016
17.919237237038466 -17.32401267462969
17.901552927801475 -18.3238562950058
18.829271396689496 -17.950575646586852
19.33453017703017 -17.087607764862014
19.645471125468706 -16.13717853204973
20.560866995047665 -16.539733375465854
19.76615648960319 -17.146722018305397
19.099798600768732 -16.401089961599084
20.06072422738591 -16.124283277954373
19.41811676558768 -15.35808770889825
19.43074046877329 -14.358167391013929
18.47429773476641 -14.06624737360258
19.173892141461 -14.780787551704307
19.774328693516928 -15.580459951475106
20.563418681462366 -16.194737568619235
19.879015799807178 -16.923841604804792
20.85960672669633 -17.11990647698406
19.864484783787745 -17.21855899211591
20.862980625952293 -17.163731506489547
21.40233030658498 -18.005813403932677
22.075711845565436 -17.26651826465452
21.312383726839496 -16.62050728706798
22.211203016112872 -17.058826674307582
23.198512701773264 -16.90001992192855
22.406838033772935 -17.510962816188375
22.75823032267564 -16.57473450039157
22.931029950298658 -15.589777501993495
22.74514934165995 -14.607205164029464
23.475091267650424 -13.923695994609393
24.44566597808846 -13.682895804704724
25.421333160154727 -13.463638992179163
26.04777779671904 -12.684173074181587
26.18784803894353 -13.674314643475176
25.227172025072626 -13.396642901353097
25.93875529414037 -14.099244674182387
25.59776740243295 -15.03931236201605
25.513332732373236 -14.042883344728864
24.650446681518247 -13.537484825498858
24.046876712763012 -12.74017478993126
23.33909540551607 -12.03374317886632
23.43150039056353 -11.038021672249949
23.148187645032024 -10.078994097975153
23.86510170555058 -10.776155650149967
23.503729360842197 -9.84373405640604
23.954327205812064 -8.951007008474527
23.274461377232928 -8.217670486044065
23.561793492133027 -9.175501502323574
23.42481016156358 -10.166074855057282
23.18251429293873 -9.195872447284898
24.16137514179078 -8.99134509316168
24.28139875921564 -7.998574056486933
24.15030138557604 -7.007204559969717
24.661953190516506 -6.148011665154377
25.282117603458914 -6.93248352629396
24.905749768430752 -6.006013206879348
24.61795483689632 -5.048321149178601
25.002677412075016 -4.125288896140889
24.00375081381858 -4.0789677206826935
24.959164170724986 -4.374239320137896
25.321525604655456 -3.442201664675493
24.477841570356894 -3.9790417249073107
23.507980156514627 -3.73538451089574
23.81932063899524 -4.685682939795178
23.078091712960216 -5.3569352613620875
23.652410277044424 -6.1755671609044
24.39067018137627 -6.850083516270182
24.457555919351705 -7.847844157935046
23.950489067757808 -8.709750886076003
22.951826286929773 -8.658053205385084
23.006412229952556 -9.65656228137003
22.069617539226723 -9.30668272005229
22.790807400883285 -8.613945263692532
21.83514557883802 -8.90841169961541
20.908826996627763 -8.531670562689833
20.983394186460647 -7.534454570940589
20.48357461311089 -6.668325022837959
20.37687791571253 -7.6626166373878775
20.83865961080477 -6.775623026318588
20.872215284525804 -5.776186176507092
21.84481569030524 -5.543702949848307
22.316869359372223 -6.425272761899739
21.317069273325316 -6.405278064087587
22.31589623974248 -6.453700075176419
22.42029448669709 -7.448235648211796
21.644012469517346 -8.078621426765965
22.327342569183987 -7.348511863145833
21.788698996317954 -8.191045602179539
20.892728167002353 -8.63515850788654
21.860282955932952 -8.887819803730332
21.28440843229189 -9.705357896433775
21.64402736855318 -8.772258640897526
22.377652650602016 -8.09270441529168
22.07581571201253 -7.139344849071815
23.07296271214338 -7.06386067768436
23.177853897681306 -6.069376972842271
24.159315632306406 -5.877718778478744
24.983009664725824 -6.44475329326302
25.764243031683424 -7.068992371142713
24.774593320695175 -7.21249655066677
25.41258834455086 -7.982537036313716
24.628972580024655 -8.603782827917986
23.75893730349148 -8.110793357860219
22.760925709295314 -8.1738239682811
21.79122891355741 -8.418135499600531
21.18818450524615 -7.620427882986197
22.151491287838553 -7.35202512105654
21.267652784403765 -7.819817275593312
20.441422335515178 -8.383149544622311
21.398582691032573 -8.093591167389297
22.36262334312361 -8.359345981298446
22.17437475673852 -9.341467394222539
22.763564148461274 -8.533472430945311
21.9995967901344 -9.178727322760214
21.464398961414474 -8.334000571595391
21.348274570355812 -9.327235249705884
22.226805421695886 -8.849549638405222
22.44713201932938 -9.824975796745896
22.037492174164946 -10.737223130123011
21.038241215686043 -10.775920959248047
21.54659539702776 -9.914772873079128
21.31503155604404 -8.941953163395537
21.316786930423707 -7.9419547040663305
21.058527893178468 -6.97587899808819
21.09827406963627 -5.976669189560979
20.63109380813074 -5.092507098505484
20.755679824126844 -6.084715909501546
20.124406744278833 -5.3091552744386235
19.175555748681656 -4.993431046425871
18.200306477965245 -4.772322792470697
17.210969424944526 -4.917966863823709
18.175077964834703 -4.652458439643172
17.361320302111693 -5.233662763749232
18.192005614434816 -5.790404994849618
17.207831975552082 -5.613198198906794
17.42585110262625 -6.589142695397151
17.95423311649103 -7.43814943708075
17.187513460051353 -8.080131499469585
16.606735065536853 -7.2660697963627765
17.588965528815805 -7.45374855650045
18.458797795360045 -7.9470961297979255
19.034679000154355 -8.764629516250524
19.756723659080873 -8.072783066150727
20.736866898331453 -8.27107383888456
21.72253173889031 -8.439789048886743
21.237296869004513 -7.565405196653119
21.613708070947748 -8.491857897578347
22.530362308146003 -8.891539032267598
21.737963654564776 -8.281535447193987
21.54113120708384 -7.301098306109121
21.060516984877324 -8.17803044111891
20.710104285842938 -9.11462583954634
21.47068938203865 -9.763864094307223
22.470617290132207 -9.751856654295242
23.418228823565027 -9.432431574338926
24.37626478610003 -9.719079606757834
25.00155463290765 -8.938687008459192
24.050112813618043 -8.630858379987302
23.38101078312018 -9.37402893429071
24.3808462802898 -9.355891167074837
24.98526412490242 -10.15255864420305
24.143196762232588 -10.691931017175815
24.31995450143113 -9.707676628497044
25.31541110300882 -9.802892984105716
25.32953157446376 -10.802793285278733
24.65971641281646 -10.06026540753447
23.7794768930866 -9.585735758402045
24.332569709586227 -10.418855399471987
24.25440525023961 -11.41579587778303
24.023967886658813 -12.388883038044602
23.025026068121683 -12.43487481097989
22.02871903019646 -12.520736829245651
22.19965348999428 -11.535454427873523
21.3107370793842 -11.077384984504844
20.953016083936806 -12.011213496286384
20.5109236944489 -11.114243976649918
19.61112581784025 -11.550550957170021
20.471203562360607 -12.06071394424452
19.561309966019195 -11.6458722354725
19.516772514878735 -12.644879950881101
19.84078724257433 -11.698827914132409
20.58646654109553 -11.03252289107095
20.66285072445263 -10.035444430500837
21.662075329958935 -9.996072006765823
21.053940445766113 -10.78990571896743
21.451886046943212 -11.707314732714188
20.453871847767463 -11.770304082953624
21.391272227442986 -11.422050542865103
20.540106269364937 -10.897153875120797
20.155782867928497 -11.820352403666162
19.15994639287741 -11.911510041622744
18.50321291735915 -12.665632804927041
18.1349075677681 -13.595337687920894
17.37961630637236 -12.939948406303296
18.342886389468244 -13.208482849182506
17.37518545282131 -12.95638188287606
17.736856384262957 -12.024076065372956
18.734748517860226 -11.959181614880714
18.73462241850128 -12.95918160693019
19.462753165098928 -13.644619872464842
20.446107429234317 -13.826318499886032
20.623387110146048 -12.842157987197256
20.085361180538694 -11.999229698983992
19.463441314049984 -11.216148809377648
19.115562916441004 -10.278609145962276
18.56266141624915 -11.111855766768864
18.380700298236903 -12.095161493148881
19.359884808876007 -12.298133644254536
20.250383227253543 -11.843147307243077
20.84557885115823 -12.64672814902859
21.205816671614173 -13.579588649164142
22.1893840162571 -13.39904702362572
22.74471548786749 -12.567417925626474
21.918471608276235 -13.130730495553678
22.391835646332602 -14.01159739098963
22.807480348066097 -14.92112445596399
23.790781330984235 -15.103111205460284
23.805009600573154 -14.103212432411478
23.50145412594739 -13.150398665810298
22.682837160419908 -12.57605881541632
23.611028611005544 -12.948161799897411
23.250713571970934 -12.015331122525849
23.474235846036766 -11.040632300839663
22.97083134131296 -10.176581431605808
23.54904907011344 -10.992463934237657
22.720544079308706 -11.55244561269834
22.71734753266154 -10.552450721666625
22.896067406782098 -9.568550723397323
22.74029230720685 -10.556343271634208
21.8269563068896 -10.963550037939097
22.169737757369873 -10.024134859646432
23.146866929151066 -9.811488247507427
23.946950834786435 -9.211600137987613
24.760575466831497 -9.792990676377718
25.280216195669265 -8.938605802370136
25.418203540240548 -7.948171810254474
24.6502953033614 -7.307611945969206
25.351827641673395 -8.02024956657487
24.36055044844458 -8.15204306483788
24.04137454831454 -7.204347573249903
24.39822622684143 -8.138508629777386
23.476443614359038 -8.52621575548587
22.944070505689414 -7.679705936780002
21.96737047571879 -7.465096870206883
22.74499113883919 -8.093830601040686
23.711193638251327 -8.351614871564973
22.854335757482012 -7.836062185446939
22.17315975652436 -7.103942485043145
21.587664019019364 -7.914617969662905
22.433623520520847 -7.381370820754109
22.46571561777486 -6.3818859047629575
22.087627378075283 -7.307655467343666
21.217902048023603 -6.814119399496041
21.633084055868622 -7.72385776867796
20.72514701775112 -8.142964359910327
19.73240305980222 -8.263211746393155
18.743360930473557 -8.410845300888832
19.63273446978723 -7.953664037527494
18.641949330718116 -8.08910704472904
18.020579573450206 -8.872624514063846
17.85727928885699 -7.8860481018930635
18.798364360313197 -7.547878191519201
17.885876138071833 -7.956981166662128
18.85893921298855 -7.72644211957113
19.643316116924176 -7.1061576101947
20.35247182216485 -6.40110570733605
20.237128444945895 -7.394431386724097
19.31925207265812 -6.9975649542863865
18.806154373286635 -6.139234743411988
17.876381355016147 -5.771101432645102
18.592418306074585 -6.4691638114615895
19.144268463044234 -7.303107097454451
18.903123126886893 -6.33261808316858
18.32010984437967 -5.520155461000548
19.03800351533079 -6.216308229585378
19.36815139994489 -7.1602374505997695
19.93685022535585 -6.337691618456542
18.94013342126244 -6.4186583550699
18.19270971634273 -7.083006009031359
18.10235333144259 -8.078915504772702
18.134918171342914 -7.0794458798204145
17.370243006773702 -6.435029948382457
18.36020218646501 -6.576383485815776
18.192261494363837 -5.590586385020394
18.348104170692423 -6.578368274019552
17.620388245247874 -7.264246930819996
16.674773521381233 -6.938958145266889
15.674773528010242 -6.939073288730964
15.685695565957664 -7.939013641495605
16.436924423456404 -7.27897182186511
16.162070458847264 -6.3174858374957905
16.943730087940235 -5.693780599225149
16.881507796686268 -6.691842915150916
16.874380356489876 -5.691868315675386
16.942202068602324 -6.68956577250593
17.16346835908826 -5.7143523452529035
16.208081454895417 -6.009709524439088
15.257416778754074 -6.31992988730567
14.651612604798737 -7.115543677293181
14.953488917271926 -6.162196577875771
15.3182418348721 -5.231092228674157
14.861413163308892 -6.120646928980886
15.261072814503247 -5.2039833248123735
14.830554952379924 -6.106565382241371
14.259670863220283 -5.285534714882126
14.285183315420447 -4.285860210464446
15.222345699528903 -3.9369667226889447
14.48947254075605 -4.617332016593845
14.417644404235919 -5.614749040112115
13.764877419301206 -4.857190287684791
13.49339422095751 -3.8947471085739003
13.347411192982024 -4.884034203174405
13.559222731692017 -3.9067236731639556
13.519508080471981 -4.905934735191629
13.979223434872491 -5.794001057561987
13.007801941774183 -6.031362138505459
12.406188378125458 -5.232574857664131
13.331855010253108 -4.854234685113744
12.717080215392375 -4.06553198345491
11.899734810694806 -3.489384008174455
11.373158254873584 -2.6392562937341726
12.290089158897985 -2.240210284801626
11.389764547758919 -1.8049912657120544
10.497514252839526 -2.256532416900136
10.662808733413284 -1.2702881597853728
10.02997100123425 -2.044572606697809
11.01555591104778 -1.8753910901309712
10.305087772553494 -2.5791204586985077
11.183747653673226 -3.056568689725348
12.18291124829666 -3.015677233659612
13.150338211165959 -3.268827527977995
13.974876723115951 -2.703021693515948
13.525560383265297 -3.5963944190584347
14.014995162580641 -2.7243545135515017
13.283735813475108 -2.0422549868358244
12.28521947157223 -1.9878021177388427
11.285392856957422 -2.0064230926835482
10.66293944484671 -2.7890799458137896
10.124569903759271 -1.9463710772065466
11.053457881535008 -1.5760102737409225
11.687075681416124 -2.3496565001737895
12.499953174431438 -1.7672217988130818
13.128540065064794 -2.544961164490228
13.671088569150719 -3.3849856407491794
14.468170582476942 -2.7811145750142696
15.394975588463572 -3.156657489843086
16.3838851980858 -3.008138858026015
17.3728754599162 -3.1561194716368397
18.267677439320572 -3.602582703778099
17.413474460023522 -3.0826430244305385
18.001933845461593 -3.891169803016039
17.14439430568288 -4.405587860354731
16.975668291742778 -3.419924869155465
15.990543496774672 -3.2480844247337686
15.10564233227286 -2.7823055833687538
14.11040497107148 -2.8797868373046502
13.9291126592518 -3.863216091331129
14.391625898696342 -4.74982846623829
14.783304986737205 -3.8297265740592343
13.988360821097983 -3.223043977048112
14.983914856785951 -3.3172361318456365
14.147479000416462 -2.7691713015751285
14.497021407833792 -3.7060918453870872
13.668452019477067 -3.146205456306085
14.468486484872672 -2.546251412916785
13.647552850248692 -1.9752277990941507
13.982222900615689 -2.917563173251012
13.005640957511222 -2.702417389182853
13.996247031674772 -2.565670887105903
13.187398909524573 -3.153688501888059
13.921879124790616 -2.475058401330511
13.595604129619394 -3.4203332965467226
14.532796431094335 -3.0715201803138275
15.490549321974656 -3.359112600259812
14.596119785577919 -3.806321504935375
13.663934732300925 -3.4443394246510493
12.838679159476595 -2.8795799718550943
13.798842377458755 -2.6001401843620786
14.062031680815085 -3.564884394294851
14.079765916115775 -4.5647271303780315
13.967851473208473 -5.558444976382997
13.150902345468703 -4.981735237705705
13.5843987580693 -4.080579945726341
13.745976899719956 -5.067439866961731
14.517348799577292 -5.703824492884203
14.978233824473964 -4.816364638115553
15.374974871717328 -3.898434062618561
15.962055847768225 -3.0889058496703483
16.895624887395776 -3.447303461616765
15.976005110061577 -3.054493755606593
14.976454452444292 -3.084468459222387
15.66160028626538 -3.8128743806683936
16.60564082847534 -4.1427038133512895
17.595515104354103 -4.000756929082931
16.675986164741474 -4.393779230250276
16.71404274148003 -5.393054816345995
17.713827794030138 -5.3723220235439495
18.625223757006204 -4.9607914673626
18.68698923425741 -3.9627007771846325
17.868401435630993 -3.38831935692458
17.152770836426726 -4.086798308277119
16.42775737597525 -3.398063611776225
15.85399704921997 -4.217086863852547
14.940372330903687 -3.8105282898665935
13.9967730656259 -3.4794385338075746
13.567877111146451 -2.5760846384646907
14.461086370119528 -3.0257258506380946
14.164991764529013 -3.9808844681148976
14.30764543504853 -2.991111802151996
15.234932367337342 -2.616760436178258
14.239634986602717 -2.5198939099537907
13.987793844006623 -1.5521253224826466
14.9809109854489 -1.669250654386199
14.77213223745413 -2.647213554697727
13.89241831454647 -3.12271688154457
14.351129074311782 -2.2341312419602186
14.146597868321063 -3.212991285978761
13.76172595316133 -4.1359612794895355
13.077924026312573 -3.406293598392225
13.096146885510029 -2.406459648477205
13.076110127762043 -1.406660404459213
12.284410334678942 -2.0175707396412053
11.30143370921957 -1.8338400840594447
12.10018272884879 -2.4355044453451704
11.93880187315274 -1.4486122428150203
12.228102546260232 -0.49137396498679253
13.160715599843204 -0.13049601846380948
12.166440160272025 -0.023648696244032014
13.085065464389567 0.37148109336307
13.632887333462063 1.2080760967941901
13.33815176940533 2.163654951353122
12.338656070389021 2.131900461152543
11.761144405984496 1.3155180278060659
12.598140724259665 0.7683095088721843
13.306549910137425 1.4741114820658048
13.376730038347466 2.471645817116194
13.832883316128072 1.5817445938503707
14.379830517671937 2.418911697076085
14.182052163394093 1.438664930909959
15.163090984341295 1.6324762613179686
15.365905249578912 0.6532590362774131
15.089404240851655 1.614272663742086
14.090017268355988 1.649282365339558
14.470988732868925 0.7246955693994107
13.474279639853174 0.8057571749825776
14.467185789357508 0.924657882619146
13.532672914511709 1.2805872109238543
12.696776521607394 0.7316999544407443
12.104281143740327 1.537273804069791
13.02244880115632 1.1410817384308813
12.293369646323104 1.8255111255758825
12.145090058032043 0.8365656449268057
11.242424053394037 1.2669074672853355
11.789961298986272 0.4301261549406652
10.962942018601323 -0.13204740355489408
10.172525310473596 0.4805221251620735
9.174170117318537 0.5378536897694178
8.590665163898189 -0.2742558898649542
9.46240979581506 0.21570461540472707
9.599122921760738 1.2063152963456107
9.357191462157168 0.23602195469367215
10.109082540030474 -0.42326539314072753
9.784135843766663 -1.3689977255621342
9.17904722998657 -2.165155856509553
8.874117673110774 -3.117530764486202
8.794134952175842 -2.120734514316768
9.6513291009272 -2.6357279039310773
10.650374507277622 -2.6794117230191556
11.630601846493342 -2.4815371075323047
12.144718761922356 -1.623816991603014
12.222153211625177 -0.6268195462706695
11.64243111645079 -1.4416338149028651
11.561560129652765 -2.4383583924539125
12.476414002821997 -2.034573312557125
12.706066603942665 -1.0613006463435344
11.922349136075358 -0.44018316103205446
12.481158953202831 -1.2694789998507239
11.614982381618692 -1.7692170780864602
12.613017300617782 -1.8318772764461746
13.113815803045476 -0.9663133793443033
12.973529177838508 0.023797555242341617
13.280421956052974 -0.9279465399217979
12.33180856332335 -0.6115091351574571
11.390327609009727 -0.9485753195555832
11.009750860117919 -1.8733246575942437
11.81685293845007 -1.28291273770109
10.918585921260734 -0.8434626656453768
9.970768709221941 -1.1622769259334198
10.931646624936223 -0.8853046690328799
11.636508231964436 -0.17595981993788212
11.553854170558902 -1.1725381189857642
10.802662985563192 -1.8326228132369948
11.282492272498667 -0.9552609406900999
10.946981390184499 -0.013224610260764047
11.852514891730854 0.4110501563436132
11.144834952997073 -0.29548300233597224
12.025574671287181 -0.7690836237737619
13.015547800594291 -0.6278278159289562
12.047080214207636 -0.8769674035468373
11.057027476986745 -0.7362706462230706
10.057277891731607 -0.7586484652003431
11.017711993718184 -0.4801411300343975
10.039056236630119 -0.27463466026182237
10.112571383116055 -1.271928760934814
11.112457067514168 -1.2870488844700152
10.254636160797057 -0.7731001594020046
9.384336948671889 -1.2656235409528822
9.318766817922858 -0.267775577606985
10.288509969822385 -0.023648112245195474
11.286206198879174 -0.09148788321962548
12.136524838344016 0.43478031017482593
12.826555973088494 -0.28899937528425684
12.166694155747217 0.4623875969311713
11.174985777222393 0.59089632022909
10.354837087195644 1.1630467604521217
9.448451238334227 1.5854975776886007
9.658305657253381 0.6077649338333878
9.254951190883542 -0.3072788762978552
9.434840484504198 -1.2909657380789108
10.386190244583013 -0.9828527166111656
10.839602526133872 -0.09155181178785954
10.004641404021493 -0.6418607473511823
10.739074513209026 -1.3205418271884901
10.35641821520184 -2.2444325986519984
10.65669012395565 -3.1982862461332795
9.709301502902433 -3.5183718607723686
10.181366520286135 -4.399935596053332
9.706476822291478 -5.279980921442055
8.706516555399375 -5.271066627466953
8.159402110042207 -6.108124441289581
8.743810235542652 -6.919584324986277
