0 0
0.5204224766076577 0.8539089212799875
1.5176866570823067 0.7799890028396471
0.5288705073518342 0.9291286086866649
-0.42865528475008874 0.6407809756816669
-1.4286497780430967 0.6440996175213348
-2.033849959452497 -0.15197370851215852
-1.7871314096085025 0.8171134687649306
-2.0436819764142 -0.1494173412311478
-2.117317712009028 0.8478678629323395
-2.326598204331829 1.825723514617764
-2.028532349664976 2.780268823276142
-2.3725804668171873 1.8413168047554838
-2.976688913405672 1.0444146873279747
-3.806652222568823 1.6022326732722716
-4.383285255016167 0.7852294016199602
-4.131094114578909 1.752906842033322
-4.5918310497966806 0.8653700954553931
-4.883984881388082 1.8217414347825724
-5.731348690737267 2.3527542167428934
-6.691269353618522 2.0724823469920883
-7.56630510224751 2.55654064784159
-8.563889860558678 2.4870809474013593
-9.389799532016843 3.0508834080131115
-8.395732507046542 3.1596526585699394
-9.284712876677151 3.6175979636134854
-8.749762688880367 4.4624815630378
-9.573354790669745 3.895299008766113
-10.22072631782281 3.133124418641575
-11.17084693056798 3.445007122933982
-11.56708227517542 2.526858141731137
-12.403245955265513 3.0753381323399025
-12.577317467833662 4.060071146162551
-13.215885954151695 4.82963614554954
-12.48011332925613 5.506864795603781
-13.247714089712948 6.147793085310292
-13.976676468716214 5.463239325552959
-14.313470586812679 4.521661011223437
-13.808511444112884 5.384804257853966
-14.235256417232922 6.289176265335831
-15.23327260936488 6.3521340308809
-16.065319470394318 5.7974286847275955
-16.4999361244497 4.89681313743913
-17.19582171376155 4.178660474986292
-16.39917165315227 4.7831012751737285
-16.611835074370436 5.7602267887469765
-17.5404190997777 6.131349016265675
-16.665712721398485 6.616002244484284
-16.441896040520888 7.5906335046852575
-16.21893972662045 8.565461941945852
-15.2322507265076 8.728080566513578
-14.502696322128632 8.044157785016099
-15.430698683430593 7.671583473746545
-15.354412295996452 8.668669421442253
-15.114983143487576 7.697755583386125
-15.939989706149133 8.262878730642864
-15.935813200590687 9.262870009005491
-15.253271637998678 8.532023229348866
-14.685794091692786 7.708634357406424
-14.552256701326346 8.699678133116722
-13.718490688647954 9.25179608799808
-14.25006090398622 8.40478185779576
-13.299951020769997 8.716697246667252
-14.114808529765616 8.137035931731146
-13.961709266104151 9.125246747026303
-14.955602664282882 9.235591266857314
-15.188358728869536 10.208126415012964
-14.614035262147574 9.389497954982122
-14.873091399717984 8.42363568861745
-15.604048811860187 9.106058769729433
-14.654580133913822 8.79219696957086
-13.659689889746808 8.691234590135242
-12.872190071452184 9.307549474091433
-12.270397257664156 10.106201719610775
-11.300853999231359 9.861281589716324
-11.971387991454728 9.119402782044215
-12.783752993332278 9.702552080015574
-12.715212821680732 8.704903722692224
-13.681146125970589 8.446112587481457
-14.628911177637326 8.7650818757196
-15.628433269287845 8.734169284392278
-15.675131139493805 7.735260225008879
-14.80164681607191 8.222112499047107
-15.751842956672878 8.533765020915657
-15.437220519289575 7.584548121627097
-16.199734075967044 6.937575884291463
-15.709121009470863 6.066198343277687
-16.599905563706173 5.611772466004174
-16.060527281759953 4.769708888259153
-16.96551764230501 5.19514095959432
-17.593623139184466 5.973269152625398
-18.419197813357922 6.537562035234591
-18.1654269862423 5.570297662219099
-17.590831615330682 6.388735295595609
-16.71572964897235 5.904796716356697
-16.772135553651413 6.903204635955363
-16.053041305728293 7.598117193478883
-15.170292616746654 7.128271737928661
-14.453903617395921 6.430570654649254
-13.557552699021466 5.987225381606596
-14.371602101860853 5.406429746518972
-14.12064031850352 6.374426742017464
-14.726632916214717 5.5789564587766405
-15.723983427542919 5.651702300949066
-16.667867802918312 5.321426225639025
-17.43932152876028 4.685140795282064
-17.865856456393963 5.589611886864613
-16.893713475384516 5.355223268382262
-16.00564766073529 4.895506933180431
-15.94151236614125 3.8975657204893546
-15.576492658497465 2.9665659283134134
-16.142291586582157 2.142022677186942
-16.668626187961102 1.2917451416779369
-16.87016149184049 2.271226392795202
-16.328473386200056 3.1118059525084254
-17.045321404291908 2.414576493178296
-16.64571238589132 3.3312621712669834
-16.35197411653406 2.3753762841889277
-16.976894478338764 3.156064788908882
-17.96778421849032 3.2907404097999122
-18.448939184534094 2.4141048534531415
-17.981370587362953 1.5301480632538635
-18.319201914592742 2.4713547325577734
-18.336770709446167 1.471509075744984
-19.20208082214637 0.9702721967558576
-18.291605941044264 1.3838365700789308
-18.019580596895764 2.346126657391946
-17.66398139924596 1.4114881119473375
-18.185999933090578 2.264422253791076
-17.26605589209548 2.6564719463526307
-17.33583383183909 3.654034495331459
-16.432476381431638 4.0829229619441065
-15.45018179357461 4.270265809864142
-14.768952325434238 5.0023357598943194
-14.316029407367656 4.110786080801756
-14.16487845035547 3.1222753888037884
-13.26397423393723 3.5562933525332143
-12.330740101413731 3.197024575858825
-12.879050159740967 2.3607494537027343
-13.815880856998163 2.0109663142054215
-14.226223600419178 2.922897689321836
-13.524928731057317 3.6357690004339673
-12.90059543739976 2.854610925246424
-13.218537403780141 3.8027211013410467
-12.295292272588773 3.4185096651090765
-11.64704025600633 2.657083816456172
-10.697568331463104 2.9709357951088218
-10.140040539829064 3.801094070111649
-10.861718581721812 4.4933229367806495
-11.780294864033776 4.098079197331267
-11.09504655254002 4.826388713673706
-10.603001246121039 3.9558191205732744
-11.45461813407329 4.479983861999596
-10.692762734235936 3.832236727896584
-10.808913092624284 2.8390050861099065
-11.80776086693079 2.791014214447285
-11.467174128858662 3.7312273146800927
-10.561206837475282 3.3078796243079114
-9.605085156402755 3.6008494708502554
-10.287115024659354 4.332173789334119
-9.443233174883638 4.868702841314637
-8.484953946562253 4.5828691124305685
-7.878890838628606 5.378285675749317
-8.847043304884517 5.127924332721688
-9.529701669038243 4.397186652120119
-8.636874261786502 4.847585609556896
-9.60420072915267 4.594051577259671
-8.66542584911454 4.938582743642909
-8.124131806668265 5.779416115728111
-7.129062986307341 5.878603023863809
-7.384846673183581 6.845337064605107
-7.468716004422888 7.841813825637431
-8.079199460891491 7.049784817722855
-8.963708601391374 7.5163076792978885
-8.396973615697664 6.692407530013553
-8.988534315612126 5.88614706445871
-9.139158681107244 6.874738132858173
-9.92447454902468 6.2556428351881905
-10.714572697575376 6.868623190221501
-9.75487149177965 7.149645601417176
-9.592683804600377 6.162885674115992
-8.671961503632566 6.553104131522279
-9.21212610456147 5.711544743301033
-8.672832085409441 4.869427197523218
-7.756518622947307 4.4689654159376895
-8.720570551883904 4.2032515128132495
-9.550514332789621 4.761098553260649
-10.331640723545632 5.385471488023589
-9.73461313028801 4.583250787163153
-9.997564081143453 5.54805998977485
-9.589464791213175 6.460997539423457
-8.743133071597152 6.9936537328275925
-8.043287458670214 7.707947872567601
-7.146672125306978 7.265137592675714
-7.101216147053664 6.266171249878804
-7.498940121486586 5.348666132638971
-7.123375531576192 6.275462355551774
-8.122675397253103 6.238048742279192
-7.175431641099729 6.558562808161564
-6.909949138860789 5.5944471299336085
-6.536619914937365 4.666748207564538
-5.849839968221502 5.3936136041745
-5.115064882569147 4.715302780506932
-4.354095294009062 4.0665152303129615
-3.784849228436266 4.888682437655782
-4.781210460003118 4.803451596814064
-5.405967049138857 5.584271169014632
-6.387592348805982 5.775089855346518
-7.343992216722694 6.067150281712186
-8.194837421720099 5.541733840084285
-7.3070423758386225 5.081494819022067
-8.212391429186399 4.656826605469079
-8.746141848208309 5.502468663430919
-7.937468314079605 6.090726357983053
-8.393461723051283 6.980709510056387
-8.347694034854804 5.981757399734201
-7.350353421997875 6.05463882361001
-6.797828101068651 6.888134936217657
-5.874134685199747 6.50500248721283
-4.940281463551784 6.8626589710317605
-5.904385657067111 7.128183177171542
-5.039284041474069 7.629779822593248
-4.605692439687464 6.728670327104422
-5.535207496246964 7.097454491120705
-5.087569276704404 6.203239738164366
-4.0950222884990435 6.325102268108843
-4.8227805336632095 7.010936020993297
-4.948613109480473 8.002987513035515
-4.789421758350584 7.015739766152576
-5.214027615327813 7.9211180662131815
-5.98571537968719 8.557119634087057
-6.38391548781825 9.474418208099037
-6.973193219874499 8.666487669932145
-6.998641382957436 7.666811526875954
-7.951439383478035 7.3632065694000435
-8.091936897625434 8.3532876006891
-8.881891213585213 8.966453303168063
-7.890653066384938 9.098540151623789
-7.579367323649443 8.148223790421051
-8.57459120595779 8.245842559533871
-9.114642960679383 7.404210750354746
-10.047171638572692 7.765306672384555
-10.077158178057235 6.7657563697735545
-9.65988304760077 5.856976162296224
-10.614179690040944 5.558115127319411
-10.532186501354536 4.56148223753048
-11.521060099403812 4.412724020678174
-10.535894109039683 4.584328133186781
-11.488707604057335 4.280771806103574
-12.48481762515425 4.368890055463776
-13.219302635643878 3.690265144805428
-13.968572625903496 3.028000483437821
-13.374655072134013 3.8325263931041738
-13.87071276621297 2.964236830720133
-14.427074113745013 3.795177292469547
-15.398090410240435 3.5561640042608906
-16.203297763823585 4.149157358132266
-17.18826174869944 4.321917158136434
-17.561475937913244 5.249662365059908
-17.94233156488031 6.1742968828059865
-17.794846620532475 5.185232581968717
-17.006222447766444 4.570357054622657
-17.926327979282345 4.178686515937606
-18.727820553285582 4.776691243191217
-18.03091679443847 5.493855904133714
-18.82542153845368 4.886597959157015
-19.43156307606162 4.091241160992646
-19.72102306485056 3.1340510467048377
-20.344619963358365 2.352304982965822
-19.818607108210262 1.501828365874594
-18.891201101457135 1.8758846432423384
-18.202550533128854 2.6009780129135374
-17.87721680506792 1.6553787503366384
-18.024689034035358 0.6663125535209877
-18.030532326223316 -0.3336703743014857
-17.337957304430184 -1.0550162269881427
-18.262689000862526 -0.6743966142336733
-18.005171440312086 0.29187700436933417
-18.206061303415424 -0.6877368291907695
-17.533792316425938 0.05257014033749896
-18.482722255062836 0.3680570205061908
-18.90544313265998 -0.5382029088978959
-19.706358204327902 0.0605750532676852
-20.559989686061666 -0.4603023731898427
-20.518057820970643 -1.4594228457505787
-19.526511891710914 -1.58917904085686
-20.525245292705016 -1.6394939863378386
-21.369670042480163 -1.103819792478196
-21.85857901964805 -1.976154597495542
-22.56560258476466 -2.68334458495987
-22.68734080785139 -3.6759068273606608
-23.004891059580903 -2.727665382565865
-23.38015058830283 -3.6545851666374953
-24.240410715278124 -4.164440551954202
-24.782651928933166 -5.004663418944804
-25.580037765076128 -5.608133242812237
-25.812259043582966 -6.580796225457639
-25.2851479949152 -5.730999813149157
-24.33446982730528 -6.041178828606114
-23.725558053285624 -5.247940874735879
-22.95465123855731 -4.6109929310187745
-22.358211894460503 -3.808334779117624
-22.485927408155387 -2.816523936486
-21.745507848063863 -3.4886689171515375
-22.619577253901294 -3.974469981146872
-23.15764677762867 -4.8173704424326615
-22.558275602899794 -5.617841675459887
-21.723272285692662 -5.067596766121251
-20.91478367353446 -5.656108587591731
-21.437342690484517 -6.508711703821192
-22.045378319977587 -7.302621442561664
-21.15902727068652 -7.765635284061699
-20.3072173542578 -7.241784287810186
-19.785510514344768 -6.388659459201878
-18.800403194547606 -6.560600054996048
-19.572917478488847 -5.925602668303197
-20.436898201793564 -6.429127553247185
-21.435048816537943 -6.489916946116492
-22.3456558116362 -6.903190342886864
-21.582749141728286 -7.54969897624764
-21.345367976938835 -6.578282390738003
-22.307447942749576 -6.851049946333608
-21.979265628515023 -5.906435544250062
-21.67131538632985 -6.8578380081622035
-21.039842061541233 -7.633235609448413
-20.223124524460346 -7.056197946358274
-21.124145895030548 -6.622423247031773
-20.866916258053575 -7.5887735530081795
-19.874653963795254 -7.464614222334989
-20.733571539064005 -7.976728075784051
-21.367647081110118 -7.2034569674533895
-20.964822545553815 -8.118734189694743
-21.887050631524886 -8.505380484706262
-20.891931897847083 -8.406695602969046
-21.1092078808249 -9.382805815609515
-20.20334338837867 -8.959238204329884
-20.11152035351883 -7.963462863066038
-19.14232618957189 -7.717164928500621
-19.955211017868752 -7.1347404647932855
-18.957569768899937 -7.066096904600487
-19.071876949695614 -6.072651451433306
-18.31925984333826 -5.4141930311680015
-19.169286963954953 -5.940931955319324
-18.795917948465693 -5.0132490470621
-19.79276825818106 -4.933942931154301
-19.127527263101847 -5.680571633030956
-19.87277607300605 -5.013785151961966
-18.936329149659365 -4.662975859390452
-19.803393270782255 -5.161172416846833
-19.417938219981327 -6.0838990306453375
-20.173399629182708 -5.42870588415534
-21.159349829649784 -5.595745407020239
-20.181590462728167 -5.386015532188257
-21.12258376153846 -5.724440725686196
-22.12184789240205 -5.762796908622325
-22.231561534872604 -4.7688336715477115
-21.393506114936535 -4.223248560757673
-21.48641574151431 -5.218923106625538
-20.696798457538268 -4.605323444919065
-20.444030260057524 -5.572850311906404
-20.01673943644918 -4.668736075728198
-20.829205815850383 -5.251744122278756
-20.34485457883396 -4.376870486145709
-20.457706221369367 -3.383258636992801
-19.466929162451468 -3.5187607385336954
-18.467055575622425 -3.5346607499055405
-18.50077567675509 -4.534092065594419
-19.180268845710643 -3.800410231729942
-18.659600451607307 -2.946651235653267
-18.45595146621662 -1.967607267922836
-19.413484439649277 -1.6792834832826866
-20.41097506442943 -1.608484800556924
-19.887174636938497 -2.4603258139862594
-20.84290552395325 -2.7545680128734897
-19.898803768044264 -2.4249138387916607
-20.79386222255784 -1.9789650042783669
-21.61237940545737 -2.5534470503844364
-20.6127264872519 -2.5797917485851443
-20.040593081799916 -1.759631175059501
-19.120387350229404 -2.1510662419413276
-18.123865825057727 -2.0677304760930553
-17.137962554433425 -2.235046766311018
-16.83208130734083 -3.187116439537236
-17.831244631172403 -3.1462183673352375
-17.81981636384496 -2.1462836721146483
-17.17957242545232 -1.3781120120337254
-17.187601125637922 -2.3780797815009866
-17.895271740020842 -1.6715372834593594
-18.769237231748683 -1.1855493008209879
-18.472926908474605 -2.1406410201449546
-18.08656568464462 -1.2182934692073517
-18.8142695224644 -1.904184950727832
-18.304935366635 -2.764753784526474
-18.9829724403238 -2.0297260798081194
-18.17094537492412 -1.4461063019917892
-18.931366567729572 -0.7966760828517077
-19.354144599476825 0.10955718506109491
-18.873104731730457 0.9862559050547739
-18.233471813797493 0.2175753925552285
-19.19994155934546 0.47435590377141207
-18.627253712912406 -0.3454176201654549
-19.38516683941419 -0.9977731157936356
-19.121978053524323 -1.9625174668949097
-20.06964438926857 -2.281779923342688
-20.657955695537957 -1.4731453909885406
-19.850370638513766 -0.8833942776608658
-18.860653113929516 -1.0264300128140962
-19.83475272325668 -0.800310683457522
-18.890963786336894 -0.4697619842499476
-19.754568025064597 0.0344083429724536
-19.303736485930873 0.9270173969946032
-19.7690513921738 0.041872189682190086
-19.50052497857012 -0.921400131729125
-20.043519266052005 -1.7611365211764571
-20.817244648393263 -2.3946576595142988
-21.23106913759956 -3.3050143435305945
-20.648509159768537 -4.117802060114399
-20.147767286767344 -3.2522054007959516
-19.9165177318766 -2.279310934081893
-19.873072426399514 -1.2802551271161344
-19.445330450073527 -2.184156007571918
-19.70201335440872 -1.2176603342127201
-20.531519563115808 -0.6591628411866592
-21.07035105035761 0.18325073204016584
-20.07238827643867 0.24704964952330177
-21.013742851847454 0.5844686225478594
-21.4960543524736 -0.2915311584816548
-20.866437109666 -1.0684366402227432
-21.10864758114447 -0.09821290957801365
-20.145165513448962 -0.36598577084140843
-19.33245883373181 -0.9486587947091045
-19.91090986375386 -1.7643759061309667
-20.884962612027024 -1.9906970133691044
-19.887470627605573 -2.0614765373499693
-20.858357608554098 -1.8219385023228356
-20.104072375085757 -2.4784853678028327
-20.989537595985922 -2.0137797162595983
-21.420415403660094 -1.1113694354815593
-22.392648173903503 -1.345385333370631
-23.253297841849527 -1.854582887434278
-22.48868973447203 -2.4990783817029367
-22.510923419984938 -3.4988311827635354
-22.06829665074093 -2.602125242586595
-21.593424045519814 -1.7220706938167414
-21.350538579184303 -0.7520157210224252
-21.7177756479858 -1.6821430968683813
-22.316714960649627 -2.482937514772116
-21.73711094673828 -1.6680392468528284
-22.188057910260536 -0.7754884997857185
-21.207457297980874 -0.5794720739516841
-20.2555698092173 -0.8859197998942635
-19.941556721039564 -1.8353384538362865
-20.605707772052682 -2.5829368630361547
-19.806690709514697 -1.9816285113785614
-20.772573861394243 -2.240606767058913
-20.022677876498918 -2.902162518177342
-19.02464620282989 -2.9648743859010698
-18.642626467290338 -3.889028551426655
-19.318304551275972 -4.626225354744131
-18.4221462502585 -4.18249086260105
-18.83269298295143 -3.2706513041944403
-19.670413416195757 -2.7245519764847863
-19.279270174028007 -1.8042221638053855
-18.29295731592394 -1.9691068081437377
-17.46885100052271 -2.5355419596975675
-17.168420435748192 -1.5817382714318615
-17.70691009362427 -2.4243703906633245
-18.396172807308552 -1.6998588921178728
-19.21231965081247 -1.1220143370352882
-20.095181082933934 -1.5916479087403352
-20.84200656279375 -0.9266278318763675
-21.654385957356798 -0.3434985843768328
-20.702024276783114 -0.6484694508130648
-21.33019964891307 -1.4265412353223046
-20.48632748122411 -1.9630855155079527
-21.48553425615612 -2.002907882714941
-20.63858618299629 -1.4712322660360788
-19.880929213516932 -2.123885249327628
-19.64276319579927 -3.0951097074239575
-19.277999214639106 -2.164009692362101
-20.12852275750897 -2.689946668647368
-19.603283879663138 -1.8389918395293643
-20.1187252401057 -2.6959166926787645
-20.335635810902524 -3.672108171988329
-19.893489742093845 -2.7751651114560385
-18.9629359169093 -3.141320240376025
-19.533430449490474 -2.3200188411960494
-20.484972808955753 -2.0125011374077113
-21.04824187624873 -1.1862276004776589
-20.413177530813535 -0.4137683606746989
-19.565342320346755 0.11649143969937126
-18.71516541715331 0.6429885748068722
-19.330607901074966 -0.14519322464319262
-19.136560361575455 0.8357989019379467
-18.631847181222223 1.6990859953070796
-19.61011386424773 1.9064366569464297
-19.802766586222102 0.9251696552002867
-20.45808640317179 0.16981812279102204
-21.21035808435531 -0.48903490914350767
-20.325259399451085 -0.02363151639608657
-19.511898397383362 0.5581277811792866
-20.369573614742777 1.072319595123735
-20.701298464463203 2.0156957788796954
-21.66754375282339 1.7580719392962074
-21.861427898224537 2.73909637230594
-20.907252662729523 2.4398479471337597
-20.397581520222534 1.5794786505548881
-21.234537442152156 1.0322083473710462
-20.264970531057447 1.2770348265563283
-19.276035517601517 1.128685444485071
-18.81885198966525 0.23931306927671725
-18.70128094682999 1.2323775434608604
-19.68295661893801 1.422936916862602
-20.682528569167392 1.4521929643508522
-20.511478289353693 0.4669306633489033
-20.445592076173035 -0.530896479453252
-21.31824580193829 -0.04255697162286998
-20.322785023658025 -0.13772965103062235
-21.23241030816162 -0.5531593584321974
-21.175027322869283 0.44519288050901906
-20.283691069894463 0.8985356692823765
-19.418141590283827 1.3993590896071062
-19.993929844883926 2.2169579434862996
-20.560919130887246 3.0406831097629192
-20.956042938599772 3.959310986859382
-20.185183992108747 4.596316861726128
-20.999677540130218 4.016144249281005
-20.26829099082179 3.3341811157534593
-20.880421478950293 2.5434243481544967
-20.70144499874907 1.5595709954973125
-19.873936701579773 0.9981175084514438
-20.378636962212823 0.1348228618116476
-19.74865845707651 0.9114354312864253
-20.431890916720807 0.18123449586631746
-20.378727036306273 1.1798202967964473
-20.218400451580152 0.1927562734271131
-20.632409476389387 -0.7175165029297899
-20.19688546695116 -1.6176936172816543
-20.171720778997084 -0.6180102981849646
-21.03536010147715 -1.1221205248875892
-21.930447002202413 -0.6762287889807232
-22.84016696653637 -0.26100645517361054
-22.544223904820523 0.694199127003468
-23.534536353160988 0.5553421694467348
-24.527592998604245 0.6729793189403586
-23.528012232429834 0.6440260480685153
-22.567794378158013 0.36477406089990244
-22.97429400778067 -0.5488768850945958
-21.977757440526442 -0.6320325831865424
-21.147117042290574 -0.07522334402239228
-20.14804124344752 -0.118206458917799
-19.384412586316465 0.5274492341634477
-20.253643387173405 0.033042706251849296
-20.61845671051525 -0.8980379772081168
-21.61772615389247 -0.9362555063352085
-20.620277068840366 -0.8648739770105986
-20.121262672344113 -1.731467671938896
-19.139926482561833 -1.9237676527594885
-18.645133510510714 -1.0547567697385558
-17.839461693964513 -0.462394613601666
-18.570730502729177 0.2196947715436457
-19.57043373052943 0.2440557305920019
-19.7230360952799 1.2323434003888905
-20.664406501848333 0.894968597480926
-21.455807182976958 1.5062663660922224
-22.00934751908804 2.3390887338862383
-21.60483492883883 1.424556304537843
-22.45380704355397 0.8961186559584645
-21.668477748072853 1.5151969205253417
-21.04763367140911 0.7312628464658294
-21.23271416856251 1.7139862101717354
-22.13229049507871 2.1507497992810167
-23.132197783147472 2.1643665267503835
-24.119276052414246 2.0041276727189468
-24.063581209052636 1.0056798351115304
-24.10502826277909 2.00482053678342
-23.585697484386298 2.8593938470464644
-23.540220017326504 1.8604284822865917
-23.431290083858006 0.8663790521300486
-23.754344119815684 -0.08000146851239032
-23.739485101610676 -1.079891067207158
-24.716814957869776 -0.868168720572315
-24.010709155300884 -1.5762750653952822
-25.005293244397922 -1.6802100918060898
-24.94873120217 -0.6818110055790408
-25.0770126831323 0.3099267932579901
-26.06982467097947 0.19024238831338483
-25.90866472927509 -0.7966859136365793
-26.223791486477584 0.15236367774157344
-26.998970511441254 -0.47937794607022977
-27.711935932585295 0.22182124692196092
-28.701626424214027 0.3650439084657237
-27.704277246274415 0.2922797877524137
-26.72218480896085 0.48067948141325934
-27.53161284656749 -0.10653960200984147
-27.049680992820388 0.7696690993529568
-26.062371005595214 0.9284739768770003
-25.521305129494053 0.08749376443506396
-25.202868707936876 -0.8604504561949585
-26.07576982264781 -0.3725532908656166
-26.55345948373948 -1.2510819401913653
-25.91643199262617 -0.4802408569803829
-26.757233128133553 -1.0215849716888519
-27.056572123455293 -1.9757317978533426
-27.201054323301978 -0.9862243982208473
-26.497120187405574 -1.6964896531219888
-27.49647459707329 -1.7324168555970834
-26.50051598248249 -1.8222302066222706
-27.470146465878077 -2.0668047876196405
-27.312677922276517 -3.0543287912651236
-26.681688711761954 -2.278537185088434
-26.693880521397425 -1.2786115079614726
-27.29860142331131 -2.075048969905883
-26.403011177440863 -1.6301690855531414
-25.59867151115046 -1.0359993276288222
-26.09929763510148 -0.17033571858788688
-26.50536208661859 0.743508721792481
-26.11181725632044 -0.17579670435575978
-26.237198766351153 -1.1679053057409199
-27.08419236663715 -0.6363022197128525
-28.081402080761773 -0.7109533151870023
-28.6197700585352 -1.5536631825246014
-28.12401415232073 -0.6852012769389447
-27.91407006540948 -1.6629146707159765
-27.150335377565238 -2.3084449384675825
-27.944882375180303 -1.7012422798923037
-27.206717601228068 -1.0266218188210101
-28.05730407401538 -1.5524570138310438
-27.725545856142013 -2.495821463486365
-28.65141258572095 -2.87367169712239
-28.41966223500261 -3.846446992317496
-27.610940464298714 -3.2582556139468535
-27.75878680196461 -2.2692452699975183
-27.950572054307564 -3.250682184416244
-28.858427607092846 -3.6699652573835744
-29.489030420241715 -2.893859535172526
-30.021396896807722 -3.7403735247962615
-30.886013139385078 -3.237940690408009
-29.93506334131901 -2.9285954438660444
-30.119651592039023 -3.9114113868055784
-30.45691902009996 -2.9700025054106978
-30.111680143196246 -2.031487658498694
-31.099988883136305 -1.8790218113128638
-30.867285724753557 -0.906474002678916
-30.453480297378945 -1.8168393514676948
-30.183113967894595 -2.779596874357628
-31.1825554735398 -2.813013588643189
-32.062933323848675 -3.287286548746892
-31.10281140286232 -3.0077049026370863
-31.709872906076864 -3.8023597530689557
-32.62526226808659 -3.3997901119887715
-32.02762680640637 -4.20155806778538
-31.110063292611915 -3.8039688348411507
-31.51163931339393 -4.719794527608548
-31.770597766184256 -5.685682988937515
-30.792675474193363 -5.476714113677869
-30.426413673182793 -6.407225958374375
-30.14932972141363 -5.446380245644187
-30.32168070631602 -6.431415848048068
-29.328054346162233 -6.544139653907952
-29.85718261961942 -5.69559780448141
-29.821773926133492 -6.694970720076794
-30.509794413859264 -5.96927945757628
-30.648467995249167 -4.978941314402698
-31.33311620295347 -5.707814987742108
-32.26697787455689 -6.065449407660074
-33.15350090684577 -6.5281338716539885
-32.35282280261717 -5.929039076643303
-33.330605502885476 -6.138660142035159
-34.16208377207986 -6.694217418882031
-34.90162419654983 -7.367329564497285
-34.02344289777584 -6.889001636728464
-33.34654679862523 -7.625080213345589
-33.11171763590857 -8.597116871264307
-33.72460496141415 -7.806946556563347
-34.47012717847574 -7.14046578124603
-34.544734978384845 -6.143252826961579
-34.23827808541361 -7.0951373644714675
-35.08724712660006 -6.566694778084865
-35.624830698790944 -5.7234843044126675
-35.46307817028309 -6.710315657543138
-34.463954172805565 -6.668467865910424
-33.549673826580275 -6.263385839024313
-32.71935041362984 -6.820667661719388
-31.874161760807034 -7.355135753507446
-32.8736729102829 -7.3864001433692845
-33.61790918417369 -8.05431658172453
-33.661084633856696 -9.053384087223868
-34.076744815017 -9.962904078096955
-34.26489932652828 -10.945043518195943
-35.162441029677325 -11.385973094328362
-36.14651158969915 -11.563751419492958
-35.15415567079782 -11.440342626364206
-36.14429634705744 -11.580419181205265
-37.073571808243166 -11.211031691923273
-36.321835802856974 -11.870495851833434
-35.54889410466751 -11.236018798505272
-36.154263491460625 -10.440074136148816
-37.09866659972551 -10.11128428061853
-38.098094641219305 -10.07746727489826
-39.08182231365792 -10.257133260767864
-38.7996039443835 -11.216483453369129
-38.371305557121275 -12.120120820606994
-38.12189105866342 -11.151723997006764
-38.456062270437464 -12.094236384841253
-37.4616947455275 -11.988249473364233
-37.278802094212566 -12.97138236270066
-36.43652098215194 -12.432343840639462
-35.48021436564444 -12.724709459726219
-35.45360135363983 -11.725063648655096
-36.4419211102119 -11.572669230222767
-36.5958281830781 -12.560754556964216
-36.552853973370404 -13.559830738894302
-37.50659630801897 -13.860456019100582
-37.729362925186344 -14.835327823121913
-37.09215057457598 -15.606016100072857
-36.38463192941372 -16.312710777248054
-35.785262664092 -15.51223811451203
-36.74359757344998 -15.226591126945491
-37.401435469295286 -14.473431580242522
-36.82136637203151 -15.287998853338848
-36.436021408841384 -14.365226259822983
-37.252400216757216 -13.787709470468831
-36.76104079684977 -14.658666369786024
-36.25277744495375 -13.797464671506566
-35.44178207317802 -13.212412103818544
-36.417025812764045 -13.433544752693061
-37.20483504636577 -12.817625430499112
-37.909194169875775 -13.527469233830676
-38.36862693760669 -12.639256684980396
-38.93692456149814 -13.462079758720634
-38.11720751150434 -12.88931108119936
-38.92157076314113 -13.483448909835342
-38.09169391057957 -14.04139551084884
-39.09167078061827 -14.0345940854389
-38.95479921141066 -15.025182886881076
-38.022324770512164 -15.386418844491947
-38.67054613737677 -16.147870786206052
-37.68159011113319 -15.99966154844907
-38.3515060063856 -15.257224552274874
-37.49340736496194 -15.770709431883684
-36.737687459683485 -16.425604404200566
-37.425751489432315 -17.151254382472324
-37.769201873767884 -18.090425204793668
-38.59399493546631 -18.65585990957763
-38.70296638834976 -19.64990478907577
-38.337603846463196 -18.71903948572292
-39.08717170246544 -19.380966996292013
-39.458628372648356 -20.309417286925076
-40.07915244621235 -19.5252298895974
-40.373468849325086 -18.56952185109465
-40.11049537794827 -19.53432491563789
-40.92755415165257 -18.957770529380344
-40.6206620556914 -18.006026214221826
-41.55742927093212 -17.65607309671871
-40.954993530277285 -16.857905709273158
-40.510126149914576 -17.75350216632802
-41.491088964501365 -17.94769783156793
-41.491639557565456 -16.9476979831443
-40.6268957104834 -17.44991116390893
-39.82137013868079 -18.042472176102677
-38.948253460378055 -17.55496087770068
-38.66781490242533 -16.595088899146564
-38.405207747059436 -15.630186063649314
-37.522374247049555 -15.160499986295182
-37.31599981498351 -16.138973079328107
-37.85427271788748 -15.296202480648173
-37.03429751830448 -14.723803430973202
-36.47082338431093 -13.897669724893957
-35.64431148124859 -14.46058896785539
-35.602371423929824 -15.459709096564694
-36.146723248625804 -16.298566111168586
-36.835590242930934 -17.02345387086454
-35.866281187384565 -17.269299258935607
-35.44858010932285 -16.360714750270574
-35.45089070120266 -17.360712080849595
-35.172454399616825 -18.32116677835448
-35.291116170331755 -17.328232045267356
-34.29540046320314 -17.23576458841167
-34.11186060257407 -16.252752320146282
-33.60058568702464 -17.112169541715602
-33.83127951233497 -16.139143150005857
-33.11664819343216 -16.838644456683145
-33.966146049950886 -16.311052387210818
-33.862107102353136 -17.30562561095191
-32.877955464078696 -17.128296671176873
-32.06864856136499 -17.715682691796996
-32.4323848089023 -18.647184673666857
-31.79000012628699 -19.413567032245936
-31.426646757025168 -20.34521843113185
-32.3680225527776 -20.682578196325426
-33.23630233346746 -20.186503380954623
-34.109130542756866 -19.698475802770112
-33.32302822714153 -20.316572194431
-32.72819517797842 -21.120421461161598
-33.715056018881135 -21.28199398572188
-34.22744687900373 -22.140746340282163
-35.0628109321641 -22.690443437497972
-36.02368889353287 -22.413471338983
-36.96874857538066 -22.740369178905134
-36.11320545818137 -22.222637612731194
-35.14892479213991 -21.957755002696796
-35.55633420846701 -21.04450937993805
-36.236974554623266 -21.77712709688481
-35.4721449926559 -22.421359773129044
-35.98462335393594 -23.28005991242083
-35.01633616308786 -23.52989969315946
-36.01205145811564 -23.437427798792942
-36.31097835859228 -22.483151786220358
-35.68533523981196 -23.263261193882407
-35.55557285994743 -22.27171607399532
-35.68456846651829 -21.280070908885637
-35.333185065728074 -22.216302560587877
-34.6476125863217 -21.4882981818369
-35.633665490883104 -21.321866005242306
-35.91493383704869 -22.28149516145072
-36.72886723156767 -22.8624533607102
-36.86877264440364 -21.872288487843466
-37.57519240602789 -21.164495353949995
-38.37551677833141 -21.764062613810783
-37.39665104437936 -21.55955864100214
-38.39411610508481 -21.488400699267785
-39.065717741182816 -20.747488260183054
-40.06409416590933 -20.690527619822408
-40.106633631714274 -19.69143283260298
-40.678598977944496 -18.871155048732334
-39.679773278118624 -18.822706918042385
-39.53999773650595 -19.812890132385512
-39.72286347248936 -18.829752236359095
-40.67895192507314 -19.12283050378257
-40.133575533548836 -19.96102176570787
-40.27987192222449 -20.950262568879907
-39.31853689777083 -21.225644069272878
-39.33465073270265 -22.225514233006045
-39.418243611922406 -23.222014223243754
-40.369903672629455 -23.529167489309817
-41.315403145563344 -23.203543861970317
-40.33497764656388 -23.006653433275456
-39.78064925081737 -22.174355391904996
-40.159303973551644 -21.248817385688596
-40.65645667713042 -20.38115432359346
-40.29469175012202 -21.313423671789895
-41.27967864731676 -21.140794553867444
-40.43315084251672 -21.673139062339565
-41.36780568902669 -22.028695412156893
-41.9205628565684 -21.195353037300517
-40.933016045843544 -21.35267848542372
-41.667918193516805 -20.67450532660274
-41.96646060299516 -21.628901695907892
-42.966309098589385 -21.64630818486947
-43.56092877223461 -22.45031530157556
-42.9515951267758 -23.24322923669833
-43.89141175947858 -22.901550005700578
-44.388079947920524 -22.03360950624811
-43.41771884586259 -22.275269042813303
-42.419642564320974 -22.33726691555153
-42.808423074215504 -21.415936510579378
-43.15462280715501 -20.47777567953141
-43.90040375889441 -21.14396692236087
-44.10538351977001 -22.122733134298834
-44.187782912462026 -23.119332522259707
-43.879981522446066 -24.070783153824078
-44.68392994347222 -23.47608412378489
-43.87830539896167 -24.06851056924641
-42.88159047408273 -24.14950043604194
-43.75195610581221 -23.65709443780051
-42.82010912362913 -23.294242950554988
-42.79672003221645 -22.294516512771686
-42.04722130460923 -22.956522296217084
-41.083565326046774 -22.68937597866651
-41.92505376051017 -22.149100849991925
-42.692450993439074 -22.790272813581304
-42.391246062577544 -23.743832245197762
-41.43899042922247 -24.04913407739588
-42.29456978333023 -24.56680575792761
-42.22351980159617 -25.564278514495722
-41.22884900974294 -25.461176546357063
-40.24750885430668 -25.268896803980656
-40.4189543120655 -26.254090416938975
-40.806793993753104 -27.17581726438808
-39.876004083175374 -26.810262696140462
-39.50951745212726 -27.74068601337999
-38.597892666273694 -27.32966259577773
-37.882330026536806 -26.631114022940608
-38.84354194921299 -26.35530314624219
-38.599007398469645 -25.385662566701114
-38.14096815550205 -24.496730594106097
-37.17149630544003 -24.741933228548135
-36.3278866018085 -24.20497637000294
-37.32240426070219 -24.309545132779462
-38.32164091875011 -24.270479787353747
-37.97288382517776 -25.20769293796729
-37.667252333818745 -24.255543059277144
-37.452820321978926 -23.278804142115384
-38.42389836164053 -23.517566452556075
-38.41101974709773 -22.51764938535127
-38.44597900796179 -21.518260647131832
-39.22214598943295 -20.88773323545654
-39.610006809221176 -19.966015282678573
-39.62566852697512 -20.965892630455286
-40.62373059112784 -21.028118960085187
-41.622186760580874 -21.08366423604242
-40.68526888791107 -20.734114668925116
-39.80756008297262 -21.21330904883114
-38.82654445536976 -21.019380354721747
-37.8297153808048 -20.939807770862956
-36.843373099213245 -21.10451631206457
-37.62000320262674 -21.73447320144029
-38.546772303384984 -21.358841688012884
-39.45089167439089 -20.9315617294706
-40.258941483085366 -21.520675900636782
-39.40445058988862 -22.040142274374123
-40.377960609977535 -22.268786628746764
-40.8854417063613 -23.130449519216775
-40.04613473961402 -22.58679170811729
-39.81057843625829 -21.614931004132718
-39.81571796127661 -20.614944211578642
-40.779729366062185 -20.88080509896778
-40.006297494760716 -21.51468453581292
-40.10911858517815 -22.509384401785248
-40.621158819339435 -23.368345866927925
-40.58617201378295 -22.368958092619597
-39.902551338232996 -23.09879558957397
-38.902895212241674 -23.0725728939075
-39.266806210522276 -22.14113916822949
-39.02831137774287 -21.16999540197368
-38.94963965618008 -22.166895978875083
-38.165176559248785 -22.78707147786949
-38.01767479872975 -23.776133271006696
-37.41963118036565 -24.577596826344035
-36.46844744339443 -24.886222001145892
-37.258775923963704 -25.498905355580355
-37.72855990210088 -24.61612394782099
-37.36053869340644 -25.545941343846188
-36.511166330874296 -25.01814726490387
-37.35756829157729 -25.550691836670524
-38.35646108735339 -25.59773631080524
-39.02004126893066 -26.34584147895867
-39.939621190219206 -26.738744480172645
-40.42033083923013 -25.86186465183367
-41.162045261741305 -26.53258047499495
-40.74396760718425 -27.440991766624506
-40.10256985470162 -28.208200293108817
-41.09987720477192 -28.281535479041324
-40.596789261292344 -27.417300255780034
-41.596278366746894 -27.449261608655977
-41.02197486833604 -28.267904077449927
-41.18818590134464 -27.28181387239452
-40.577006426245 -26.49032183249966
-40.363681340566245 -27.467303105513707
-41.29488862800122 -27.102813067476998
-42.27058780472666 -26.883698676034314
-41.75254990171655 -27.739056338678946
-42.667542708339546 -28.1425264910176
-43.48280037056708 -28.72162488004946
-44.45805912796354 -28.94269128663696
-43.497127155977594 -28.66590663168802
-42.49797714903151 -28.707128757053557
-41.51382373289243 -28.884447829636784
-41.64321571096139 -27.89285430605396
-42.57868329330492 -27.539441795827802
-43.55198241626467 -27.309901347876295
-44.499231568180925 -27.630399466738073
-45.21486539755256 -28.32887510858888
-45.016954751618535 -29.309095173791576
-45.25647884177789 -30.279985595123115
-44.578378218088595 -31.014954672127168
-44.04233164133721 -30.170766264511233
-43.29687381264672 -30.837319057352172
-42.557518254801806 -30.16400385695652
-42.40201108458782 -29.176169093439846
-43.11805568490901 -28.47811456093478
-44.100753713877275 -28.29289959430981
-44.98323214482035 -27.822546727920912
-44.22199873345812 -28.471024710142224
-44.98845341741816 -29.11332309674749
-45.30055757949965 -28.163275207422217
-46.19797676276498 -27.72209632135967
-45.225584847772275 -27.955450052113697
-45.16227233173921 -26.957456301976173
-44.21281346000212 -26.643564838441847
-43.78397573846449 -25.740183297460177
-44.123111614730014 -26.680920698348235
-43.652444178451105 -27.5632313944336
-44.49622085054288 -27.02653694911697
-44.526285021928686 -26.0269889784828
-43.54145646441117 -25.853458830387545
-44.09396019332955 -26.686969255955987
-44.75849730607138 -27.43422451742207
-44.29593788464449 -28.320812799348474
-44.424687155468916 -27.329135621400845
-45.39882415916035 -27.55509379903353
-46.27942783681698 -28.02894732376203
-46.31520379734405 -29.028307159180866
-45.84672086188452 -29.91177970498137
-46.704799104286565 -29.39826073754568
-46.407040792062055 -28.443619450201993
-46.89896671371073 -27.572982391715446
-46.812749265798985 -26.57670604868828
-45.89420721349075 -26.18138276561305
-46.07016048241315 -25.196984245116642
