0 0
-0.9187875240444549 -0.3947524359142834
-0.6973650110114795 0.5804255328289414
-1.6603758136798086 0.8498883205086145
-0.910077633908295 0.18878875052573096
-0.7646734170936513 1.178161083741351
-0.7007967967246198 0.18020328033970878
-1.4536711949234027 0.838367500376639
-1.529056093830616 -0.15878700972535575
-2.150595039066559 -0.9421702745166016
-1.3099189561931759 -0.4006319806862715
-0.4673961583220896 0.13802870570867654
-0.05802091122851638 -0.774337397929044
0.6092079333515428 -0.02948461451452311
0.7333404977081835 0.9627810285802303
0.3218580793758732 0.0513633310323971
-0.46595796795665745 0.66727393782964
-0.5820399729469727 -0.325965694946574
-1.5295341408364016 -0.6457387423028492
-1.8830116442197933 0.28970428354204114
-1.18699068837629 1.0077257519026301
-1.946455447101117 0.3571773061623915
-2.450691226566221 1.2207433306835158
-1.8343155490473029 0.43329109456814685
-2.6678413222073964 -0.11918948018346198
-1.7560885905862644 0.2915500435799614
-2.6817001269173506 -0.086924901179671
-3.6749451846452112 -0.2029604789098614
-3.5197749904696765 0.7849272732358603
-4.2398826526632085 0.09106492748551875
-3.2399343029767875 0.1012284878559452
-2.589227703424592 0.8605577453583929
-2.2019149485869205 -0.06139064253544879
-2.6580498313107466 0.8285200095878538
-2.074800252430636 1.6408130162893604
-1.3373311078483072 0.9654321898003283
-0.39696529707736805 1.305597064431902
0.23901577472591296 2.0773017205717688
-0.7602802126116023 2.1148187792403346
-1.1693843575366198 1.2023310814574164
-0.7706172243694431 2.1193833010750516
-1.73184583499856 1.8436305891971487
-0.9453326710269935 1.226057077055124
-1.4271092310201858 0.34976297902574327
-0.6949521634207291 -0.33137285791441107
-1.2599031148566717 -1.1564973469896191
-2.204724417874161 -0.828911166932625
-2.7302581582249212 -1.6796839261068595
-3.025120431938313 -0.7241441626534652
-3.8131515038428776 -0.10850869444769096
-4.419960741380257 -0.9033561950660827
-3.431410188652495 -0.7524661533083975
-3.5957541990511346 -1.7388692383837088
-2.6257280662027127 -1.4958686178266078
-1.6267844364607562 -1.4499162011549598
-1.2610371392384914 -0.5192020051879013
-0.284219226077698 -0.733273872859001
-0.6219647655049914 -1.674511329931852
-0.6197027959603587 -0.6745138881882347
-0.1621836526357166 0.21468588323069993
0.680162705214812 -0.32425067464596613
0.1548280255364619 0.5266450148055937
0.7523325870149561 -0.2752204969932319
1.7256115685081435 -0.04559466181002883
2.606012254128345 -0.5198252310055202
3.5348456786252136 -0.8903228282142202
4.415265704727696 -0.4161281660366464
3.6665535889415284 0.246767125600728
3.3416649399499176 -0.698985149446182
4.203967835104006 -0.1925923009492101
5.19184576334875 -0.3478250258717345
4.426443419656144 0.2957270328382552
5.005308624820734 1.111150281372265
5.251326521175802 0.14188499535763244
6.242890498028056 0.27150320321803134
5.46858534056178 -0.36130918850729266
5.851392055712869 -1.2851376459793673
5.7275168907640746 -2.2774354558675625
5.315775688834176 -3.1887362748254535
5.677490139794146 -4.121025208561518
4.880001579630646 -3.5176911415568877
4.105143792561292 -4.149826736044324
4.771435184692284 -4.895518214319452
3.784499450470355 -4.7344037937487835
4.6248541069832685 -5.276440740162091
4.411309425225845 -6.253374038239866
4.325726002666487 -7.249705046380749
4.88255627161291 -6.419078745578123
4.943065974409225 -5.420911136472567
5.546780279209582 -6.218111887964575
4.547175038609069 -6.190016283966955
5.4236441671377165 -6.671474347287358
5.396505796483116 -5.671842660695635
5.354161658857844 -4.672739575919708
4.886260967493199 -5.5565206251737
5.738034665111834 -5.0326107397496145
6.658431225358948 -4.641624586688817
7.6165160713450515 -4.928109189925683
8.553659198068093 -4.579163979275414
7.764367673761871 -5.193182618779428
7.060959776852222 -5.903969035760748
6.846220791084313 -4.927297561829329
5.898060309533814 -4.609505646850479
6.132918210672136 -5.581535361557238
5.954476990333565 -6.565485934952102
6.933973226312211 -6.364023472682664
6.950695590089475 -7.363883644181509
6.881688585561975 -6.366267468828412
6.110195232661513 -5.7300300866899505
7.070933904548369 -5.452575217673237
8.030496888060094 -5.734069233016507
8.355186923453301 -6.67988971329612
8.998192664654429 -7.445751069405951
9.89655068686 -7.006487066852936
10.083724656197138 -6.024160285581765
11.068942128095003 -6.195468583883916
11.981357067873121 -6.604734973500377
12.834254137395028 -7.126814075553833
11.849796623402073 -7.302436975947854
12.816342778724522 -7.045944228230903
13.800308024199305 -6.867583930805304
14.584347209654453 -6.24687260041828
14.067826069458023 -7.103147037576241
14.516948795855477 -6.209676961617724
13.537293108372397 -6.008991301985416
13.935696032591444 -5.091780797262693
14.516013341024024 -4.277390337143245
15.399396673867642 -4.746041473121919
14.911166948298103 -5.618756624285398
13.9339029879032 -5.830782923864652
13.059794303855877 -5.345052537257989
13.827905668771397 -4.704736262993766
14.224193992772742 -3.7866101473319764
13.232637853460751 -3.6569319973116206
12.840729272326223 -2.7369278320856574
11.871248820159309 -2.491759210793625
11.291875717645032 -3.3068216673470974
12.169707330366588 -3.7857910397569348
11.969295734138566 -4.765502830079648
12.53989222057908 -3.9442722597391753
13.45344098092513 -4.3510014847405225
12.761447357599401 -5.072905096919136
11.762444091073865 -5.02826796583627
10.877845510954584 -4.5619147176960295
10.562206644718675 -5.510794112625285
10.200789393646831 -4.5783899241814145
10.718447818091857 -5.4339772987967105
11.62302169976304 -5.8602941910239945
12.06576101258715 -6.756944569309776
13.039601371828612 -6.984177829886786
12.986607291180578 -7.98277265633857
13.1293092069366 -6.993006945051519
12.141035358526713 -6.840315096712742
11.601356259925097 -5.998444280890892
11.063739298025665 -5.1552550955487035
10.087629876353384 -4.937975559184588
9.236243001386043 -5.46251382197706
8.981555475435227 -6.429537226101827
8.193803814263035 -5.8135442713365535
7.194994063188157 -5.862320096883048
7.388125717515223 -6.843492948167107
6.635060267231702 -7.501438559588961
7.401715683441785 -6.859379782843604
8.400742814884733 -6.903479563351847
7.579134513733853 -7.473532016622565
8.536618295980347 -7.185044916850412
9.182029542425463 -6.421209644712393
10.031945243289394 -5.894290958931586
10.526165457261913 -6.763627706171088
9.567454132533449 -6.479246631137265
9.97800590969115 -5.567409343967754
9.085361971372828 -5.116646879488341
8.971271743259315 -4.12317648745393
8.494645872186515 -3.244070248695442
9.39198626826058 -2.802731134664472
9.89492026222422 -1.9384063127856943
8.89492408075492 -1.9411698335148189
9.014678464754347 -0.9483662842096616
8.41486354006352 -1.7485050572472747
8.290489293352122 -0.7562696785417115
9.289353055659001 -0.7086127341354086
10.26345076357431 -0.48248521384179177
11.172589909669563 -0.06599270125940071
11.051679059824215 -1.0586560713852837
12.02685713089793 -1.2800781337389464
11.137728893542697 -0.8224199888998358
10.189995442656704 -0.5033568194933259
10.491730801512869 -1.4567485402544937
10.597825282670465 -0.46239248678677314
10.756915239787482 0.5248716042975254
11.02625126019253 -0.43817466048541376
10.027334081266979 -0.48469852153990817
10.852275987728296 0.08051900381114335
10.108836803396844 0.7493225468643978
10.976602585614787 1.2462959336887671
11.11497084129926 2.236676782564005
10.799112743476734 3.1854832233304746
11.280426030786362 4.062031863999775
11.929904994269908 4.822411424477528
11.121941301177351 4.233179152241667
11.686717071250861 3.4079347463000853
11.828417299226839 4.397844361058704
10.877384589059433 4.706934613560527
10.525489615290063 3.770895123241954
11.48779032250633 4.042882896663982
10.913394740477745 4.861460758168947
10.038082881016726 4.377901921328079
9.880272503126717 5.365371356110854
10.122863450874842 6.335500023902228
9.379877433708211 7.004806962679099
8.413799140596193 6.746557603381211
9.255270704233604 6.206256198987691
9.036075304781553 5.230575217898557
8.12408962651931 4.820353177236971
7.579395085756956 3.9817186577568298
6.634707179805946 4.309689327710556
6.142925584926529 3.4389707377299255
5.600850755876264 2.598640517096319
6.5725720551645885 2.362509797982074
7.525846255228951 2.6646162353376006
8.23844466701363 1.963044069753793
7.587453796041307 1.2039585107351165
7.645150654953091 0.20562436202952727
7.658898438908891 1.2055298567820587
7.464754790757421 2.186502967464731
6.942683149153563 3.0394046036649747
6.390950297367838 3.873425502839804
6.372874000495267 2.8735888924421977
6.987319089149534 3.6625484814127924
6.7586265695570615 4.6360471878744125
6.668116055571919 5.631942687843232
7.618146043661185 5.319784039506991
8.08216428921432 4.433958397637333
9.056005866801483 4.66118643675783
9.563993783726321 5.522550631659361
9.24416043989659 4.575076815570128
10.159473482117106 4.1723336781474964
9.839202539242471 5.119659663830457
10.008857661361873 4.134156168383256
10.59976037950199 4.940898988428542
11.118430747847244 5.795873285703378
10.383810244850734 5.117395049812826
10.331354645716724 4.118771792463242
9.592877494591677 3.44449329119968
9.95577825446064 2.512665496762033
9.71535836579511 1.5419965124352162
10.310492979472198 2.345622539641543
10.013257605763899 3.300426777491632
10.963465573428982 3.612043237560402
11.565922377360751 2.8138917485582713
12.547807096438486 2.6244124662036143
12.573214053380976 3.624089657370304
12.249858627345892 4.570367242676893
11.402825940774884 4.038826437206325
10.407132226126395 4.1315304102036725
10.264688814821273 3.141727462857202
9.603522510430832 3.891966836616461
9.831883371181101 4.865543396152175
10.741252325652079 5.281533906433792
10.001241617223426 5.954128993697238
9.002180830981954 5.9974596456029285
8.803933975274473 5.017307522612779
8.148974267023348 4.261643721331017
7.1600133334455816 4.409820210211647
7.5280815200173485 5.339619011046414
6.6708194025600696 4.824738770628643
6.165387668275137 3.9618721749270094
5.218658753060705 4.283903789985072
5.380815212831944 3.2971387305335025
5.282853682871342 4.292328932780178
4.739817200181679 3.4526198292996693
4.390190026750544 2.5157309140068502
4.738339040083179 3.4531701197772895
5.727564086638861 3.3067672261347445
4.72839073923798 3.2661147742564136
5.333434818633966 4.062306749842619
5.1253760134764565 3.084190430790314
5.768038675053155 3.850339700459843
6.6617584142901975 3.4017139904319036
6.054755911381005 4.196413909559857
5.083251141643048 3.9593939053905904
4.6710424014575675 4.870483338165825
5.651149201117526 4.672012531092559
5.958434489585864 5.623629970766155
6.045541597049415 6.619828922697612
5.207894629081141 7.1660409301210635
4.979683491881047 8.13965259647364
4.437271302501921 8.979765098947531
5.409925520940585 9.212023083424862
4.467481758950097 9.54638778773023
4.906302959155228 8.647813386664561
5.522458828888284 9.435437627145706
6.52182812723711 9.399926987644637
6.956586327434213 8.499379761031076
7.398880476642038 9.39624981046774
8.350652145992777 9.703057061720557
8.796656399585316 8.80802622103552
9.674285444837585 9.28736666261081
9.068990818421977 8.491365145506483
10.060659323530418 8.362549090699673
9.076084859664176 8.537515159131534
9.786159774619309 9.24164129495626
10.776627463482788 9.379386557370037
10.376274035687954 8.463025748052589
9.478476761914196 8.903434711635766
9.439885532426324 7.904179630584579
8.953103870490224 7.030655953972017
8.562425617245308 7.951183249841891
9.268940445018838 7.243485010380933
8.350399271235633 6.848159686040372
8.261321538806452 5.852135008843429
7.464615663743061 6.4565022387951165
6.90904087694087 5.625035669250856
6.056835921811875 5.101827570638471
5.0747153184245155 5.290080380450299
5.7669980319312195 6.011706768950467
5.31205560884487 6.902227623100622
4.838371046600256 6.021533047500698
4.462735332008258 6.948300445461459
5.264517265063709 7.545917155256176
6.207001196175763 7.211665693635483
7.169243993687231 7.483858270017175
8.013142190714623 6.94735493074153
7.08149090178202 6.5840012795554985
6.19879647103514 6.114053897470608
6.48014907462481 5.154449441221413
7.337658288417845 5.668918048874058
6.439726536825945 5.228783331448699
5.821023010348942 6.014407889571038
5.227691380335635 5.209449768408358
5.915992375716121 4.4840245553379585
5.0693950405213295 5.01625848139029
5.654046120741079 4.204973627348332
6.2718950893103536 4.991270423754043
6.742816321824943 5.87344568568726
6.4233386006529845 6.821039472958352
6.504207644386714 5.8243147377553015
6.4416509495040515 4.8262733258262385
5.65196611131923 5.4397860447987245
5.34485508034583 6.391459736068192
5.900375108645914 5.559956580236855
6.7105786783817765 6.146105175379132
7.378315685340025 5.401707909439473
7.603383049997816 4.427364704318199
6.657794806810461 4.101998949596144
7.572242977469601 4.50670198044488
6.672750609287871 4.943638451322308
6.445958094597157 3.969695354791375
7.444294002229068 4.027361770778221
8.408354500076426 3.761678958970035
8.335207399356243 2.7643577962264425
8.470241225904294 1.7735168071228473
7.56050122783442 1.3583383684825137
8.244952425408751 0.629279688992952
9.036004721932843 0.017531158823928084
8.58438604854319 0.9097422178485118
9.575078196112436 1.0458637398229351
9.5747950561237 0.045863779907062585
10.26859390463309 -0.6743050598847218
11.096024484676382 -1.2358730746516051
11.942546139755338 -1.768227362210545
11.130370147992465 -1.1848148508568754
10.565791057197186 -2.010193824563364
10.173770855779596 -2.9301504331490684
9.487608212954909 -2.202702271702604
8.568696440353829 -2.5971653931412755
7.942740571501041 -3.377023874052236
8.337525405194341 -4.295797477877331
7.496389211583675 -4.83662083517448
6.655267724933264 -4.295774604999024
5.766279295743641 -4.753704264190222
6.655298725331474 -5.211573736655164
5.708327480779085 -4.890255417863817
5.193558192817225 -5.747584164711396
4.695872618160851 -6.6149416854483505
4.391466932755745 -7.56748416675459
5.34384212496665 -7.26255549761828
4.676372784286206 -8.00719277794449
5.34687723500198 -8.749098285115274
6.23874522920722 -9.201394074297886
5.58117051025478 -9.95478340856976
6.386481298982464 -10.547636285394015
6.127939202230353 -11.513636277219595
6.867855656790198 -10.840937503419918
7.365054829835281 -9.973301069005545
7.064806951042843 -10.927162280755264
7.280065136142364 -9.950605106930986
8.22784885609674 -9.631691293825556
8.297093397678092 -8.634091577776484
7.516743979380435 -9.25943531154417
6.591643841310352 -9.639158545680182
5.998239620788909 -8.834253935762126
5.70352831340811 -9.789840271632361
5.289264617014051 -10.699997175605478
6.187022104484403 -11.140487236436503
5.542308454911127 -11.904911405372772
4.561718665832311 -11.708840842680756
4.220670626689484 -12.648886711240813
5.168360416755593 -12.968079539801312
4.344760626456999 -12.40090814999034
4.637250960649011 -13.357176629238843
4.558748539715375 -14.354090552257054
4.601955328416069 -15.353156702924853
4.552996649593797 -16.351957507774337
3.616069561676032 -16.7014823737366
4.59385983926798 -16.911068091395656
5.528105594399447 -17.26769796818507
5.172981145631607 -18.20251700194901
4.328064394745377 -17.667619176124436
4.404241535443013 -16.67052487605291
5.330110238409064 -17.04837027415637
4.57589800940451 -17.705001002663632
3.912396382002835 -18.453175842146575
4.794695899137115 -18.92386423382903
5.778921782705272 -18.746947840822383
5.469475327466022 -19.69786470960738
4.508557689720162 -19.974699124861182
4.269622961212909 -19.00366349445766
3.336750321275052 -18.64345711242734
2.3369881487388415 -18.621648894580005
2.826275874606073 -17.749526471226684
2.0096314764695373 -18.32666763852652
1.3087551644425195 -19.03995046829281
1.399476307911992 -20.035826803049083
2.394126702627582 -20.139125362052205
1.4821528926721252 -20.54937378673575
0.7405892478124131 -19.8784912630236
0.07446180588721862 -20.624329201931374
-0.5455760420158272 -19.839757301358993
0.3045498580950755 -19.31317781641809
0.9245815258036412 -18.52860103175101
-0.047064232058167454 -18.2921596622127
0.9497077111882558 -18.211874587904028
1.9221737828483687 -17.978830086853375
1.5799737585392533 -18.918457216816552
0.594788255733389 -18.746965161428683
-0.40196673042614617 -18.82746048779056
-0.802835703843372 -17.91132509050945
0.19376947003631195 -17.99365447406262
1.0245854071987006 -18.55020175737014
1.692475558177964 -17.805941892655603
0.7445706854365657 -18.12449542384481
0.35509853623592014 -19.045533666805998
0.2571956028613132 -20.040729635264796
0.935022571808267 -20.775951098613213
1.7308269140593966 -21.381504935075544
2.687654968414367 -21.090850373096412
2.5020470483753243 -22.07347425842527
3.4836084089398955 -21.882326944955718
2.5009004059793813 -22.06748898457874
3.1356802999508027 -21.29479597554499
3.464808580476414 -22.2390811946172
3.354358844744808 -21.245199483407653
2.4511277931154067 -20.816044887285877
3.3914912234943495 -20.475873432272458
3.0389458581784266 -21.411668156234
2.632064461731459 -20.498187160687095
2.001284331351453 -21.27414877514865
1.3187346702615452 -20.54330955880483
1.2945484253126869 -19.543602088814094
0.7229858604607168 -20.36416057817353
-0.2220269918762784 -20.69119377055298
-0.09380120694112595 -21.68293877209207
-0.503300544749596 -22.5952491865533
-0.10552006685713883 -21.677768564737423
-0.8423916486535592 -22.35380130946274
-1.8183890360446058 -22.571583539697098
-1.5532950687949298 -21.607360957236065
-0.764353719313102 -20.9928924494362
-1.0055848568039356 -21.963360139936444
-1.9974034830004315 -22.091015193615082
-1.5382469168576987 -22.979370554812398
-2.4452592798822197 -23.400474548287495
-1.605285257222182 -23.943101161398495
-1.670292214894346 -24.940985972112742
-1.34028605774844 -23.997007192560048
-0.4236695314344707 -23.597239580455074
-0.9200653383459136 -24.465335890135478
-1.7848164539842162 -23.96313522505994
-1.6411279367747218 -22.973512261491422
-1.4623879507432807 -23.957408606333438
-0.8041462899357154 -24.710215298637177
-1.3315197109636265 -23.86058168654705
-1.8383808413253624 -22.99855396394851
-1.0923539527644865 -23.664469785613814
-1.8635482773895475 -23.02786997909005
-1.4105891597428508 -22.136338690945472
-1.9986430981921033 -21.327516976675682
-1.791921711583941 -20.349117125735997
-1.4337190574110004 -19.415473265078486
-0.5139645932229742 -19.807967501477183
-1.29116527074549 -20.43722031780663
-1.4680918115341286 -19.452996258374753
-1.0279206946505535 -18.555082349438344
-1.1676689065397554 -19.545269421295863
-2.1512066121110034 -19.7259724420776
-1.2288301545791689 -19.339680233262794
-1.4657845137717174 -18.368159450335508
-1.92487285686511 -19.256550070071984
-1.8970080964964229 -20.256161772249182
-1.5848485064471205 -19.306132093586324
-2.1992913849756297 -20.0950934038073
-1.2076613486563532 -20.22420525868295
-2.2076408486084667 -20.21780215978313
-3.1568008588457293 -20.53259617968567
-4.069295168517281 -20.12350678258885
-3.0748655482703127 -20.22890948832011
-3.377495099116191 -19.275801228490817
-2.98312008104861 -18.356851640578512
-2.0233140309140207 -18.076187524373683
-2.1591213648394607 -19.066922790755203
-1.5746369710055048 -18.25551784045939
-1.5995348616062552 -17.255827840987738
-2.2161938654168174 -18.0430582221465
-1.2608345556234302 -18.338504645700926
-2.040635059090657 -17.71247655144935
-2.6176114689616474 -16.89571574040833
-3.4548142781405202 -16.348823194927043
-4.218001568144982 -15.702645850558142
-4.104095109831905 -14.709154371603958
-3.966317284894298 -15.699617531421355
-3.824750571556022 -16.689546248892768
-2.8497259535159394 -16.911643061602433
-1.8559875437950262 -17.023374762767993
-0.9277399270303418 -16.651411912511836
0.07041514277631122 -16.712128109850568
0.23269493232287675 -17.698872894435073
0.3809016370797321 -16.709916488588426
-0.1550155786652847 -17.554187024535352
-0.8429969542084059 -18.27991536689618
-1.7948658173549266 -18.5864209416777
-2.450822113559221 -19.341219813874755
-2.709643500055825 -20.307145012786126
-2.519461495942782 -19.32539616236075
-1.540213256197398 -19.528060626329072
-1.189663726169623 -20.464604820159405
-1.7804586570866294 -21.271426578420034
-1.623905520118291 -20.28375704092008
-0.9288118960110349 -21.00267626706822
-1.3539166090848374 -21.90782044504344
-0.6154937163782366 -22.58215836591607
-0.036560188354642364 -23.397533108062376
0.9283559290721989 -23.660091456491653
0.720447401373547 -22.68194318342147
0.5415426809304827 -23.6658095874638
1.5317193417506596 -23.5259876279331
1.183752300590484 -22.5884808608822
0.328596582023036 -22.07010966472891
0.2620393998326144 -21.072327052383482
-0.7378604810830045 -21.058176852917356
-1.601012398278314 -20.553232531390655
-1.286503212432035 -21.50248696093961
-0.3637905042303452 -21.88797529814724
-1.3209044478970837 -22.177687049442735
-0.44384330384006576 -21.697308293058363
0.5026704285603028 -21.374644761841207
1.3122578399839018 -21.961644100226213
0.5136099379653467 -21.359845522127728
-0.21613648461864887 -20.676127628017987
0.17232723007364947 -21.59759164921874
0.7510959618844885 -20.782099923277837
-0.23933262952139767 -20.64407381949398
-1.0024724208777651 -21.290307259396744
-1.9883855177747631 -21.45756563846031
-1.1560200944907844 -20.903338426821183
-0.7550469941698161 -21.819428254741453
-1.14900777608034 -22.738555505080843
-0.41874025787259095 -23.421716797786083
0.3748614593894646 -24.030154398825594
-0.6206030420855088 -23.935020670299995
0.22782213569525434 -23.405705341117397
-0.6483379149096965 -22.923685045150588
0.3409404714893225 -23.069727074045538
-0.21671024771042025 -22.239651369440224
-0.20947935271896176 -21.23967751270315
0.7003312534541011 -21.654701199852454
1.522972601696562 -21.086140550350727
1.1321764414889386 -20.165663303936142
0.6414075837598685 -19.294373496648518
0.4571208587681411 -18.31150097032996
0.0461565826898524 -17.399849521700908
0.3502465837367905 -16.447206214233063
0.6540812525748181 -15.494481440748041
1.2603422233291468 -16.2897472047163
0.5057595735799355 -16.94595222199174
1.5036189058404803 -17.011349110453956
2.4575668885617605 -16.711377034650223
2.152965150264497 -15.758897228551277
1.4688036564885205 -15.029566679051104
1.3140059416741945 -16.017512865585708
0.6519170445886758 -16.766938173642544
1.3510572945165702 -17.481922726574116
0.7460471793681972 -16.68570494193969
1.0186612818889635 -15.723581482550617
0.4674798286935331 -16.55796688849524
0.7052870005276551 -17.529279273376776
-0.2314307938312331 -17.179193892745964
0.7676261955352862 -17.135775785948148
1.1634155291764827 -18.054117118664834
0.5645636744426142 -17.253257295673443
0.2845499280638091 -16.293261305140717
0.4045778314908067 -15.300490786642651
1.031714565427301 -16.079399970660575
1.4211861235588428 -17.00043846356225
0.4528214237420888 -16.750899271953383
-0.5425831277388494 -16.846658234411382
-0.7784018672096913 -17.818455292502414
0.13740804892864433 -17.41684329379882
1.0611507753081288 -17.033829749050078
1.3420589038320674 -17.99356441203208
2.2671540482773533 -18.37329981165102
1.8812471885937143 -19.29583755919803
2.2150367012863956 -20.23848519284296
3.175107384610751 -20.51824273612125
3.6244361221917085 -21.411609226193438
4.2675108971736035 -20.645805835118427
5.260103694228016 -20.767294679197615
6.035798339366603 -21.398403083121476
6.994475454597142 -21.11390670575745
5.994563207170609 -21.100659160836937
6.850900268015069 -21.617076470988593
7.021906809397002 -20.631806577606792
7.933681514753718 -21.04249732095472
6.933771720981223 -21.02906585350517
6.1928420560919655 -20.357483221443342
5.375499188887585 -20.933634796491194
5.648227638036528 -19.9715437441345
6.597335056966271 -19.656591196387193
6.3647377580382765 -20.6291643281009
7.074313744699364 -19.924535405082587
6.078955818933263 -20.02077780537791
7.078255923113455 -19.98337056295808
7.418400283474026 -20.92374379424175
8.231252091513337 -21.50621434128016
9.228129698586216 -21.42725209386628
8.567262063299268 -20.676749616435167
9.567128272454706 -20.66039223922694
10.014571799815853 -19.76608005110547
10.998121957005933 -19.946715286570115
11.004289450194769 -18.946734305737095
11.775970743373172 -19.582743725288807
10.866755144858399 -19.166418137055963
9.910554970581549 -18.87370457960957
10.902599364616336 -18.7478160564466
10.940780003776268 -19.74708691001601
9.952032397619169 -19.896680263205933
9.043393669834145 -20.314263383517584
9.363540887172645 -21.261631189193086
8.962899456999482 -20.34539626057008
8.608128622276295 -19.41044297038398
7.642792785488853 -19.149432008518602
8.63513229263682 -19.0258913166259
7.819796452597538 -19.604879630797644
8.646141393769417 -19.04171532244737
9.26235762293618 -19.829292340212298
8.351997521642561 -20.243109311798374
8.875384062243688 -21.0952046873976
7.942860587004477 -20.734095329823216
6.943294239399015 -20.7046484839025
6.22684270344907 -20.00701161802243
6.742721236933609 -19.150349876907633
6.918822105360257 -20.134722003767887
7.203867743825221 -21.093235949410882
7.738168191376253 -20.247941307438765
8.328592676362483 -21.055034193994423
8.840100411526375 -20.195755521579294
9.158340376644725 -19.24774532933373
10.081020235049717 -19.633312287064477
10.864738010940172 -19.01219519041255
11.796233344696358 -18.648441918000536
11.234294056971255 -17.82126343852286
10.305632486748852 -18.192191582496946
9.52445110506677 -17.56788745075243
8.665542343096927 -18.080016085581054
8.96231949892551 -19.03496284837901
7.981866571815861 -18.838209048613614
8.961249977779943 -19.040219306081383
9.118779996692576 -20.02773350503823
8.429306276334822 -20.752044204210925
8.78767381676059 -19.81846362066755
9.559304725194123 -20.454534167973463
8.567269670520998 -20.32857206931005
9.52622829053306 -20.045026014665375
8.685040088915981 -20.585768475972255
8.453186533883013 -19.61301777357283
7.649176658798593 -20.207633717495238
6.9743805266372805 -19.469629530501606
6.918110842221174 -18.471213924345676
7.226153037290133 -17.519841228680566
8.145839393397917 -17.127187429018335
9.112907525796034 -17.38170506553891
8.53954170523048 -18.201004544244462
8.496267026256367 -17.20194133195022
7.498654997453781 -17.132874407967837
8.366621930884714 -17.62949639949711
8.695138236926072 -18.573994698418257
9.670538711680106 -18.794434971167146
10.210393315925675 -19.636193253736945
10.743138787440254 -18.789917729701948
10.060164630441932 -19.52036026739566
9.07564072604184 -19.695610607380488
8.899280119973115 -18.71128498207803
8.409041867002266 -17.839696515355296
8.210514123850658 -18.819791783785426
7.210652028108202 -18.836398694922188
6.628225723804088 -18.023515185399052
7.417426356521527 -17.40937972695491
8.336021899677466 -17.014180754165192
8.918944898525274 -17.82670815518886
9.442333193708073 -18.678802453060666
9.803526930449367 -19.611293249014633
10.065129758286766 -18.64611763780832
9.250819131680158 -18.065688311020335
8.266479056708675 -17.889408372271948
9.260421061078974 -17.7795025400866
10.17908549681503 -17.384463738810382
10.024251100581239 -16.396523300452422
9.047517933791172 -16.61098150358825
9.20971024224302 -17.597740671308042
8.219102727421806 -17.461004605912922
7.258565688857351 -17.739156718156973
7.9442927851499245 -18.46701546091559
8.727679019056982 -17.84548025795045
9.079934391953566 -18.781384180511672
9.023587301094507 -17.782972939914032
9.17300855206382 -18.771746569092503
9.755602925005372 -17.95898350606808
10.197014534706199 -17.061678769191403
9.334923980052073 -17.568433024798736
9.396584077052957 -18.566530230704977
9.86374778461083 -19.450701068462468
10.635095437914078 -20.087115082877276
9.726415379620743 -19.669621907292306
10.47755881840391 -19.009482880743352
10.009756476751464 -19.893315992334273
10.941741978497927 -19.530820441279648
11.467435857247256 -18.680146622565633
11.8486888521285 -17.75567587998149
10.94639836762888 -17.32454726624605
9.950038763423736 -17.239297403441658
10.270991591701517 -18.1863925845193
10.958271793103972 -17.460000180401387
10.080493972534626 -16.980932233533167
10.471652613345585 -17.901255501585716
9.927163387849877 -17.062487665221514
9.37661696099955 -17.89729221233559
10.296262211329365 -17.504542147350474
9.641946569894342 -18.26076370309553
10.142643927060405 -19.126386112998905
10.68860347309814 -18.288574574471134
10.362857801352478 -17.343117141617086
11.29159814478582 -16.972386276326212
12.2308876694241 -16.629260659525606
11.354348757984063 -17.110591664896663
10.723416025899493 -17.886429204323765
10.420405612069697 -18.839416449312225
10.576623135355144 -19.827139125683765
10.974010503067735 -18.90948816808471
11.280978527780373 -19.861207996502728
11.01794120492424 -18.89642233803517
11.923729575889894 -18.472691967370775
12.896528732779275 -18.24104179932571
12.153759946330984 -17.5714937951631
11.239580608496125 -17.976803723829814
11.716068672091975 -17.09762278383471
11.950484709674088 -16.125486414118864
11.262768345204016 -15.399506936419895
10.672227465787094 -14.592499210473303
10.99891369921272 -15.53763206086534
11.3576584797315 -14.604196373498217
10.932146561214816 -13.699243553070405
11.620358216968514 -14.424753523287736
11.588577655812719 -13.425258652899387
11.728377385623192 -12.435078853294831
11.736047056732755 -13.435049440934824
11.411486703459442 -12.489184452110782
11.425928456228027 -11.489288739660243
11.672038302593975 -10.52004679694329
12.578231682150298 -10.097183274221964
11.663520004006173 -10.501290371247938
12.538693856944795 -10.01748180669728
11.99187059353621 -10.854729869457168
11.959522811848052 -11.854206543031822
10.959799447696946 -11.830686441620555
10.395453482395128 -11.005148052781152
9.443212051218971 -11.31049417892587
8.612323606929474 -11.866933208062196
8.663135912902328 -10.86822498762856
7.757993993150926 -10.443115466318174
7.008689562322858 -9.780889772206699
6.1444511551138 -9.277807298347044
7.068172198150691 -9.660873134269329
8.038872317611753 -9.420578985197238
8.4121737121528 -8.492868864074422
7.646838500182749 -9.136500756788541
8.40957509367956 -8.48979147980167
9.125868869988484 -7.791992636279339
8.372737338591312 -7.13412266704883
9.372247809253254 -7.102836583287177
9.31207364646303 -6.104648690086455
8.314064493424395 -6.167717941319555
8.131374797887558 -7.1508885649371745
7.283545720004517 -7.68115817060583
7.024664479438025 -6.7152490116872725
7.124792876961157 -7.710223535989
6.486551351770287 -6.940387348529595
7.055196404079458 -7.762970356185539
7.7724372760114155 -8.45979567979992
7.726645525141685 -9.458746687383517
8.385078779160397 -8.706107564030013
9.358450571575323 -8.935339659799679
10.355234710661835 -8.85520614580234
11.35320219740429 -8.918931300999866
12.180962866417046 -8.35784995677645
12.50494463873193 -9.303913279819737
11.852132076337284 -10.061432757047706
12.297288311940369 -9.1659798404163
11.777091298193097 -8.311933549581651
12.763176791896116 -8.478172531497668
13.67466605683627 -8.889496394042574
13.0187199174932 -9.64430409291754
12.555851818359162 -8.757876925687178
12.095624154141161 -9.645677858942175
12.40524662467568 -10.59653743098218
12.58107001555911 -11.580959157285623
12.457201251651464 -10.588660548333664
13.042425020921584 -11.399532387702422
13.72276608730874 -12.132428037428348
12.754816157216531 -11.881284785807908
12.359697983743906 -12.799915086305152
13.319575936864949 -13.080333193980383
12.4045654358633 -12.676903171477456
11.798990506212887 -13.472691462782937
12.789029785318757 -13.613482889466274
12.015190313430583 -14.24686466355504
12.976442633719845 -13.971194613062588
13.830853243688875 -14.490793024888827
12.845395385312184 -14.660713033609474
13.434695681662618 -13.852798953572933
12.812158739413253 -13.070208539924252
13.743083991259844 -12.704998770785528
14.19952004309278 -13.59475499053741
13.845367824486651 -12.659567198670794
13.873954347816355 -11.659975876837755
12.958444471548503 -11.257680380397609
12.861582844985119 -12.252978237975679
12.489248599229349 -13.181076944707609
13.473711856302033 -13.356667649113742
14.253287978319769 -13.982975137476917
13.734775525066725 -13.1279050609209
13.115983872376255 -12.342349912913711
13.472477550953482 -11.408052178176826
14.338380558316663 -10.907840241254688
14.293493864246724 -9.90884815685388
15.132743493674575 -10.452594475926675
14.294653947969259 -9.90706178819893
13.458740822212523 -9.358200014901133
12.529335036521235 -9.727259475589465
11.990047779301118 -8.885137599493135
12.387301394292392 -9.80284646693224
12.269983227069211 -10.795940846958324
12.175097429832404 -9.800452682547146
12.737784506432986 -10.627122661333535
13.61698620351068 -10.15067289918048
12.665420055217162 -10.458116984213575
13.15214470037615 -11.331672431678049
12.915218912349726 -10.360144680675507
13.028688762750619 -11.353686120702042
12.872430677317267 -12.341402380939112
13.836716123686656 -12.606267588016575
13.883517196332628 -11.607363358573538
12.92375095473758 -11.326563142237232
13.737155868657824 -10.744865242971299
13.428856310759702 -9.793575916530692
14.405984294615095 -10.006227987215873
13.656781554373715 -10.66856872582011
12.665395018019995 -10.799537178267911
13.516354275234345 -11.324768881958008
12.600482209998779 -10.923298633843483
13.375120896899553 -11.555702701474807
13.715942389128461 -10.615574672728265
13.284072543593913 -11.517510610873522
13.632898989554159 -10.580323270690812
14.608669168583155 -10.361525286884472
15.41937134079163 -10.946984071066982
15.989376569705808 -10.125343006483124
16.927616046641855 -10.47132954367608
17.749080829172545 -11.041588792668856
17.99236150893426 -12.011544725098096
17.14787515919896 -11.47596764837547
16.361017830394935 -12.09310259642767
17.182468748415378 -11.522823375972138
17.78279044744399 -10.723064751338804
18.002533424684326 -11.698622552780396
18.266959338714308 -12.663028554415293
19.2514520932992 -12.48760331059374
20.06564739709725 -11.907012226203701
20.236623162913894 -10.921736991813122
19.59921163227439 -11.692260541490745
19.930877817411623 -10.748863731216025
20.41301150224555 -9.872766071164097
21.289954433703127 -10.353360593570033
21.73982790327383 -9.460268290738787
20.857430999040492 -9.930774086026602
20.217981384938742 -10.699607091968154
19.802369610398564 -11.609149203617507
19.681860094584763 -10.616437031536233
19.848578465858044 -11.602441587651459
20.261865614218365 -10.691840833753137
19.26192130422526 -10.681287307687597
19.083446015735646 -11.665231702152319
18.303429187107508 -12.29099023949472
17.306067352213322 -12.363580667903024
17.1151742490068 -11.381969837100824
16.226938723271473 -10.922581492862871
17.094792223409794 -11.419401683975984
16.68711656240439 -10.50627488258211
16.274335614816806 -11.417105212176319
16.085672233735764 -12.399147028312
17.02854151830708 -12.732309919720958
18.021797671883185 -12.848250479419441
17.041082473311636 -13.043692796461498
17.057214180397555 -14.043562672008559
16.138586668965555 -14.438687329857508
17.109728375677253 -14.200184110832922
18.10781098313195 -14.262080061398608
17.143795574798588 -13.996233691297647
16.16743409523271 -14.212377766441815
17.12544255509906 -13.925637830568725
17.192079327401192 -12.92786053047759
16.89264687351546 -13.881978031396617
17.86920036770197 -13.666703153642349
17.973682650546454 -14.661229901684655
18.937198744281197 -14.393579500761838
18.21767169064957 -15.088043912443382
18.02175446648124 -14.107423475539186
17.140698301537203 -14.580435139469476
18.093450172228735 -14.884184827360318
18.88932420139542 -15.489647072011449
17.95717316325178 -15.851716736700071
18.927487084927932 -15.609867830559377
18.963237290687672 -14.610507073481065
19.21389452286248 -15.57858297544251
20.209612645669228 -15.671024415901858
21.20875377482952 -15.62958766868041
20.507664362846256 -14.916514294892718
20.5129636510638 -15.916500253566332
19.53793700127087 -16.138588146513182
18.640267335648847 -15.697919142132287
19.531505139767436 -16.151455443336364
20.5135524404246 -15.9628206128517
19.71313394556956 -16.562262213922224
20.04876374930187 -15.620268246400876
19.078687499996146 -15.377467771662989
19.953412682287468 -14.892848482462265
19.666279223602853 -15.850739069587856
18.788034789122122 -15.372527073394096
18.267182337140863 -16.226173793803135
19.079923490043054 -16.808798731802888
20.056432277847037 -17.024276311475564
20.207066546149765 -16.035686751944965
21.206742147792596 -16.061156174397084
20.207695846375287 -16.01749283022379
21.184955157518747 -15.805445102616506
20.271416191109356 -16.212196324927717
20.95848818267242 -15.48560697845368
21.926005628904345 -15.738411233237589
22.777525950111723 -16.262732835473166
23.735616544100484 -15.97626745587161
23.042175988163667 -16.696781297086364
22.514405743363255 -17.546168469525007
22.749875030482833 -18.51805026008567
22.4995497695043 -17.5498884638367
21.61671973614249 -17.080195870543612
22.168927169548162 -17.913902623839707
21.988984535994362 -16.930225517961095
22.51112755610929 -16.07736757753651
22.02858489008763 -15.201495112237648
22.45145793219514 -14.295306174841732
22.000270201510656 -15.187735237389443
22.622075133061212 -14.404563080645215
23.58535148908296 -14.673075020658061
23.36157083470972 -13.69843548794441
22.912511847098806 -14.591937600782348
22.18657794669421 -13.904173126384773
23.103656929073516 -13.505467545688765
22.654996262665744 -12.611765354565495
21.655033700899757 -12.62041839255238
22.00201067727339 -11.682544745483325
22.861232938125497 -11.17094225677144
22.79282365540179 -12.168599597764443
22.566440007674004 -11.19456138288709
22.65063528475072 -10.198112109056266
23.5909449327192 -10.538432202405739
22.714540381624467 -11.020007806875526
23.23661591675229 -11.872907059789373
23.30095184420637 -12.870835358034604
22.879011791210242 -11.964211625895619
23.879011773836666 -11.96439803177558
23.627883582748492 -12.932351869332301
22.649253214968272 -13.137979210068778
