0 0
0.9643242497945953 -0.264723896273251
1.935879125482382 -0.02790936224442625
1.0088350170371707 -0.40286165387233913
0.04852813375081655 -0.6818073294309479
1.0444696777595281 -0.5918048799223732
1.9182746046314274 -1.0780814984990787
1.6575709386784643 -0.11266262642401625
1.0506794021836714 -0.9074472909281758
1.7621897369231416 -1.6101229227519407
1.1557345577791223 -2.4052405968665305
0.5417770862157012 -3.194579702138435
-0.43394307939768284 -3.4136006107645076
0.3127989998995885 -4.078714335631758
0.788132524083268 -3.198908652092987
-0.06304823703305429 -2.674035989530496
-0.9855081063743091 -3.0601289698537792
-1.6329180919704498 -3.8222708926938793
-1.3056468020063252 -4.767201314875967
-0.4453283498136581 -5.276958277375562
0.39098498569923557 -5.8252100487756175
1.099284219217929 -6.53112236329976
0.5041429264158175 -5.727501282440235
-0.31282736958371016 -6.3041810336492095
-1.1460233768345849 -5.751203264203456
-0.43351232252939753 -5.0495423792362875
-1.281225488829612 -5.579997266744419
-1.2308068610931946 -6.578725438960051
-0.2676876492352841 -6.847800491222793
-0.9109345443142883 -7.613459313395712
-1.1542274577755625 -6.643506449458744
-0.30869906646411405 -6.1095759863024695
-1.1084779358952552 -5.509281258679907
-1.3813455631612093 -4.54722967067111
-1.2159472268503695 -3.561002825393815
-0.27114333268900903 -3.888639211617215
0.6842529817012557 -4.183965950077345
1.5151076062740296 -4.740455476327422
0.5159969980284637 -4.698289228081045
0.3648504362865147 -3.7097778640221444
-0.0669565982707449 -4.61174387497093
0.8522176541223394 -5.005594981021954
0.06067117902392627 -4.394486007303454
0.7252277704260931 -5.141723945863813
-0.13883149854915844 -5.645114032871844
0.3883705188510802 -6.494854012423894
0.8146618622583357 -5.590268090282699
0.4931061290931569 -6.537158744196129
1.48727330617579 -6.645008751203772
2.1878861779654937 -5.93146715894542
3.027245919160273 -6.475043487404849
3.7963340428702113 -5.835900734986951
3.351779019157821 -4.94014918969547
3.18873341804887 -5.926767723861041
2.191477332496992 -6.0007967710637855
2.888296612477148 -6.718043514554432
2.163044307483203 -6.029560330953721
1.676481777778853 -5.155914576263811
1.1567094607772086 -4.301609748653232
2.031393855774781 -3.8169168467578865
2.921576602624726 -4.27252048722917
2.6085164940988017 -5.2222538016126006
1.6820755237861644 -5.598693874567353
2.318768259028819 -6.369811479663506
2.409896267396808 -7.365650666525965
2.187709010548994 -8.340654678258451
1.2927625957859012 -7.8944810408674835
2.2591637880099733 -7.637442647494252
2.237621294313813 -8.63721058104951
3.237437243829988 -8.656395655797079
4.098814087454442 -9.164362124441983
3.100623376665424 -9.22448952996155
2.1773539184239414 -8.840336555902415
2.5696411026119366 -9.760179349602433
3.2749817650031168 -10.469047849380475
3.068269012536941 -11.447449524546588
3.7076501793797227 -12.216339453916692
3.9936498471408894 -13.174569170655065
4.816243696496171 -13.743198539403163
4.633016164667296 -12.760128007050627
4.066207434492408 -13.583977424964806
3.613171727050877 -14.475469796094785
4.60977658507148 -14.393136589126188
3.696630406678216 -14.800768846051197
3.3180590471188687 -13.875196738800017
2.5099861002787085 -13.286114306041188
2.8130266784327342 -14.239091959500112
1.814488860061735 -14.185034348723411
2.1449426355394214 -13.241212171471497
1.1573236853346958 -13.398084123064239
1.6005504561674821 -12.501674601909349
1.3596414514438577 -11.53112689497111
0.3768881308008054 -11.7160482587046
1.3341094853546502 -11.426691595767485
1.7815286797455263 -12.321015957780855
2.578691805958076 -12.924779943297576
3.0215796965533017 -12.028202943612602
2.0675082673040066 -11.728623725557998
3.059861174233194 -11.852056736171821
3.542410233818082 -12.72792567904726
4.110997095976174 -13.550548910047464
3.24209777715594 -14.045537772299669
2.69105144431266 -14.880012420842075
2.947277112103553 -15.846629411777528
2.058838352470519 -15.387634237095138
1.6638079726426924 -14.468966180061978
1.5896926866732752 -15.466215860124935
1.4477587996158767 -16.456091999702394
2.4475164183352396 -16.478107989632193
1.8192724243330716 -15.700091611912415
1.0691186552253633 -15.038828182790933
0.117784170231507 -14.730668000967462
-0.2578088328157692 -13.803883292385189
-1.1495859015564827 -13.351408254766293
-2.1492776073806943 -13.376237538007615
-3.119696529416224 -13.13481029067335
-3.37421079267225 -12.167741270489557
-2.3793864197258836 -12.269350654858664
-2.1671359349824226 -11.292135360398857
-2.214123432508195 -10.293239882845642
-1.5902532833471232 -11.074767897049702
-0.9104795281296969 -11.80818976863358
-0.014378719087976388 -11.364339185627571
-0.6847282143240245 -10.62229366530097
0.13932015016003463 -10.055774210214786
-0.6305357729936903 -10.693991929794183
-0.26589261563402955 -11.625139269258126
-0.8230009632553236 -10.794699452648475
0.1104382355992326 -10.43596380897508
1.031349252734438 -10.046190928288132
0.10358247737914505 -10.419351497677292
-0.4111837497563655 -11.2766820823415
0.10039930269959652 -10.4174482489528
0.923464302283617 -9.849501062623158
0.8971048529496057 -8.849848533275681
1.4234256972992525 -7.999562482112266
0.7468497136315311 -7.263189656483797
0.24182334763938906 -6.400085740577508
-0.07684804683291363 -5.452220485203582
-0.43041451447706797 -6.387629889131955
-1.430371299107274 -6.396926602100535
-2.4249522364309892 -6.2929614198889885
-3.2441678312399103 -5.719475753789246
-3.9266425331160164 -6.450384969286712
-3.523184646895912 -5.535386753962329
-2.6999125138128623 -4.967739861176959
-3.4683312601317304 -4.327792495914988
-3.9828111921997342 -3.4702900763852806
-4.659201402552365 -2.7337466062905937
-3.6739047894314463 -2.9045991279940986
-3.2218270315399913 -3.7965776595854344
-2.902188811510061 -4.7441173201253495
-2.7240337002969057 -5.728119736966197
-3.701536103127401 -5.517195455621899
-3.2014976205523467 -4.651192270902561
-3.908781694428135 -5.35812171493617
-4.7307215937641685 -5.9276959435310665
-4.234822872370213 -6.796076308417238
-5.11361620090568 -6.318873745849146
-5.076173954337537 -7.318172539089652
-5.878184210772362 -6.720862277522562
-6.796716284420811 -7.116208745420128
-7.094075479401135 -6.1614430625635155
-7.720543385663676 -6.940890278494798
-8.719660324489343 -6.98290625821239
-9.715327886720614 -6.889921821232649
-10.523274248637044 -7.479177857490238
-9.619582454244968 -7.907361393778625
-8.950971796120369 -8.65097405359702
-9.718577825313359 -9.291896033206529
-8.967348197479893 -8.631855090336169
-9.9409618407186 -8.860057793430265
-9.910267230035904 -7.8605289840030235
-8.91324011616458 -7.78347748041343
-8.529779956571867 -8.707034899313376
-8.252997282341232 -9.667967441818696
-9.246197993421529 -9.784381992067338
-9.553107334911322 -8.832643237940818
-10.41758374974962 -8.329969856719648
-9.646666946807182 -8.96690571137144
-10.238646120424063 -9.772858971805242
-9.248391167820076 -9.912125367045716
-9.124147060300755 -8.919873684383132
-9.18191289757142 -7.9215435245440045
-9.962764168145918 -7.296826554034806
-10.818951660071205 -7.813491802208794
-11.13101699001384 -6.863431156856196
-11.07664999588885 -7.861952178142084
-10.471302728359534 -8.657913663199489
-10.019120995246185 -9.549839489845745
-11.018803454931826 -9.575038295310843
-11.23792251428242 -10.55073642374469
-10.766619619011745 -9.668765006458688
-11.571547052495816 -10.262138267420745
-10.82065568552503 -10.922564005114808
-11.676683262782644 -11.439494161881136
-11.536977422421769 -10.449301110921343
-11.974417123245917 -9.550053365223375
-11.648683756579372 -8.604591692896
-10.964046839258142 -9.333475971393543
-10.240137863967378 -10.023371467460503
-11.16171516549132 -10.411566363506099
-12.097748513446893 -10.059655051503942
-11.642917935072749 -10.950233035161657
-12.617926563722783 -10.728066039282474
-11.702020391117268 -11.12945846943421
-10.980594668284516 -10.436966645341506
-10.442833505666119 -9.593869419643717
-10.872611080801054 -10.496804210152497
-10.136083791005053 -11.17321203933971
-9.145668169441944 -11.035092900319219
-9.987287374786872 -10.495021503932989
-8.997006566374463 -10.355939080564452
-8.021419068190855 -10.13632798478865
-7.4337727442097865 -9.327210071310315
-6.607848403784421 -9.890991042870127
-6.751116142490755 -8.901307075612914
-7.69771735240814 -8.5789002683291
-6.891026007973229 -9.169873258248096
-5.952633542889528 -8.824301874198238
-5.299122298966461 -9.581218682088064
-4.697829965643162 -10.380247799133633
-5.431804588175353 -11.059424693233195
-5.231485199991694 -12.03915534127771
-5.818674265607391 -12.848605155176857
-6.710309156141859 -13.301360300903095
-6.700652421443134 -14.30131367355352
-5.9387335323905655 -13.653641220453267
-5.352222020615984 -14.463582111232276
-6.039081634176511 -15.19037222623074
-6.162119782536263 -14.197970284450998
-5.917224724985524 -15.167519876162128
-6.5272881393217705 -14.375167283884926
-5.683162278822666 -14.91131234973618
-4.68853693731497 -14.807772840220737
-4.86857986776418 -13.824114086792873
-4.934615378329476 -14.821931360317631
-4.330259777996791 -15.618646057274152
-4.371130168493395 -16.61781051379803
-3.816471590455759 -15.785732475505187
-4.7235322798061015 -15.364732587339786
-3.7943261951169127 -14.995170613948869
-2.8253395869393785 -15.242283853522546
-2.3042867716244597 -16.095808289993112
-3.1771137051782397 -16.583838149799973
-2.212941375331708 -16.31856146714899
-1.956671686586048 -15.351956146125872
-2.0531181007228683 -14.356617967816534
-1.5428639023921416 -13.496594332626275
-2.446783465064848 -13.068891837639885
-3.2298710045186683 -13.690803330982918
-2.9545414284315106 -14.652153228019198
-3.935903156908339 -14.844322835087985
-4.17592670205985 -13.873555768396443
-4.7814640133028865 -13.077738851830482
-4.3563812873925425 -12.172584347818802
-5.309508988722485 -12.475152662348759
-6.262964787010554 -12.776685480978607
-6.882060947920076 -11.991370293587524
-7.822216000033392 -12.332117234858913
-7.592942452001893 -13.305479264205161
-7.336947900586724 -12.338801039744846
-7.29949897622164 -11.33950249673385
-7.449026615114769 -12.328260042953875
-6.661905903429861 -11.711461060110484
-5.693678694172762 -11.961533192212825
-6.574968063053393 -11.488956163255661
-7.150741124601811 -10.671346609987623
-6.921229541570244 -11.644652539926582
-6.863577861359936 -12.642989298625233
-7.857868766178877 -12.74969260970006
-6.862139197305151 -12.657374541747231
-7.861350882038508 -12.617675560748634
-8.851347677140964 -12.758765410443303
-9.631027601899879 -12.132587149140715
-10.615921131696524 -12.305748157929369
-10.507833090871877 -11.311606832246401
-10.798268949941882 -12.26850129443451
-11.774555998554332 -12.484981313631641
-12.380640446650846 -13.280381616482693
-11.619455045104742 -13.928915952098855
-11.375462541084472 -12.959138834415663
-10.85534082206386 -12.105046686340852
-10.191182140664523 -12.852638316792861
-10.074549947472338 -13.845813493441563
-11.017963575659245 -14.17743183755301
-11.890244864897154 -13.68842738722004
-12.142463022973867 -14.656097786031737
-11.34407002898904 -15.258234504025204
-10.477280506995697 -14.759560337296517
-10.964677355952855 -15.632740909473105
-9.971424371246927 -15.516773205465627
-9.889089143378188 -16.513377896530145
-8.909178724159696 -16.712816033071384
-8.221652247057582 -17.438975342922575
-8.303426297174894 -16.442324448814006
-9.29521288219019 -16.570228200845353
-10.292651284597524 -16.4986975542447
-10.311435793657845 -17.498521109788058
-10.042770037179281 -16.53528764312704
-9.22073685351744 -15.965848054620256
-9.912538224422468 -16.687935904686938
-10.090155585827805 -15.70383627917771
-10.560633070664403 -14.82142428001755
-9.699259860940701 -15.32939691074709
-10.461229516090153 -15.977009638101507
-11.15306860169395 -16.69906135344529
-10.180011067215636 -16.468498922431515
-9.18298249334974 -16.545531531727434
-10.109712133034453 -16.169802673466794
-9.251591943092036 -16.683251541040956
-9.837418030226514 -15.872814747927078
-9.153550461068933 -16.602420907340843
-9.172680509878926 -17.602237911213315
-9.530158791398636 -18.53615936307194
-10.346465938165803 -19.11377743943109
-9.57985139555436 -19.755885018468003
-9.868809039367482 -20.713226901016746
-10.8639979562984 -20.81120148760871
-10.992882490855402 -19.819541880307884
-11.575123504292204 -20.632558117705447
-11.655365079542293 -21.62933356363165
-10.669042992155655 -21.464504136849705
-10.840865656992138 -20.479376240661352
-11.509353914472525 -21.223098937377564
-11.082935680702716 -20.318572823929955
-11.67714854869181 -19.51426500504705
-11.536536211930112 -20.504329735633096
-12.388927575635199 -19.981425381968887
-13.386121507355583 -20.056287004580497
-12.393543999783525 -19.934673306906095
-13.38347611106697 -19.793130327391392
-12.433666442820789 -19.480301949353084
-11.436623458202398 -19.557147813413877
-10.811999826509116 -20.338073750190404
-10.48393349956917 -19.393419059243424
-9.717553338199378 -18.75103175530692
-9.454429398683697 -19.71579379459627
-9.774638619194787 -20.663140645068513
-10.77209468866885 -20.7344245104895
-10.711394864038125 -21.73258057608736
-10.673357410307927 -20.73330426189107
-9.871341603212644 -20.136001453284496
-9.203581846073433 -20.880378311297548
-8.237165679109234 -21.137360396724187
-8.123539129223508 -20.143836865467343
-9.123463582071778 -20.156128675589734
-8.656922360479294 -19.271629219086233
-8.568522584699384 -20.26771429559429
-7.806316234861319 -20.915048428995682
-7.122614680225506 -21.644810160102878
-7.075992779127429 -20.645897552144604
-6.1349416687289775 -20.984161957037937
-5.707186673311847 -20.08026723756244
-4.75791886499858 -20.394736040625837
-5.409607117540397 -21.153222969649004
-6.39969489991077 -21.01277303835348
-7.31001676718634 -20.59887196568041
-8.259358944620642 -20.28462774513801
-7.657370650029427 -19.486122833960152
-8.65049058107147 -19.603224510152454
-8.944704102957019 -18.647484794780272
-8.84766403686542 -17.652204318947987
-9.039687487150047 -16.670813981446752
-9.974427993895498 -17.0261450735978
-9.677772904494173 -17.981129763491985
-9.971124278283003 -18.937134455685598
-10.94212937026503 -19.176193258796832
-9.99798336608621 -19.50572068222797
-9.249532967935863 -18.842529909140325
-9.405762831215206 -17.854809184532545
-8.726769345711837 -18.588953480052158
-9.698067733301796 -18.351089144211024
-8.698853008035796 -18.311466766549003
-7.798889129375858 -17.875502298837056
-7.432337479674463 -16.945104594572268
-7.56850079906233 -17.935790998260778
-8.133604030550055 -17.110770793803862
-8.459253981269248 -16.1652803868739
-7.979635989822126 -17.042757783893464
-8.286641807050316 -16.09105014591421
-9.286637565410503 -16.088137541987383
-8.699606211693695 -16.897701739413016
-9.681346553335509 -16.707475816907657
-9.257770526990768 -15.80161525925764
-10.257132901051769 -15.765910283257655
-10.213611410028998 -16.7649627742806
-9.227160278464725 -16.929018146138898
-8.729857313040025 -17.79659509406905
-8.474092278583242 -18.763334069775173
-7.945613446253806 -19.612280548523813
-6.989111658061129 -19.320554085575708
-5.998956723636842 -19.460529818598378
-5.006606443338693 -19.58398394445971
-4.012820923871362 -19.69529585441119
-4.919860422966387 -20.116341394800166
-5.1939634632185046 -21.078041724073557
-5.998507567206211 -21.671934630866204
-6.70166264006751 -22.382971158415543
-6.368138167860875 -21.440229716428778
-5.581585509207383 -20.822706506204966
-6.200360199184878 -20.037137996752573
-7.179428209911555 -19.83360463248099
-8.054705599764024 -19.3499834058862
-8.75584331551717 -18.636957527289596
-7.964568373823564 -18.025497008001736
-6.976459421715502 -18.179252329093092
-6.909173908977243 -19.176986091063462
-6.051122476663646 -18.663422327247726
-6.581194203728113 -19.51137513499524
-6.522931592949668 -18.51307384370825
-5.573592917426444 -18.827328643442176
-4.635112810694298 -19.17266194514941
-5.11629520901244 -18.296041445988685
-4.7859054731690485 -19.239886042545415
-4.744008530379102 -18.24076410494978
-5.742079988558814 -18.178688631797936
-6.455702590932189 -17.478158274581453
-7.399200500745298 -17.809536750313196
-6.54925984396388 -18.336415180266417
-5.634935242830159 -18.74139730797289
-6.513315837595523 -18.263435457257117
-6.724955388696517 -17.286087668386763
-6.916267225051835 -16.304558360994285
-7.5386560982350925 -15.52185018386971
-7.17167532686684 -14.59162165633147
-8.166836578870463 -14.493366465575038
-7.241083800097375 -14.871495798732234
-8.221730870417401 -15.067279668018625
-8.65624924425731 -14.16661669953623
-9.648998770584724 -14.28681810542108
-9.529988092293186 -13.2939251311018
-8.707538113988104 -12.72508769106645
-9.205515699361527 -11.857897790026515
-9.333159915449487 -10.866077769004914
-10.256088139240047 -11.251049837771989
-9.96095220408869 -10.295594564207425
-10.884925318687882 -10.678051991247177
-11.863773155644912 -10.47346237253561
-12.353408603563187 -11.345389621875755
-12.173646724472865 -12.329099775745235
-12.010303163578767 -11.342530527737557
-12.696046238330974 -12.070374216608586
-13.65807597556071 -12.343318871595056
-14.530243598620087 -11.85411171988225
-15.522670288338595 -11.731273348294362
-14.577991329368082 -11.403276908560043
-15.002766359127685 -12.308575850397892
-14.587965675922401 -11.398663550661027
-15.25989033578136 -12.139283055854769
-14.619600558500556 -11.371149603185444
-14.611961729460795 -12.371120426905266
-14.205711856651483 -13.284882453278883
-14.14395385958365 -12.286791300228135
-14.361974847368428 -11.310847219409284
-14.94077017142953 -10.495374367105173
-14.092685334280674 -11.025234828923372
-13.177879344810636 -11.429128381273175
-14.144747968591686 -11.684402869516202
-13.990953453635786 -10.696300016990474
-14.199549484025978 -11.674301906613113
-14.330382142448737 -12.665706372756993
-15.317004185927694 -12.828730736952682
-16.150460994119612 -13.381315344844124
-15.683840541075066 -14.265773005108594
-14.701523072261589 -14.452995841493163
-13.704571860965101 -14.374968395716257
-12.81789125735409 -13.912585970466324
-11.836668357526001 -13.719708753426682
-11.993475798657986 -12.73207955863461
-11.829978903274801 -13.718623407229318
-12.227553429906575 -12.801053521186013
-11.274600281047093 -12.497935893723014
-10.7750225052558 -13.364204931571779
-10.413632755272724 -12.431790083659557
-9.734948569883931 -11.697359844288144
-8.767228367804995 -11.44533284079784
-9.631959561752636 -11.947567807933629
-8.692470708348427 -12.290147279486211
-9.107144154798553 -11.380176987218835
-8.383946401874102 -10.689535973257874
-9.30949755459903 -10.310913385857761
-10.157593526593896 -9.781070746684502
-10.627523261938299 -10.663774572346961
-11.606908925055878 -10.865773886404556
-12.400231676320319 -10.256972595073616
-12.655810538198637 -11.223760806297244
-11.89898234806975 -11.877374675968193
-12.885260519906828 -11.712282678107268
-13.768512787325975 -11.24338457393224
-13.32194630671037 -10.3486341180002
-12.64492486230451 -11.084597407719603
-12.625452908117948 -10.084787004192936
-11.627556027859503 -10.149608423264604
-10.673054751409332 -10.447815252923137
-11.41107146298183 -9.773032818771421
-10.724393216144778 -9.046071344330862
-9.784506652039939 -9.387558161961062
-10.007397479733005 -10.36240157447935
-10.800935913243379 -10.970921709349101
-10.31881438456595 -11.84702605906193
-11.201624372503375 -12.316756327618178
-10.504343566840486 -11.599958254201324
-9.687949251595958 -11.022463386660133
-10.659718049397435 -10.786528218405223
-11.20658282003567 -11.623749170504961
-11.694951678336007 -10.751111869994363
-11.817899204307826 -9.758698697037953
-11.797702770080639 -10.758494728258576
-12.492891704632239 -10.0396676661101
-13.486058408149363 -9.922963343032801
-13.571312554499809 -10.919322580722731
-14.092256214867394 -11.772913643657919
-14.796280163377784 -12.48308987525388
-15.445624222341355 -13.24358464386752
-14.513724571581006 -12.88086844501125
-13.55782816517228 -13.174572480078671
-13.16861237271421 -12.253425875622446
-13.923145338602048 -11.597163730295975
-14.922920759373078 -11.575971561409535
-15.895765077528775 -11.807431995678925
-15.337101860624818 -12.636826600242111
-15.195680390700277 -13.626776077662239
-15.325204830920745 -14.618352307402331
-15.647280805190892 -13.671638482216528
-16.19002582340606 -12.831740961561408
-15.498192792591565 -12.10968344482605
-16.372489480072318 -12.595075350671404
-15.400860124213377 -12.831584113369827
-15.076479940661573 -11.885657321002205
-14.693164106500218 -12.809274650463482
-15.371049123309465 -13.54444259317149
-16.267619574228124 -13.987343740764844
-15.321377792650807 -13.663883556511227
-16.25763669698723 -13.312572776644226
-17.257355282724433 -13.288850438403445
-17.175842814022037 -12.292178116400851
-17.875014038447667 -13.007132379927663
-18.76196417880858 -12.54526719557864
-18.00087435825917 -11.896620693193816
-17.165234408932704 -11.347343099358365
-16.17491133724043 -11.208561927458218
-17.078812896547763 -10.780821385678776
-16.081665157008686 -10.705346982520425
-16.64422107352826 -11.53210622243784
-15.922642259240336 -10.839773921609089
-16.86221031243652 -11.182136117847412
-17.027764606456277 -10.195935440636317
-17.242064335338352 -9.219167491632527
-16.410783994715704 -9.775020885338364
-16.39912230101089 -10.774952885476342
-15.680539353606736 -10.079511624333492
-14.699738015341483 -9.884502048012003
-15.635943752229105 -9.533049607106118
-16.591524080558507 -9.238318821286466
-15.685799303068066 -8.814452536427797
-15.895639252780521 -7.836716787104559
-15.894046081995489 -8.836715518007178
-16.432173323211586 -9.679579132277691
-15.500873747928505 -10.043833303259376
-16.3695166611831 -9.548394619613685
-15.446905251986893 -9.934125338666489
-15.8705217474455 -9.028283705280515
-15.65976690828264 -10.00582265477022
-15.244012367551068 -9.096345793128826
-16.240289325262086 -9.010135448424272
-16.546338864734143 -9.962151036211017
-15.903168818636283 -10.727874414332957
-15.878195264779878 -11.727562526499838
-15.56407004185258 -10.778180967630657
-15.634938313525254 -9.780695284490228
-15.699805325056577 -8.782801366874235
-15.653881125549919 -7.783856439513536
-16.179151352212198 -6.93292096077137
-17.17854746092619 -6.898173041591439
-17.95543444207542 -7.527813112203877
-18.79832350686683 -6.989725735976689
-19.70114777243333 -6.559716032011408
-19.093724776674453 -7.354094596817452
-18.684926022525605 -6.441470041698344
-18.465137949860374 -5.465922399030851
-17.847530100691795 -6.252408600210098
-16.95052107305797 -5.810396378271135
-16.5062541811515 -6.706290863551498
-15.61690844089927 -7.163526201528794
-16.10619896184106 -8.03564705675272
-16.21251389062341 -9.029979564477378
-15.27655193787616 -8.677878409964139
-16.212398894335223 -8.325471721482906
-16.939821412177047 -9.011661549837031
-17.621181852396806 -8.279713498057717
-18.183374060474335 -9.106720100919453
-18.237548761946712 -10.105251573493241
-17.933152751801146 -11.057797146685129
-18.848757520255443 -10.655717667000141
-19.640166324194936 -11.267004919482197
-20.439733507781572 -10.666428264148896
-19.44493350921251 -10.564580520693285
-20.39136260733881 -10.24166882654171
-19.680368179787028 -10.944866468737922
-18.849323525327208 -11.501072170159402
-19.576876665982763 -10.8150208400665
-18.92611119796445 -10.055742033806965
-19.90937794858137 -10.237913648311647
-20.9093774052913 -10.238956039720346
-20.86160867954458 -11.237814462541385
-19.861923252090936 -11.262895254730312
-19.21667247797899 -10.49892441856709
-20.018303339431352 -11.096743757470692
-19.101427493114695 -11.495916254570771
-19.355049297720928 -10.528612796379766
-19.285596623601396 -11.526198043893805
-19.22471339482994 -12.524342939414671
-19.986787346852534 -13.171832932888444
-19.962306663431328 -14.171533236048962
-20.34194092641837 -15.096669888855608
-20.433042726412506 -16.09251147366608
-20.357998838559883 -15.09533124176416
-20.401297840756293 -16.094393400195155
-21.39988775095791 -16.147480039225403
-21.99564279117191 -15.344313847170724
-22.96243902926844 -15.599862343551345
-22.108255249612885 -15.079891122642586
-23.0222769845018 -14.674225905806514
-22.092331557755628 -14.306528335412208
-22.494646352522572 -15.222029731321374
-22.971922943599477 -16.100782856840713
-22.481274853179894 -16.972140677352826
-23.289223048677606 -17.561394199524727
-23.36799580836735 -16.564501601332292
-23.974566760990896 -17.359530958924427
-24.886909142995403 -16.950102848020517
-25.652628630323974 -16.306928169783514
-26.10397275894049 -15.414578194962314
-25.3691715744244 -16.092860746141206
-25.586415642807896 -15.116743430060712
-25.049909434896996 -15.960639803363184
-24.059652914507257 -15.8213845563324
-23.21994862441083 -16.364428481990032
-22.222245331888104 -16.296692671008582
-23.214628118408353 -16.41988522361752
-22.469412124343012 -15.753062067009107
-21.773537763564637 -16.471225609672814
-20.788601444541 -16.64414306821351
-20.882718709552044 -17.639704186591903
-20.25701966063102 -16.859639637865758
-20.465563815246828 -15.88162668520328
-21.450703663195796 -16.053380811742016
-21.66297521394624 -17.03059153044193
-21.52519776377034 -16.04012831849359
-22.52110336884661 -16.1305275761104
-21.70041688843217 -15.55914880430928
-22.64639314069838 -15.234912886884368
-23.54738090002756 -14.801068378403524
-23.922525294160632 -13.874101990905828
-24.515612833006795 -13.06896400815666
-25.362234693568105 -13.60115892096559
-25.298935000468294 -12.603164357426554
-24.377725161489085 -12.992230460509184
-25.36575368267769 -13.146501784214726
-26.01617313738112 -12.386926552296721
-26.145271289797975 -11.395294731991143
-25.514821109215806 -12.171524446575628
-25.049237079680925 -11.286520767802447
-26.045139499271553 -11.376955112238255
-26.934154184884203 -10.91907642878046
-26.063973492702807 -11.41180917881308
-26.844639174169814 -10.786860305880536
-25.974647897281972 -10.29379319266058
-25.951936752448212 -11.293535261346468
-25.403232120520745 -12.129551545219782
-24.41018865902161 -12.2472999361804
-24.199634648976676 -11.269717710045946
-24.39028111830831 -10.288058948697898
-23.503800364147473 -10.750824410354701
-23.752578551862513 -11.719384895465064
-23.775254313145304 -12.719127767332749
-22.793679482904082 -12.528049635049342
-22.800039172479163 -13.52802941201911
-23.07993776583877 -12.56799984089366
-22.59665703600563 -13.443465280629546
-23.17480959226482 -12.627536593984098
-22.856836208868412 -11.679436953940161
-22.969236855643647 -12.67309992225714
-23.04125028022598 -13.670503585113822
-22.315443510915657 -12.982604948959258
-23.239129961809475 -13.365754189380253
-23.643993721479188 -12.451377168613597
-22.655779341360514 -12.60445342061456
-23.451495031078817 -13.210123744417967
-24.137042110161147 -12.482095446642607
-24.36232801231987 -13.456388145110848
-24.52620828649924 -12.469907909254653
-25.335905848199825 -13.056755298765868
-26.33445522562863 -13.002911628417857
-27.18659707056417 -13.526222507446619
-27.813791561528706 -14.305085185011627
-27.526018193165267 -15.26278372237125
-27.2054419644067 -16.21000644251416
-26.689996756182826 -17.066928981206573
-27.68302456536614 -16.949048659742022
-27.103625388291793 -17.764092581015944
-28.026664841636507 -18.148797880653333
-27.28885539365435 -17.473788829996774
-27.56983962282959 -18.433501215534648
-27.113646218683506 -19.32338186933807
-26.929715154477034 -18.340442723907454
-26.253385877441225 -17.603843301545325
-26.996342154547236 -18.273183252772487
-27.995255016705013 -18.226566798426823
-28.38508785227976 -17.305681159322948
-28.24121754600821 -18.29527771094049
-27.249428847103992 -18.423165070463916
-26.5765685613735 -19.16293465343329
-27.154991298435682 -19.978671827558323
-27.479325032443285 -20.924614547274842
-28.09871993627116 -21.709694131210163
-27.305040431605228 -21.10135800383218
-26.31924552624968 -20.933404425200905
-26.49812835752544 -21.917274809283466
-26.096262205022096 -21.00157638978491
-27.022227460399314 -20.6239676692365
-27.649779374235354 -21.402542389761592
-26.833699617175604 -21.980481685983346
-27.406523850451254 -22.80015991417546
-26.456601898588296 -22.48767265784511
-25.716626127041184 -23.160306181781625
-25.56058117847362 -22.172556226566975
-24.610807319499052 -21.85961914533728
-25.026246816775476 -22.76923995870003
-25.117933763916582 -23.765027839588296
-25.84341539223618 -24.45326937202494
-24.872019303661496 -24.21580434491189
-25.646791393448375 -24.848044970692353
-24.815402810629582 -24.292353487620534
-24.182551305172275 -23.518080298080548
-23.187618842142065 -23.417534815791992
-24.12827575437553 -23.75689387853734
-23.57517711742891 -24.590009655490217
-22.575737645676735 -24.556532165982638
-22.954037141750504 -23.630848909533473
-21.97273312557854 -23.82331300448308
-22.513954243610588 -24.664193317842916
-22.27689571166142 -23.692697948615606
-22.94788497576345 -24.43416501292785
-22.25360005188533 -25.153865259193996
-21.67214516779667 -24.34028661040247
-22.292315221588318 -23.555819208670524
-21.293056154799515 -23.51733132174011
-22.14055064864876 -24.04813550681707
-22.063028074592214 -25.04512610381969
-21.948307998363408 -24.051728245904716
-21.022456768578405 -24.429616457292152
-21.979028849007037 -24.138120565478157
-21.101136520266387 -23.65926248719366
-20.582117027934093 -22.804500083610577
-19.75839880419584 -23.371499455639764
-20.44104790572559 -24.102245789315564
-21.085121755865792 -24.867209105799155
-21.905724164461574 -25.43870861324146
-21.165336499861656 -24.766528498905817
-21.08935626579848 -25.763637822917836
-21.845481805123455 -25.109211227507387
-20.854835474449935 -24.972756665388378
-19.86252629609332 -25.09654072958577
-19.925527214067127 -26.09455419860032
-20.86924280066872 -25.763796142605894
-20.588864978172147 -24.803906421517016
-19.62556151669738 -25.07232110276738
-20.621975395272393 -24.987707967953114
-19.89158410322279 -24.304679007733924
-19.196431828613886 -25.023541522479313
-19.987266610758958 -25.635571217305927
-19.19621093629552 -26.24731537943516
-18.256386654546418 -26.5889735703728
-17.631350659872115 -27.369569500007017
-16.897833538152355 -28.049240473452226
-15.948023444051955 -28.362067558508794
-14.956852682043214 -28.229476003200723
-15.624193165091649 -27.484723239067094
-16.623200472044754 -27.529269851220036
-16.514274154800983 -26.535220024796978
-17.49038515319512 -26.317947571839866
-17.859676646204928 -27.247261185853233
-16.939057097155462 -27.637721998109672
-16.06488759625791 -28.123342924039072
-16.967788530748457 -28.55319162125252
-16.538612174781196 -27.649970908758245
-15.571753026701279 -27.90528128413335
-14.92210748280555 -28.665518528219973
-15.487484576120906 -27.840685974088967
-16.05419000844228 -28.66460645142731
-16.569413294723645 -27.80755046418177
-17.502154777111915 -27.447004590495588
-18.338627820064236 -26.898996517184543
-17.338638790120143 -26.89431250272366
-17.07726076639923 -25.929075988331594
-16.225989343186452 -26.453801596646347
-16.51038248670869 -27.41250934143489
-17.418540278511223 -27.831137368671897
-18.08692550955721 -27.087322080499085
-17.729234954399388 -28.021162252450843
-18.688808827258384 -28.30261914528949
-17.88773854201454 -27.70404885025361
-18.18249654594158 -26.748476917262195
-18.098165208571515 -25.752039149241845
-17.300360078655793 -26.354954545197327
-17.05213630443919 -27.323657264257033
-16.26125061228407 -27.935621170009906
-17.18273278223424 -28.324041831746545
-17.842528893070565 -27.572597161710714
-17.244007443885295 -26.77149038052286
-17.842479971360564 -25.970347051362985
-18.247057478774934 -25.05584333868907
-17.54920639281352 -25.772086217761856
-17.167550008057503 -24.84778193670774
-16.19347258707812 -24.62156704343554
-16.32566880833958 -25.61279061008647
-15.355365670772882 -25.854682778682776
-15.564681707990658 -24.87683473498506
-15.967359995442383 -25.792176308833287
-16.35909272673108 -26.712255363717755
-17.047500647079747 -25.98693161862097
-17.796281569043497 -26.64974918847192
-16.838452230513703 -26.36241148079752
-17.609785146437407 -26.99884335681618
-16.69187484701986 -26.602055400568528
-16.15308805130396 -25.75961324305135
-15.15652762127128 -25.67674401297722
-15.671160263568815 -24.81933323424753
-15.40808009917686 -25.784107211458515
-15.167771898581666 -26.754803852395682
-14.169859962021375 -26.690214636031886
-15.101787026707793 -26.327568877605074
-16.086633808298995 -26.154142187648045
-15.203336934548476 -26.62295625828006
-14.204810308926863 -26.677220223530615
-13.411395010966414 -27.285900899223815
-12.686938017601836 -27.975220900939387
-12.221690101420148 -27.090040480635935
-12.964624448547529 -27.75940477297488
-13.770264131979676 -27.16699891507056
-13.658838353876469 -28.16077167379063
-14.506968804362344 -27.630984226828524
-14.673151715969466 -28.61707917149145
-15.654438163347516 -28.809632821657228
-16.38124125318884 -29.496478705824195
-17.116044052624655 -30.174759507514242
-18.013918694890037 -30.615010716231282
-18.20321120642658 -31.596931458998327
-17.313337826885174 -31.140723865480243
-17.790651586127723 -32.019456802860965
-17.80120578792056 -33.01940110572214
-18.80116011017009 -33.02895900373768
-19.361428656603895 -33.85727002978825
-20.347828200114403 -34.02163529546887
-21.2730612444163 -34.401034575557595
-20.94758063390024 -33.45548586069511
-21.298669761198322 -34.39182790540584
-20.882921893541283 -33.48234799329199
-20.81572825548306 -34.48008794688937
-20.296634664917743 -33.62537054082231
-20.70794767382353 -34.53686470355999
-21.614472406611497 -34.11471199559319
-20.67211233102249 -33.78011150555189
-19.673764167400478 -33.837565349570895
-20.67342962162942 -33.86342998993645
-19.72347126154444 -33.55105343174961
-20.69435967480804 -33.311521202205256
-21.502199943436956 -32.72211972580605
-21.918570307282632 -33.631314820442526
-22.01420697741695 -32.63589851189337
-22.206369388267046 -31.65453537428514
-23.072620718413116 -31.154926894553096
-22.074720494846726 -31.21969682435194
-22.991222671110037 -31.61972652438009
-22.615594187094647 -30.69295619576771
-21.720323495886046 -30.24743359312799
-21.791110524996533 -31.24492504497593
-22.484099973473036 -31.965872771444523
-23.385195400887167 -32.39949360892048
-22.669856352504688 -31.700716072175595
-21.67507822008893 -31.598654976417116
-22.14031148044861 -32.483843099617545
-22.94224144631227 -33.08126115244982
-23.938560030717092 -33.166989084709805
-23.638943192078624 -32.21292946916983
-22.747765260084677 -32.666583405036135
-22.26622338987259 -33.543006491925475
-22.9256777477486 -32.791261887769025
-22.77989573831999 -33.78057862457628
-21.782801858574455 -33.856761266785604
-21.47623188358122 -34.80860939040231
-21.871663538833477 -35.72710479377919
-22.499105259832625 -36.505768319796445
-21.748603336674613 -35.844900055059725
-20.750571146606166 -35.78219640614534
-20.75614756826874 -36.782180857785185
-20.534290590680637 -37.75726007584671
-21.49596913422929 -38.03143954057399
-21.314683437921524 -37.04800906702022
-21.059519459765617 -38.0149068611286
-21.17218677283629 -39.00853962858619
-20.354914173814798 -38.43228838226332
-20.109566893742787 -37.46285312802441
-20.12985717425635 -38.462647259091746
-19.27514444674074 -38.98174855308245
-20.091411926976015 -38.404074422875496
-20.558136952654703 -37.51967194074124
-20.90053939901449 -36.58011855496328
-19.901604345665376 -36.626257033377755
-20.15134985803143 -35.6579455240725
-21.12178584542725 -35.416586881453064
-20.311444502055256 -34.83062877098605
-20.29742337263265 -33.83072707185273
-20.099567463492946 -34.810958187058986
-19.21662399436152 -35.28043750536615
-18.23924386673085 -35.49192766143176
-18.28748365590749 -36.490763445102026
-17.536568519207908 -37.151162156090656
-17.42900988760549 -36.1569634129976
-16.77444169324387 -36.912966375247194
-17.38190210071038 -36.11861641876666
-16.49904956238343 -36.5882667094827
-17.14508335318066 -35.824957898353055
-18.006460952949137 -36.33292308477541
-18.961521274010174 -36.036511574987436
-19.478878036768844 -36.892281392185886
-19.51215449549527 -35.892835206893935
-20.212196542878825 -36.60693683264131
-20.21294069152668 -35.606937109519954
-19.606815532060413 -36.40230638920203
-18.731530889605335 -36.885914489508764
-19.116510480073288 -35.96298940320808
-18.272526691557076 -36.499358086784795
-17.851464207019045 -35.592326453315124
-17.346380920633468 -36.45539706097938
-17.717280490880004 -35.5267240782826
-18.477153731425616 -36.17679534999264
-19.044472253440084 -35.35329690155493
-18.048882202669315 -35.25948618358379
-17.864037455206315 -36.242253917758724
-17.978010986426764 -37.235737704330575
-18.94401002570878 -37.49428336007868
-17.993303230457574 -37.80437461997354
-18.632057476416676 -37.034963797805545
-18.717204487000767 -38.03133219683704
-19.435858104760072 -37.33596396511987
-19.23872046696387 -38.316339786814865
-20.007577012958716 -37.676918476815835
-20.604823969716744 -36.874861076972614
-21.4415866786493 -37.42242675243068
-21.619631552976088 -38.40644912144775
-22.44508787670332 -37.84198312812421
-21.82980846661643 -37.053674021540296
-21.98689124138841 -36.06608858125174
-22.979941785510487 -36.183777224794134
-22.08339515311486 -36.62672658526332
-22.690240969464277 -35.83190701128492
-21.746819158937225 -35.50031194584839
-22.74112375812769 -35.393736319982565
-22.809596765698945 -36.39138928932318
-22.557591430462075 -35.42366344435873
-21.647912691577567 -35.83897608806404
-21.784724129337572 -36.82957319612464
-21.843181995556037 -35.83128331944694
-22.71242148166572 -36.32567457724563
-23.620117003765184 -35.90604517031544
-23.34034159127011 -36.86611064650089
-22.34261877614463 -36.93355828677161
-22.36737517326688 -35.93386477333785
-22.007879597506587 -36.867011562974284
-21.588139182053787 -35.95936736857016
-22.586260334565658 -35.898096128103056
-22.694425411732926 -34.90396318121849
-23.42726757364325 -34.22356449976282
-24.22834430511758 -34.82212616767215
-23.999203882984293 -33.84873279038598
-23.134847328583458 -33.34585333478622
-22.180468273442 -33.644451089478544
-23.000674193009296 -34.2165194853079
-23.280996243789783 -33.25661347540577
-23.370839999270128 -34.252569347722
-22.57849074142658 -34.86263709280838
-21.64106330246682 -35.210817788260236
-21.190858845447767 -36.10374328732507
-20.504803023109993 -36.83129219196065
-21.327116669090586 -37.40032669674406
-22.050404772725255 -36.70978030500737
-21.050971820059004 -36.67610875730282
-20.05480058929173 -36.76353231815238
-20.29531390085176 -37.734178158282766
-20.752954846795717 -36.84504106840544
-20.821481877206715 -37.84269032846784
-21.56475320041382 -37.173700238781926
-22.463472145078093 -37.61222533327657
-22.119652692650572 -36.67318955965959
-23.06805509962442 -36.99025875470416
-22.848694227280184 -37.9659025460975
-23.846873736553864 -38.02621562317166
-23.008891116398793 -37.480518703336074
