0 0
0.9957327615469923 -0.09228362575235396
1.6937375274254527 -0.8083767389792273
2.4246205947203108 -0.12587403426542176
2.999311332578422 0.6924966371421619
3.015016949237441 1.6923732963383649
3.4659021955039147 0.7997913702950344
3.618290356026322 1.7881120917881117
4.242584837122517 2.569301185972633
3.4257848639412036 1.9923802175454095
3.8591405671163286 1.0911572515011607
2.8793744734413287 0.891011300543287
3.0877010066225905 -0.0870480307718825
4.087677457175619 -0.09391085375990413
4.85809023546167 -0.7314562647335598
5.5489671115208115 -0.008483829486709005
4.783662794470206 0.6351847982276657
4.038160375260303 -0.03131812221018393
3.819881602089488 0.9445683349061365
4.417692077657101 1.7462058061496064
3.460706258558921 2.0363405025321413
3.0642381352857173 1.1182920140369945
3.180082390125433 0.1250246237434085
2.1924190313349916 0.2816167362611967
1.196563862760327 0.19066354377667666
0.23187786072888628 0.45406612061410095
0.9167418895363498 -0.2746047667181773
1.7140935665702806 -0.8781197235594953
2.7140568328283776 -0.8695484847669868
3.6870277617139013 -0.6386208520686871
2.9075135018550613 -1.2650053335788258
3.6708392510068593 -1.9110191110494354
4.217411032672244 -1.0736068544594528
3.3069777572219774 -0.6599508972282053
2.4914550292204143 -0.08122585015240391
2.244016463912227 -1.050129434828519
2.9109571398695904 -1.7952402552797695
2.5520118001293746 -2.728598837539975
3.122379244451815 -3.549988500524047
4.065957874044314 -3.218839939034886
5.059097087742484 -3.3357779662757348
4.387513746080527 -4.076706987979001
4.088417303525086 -3.122484100991543
4.2614659511808775 -4.107397379176228
5.22717514846648 -3.847771212779239
4.2909966033773 -3.4962463463548192
3.5004102688362666 -2.883895754261553
2.6743897020824816 -3.4475357309308414
3.1850870345708637 -4.307296299106221
3.8593615428362833 -5.045777096082978
4.858609267511954 -5.084558338075659
4.679153376618824 -4.100792317507886
4.407399550568121 -5.063159117655732
4.696184851719842 -4.105765233280701
5.692340546711208 -4.193365640450239
6.091725676539332 -3.2765823955814355
6.984281689470292 -2.8256458548345265
6.026707908150095 -3.113834080354134
6.398032087198934 -4.042337367399314
5.408874946670069 -3.895476374141201
5.221904634718069 -4.87784193870898
5.012858340899342 -3.899936193230074
4.955346823740084 -2.901591350305526
5.554826505653094 -3.701981324613973
4.916426992422244 -4.471686502917078
4.871940438202471 -3.472676519736904
3.8905379540849347 -3.2807151586041776
4.88966659776445 -3.3224518736058783
5.055914488765546 -4.308535865331577
4.05687922846759 -4.352451109625502
3.216462721580845 -3.8105100658280406
4.199569774217474 -3.993541546880129
5.196064251749549 -3.9098829773963284
4.35272042728957 -4.447257328984879
3.466454807308284 -4.910434671737293
2.698208553373197 -5.550589101007844
3.3543496294684014 -6.305227350939974
3.061921136868155 -7.261514743262778
3.159411635292739 -8.256751198944002
3.9051977915691793 -7.590565782482179
3.102120720683055 -8.18644095247751
2.8488490653016947 -9.15383615020199
3.8487277899015404 -9.169409720524365
2.9023258710775948 -8.846418376915356
1.9333994130523289 -9.093767359000612
2.8081932969508787 -8.609272095149983
3.7587019692845645 -8.919970121887285
3.6605389896057083 -9.915140473847476
3.516351062622009 -10.90469079682865
4.4900227823536465 -10.676736015797772
4.328359417578546 -11.663581979709868
4.988854513354091 -10.912751620403284
5.730151322464927 -10.241574266194956
4.941257608595883 -10.856103930424363
3.94150021986852 -10.878130361933875
4.224047093195558 -11.83738385521556
3.3032556073970785 -11.447328680040266
3.4657330762604612 -10.460616426081824
3.6553244838962042 -9.47875335102976
4.399970811573215 -8.8112941038265
5.345697279382473 -9.136257868091107
4.446586320331457 -8.698537085725953
3.69260835012355 -9.355436789212842
3.718246020236034 -8.355765488298784
2.781202712560836 -8.006552316237471
1.941192081993032 -7.4639823755541705
2.9350484122504312 -7.574660263170872
2.4133918177966684 -6.721504710259856
1.4583880715901185 -7.018098447097732
0.6311159425254131 -6.456297036924396
0.7842116750753491 -5.468085674575734
1.5567045835666726 -4.833062284195021
2.548683615580669 -4.706659752398484
2.282872972948735 -3.742634492219272
1.4854470748408972 -4.346051377156136
0.596197385224239 -4.803473490216575
-0.3522295857204927 -4.48647777922887
-0.9924484755321302 -3.718285242732742
-0.897677680979176 -2.7227861234464408
-0.5814773506196811 -3.671478566275278
0.38671438139228 -3.921688018662031
-0.495316599954869 -3.4504966053873565
0.475710563124752 -3.211527468129963
1.4622889703706914 -3.3748156990471516
1.453181289919511 -2.3748571748288723
0.6231824737014418 -1.8170920225679912
1.1534465067029616 -2.6649245858167516
2.1528106217314074 -2.700580799769044
3.0075537250502253 -3.219632075972962
4.004443700383531 -3.298438021687491
4.172570662452232 -2.3126726720096125
5.052307794175245 -2.7881330584433996
4.163084332806073 -2.33065996005331
5.115671572432385 -2.634925552753377
5.9208916826160305 -2.041949521065891
6.912754457146926 -2.16926109359515
7.912010349463965 -2.130690876202983
7.292245241494764 -1.3459035094953347
7.574011407450445 -2.3053866139440977
7.488671775558627 -1.3090346945759614
8.254846197578303 -1.9516673696266604
9.24767872373651 -2.0711812809605097
8.376263285169948 -1.580635530364453
7.830179438072439 -2.4183660550197175
8.815273616514553 -2.246350184823221
9.666777829710188 -2.7706979462469543
10.570441288892399 -2.3424546129201618
9.731540390966483 -2.8867388065718713
9.332181977111667 -1.9699439236872833
10.026452720554477 -1.250229998020031
10.592272002368308 -0.42570071392656605
11.381958128478127 -1.0392117751387218
10.928603529902535 -0.1478815288492984
9.945015428332201 0.03254697901258638
9.999094329208452 -0.9659896865535893
10.148653815224408 0.022763042971160607
11.145408193939259 0.1032658908262089
10.233197774548625 0.5129879316723946
11.039355400774207 -0.07871290631782935
10.73706233278507 0.8745021276832691
10.26722518018892 1.757255235885297
9.522280986970342 1.0901284495920747
10.357390287663945 1.640212493984421
9.96362625623852 0.7210009364223996
10.584681422286664 -0.06276591712839497
11.433257782484075 -0.5918388430224661
12.395034536804296 -0.8656736013152397
11.52091602761132 -0.3799608962248248
11.186709477350487 -1.3224607539238875
11.577623956132303 -2.2428877582423947
12.18646498103644 -1.449595500374161
11.195920986670698 -1.3124000367976982
10.1959220019978 -1.3138250466837051
9.294508318778472 -0.880866189856681
9.752340297066791 -1.7699049289769762
8.812764064714836 -2.1122446777636252
7.845848975604971 -2.3673431106315324
8.284007845463833 -3.2662406602799923
8.218402569883926 -2.268395006976795
8.158927524976496 -1.2701652142771085
9.01875084816085 -0.7595735448305589
8.048081375554968 -0.5191556275468904
7.396939224993871 -1.2781114232047597
7.323793507642833 -2.275432687408628
6.45988126907759 -2.779075064554546
5.488541830159423 -3.016771708203843
6.054930319848031 -2.1926333225256505
6.082848716244036 -1.1930231169241492
5.817095055016117 -2.157064086771363
4.977792530898213 -1.613399417136379
4.441717729989687 -0.7692289320855906
3.446324714032684 -0.6733501347213072
3.25580648951561 0.30833352416625004
2.853459576278803 -0.6071537566895865
2.017809857128996 -0.057891026400292867
1.1071844444794907 0.3553417867171048
0.6045002030924284 1.2198118865245613
-0.38096952414651797 1.0499607261058088
0.07277817327983327 0.15883052962479827
-0.2061106857148094 -0.8014928556619844
-0.4470586386170223 0.1690451827436379
-1.0181290443652744 -0.6518559024539191
-1.033241262011487 0.3480299014646151
-1.5843798323920062 -0.4863838305885657
-0.9177439894613093 -1.2317673915288907
-1.8104132866637972 -1.68247963435353
-1.3043430847092594 -2.544971924576285
-0.6673830699787885 -3.3158687656870516
-1.6661676454526135 -3.36515742356664
-2.659480746496084 -3.2497057743995326
-3.619133424148404 -2.9685176909487363
-2.6682804472680366 -2.6588749672206573
-1.8169583710668769 -2.134231543005175
-0.9394379055003298 -1.6546923553344794
0.01840382892416359 -1.3673959721433953
-0.9689447897322987 -1.5259604865757732
-0.9177736988092061 -0.52727058502788
-0.6504337714626243 0.4363316997589112
0.1498157196527209 1.0359989007709651
1.0627815832841867 1.4440348450744684
0.5853643064726377 0.5653581446881177
0.8993127102364393 -0.38408190069345394
-0.09130479596414043 -0.5207455623191558
0.19089609528983503 -1.480100896371905
-0.024683527018401263 -2.456587161736369
0.9629976592559758 -2.300107532775794
-0.012338194737253505 -2.5208335437380227
-0.7163745644863894 -1.8106696259905366
-0.5864717321544379 -0.8191428970759113
-1.4000117870808548 -0.2376340157763025
-1.244713418418606 0.7502335951366397
-0.36404980875847837 1.2239757260690642
-1.2130031612778276 1.752443516238113
-2.0096914548282157 2.3568339222835517
-2.9074892857968995 1.916426094573909
-3.7857155373737124 2.394671482467342
-4.512234688608627 1.7075252659392295
-4.91957907515148 2.620799896459549
-4.648874452005458 1.6581374389972412
-4.633147761446167 2.65801376695188
-4.728532646444159 1.6625732997646556
-4.040009551419341 2.387787714691335
-3.147712372902222 1.9363392179495822
-2.8248464369995183 0.9898945088230154
-3.7816952508814285 0.6993082955010806
-4.45432580467072 1.439286766883263
-3.4746772683329086 1.640007331976088
-2.8559453337053364 0.8544051469791129
-3.777201790966146 0.4654494426177265
-3.424078597449773 1.4010262754865177
-3.046605425883508 2.3270467961812296
-3.484265923018856 1.4279064905296366
-4.464135153880023 1.2282660877762241
-5.46400448054095 1.2121003956282341
-6.454439530247104 1.3500801489022882
-5.662653087968728 1.960878175932625
-6.1512722616817195 2.833375341016864
-6.193842445302999 1.8342818621739427
-5.9268110695630565 2.7979696977153248
-6.91894310643235 2.6727737656025443
-6.21137782413056 1.9661257830248051
-7.187230102637896 1.7476942593565368
-6.200007255630485 1.5883485648851083
-5.476868429961261 0.897645851114751
-5.349164001613514 -0.0941664189143987
-4.367482247147892 -0.28469445608819566
-3.531138475426533 0.26351088454876925
-3.678021673404053 -0.725642958971993
-3.8111326486082 -1.716744098251028
-4.262537034387487 -0.8244246036196351
-4.992533516427839 -1.5078755061786335
-4.64268627983726 -2.4446822690971852
-4.8155919523615545 -1.4597438809688101
-4.6782910475623 -0.46921449647721114
-4.779082665199577 0.5256930619492293
-4.273810036670094 -0.3372667116549095
-5.269235080983886 -0.2417210097480026
-4.55893387822134 -0.9456188726188028
-5.480302330717677 -0.5569285399058519
-4.678333955513193 -1.1542950314099203
-4.821942004535987 -0.16466038758631862
-5.102503243986177 -1.124496514702908
-5.920629416905584 -0.549457763674558
-4.965285562418691 -0.844954159074107
-4.9319345306186975 -1.8443978586779797
-4.65495643193388 -2.805274090483587
-4.452073745792944 -3.7844771417779746
-3.8012177756734378 -3.025275912748545
-3.6737297352303084 -4.017116020600597
-2.9618771213646604 -3.3147871402798144
-2.419870768524986 -4.155161529157435
-1.8070222540100156 -4.945361945670103
-2.5414980599179917 -5.623996818437359
-2.8412752380846427 -4.669987571390749
-3.5231806520424223 -5.401427935614018
-4.341074872161972 -4.826059319251399
-3.937817178556855 -3.9109728574630713
-3.1982180853049176 -4.584020538731576
-4.039450561549643 -4.043346957990694
-3.103084111129251 -3.6923229267234374
-2.1408934523784056 -3.419946099124954
-1.9507619575720927 -4.401704732742564
-2.8378078580834263 -3.940023489473967
-3.6617656969237666 -3.3733723800481092
-3.807223761167192 -4.362736798018837
-4.395488935997106 -5.171404890676344
-4.956048043706151 -4.343290474206953
-4.537952893864043 -3.434887234627467
-5.537873524786439 -3.422288351511982
-4.773862406351162 -2.777085274250817
-5.009737195284963 -3.748868729525414
-5.198625330828335 -2.766870118400659
-6.136387429568045 -3.1141484594576476
-6.938322590328949 -3.711559538979432
-7.553622029555463 -4.4998530123049045
-8.044369638478564 -3.6285512366058885
-7.6296209739425676 -2.718615224973418
-7.639720014478953 -3.718564228363213
-7.451877751828878 -4.70076343644806
-7.391803359888192 -5.6989573391708515
-8.370805578464635 -5.902806930836869
-9.312805680116002 -6.2384195177414945
-8.464148574700594 -5.709476120554289
-9.037284828861484 -4.890016033566263
-8.878160494743842 -3.902757482683255
-9.411821662815262 -3.0570590980964996
-10.145322636067188 -2.3773706972549977
-10.587536424922483 -1.4804610223455086
-9.662456016051905 -1.8602323181589808
-9.482550289819173 -0.8765484615929228
-9.720556639638033 -1.8478120599254773
-9.361490497576408 -0.9144999440580249
-10.320073304804835 -1.199313921394235
-9.524107651069441 -0.5939721352324115
-10.423990441045778 -1.0301039551038855
-11.347990769734045 -0.6477122807907869
-11.370067541839193 -1.6474685591573783
-11.235045078674448 -2.6383110968196073
-11.390583281554079 -1.6504812190344826
-10.404814616772661 -1.4823736953032132
-11.231308439192652 -0.9194279061710873
-12.00897906125588 -1.5480998425415535
-11.85597409006349 -0.5598744235250135
-11.798104277979402 -1.55819856169325
-12.778606159747955 -1.7547082557246818
-13.089790883853867 -0.8043588107923835
-12.097853287073484 -0.6776315284355204
-11.516753351007765 0.13620068050217948
-11.02402454565307 1.0063836063136065
-10.449313071346305 0.188027497214307
-11.443178329105896 0.29862518895541734
-11.49290505993639 -0.7001376719084174
-10.82098592448167 -1.4407621890625428
-10.443896064739507 -0.5145855117057679
-11.211254833315826 0.12663248577171615
-11.430482988649576 -0.8490411358400196
-10.764234771589592 -0.10331108195698635
-11.055892939563359 -1.0598336969819455
-10.38972211314835 -1.8056328857945534
-11.14486602784831 -1.1500738357528206
-11.924758364342656 -0.5241601488299417
-12.766004300632332 0.016492488892381196
-13.624206880256866 -0.4968186568328947
-12.818750540438659 0.09583645758581816
-12.477950898773337 1.0359724074573182
-11.489104887619561 1.1849138933679508
-12.482755169994034 1.297426631922881
-12.471073114538871 2.2973583943848714
-13.412260904382821 2.6352423156487577
-12.598508119811257 3.216453469707267
-13.567981355848508 3.4616506242736698
-14.195358127812321 2.6829347672370583
-13.750477770402725 3.5785247781187723
-14.437961431178298 4.304724624005988
-13.71757238151464 3.61115442775712
-13.702016151572016 4.611033422290944
-13.414978021939085 5.5689525797028985
-12.813745954062313 6.368027044666347
-12.028544209138865 6.9872670787154805
-13.02689456409804 6.9298513251900715
-12.09127897145426 6.576830840229457
-11.982729420754511 5.582739800614431
-12.982445147972953 5.558897301749962
-13.08036812132032 4.563703304937878
-12.935188993340825 3.5742979174454135
-12.104234856998579 3.017956993824195
-11.195944665187108 3.436297677309653
-10.198452675487268 3.5070771269024195
-9.53759836957183 4.25759134152665
-9.208295607702524 5.2018157274780235
-9.777773704559724 4.379809220691184
-10.777705062244229 4.368092569325588
-11.323931816464054 3.5304552176187327
-11.919831088035705 4.333514404815029
-11.307295007748118 3.543071775432024
-11.736614669602211 2.639919170416965
-10.796533444975394 2.980869740300846
-11.387070057009392 2.1738588916455095
-10.484514270808987 2.604431827158375
-11.325110739045027 3.146093693629606
-10.371821372660609 3.4481522706281664
-10.846957472444348 2.5682399530178848
-11.799335994038797 2.873158223388114
-12.796963579918213 2.804316376431424
-12.481717081017603 1.8553065530202502
-12.328365637243378 2.8434782661816627
-11.463688854873997 2.3411496267121072
-11.958969006322182 3.2098829411311316
-12.396751287705058 4.108963957562468
-13.329550518813484 3.7485675168981203
-13.197039779659542 4.7397490865456176
-14.166509510890414 4.494538074910454
-15.086735693092127 4.103151087913622
-15.979961700387777 4.552759028113381
-16.535229383244225 3.7210873378562024
-16.609895659489357 4.7182959154324715
-16.580253324303666 5.717856484865229
-16.26060191860323 6.665391697315792
-15.277183769886618 6.484039154530217
-14.412072021338123 5.9824599857807925
-15.345796355826774 6.340452816971203
-14.504917101704082 5.799230053235174
-13.71549056691002 5.185385002621391
-13.555616220969789 4.198247629450775
-13.056769316366895 3.3315575084916684
-12.062705230128513 3.222761403547364
-11.409624381145273 3.9800495948532437
-12.302381245055015 4.430588363376043
-13.292711743277446 4.56931653027272
-12.784810670438057 3.7079011251349905
-11.969972433617428 3.1282127193383524
-11.746222670948848 2.153566094296356
-11.299210202422332 3.048093820519435
-10.299944866286474 3.0097690504967742
-10.109149201884255 3.9913988251294086
-9.393580304048799 3.292856662872506
-8.676030951941707 3.989364327791345
-8.632604825809073 2.9903076869700587
-7.636264166974907 2.9048366886495702
-8.143270550392952 3.7667789878630122
-7.349999228376603 3.157910685463852
-7.2617040154711185 4.15400503610438
-7.290277645961062 3.154413345642407
-8.192039333484809 3.586646915502877
-8.304742614172255 4.580275603958624
-9.116208762290393 5.164675031112957
-8.812800738349324 6.117535761234718
-7.8410064481504715 5.881705615712761
-8.31811681193907 6.760549003789107
-8.97880494109372 7.511209510272648
-8.027576734640029 7.819697596342262
-8.884384457372045 8.335333636846393
-7.885270452159551 8.293247955335366
-8.622406803960128 8.968991988867394
-8.580895962829986 9.968130042425894
-8.864407269549984 10.927098936062137
-9.850490861618184 11.093349197577352
-10.838311820906572 10.937754363503178
-11.81152187064123 11.167672172938344
-11.310093617924109 10.302472943062904
-10.507252753426501 9.706279563115814
-9.540599831583531 9.962369642370064
-9.374700162626155 10.94851227903062
-8.668842873923909 11.656866348677935
-7.754626287526598 11.251640444821767
-7.166570785022112 12.060461021942674
-6.185913439858524 12.25619341930372
-5.92743010791239 11.290177701467812
-6.279366285014819 10.354153702177982
-7.096896165671965 10.930039883842998
-6.116239100174493 11.125773682380416
-6.078863776887069 12.125074980893112
-6.198288105558186 13.11791828661736
-6.380350109706388 14.10120533862483
-5.383323393968883 14.024148683456794
-5.559703796083893 13.039826605196966
-6.481664833028739 13.4271092492124
-7.241562095816362 12.777066058333611
-6.97458765974713 13.740769669661034
-7.547956778766406 14.560066840018079
-8.198562701077375 15.319482361227577
-8.345113741571556 16.30868547107412
-9.109863720572145 16.953012615945884
-8.113138860627584 16.872145109687217
-8.539845144124383 17.776535372585016
-9.341089772848274 17.178198473387656
-8.502437473688596 17.72286563883293
-8.443148939939372 16.724624751188134
-8.222435330268999 17.699963411606287
-8.420369851710417 18.680178655938754
-8.540409567742103 19.67294774619843
-8.77073008013801 18.699832921745692
-9.300553482391281 17.85172493190904
-10.294093532209434 17.738242909511904
-11.231849004037121 17.390946674206607
-10.41012294567 16.821063980136646
-10.142471333936266 17.784579737525352
-10.165577738416811 16.78484672613082
-9.230714270287784 16.429839267113735
-9.043743898211678 17.412204820238294
-9.120008319221329 16.41511719214934
-8.97840174377974 17.405040208242866
-8.027548822376769 17.71468310233126
-7.657051206188698 18.643516519257545
-7.337088882899408 17.696086251810215
-7.316173689240504 18.695867505222285
-6.325899117989352 18.556740679867332
-5.604125794095305 17.86461116242501
-4.926753889727969 17.12897041914486
-4.902356144994474 16.1292680884224
-4.450353987160444 15.237251244795901
-3.7887353903169543 14.487410706874103
-4.48454904703505 15.20563306459112
-3.7238738912601312 14.556500329792756
-3.3186819984353866 13.642268668784945
-3.4270330893864034 14.636381359122275
-4.288255991327689 15.144608781810025
-3.5928520877960826 15.863227881857473
-2.6393238495124978 15.561924216437015
-2.7694985761991893 14.57043314712169
-3.7583812935750234 14.719130730408661
-4.319397356649375 15.546935645211995
-5.179304594694222 16.05738597772054
-4.500589658837175 15.322984155933199
-3.754659270566589 14.656960240555911
-2.7717332962102414 14.840961677875365
-2.5270860210376624 15.81057382236956
-3.204073505383627 15.074579293830848
-2.718512344271346 14.200376594899248
-2.5657569942032143 13.212112559822812
-2.557806758098687 12.212144163449265
-2.056390899391222 11.346937750714908
-3.0563004748427374 11.360385461314475
-3.765542535603406 10.655420427253949
-3.8003235423380373 9.65602546950675
-2.95959530430163 10.197482789863763
-2.5461166117741416 9.28696899489646
-3.0583832281909045 8.428142520161941
-3.5539052063896137 9.296737920289088
-4.3942711518637365 8.754718476276805
-3.443283424377284 8.445489851841497
-2.7875280488793486 9.200463286808292
-2.6654105921083264 10.192978942479161
-3.541825138378675 10.674536356590645
-2.640350224399726 10.241705004368272
-2.8765953666967694 9.270011517335941
-1.877076140956841 9.239006398786678
-2.53726391465303 8.487905804017862
-3.31384416687151 9.11792414650027
-2.8570036205379776 10.007472748447167
-2.4280507539115943 9.10414587615065
-2.78277186221258 10.039118033664295
-1.7905322011784077 9.914777955367748
-0.8171451148651351 10.14394510004289
-1.2551861267901772 9.244990111252191
-1.8984760998751165 8.479367481931206
-2.6513936879690827 9.137482293752642
-3.3487968962281385 9.854161277056866
-2.7674838289059562 9.040481292197661
-2.824867455851286 8.042129090137387
-2.5186661212851273 8.994095866190996
-1.58251880190633 9.345703881486285
-0.7377298454311471 9.880803516150308
-1.3838226525993578 9.117544658012717
-0.3846021509512598 9.078068220912549
0.19135162531261407 9.895550482253665
-0.4314293024739604 9.113154216934554
-1.1230729456734891 8.390915287755515
-1.2449236907637269 7.398366852705138
-2.214579723003446 7.153893583939155
-3.2127954707055624 7.213603893262633
-2.5554210878119705 6.460039748205777
-2.9342710309746787 7.385497862096197
-3.6167305437440262 8.11642125988192
-2.675397882546728 7.778941155337648
-2.9357853646781944 6.8134369558909365
-2.503590204702376 7.71521705308397
-2.959803817079676 8.605087346936763
-3.261954869544514 7.651827287197349
-4.12819395016174 8.15145700530009
-5.126307935640537 8.212844886772178
-5.976830301135428 8.738783767054835
-6.96158543647382 8.912730090455662
-7.954340135913187 8.792571417272853
-7.661777769427468 9.748817861300896
-8.601163926873294 10.091678834873516
-8.339458158476624 9.126531130743258
-9.213881598985832 9.611694656462205
-8.341798152547954 9.12233746335166
-9.341283731036832 9.090266005749095
-10.160131091654886 8.516254681811278
-9.611975234331565 9.352630886686892
-10.602636072756205 9.216281690826449
-11.081415469687101 10.09421693278595
-10.475148404128841 10.889478050419257
-10.53250717111448 9.891124419760317
-11.504624702099461 9.656630270682639
-10.574489288467433 9.289413560404393
-10.061063317877611 10.147547450146488
-9.817458347049282 9.17767291280275
-10.63155869364656 8.596948687657811
-9.752071511167944 9.072871261041154
-10.63565547928849 8.604598507957707
-10.113526991631998 9.457465345381666
-10.685947642057087 8.637505225030122
-9.854828979041079 9.193600331991586
-9.661200879948863 8.212525330148233
-8.701225418395108 8.492609448253228
-7.970785890389334 9.175586824105974
-7.595506732651668 8.24867498699971
-8.59499799636258 8.280568775823964
-7.6710959587168075 7.89793968017912
-6.739989477915615 7.533192203957531
-6.197524923197066 6.693113513075536
-7.099772644122827 7.124331613442705
-8.011065287075485 6.712572316158042
-7.028717277757612 6.899634842039658
-8.028291678596862 6.928807040908701
-8.41343493314156 6.005950240815253
-8.128634906324343 5.047363288721228
-7.129904077731646 4.996997307954999
-7.495413671285605 4.066189735456784
-6.537479533773747 3.7792016029679774
-5.960461900238406 4.595933291216496
-5.911826479910213 3.597116693492219
-5.24083184368332 2.855654490709947
-4.377791717472768 2.3505191221695187
-5.155375515752603 2.9792984448676374
-4.870677087081462 2.0206813134161994
-5.525786691292626 2.7762151686935734
-4.532806944270672 2.6579306726502785
-4.727990641116945 1.6771639702763539
-3.7462709313825093 1.8674963414561825
-4.40501078530823 2.6198671309276507
-3.4890701480627837 3.0211809097122897
-3.837885073314902 3.958372537887317
-4.79408173932366 3.665647520313254
-4.074983781021125 2.970738802304101
-3.079425230065697 3.064883221254607
-2.110501019204726 2.8175254366440465
-1.1290116728270991 2.626008693388479
-1.3966677240972207 3.589523217523163
-0.7959930717598626 2.7900296515456784
-0.2059240202168532 3.5973824334267674
-0.8678690789353098 4.3469347926640785
-0.06405024334607623 3.7520606214715744
-0.8707556014617066 4.343014481927306
-1.7812742443543201 4.7564824987617325
-2.612128370681704 5.312972768905569
-2.6907708930921883 4.316069888144902
-1.7528497132667864 3.969221419163236
-0.8834133115473312 3.475176539253398
-0.1446321824582183 2.8012311087459905
-0.7997900723929474 3.556723093651372
0.043498861219268714 3.0192626072459325
-0.08184896039171582 2.0271497489392876
0.26558630434220654 2.964853719720722
1.1238445366220717 3.478071808571691
2.0652725188455756 3.1408577010871697
1.4440074906616545 2.357257187588339
0.5574904131964594 1.8945613140790007
1.4482389307651018 2.3490578250108958
1.7741242583746588 1.4036485203979088
0.7776142713867991 1.487122143977191
0.010713884381234773 2.1288882979699952
-0.4330902395816186 3.0250121172904976
0.1819038796510733 2.2364804227409345
0.7378500171863573 3.067698740729415
1.6733872713384177 3.420926777688011
1.1553347009847288 2.5655779983295925
1.6953244200960098 3.4072496108092576
0.9020402994271339 2.798397983649891
0.5870899887925882 3.7475061449419553
-0.260672167962942 3.217129556494452
-0.8120530207552832 4.051383208074109
-1.8120157096208418 4.060021545689746
-2.060454421788733 3.0913739284953605
-1.9621706572391744 2.0962154980804004
-2.9445919284953748 2.2828928823114625
-3.138225398997758 1.3018189406020708
-2.6848845340629457 0.4104817091457853
-1.97134280167695 -0.29013101993040846
-2.0619040398927084 0.7057598687380383
-1.6818812677543977 -0.21921726214483583
-2.6384612841817257 -0.5106871099368377
-1.660083752424415 -0.3038601161655393
-2.5702839384094163 0.11030847442634667
-3.0690336530540723 0.9770545284363283
-2.9290833168007815 -0.013103995933679169
-2.8935802587455073 0.9862655717782478
-3.2636767785428704 0.057272263926205214
-2.4574004528628866 0.6488113468683087
-3.4164499836883895 0.9320497577934206
-2.797281563460595 1.7173079748103564
-3.322563991521083 0.8663800279365461
-4.17252145260658 1.3932313488470054
-4.989803920235852 0.816994099004713
-4.022210149367606 1.06950606818037
-5.0026144866698 1.266501843259547
-5.9973835940236455 1.1643528195029127
-6.350859305071788 0.22890911638710776
-5.393565240381036 -0.060206904801372974
-5.828481095733934 -0.9606780030397657
-6.069299048988201 -1.9312483062071486
-7.068154066819914 -1.8834084342130788
-8.02174513949617 -1.5823036914537738
-9.012983362435286 -1.450217411377058
-10.005285152602426 -1.3263741344861055
-9.45007072928012 -0.49466688783324664
-8.869277993592178 -1.3087183592846026
-7.921162195145581 -1.626643559191708
-8.55004250603059 -2.4041456843213918
-7.905516269672102 -3.168727877839893
-8.898695901062604 -3.052133625018302
-7.9065499896196085 -2.92704769292781
-7.953339453036857 -3.9259524662236065
-7.187595767435803 -3.2828065978841487
-6.373427916958214 -2.7021770160949483
-6.466187518310504 -3.6978655499030686
-6.65798606378673 -4.679299866581064
-5.9151043943690205 -5.348722621828567
-5.750847633717481 -6.335140239564717
-4.75973485176587 -6.2021159806788395
-5.753126184086361 -6.087339411334223
-5.178244267977555 -5.269103025849522
-4.469775210302462 -5.974844900983034
-3.995946234602751 -6.855461788049914
-4.9581959627967525 -6.583293713892474
-5.59809971055206 -5.814838644543126
-5.3932396134412555 -6.79362990963071
-4.537860522469006 -6.275627389629612
-3.5489677311990224 -6.424257963113874
-4.487650758127282 -6.079476619423702
-4.579051871437816 -7.07529077702822
-5.094934111073568 -7.931950286301537
-5.8800317867698615 -7.3125783143684515
-6.20252594064529 -6.366006858684217
-5.685969923240984 -5.50975346109481
-4.717887457385712 -5.259121581032486
-4.3080307626336705 -4.3469716537908445
-3.314730056787947 -4.462529897834219
-2.7271866809935763 -5.271722570539648
-1.8368997648858896 -5.727122622150827
-1.8503040120697476 -6.727032781193846
-1.6298400304014746 -7.702427897434937
-0.7289779804214773 -7.2683224184257025
-1.0101129284593515 -8.227990663702029
-0.1789087500665223 -8.7839579413563
-1.0939682051878803 -8.380638968838266
-0.20846338308344625 -7.916008782528988
-0.02185330087940285 -6.933574725088082
0.8986436218555828 -6.542824913526487
0.5966019206253731 -5.589530200062723
0.21215992975964337 -6.51267935142408
-0.7005706815811871 -6.104117445317559
0.1056942451645767 -5.512562825777108
-0.03206279770347642 -6.503028876250444
-0.8809429427688804 -7.031614251865149
-1.0885973781496805 -8.009816498574224
-0.29793692624034296 -7.397561609017169
0.7020503496672602 -7.3925170056738745
-0.2177639919110652 -7.784870898259167
0.7395308353589714 -8.073984394454055
0.047889602572303014 -7.351743156979111
0.8453649985762708 -7.955094624009991
-0.13712791182036954 -7.768794648109995
-0.853172800128309 -7.070740411013714
-0.7736678759768493 -8.067574884251709
0.16296295086610468 -8.417892874379941
-0.7920340303916523 -8.71450839283535
-1.5889092650981513 -8.110364485879845
-1.4338163547045333 -9.098264374100124
-0.4402281151518592 -8.985205052402982
0.3039459684358574 -8.31721932402521
0.567122680845651 -7.35247167927806
0.16268228566688314 -6.437907320281034
-0.5989901065506624 -7.0858696393502845
0.40058495213712997 -7.056719990136335
1.3920979729800504 -6.92671256919835
1.1933197157083115 -5.946668078149086
0.8143804796886667 -5.021246522637844
1.6012074772472324 -4.4040729036998885
2.5634758220358007 -4.676175150323965
2.348883556627941 -5.6528788718419705
3.1830776143810704 -5.101407862622657
2.966197887126244 -4.12520953036334
3.9287317774469432 -4.396370939830285
3.956210532633192 -3.396748552119098
4.886119935803141 -3.0289598873996564
3.887276137766883 -3.077033446915301
3.4774242218609 -2.164881372407878
3.752422209498266 -3.1263261741491943
4.35667514314063 -3.9231187394913896
5.342816236569704 -3.7572098975012462
6.3176228200657905 -3.9802617407410796
5.3177383902022175 -3.965058881917917
5.719641142561651 -3.0493765256142082
6.622086869898867 -2.618572963406556
7.619538889000002 -2.6899134819851915
7.820528860229037 -1.7103201829751629
7.38944142989602 -0.8080100215512342
6.458694468280984 -1.1736739293195282
6.539169569985143 -0.1769173100760414
7.512050185568685 0.0543905104181826
8.395610378675704 0.5227081218280984
8.913391030599591 -0.3328052892259157
9.523567867755833 -1.12507053988254
9.84810384223083 -0.17919718616568792
10.197652943478104 0.7577208603128831
9.576328804508584 1.5412745051476098
10.458800925258743 2.0116392105610994
10.27004375373932 1.0296154174684946
11.179889480934497 0.6146687308873418
11.910176154149527 -0.06847208543424432
10.946752872525321 -0.3364563768105256
10.3454777284891 -1.135498428998158
10.381898992510786 -2.134834954662592
10.600710056198634 -3.11060220068379
9.611039289171718 -3.253961096090927
8.723053343890426 -2.79409050452968
8.428550096697238 -3.749740983205157
9.409608939340465 -3.943450939767875
9.989351961020267 -3.1286515602801552
10.317794523864688 -4.073175505403935
11.317761586096436 -4.065059197646889
12.005111320588977 -4.7913858063382095
12.872955897924044 -4.294550029053481
13.712120100984594 -3.7506718806583166
12.830012250978738 -3.279624387343632
12.043907737850924 -3.897717984171881
11.933555120682481 -4.8916104833306555
10.937597877707539 -4.981439043186367
11.279459223006116 -5.921189446533259
11.132107580664643 -4.932105277466101
11.471177825925018 -3.9913442191845254
11.750770337966006 -4.951462976011309
10.755449170538384 -5.048084783438597
11.082311601374515 -5.993156712610073
11.50180380091912 -6.900915653365398
12.051612341541873 -7.736206362435167
11.08533989482102 -7.478684404714865
12.079509881761194 -7.370860302273083
12.761519821663383 -8.102203205345653
11.948203796499566 -7.520381030440182
11.471928129171959 -6.641085011620785
11.365718004983245 -5.64674130368081
12.080829540693598 -6.345751669479473
11.391123115810071 -7.069840785178904
11.674412318414104 -6.110806256244742
11.818602179128577 -5.121256215030484
10.87964601939516 -5.465293030064387
9.88044498923963 -5.505259282529771
9.580200169039877 -4.551397108029064
9.801480749024337 -3.5761869230321364
10.796959489246925 -3.671171541601933
9.982420506008435 -4.25128036310425
9.006141729469405 -4.034763041673706
9.335789961262591 -3.090659210903157
8.926429326450014 -2.1782865509303564
7.951370551433955 -2.4002333582157576
7.421941731222515 -3.248587720690262
7.6381435562570115 -4.2249364139611405
6.792198161596426 -3.6916668861869146
6.849609912149419 -2.6933163010223438
7.327027663639484 -3.571992743498282
6.965513989038726 -2.639625936347439
6.74846955674434 -3.615787661887837
7.747286756751919 -3.6644107116586895
8.481558022668809 -2.9855545353968784
7.482433282694872 -2.9437244747704034
7.213990268747156 -3.9070200411791074
7.803837822295123 -3.099505419903754
8.192038577048203 -2.1779305862580327
9.074890619809894 -1.7082793639754639
10.034660006756797 -1.4274898985755526
9.569897260351066 -0.5420546442777566
10.011053991419612 -1.4394847187865814
10.34730427835051 -2.3812573795380434
11.022487914821902 -3.1189070640369025
10.796420208441429 -4.093018655248029
11.665301819598138 -4.588038600092395
12.62420620762821 -4.871768003955782
12.654799501626579 -5.871299919585457
12.645617396976444 -6.871257763173973
11.750661709534716 -7.31741280070656
11.029979284265258 -8.010678148108065
10.207263906815372 -7.442224625199206
11.132011360168327 -7.822805953586744
10.132099451957343 -7.809532829694144
9.832096595215342 -6.855594526685696
9.321408493315607 -7.71536057775892
9.719511437128633 -6.7980198307475375
9.439983507152913 -7.75815739191442
9.846142755867438 -8.671959703513407
9.986599155770653 -9.662046568251156
10.968392179586338 -9.472092736000121
11.390925091895793 -10.378440317237745
10.76026028292092 -11.15449566237795
11.692724145163153 -11.515758925957709
11.310101967345268 -12.439663828554236
11.719700866491385 -11.527398109688132
12.692639183678066 -11.29633311677499
12.593129289772618 -10.301296544072798
12.713453468777043 -11.294031197415226
13.497810851433456 -11.914340391505062
14.442342622337328 -11.58592033463704
15.436455627608686 -11.477572133219804
16.430628119348206 -11.369771128268852
16.99139783053224 -12.197742946037172
16.751364045185138 -13.168507480768401
17.65518033459367 -12.74058679302382
18.651612918035035 -12.824979367675674
17.68608490841152 -12.564680188590431
18.408836255233673 -11.873572027253319
19.01155992454709 -11.075622042323578
19.83040268092505 -11.64963993431593
19.739309439775575 -10.653797566560428
18.879345154976487 -10.143443347541915
19.629118367603898 -9.481748455898968
19.042461616514977 -10.291584153063393
19.027497028816878 -11.291472177351626
18.219050225938325 -10.702902923214575
18.884739766256757 -11.449131732569075
18.091328955448223 -10.840445207917721
18.783789788385086 -10.1189897381565
17.997449162924465 -9.501196552089997
17.550735840731427 -8.606519399271585
17.847060490684974 -7.651432124814477
18.734772965987386 -8.111830388486773
18.36534984886021 -7.182569090179327
17.72974257591483 -6.410556529025729
16.72983085929094 -6.423844078019591
16.745847035348888 -7.423715810845597
17.19471986384461 -6.530120161886713
16.846485505980993 -5.592712656047703
17.49977411306675 -4.835603683803976
18.18898393484794 -4.111041870319207
18.540173250343916 -3.174737398108662
17.676738383064393 -2.6702770627343226
18.538878689881482 -3.1769466704288614
19.262207491411147 -2.4864429087608597
19.027242453944073 -3.4584467313706773
18.88257328542998 -2.4689666498726
17.893482445477336 -2.321659792185088
18.348585320720456 -3.2120986575461212
18.231753048624324 -2.218946997326568
19.21274535779992 -2.024900380921313
19.29998566178193 -1.0287130845954024
19.35424163275408 -2.0272401446262607
19.99106205584332 -2.798252303244036
18.999908103648938 -2.665535148929095
18.325006978159166 -3.403443321273487
19.01846368879219 -2.6829450280915883
19.982534526414028 -2.417299738189574
19.95294465899152 -1.4177376141843083
19.696774160031666 -2.3843692272938006
18.93980929282501 -3.037824803300931
19.923821454067394 -2.859723521646088
19.58151267415967 -3.7993110371006544
18.6705750366134 -4.211855120201629
19.48223702064828 -3.627727716570744
20.47954502383626 -3.701054020017792
21.388427936520564 -4.118105396985298
22.27305160533446 -3.651799741246228
21.912263759683032 -2.719151827813617
22.27571726695913 -1.7875394899559094
22.360922394599495 -2.7839029207500094
22.848385234605317 -1.9107591870993241
23.493909530934946 -1.1470194520795096
24.41830213206348 -0.765577033123748
23.426905840468404 -0.8964716205272444
22.909828331306866 -0.04053304240419908
22.13996501608474 -0.6787418451288246
22.966087107317776 -1.242233007771822
23.13204549527749 -0.2561002512598948
23.734164452584665 -1.0545066397935314
23.148725428846472 -1.8652230818893303
22.973165668881997 -0.8807543060100667
23.969933622594656 -0.9610888966387521
23.214716491611554 -0.3056141945566241
24.212227369379615 -0.23510143872908035
25.21110900047804 -0.18782050119443167
24.246398699682523 -0.4511340700415782
25.02690756215798 0.17401064568212293
24.514850405795325 1.0329620230125227
24.58480104789101 0.035411569315867975
25.019247601106475 0.9361091836122547
24.385340878415644 0.16269967570110266
24.502491851330337 -0.8304144413796789
24.31673331226618 -1.8130098643105765
23.728404660470872 -1.00438795174778
23.946867828261517 -0.028542756894172294
22.95152497332946 0.0678553817584866
22.000196928349812 -0.24032468059986883
22.949731677022452 0.07333717723940347
22.03276845435475 -0.32563456145252534
21.72104554950376 -1.2758076144230155
22.5534535256794 -1.8299709127378454
22.91855807155316 -2.7609374376904428
23.5760028505008 -3.5144401667063963
22.79066195792295 -4.133503719538434
