0 0
0.6596531769731679 0.7515701471647249
0.41824144417674464 1.7219929288780502
1.417525421958026 1.6841573404774512
1.7959101092280272 0.7585089037372472
2.773755196104071 0.9678387536688362
2.584390349659188 1.9497455491086608
1.6912493856906492 2.3995224032056113
1.3777968362294 3.3491262675807745
1.8236313470003795 2.454010862168935
2.8236313284129446 2.4538180543116317
3.055914891257445 3.426466164592151
3.2685731704817953 4.4035927972643645
2.888574581111247 5.328579863161177
2.6860472658477375 4.349303249240394
3.4452807485791617 5.000121594632956
2.4630251640609337 4.8125743560962215
1.4978703409256502 4.550894843373693
0.8578427736326675 5.319246789492805
0.9366606638088751 4.322357758462685
1.0855159968751318 5.311216742250431
0.5539197378167784 4.464218857155572
1.3596281772185281 5.0565311993170345
1.8336268229316268 5.937056771837304
1.2113114085830916 5.1542901878135545
0.6372238822067406 4.335496250330452
0.9500028071479242 5.2853222049730055
0.27238386545156 6.020735401655183
-0.2332638279687258 5.15799534222897
-0.3282232767703917 6.153476483729543
-0.7216906663483089 5.2341379098957574
-0.08504552672427068 6.005294811046936
0.730939195350941 6.583368278125161
-0.09653544973761075 6.021865195555194
-0.4812529211724234 5.098830815278488
0.4806721238276587 5.372144202805681
1.4509671737441123 5.1302195944922095
2.177435967121843 4.443020138549247
2.0262083243248163 3.4545211754470824
1.7019154415052316 4.400477900753565
2.037629633048481 5.3424417968751
2.3942352421534823 4.408186778395215
3.36394215220447 4.163915395299763
2.4726247735308875 3.710535498883465
2.9855172265940313 4.568988369803512
3.042067713635558 3.570588629010594
2.261229434113953 4.195321837055228
2.040627424767398 5.17068574528244
2.9490990618648265 4.7527392360381135
3.2615958619138943 3.8028204237393504
2.397964149919451 3.2986971590138
1.9415470077334138 2.408931239055786
2.139555365001594 1.4287309072603125
1.403208875518279 2.10533555358311
1.1291522995612748 3.067049124858219
0.5938268954503992 3.9116950339310845
-0.22609831342957598 3.3392243780515636
-0.32173340618136287 2.343807917953401
0.23667521639354544 3.173373955248801
1.2101122814969891 2.9444191992754996
1.120692058946315 3.9404131871082515
0.5725481532853296 3.1040291493081984
0.09358845266978033 2.2261922594554973
-0.8392164503921663 2.5865740192930233
-1.8253420260626876 2.752575070520065
-2.4742863018233776 3.513411010100625
-3.404804739716465 3.1471659599757
-3.071810411335261 4.090094789350404
-2.1939127971823478 3.6112464009594416
-1.4226486676114412 2.9747311674911203
-1.9948596358501434 2.1546247062147037
-2.366253687026178 1.2261493652653315
-1.3707692997009056 1.131223949324041
-0.9601181209449876 2.043016474730109
-0.1416511494560947 1.4684628944768834
0.2968836961491758 2.3671770810734687
-0.13600889264395288 3.2686225905569777
0.5637282933266305 2.5542222332152633
-0.006350410357524372 3.375812320549448
-0.5538235347848144 2.5389890548416756
0.0009606887040040091 1.7069947848085767
0.40477696292623483 0.7921546803786954
0.8158753604176984 -0.11943629565164615
1.5076457506920213 -0.8415538256560845
2.438779241721738 -1.2062323441937308
1.5389318550924078 -0.7700274831750061
2.081018164147809 0.07029533189947001
2.573002816961857 0.9408992035859223
2.106430172961996 0.0564163219703544
3.09217477309204 -0.11183225399526547
3.5988931985345376 0.7502793613522349
4.122754511504333 1.6020829330596809
5.057619329561958 1.9570868372045278
4.279963945485319 2.585777622580466
4.449385456669029 3.571321305807256
5.372905652091042 3.187771506370875
4.4672506963728456 2.763756057143997
3.5245377922951295 2.4301509305566515
2.553781880837203 2.1900822729407725
3.346612228000379 2.7995246743349633
3.2037099867312304 1.8097878661681386
3.985962977686352 2.4327487462735964
3.737564750211694 3.4014067460792283
4.424812987362936 2.674984100140578
5.420440910245538 2.5815761819726015
6.112838418444627 1.8600599377759155
5.113185892903065 1.8337003441072783
4.553291813747934 1.0051361521903046
5.549598332707035 1.0910041921096933
5.223088736291005 2.0361980788060903
6.126530015768002 2.464909933712118
7.125889254598408 2.429117312065867
6.187276376159844 2.7740895782399373
7.18519053097699 2.709534643373719
8.164338710927655 2.5063873034962296
8.841676149025448 3.2420597815400383
8.165385308007647 3.9786944931545776
7.358015134149459 3.388649238649298
7.856692804305484 4.255436745070426
6.9785959037307235 3.776953899817852
6.088208800949464 3.321749761874451
5.433757953086881 2.565645213725224
4.504250148920965 2.934447656768456
4.825597728046199 3.8814089724463203
4.095730211975507 3.1978203468937894
5.0795396058885895 3.377038304834319
4.536773235533997 4.2169220272698125
3.6223136261462674 4.621599210711678
4.442034910209112 4.048836592819797
4.891165728552226 3.1553705845047384
4.059344893736812 2.60032635314386
5.033062732089525 2.3725686501485077
5.80317451665183 1.7346596916926305
5.04143785852726 1.0867729240632769
4.324278966133831 0.38986322900872394
5.1434133001342905 -0.18373849942453668
4.492223926484865 -0.942653777730402
4.930817778072361 -0.043968385977735
5.895143977029066 0.22074840987344413
6.776822918734094 -0.25110140071664344
7.425023221740762 -1.0125712735166539
6.777059548868355 -0.2509000329950628
6.23947766169349 0.5923115149462064
6.365494955369181 -0.39971652986636574
5.568715184871196 -1.0039863349412
4.6921775269918164 -0.522653046751683
5.575399988935883 -0.9916072904871047
5.775052255805132 -1.971474104056158
6.752770821994927 -2.1813941015022595
7.694954429371296 -1.8462970260282217
8.572001868371311 -2.3267008038479986
7.5998494981253035 -2.561050476399656
6.604109147963187 -2.4688487678524456
7.599367298477961 -2.5661175389658424
8.509853031008042 -2.152577056232699
7.600332890899211 -1.736917201620285
6.817120476510255 -1.1151629785167967
7.064012559969225 -2.0842059595683544
7.143929698269424 -1.0874044492334698
8.032767281734891 -0.6291820684844835
7.037602499155558 -0.7274014938230016
6.135448489150578 -0.29598737463827407
7.1246755042062135 -0.44237696676871674
6.821223887736484 0.5104698816082449
7.241392925494854 -0.39697597336559587
6.424567200684143 0.1799085343891681
6.435214295233868 1.1798518524715726
6.0965886657191 0.23893066393571705
7.0965581107899744 0.231113444184017
6.21827490926292 0.7092542371680381
7.197176358364488 0.5049212908601781
6.1990807268373835 0.44323571453548094
6.442906342775362 -0.5265833763327414
7.101138608940442 -1.2793982830523034
7.517839946680749 -2.1884417336779807
7.092478839234664 -3.0934654506446906
6.4263008971698765 -2.3476726178108502
6.880859726392934 -3.2383893352779487
6.160869456644294 -3.9323734932147714
5.8647531256038645 -2.9772216107944125
5.236612151755541 -2.1991220561274796
5.2027220140972315 -3.1985476204240415
5.522429966044669 -2.251031485753199
5.103849025378416 -3.15921098128861
4.253267866769926 -3.685054772371322
3.258130745094803 -3.783554056958326
2.576451313367836 -4.51520503410549
3.552438374287086 -4.733033537562232
2.554640672257632 -4.666702957700905
2.8122025096945835 -5.6329647751686664
3.6987763386228933 -6.09555189762172
2.8138188503272294 -5.629880077656812
3.7741622212945156 -5.351060046383609
4.758589082603638 -5.175265408430485
4.185894136526421 -5.995033972561614
4.930986592526944 -6.661995164844275
5.90566823790542 -6.8855923252965185
5.641544087174425 -7.850081015225348
4.833950253734967 -8.439820110241579
5.743601943971305 -8.855191994762155
6.581256119395215 -9.401392948985864
6.565663874805538 -8.401514515420734
6.690242511176133 -9.393724253006514
7.423017329074876 -8.713253044024485
7.771590028853063 -7.775971297179201
8.731986554871108 -7.497334413740434
7.755573221053587 -7.281424706817949
7.412753676342589 -8.220825984102659
8.196446308855904 -8.841974805033963
9.08018359738692 -9.309958143262847
8.245463678437442 -8.759283414490064
7.271951818225626 -8.987919933941638
6.273559783735453 -9.04460631208112
7.069243447093065 -8.438893915092407
6.921245492654184 -9.427881582094331
6.3406910238851255 -10.24210299472868
7.049888545495879 -10.947112835327495
6.454824699532686 -10.14343440509094
6.077189554558642 -11.069388884145084
5.972228924953446 -10.074912506229108
5.462095940466053 -10.935008046351243
5.3520106754345305 -9.941085899287932
5.567819515021546 -10.917521531962254
4.571111678086603 -10.83644448346845
3.5783235591942706 -10.71656224547539
2.642608862344778 -10.363804529613835
2.050833200647707 -11.16990723164565
1.5226932857247157 -10.320749866803812
1.8679445339722376 -11.259260162742821
1.201463483218237 -10.513738191915776
2.154311717879767 -10.210290928454057
2.7500276574802758 -11.01348612223069
2.8561823066935417 -12.007835754126035
3.468611017310064 -11.217309932654919
4.434142299909054 -10.957022894324636
5.43120088793255 -11.033666041758641
5.933833971350459 -11.898165887596573
6.411009783148858 -11.019358033378975
7.305232942424162 -10.571736606930582
7.921517724495268 -11.359259982702735
6.978821716355989 -11.692912850573324
7.5816872037181415 -12.490755694840033
8.454505752971073 -12.00271084026209
9.218090501827165 -11.357003219651663
8.238042612634644 -11.55576472218493
8.48499814922274 -10.586737909888962
9.468951383200526 -10.408311361010561
8.680790981907574 -11.023781248034883
8.02567616296862 -10.26825191438424
8.936680445028088 -9.855855020519467
7.969121882416605 -10.10850186478474
8.90458001073502 -10.461939398392884
9.788511901523616 -9.994323730940547
9.661418933360554 -9.002432921706232
10.07473932608477 -9.913018586516687
9.10757295778756 -10.167162671702204
9.35085964451351 -11.137117097467616
10.331967051450235 -10.94365326091438
10.458869601828308 -11.935568450185892
9.57910140771149 -11.460165542516581
10.53572127399996 -11.168826510764514
9.914314067349817 -11.95231427935013
10.283823609311451 -12.881541215248625
10.881049232349197 -13.683614500670334
11.688242704471008 -14.273901463565444
10.734797400552827 -14.57546746369869
10.719476632715796 -13.575584833550089
10.111344946304754 -14.369420995477007
9.9409859386843 -13.384038933268357
9.752557327656914 -14.366125822777779
10.751631093711422 -14.323095484855987
9.755947710050284 -14.230280618045176
10.706959570808438 -14.539435014257348
9.720704590663459 -14.374204526334482
9.495787492585334 -15.348582429918157
9.22936686419063 -14.384725568778613
10.171519808967279 -14.049542292571862
10.960161201347539 -14.664395733828007
9.964121254988905 -14.575488899119472
9.961031528689649 -15.575484125903778
8.997203215561687 -15.84200801378797
9.866971601896857 -16.33546819873901
10.528620069079835 -17.08528237963613
11.118733706758787 -17.89260257300758
10.587994541999828 -18.74013778701993
10.285877214900824 -17.78686703814186
9.361938828460453 -17.404325722645137
9.146295791300759 -18.38079798570464
9.695850818096623 -19.216255508576626
10.607384508250574 -18.805030106012143
11.603367273650367 -18.715484971992588
11.931497202593084 -17.770852371595986
11.369953046587248 -18.598299143815016
11.666227883803819 -19.553401871709923
10.702676246393453 -19.82092428580602
9.76500278513275 -19.473406689061086
10.146480696005948 -20.39778464396688
10.75784154407628 -21.18913659692253
10.665312349566042 -20.193426625011387
10.040711119066591 -19.4124827711662
10.11062039935531 -18.414929417941664
9.798675191157832 -19.365029511133237
9.499387469283326 -18.4108666007583
9.00509471343689 -19.28016210374778
9.027982384542817 -18.280424060802858
8.055208933120737 -18.512182150647362
7.569480334165744 -19.386291828066174
8.32091185137439 -20.046102918413638
8.407920149869048 -19.049895331616053
9.27882103260542 -18.55843663299631
10.195981723289378 -18.15991904560007
10.157161457826522 -17.16067283620551
10.989884904295847 -16.606983698060063
10.291076140306634 -15.891675155281586
9.29261722635336 -15.83617923518604
10.18801517026977 -15.390912436479617
9.907572357223332 -16.350783171844853
8.926071494808987 -16.159325455677816
9.838005293969035 -15.748988099409196
9.034488476229077 -16.344270153236664
8.973063975770337 -17.342381885831465
8.242323858137796 -16.659726130357022
7.759208880471468 -17.535283049326008
8.402164097068681 -18.301186822296497
8.153476236931064 -19.269770503875
7.547419608907662 -18.474349003267367
7.267292351764431 -19.43431187744814
7.795372277344072 -18.58511720471414
6.999629312202875 -19.19075169302231
7.497484669312151 -20.058011771313474
6.498797225948762 -20.006792727313236
5.689277642809132 -19.419699851770158
5.763824105648348 -20.41691739317131
5.288036575368506 -21.296477638993167
4.624445123041648 -20.5483824683105
4.19243887765915 -19.646511854557886
4.666287703422487 -20.52711806071516
4.821079793669077 -21.515065128526533
5.098630410378616 -22.47577614395425
4.2403495050708 -22.988956314638965
4.240802282857402 -21.988956417142834
4.302335677912299 -22.987061442324563
3.3129382415510826 -23.132294747464442
2.3722432128855204 -23.471548138079623
2.3146339953334425 -22.473208928164958
1.5117272298806435 -23.069313554879198
1.4857074427147015 -22.06965212685677
2.348541203349466 -21.564164341139975
1.7780245898578109 -22.38545040197993
1.479141706418357 -21.431160602188
0.94496605217617 -20.585787092776375
1.9408442113696232 -20.676488206559277
0.9803276382185419 -20.954710981870903
1.469725659401489 -21.826771516961337
0.6724731136581001 -21.22312561222439
1.6711977919279999 -21.172637821475682
0.6757065423625507 -21.0777843975068
-0.25371863416334384 -20.70877377267357
-0.012726162061946877 -21.67930075755882
0.4163744955074666 -20.776044079934184
-0.16166779528982794 -21.592050887534352
0.8211458715542845 -21.407450518454468
-0.03710811639052447 -21.920675705070277
-0.05489662290583397 -20.920833933070348
0.031482196977555166 -19.924571568291093
0.11791322285807607 -20.92082940528172
0.45200726404245506 -19.978289659888937
0.5495619939932406 -18.98305949823575
1.5341628318913416 -18.808241907558045
1.0324649549672444 -19.673284819955953
0.03518940330734488 -19.7470511677132
-0.20859583139940763 -20.716880410074438
0.5884817691977318 -20.11300351978445
0.5236238286333719 -19.11510901256149
0.5032681950885941 -20.114901815187608
1.0449529525460397 -20.95548353253475
0.7845707315986026 -21.92098915085837
0.535962720395811 -20.952384971244328
0.2697159537753332 -21.91628987281094
-0.6437283086599133 -21.509326017629512
-1.5689145076706001 -21.888839518259143
-2.5056449580868745 -21.538788003103267
-2.761092985677009 -20.571965214170202
-1.762021927721231 -20.615058382481692
-2.6750983937461905 -20.207269997174592
-3.314347225802668 -20.976269952125456
-4.099170990986918 -20.35655093708556
-4.5939490604245306 -21.225570305111148
-5.023944618831608 -20.322739302237306
-4.025907259977063 -20.260117977349985
-3.025915810352899 -20.26425327402171
-3.919275110533248 -20.71359630643823
-4.629326562153015 -20.009446509837634
-3.9429725659017745 -19.28217888933611
-4.090767608720583 -18.293160878722457
-3.090771587280913 -18.295981712789093
-4.090104688293138 -18.33249682228213
-5.079968807943619 -18.474514513534242
-5.340203898890275 -17.508969228506146
-5.44262111351305 -16.514227697178075
-4.771316630473207 -17.255409382765766
-4.0957656872878045 -17.992722696874033
-4.3058550211505136 -17.015040503215417
-3.3069361929397414 -17.061528938831366
-2.706495891860435 -17.861198523622356
-3.123681359368334 -18.770019895345214
-2.2117658382989402 -19.18039787042762
-2.7368569257360282 -20.03144390319796
-1.8662181532421396 -20.523366791291547
-1.001710504383206 -21.025986453724684
-0.8332687358365541 -22.011698059930513
-0.37877464420824064 -22.902447811923157
-1.3022815746285736 -22.518866074264004
-1.6771267310306706 -21.59177864110471
-1.8024403209380417 -22.583895823792584
-2.6244870544569707 -22.014475796123325
-3.5081537679424555 -22.48259238360743
-3.9750545620358073 -23.366902085281563
-4.218634036339044 -22.397021144290267
-5.169223963589396 -22.086571808310673
-4.263957170008304 -21.661728269535033
-3.3098954618081673 -21.362118094563893
-2.956064228528659 -22.297427379429546
-2.388851951333095 -21.473855747694564
-1.395224681065352 -21.58657153088518
-1.0881290654933555 -20.634892865107464
-1.99912833439577 -21.047300833094585
-2.9334303591615702 -21.403783268171722
-3.5783728452877277 -20.63955215810788
-4.042464605120985 -19.753765028795836
-4.754367130034407 -19.051486739923188
-5.510136845590921 -18.39664925088669
-6.07422517747654 -17.570934800346734
-5.996252821471255 -16.57397927892214
-6.277030909256731 -15.614206563421467
-5.33656144836508 -15.274328360045365
-6.188440213897665 -15.798067387457566
-5.372048720971974 -15.22056853007466
-5.129395561569836 -16.190681639063587
-4.219112621965096 -16.604668317429635
-3.3075722291569054 -17.015878862380866
-3.2075250351033064 -18.010861555176074
-3.8858592910143974 -18.745615008558598
-3.7751172191269746 -19.73946418902517
-4.6107511129097265 -20.28875099531263
-5.6083038307490005 -20.218832649140275
-5.065187830863295 -19.379174974448887
-6.063941206096551 -19.42909185997051
-5.127764974632948 -19.077560831976385
-4.803551507041158 -18.13157688526687
-5.631281594847268 -18.692703343153585
-4.983816520709746 -19.454798466987935
-4.369316605505428 -20.24371535374717
-5.361447362259802 -20.36892142988565
-5.562036110214368 -21.348596965047175
-4.563103236228441 -21.394782604267775
-3.6148295173646465 -21.712236465659046
-4.457895153813881 -22.250047150415725
-3.55681221573978 -22.683693940686037
-3.4727833116627846 -21.687230623107503
-2.577521540925836 -22.13277115084538
-3.3161995278130796 -22.806829628789398
-3.927348526727345 -23.598345201046882
-2.9310350733470543 -23.512557657583752
-2.2348379219219927 -24.230408287135354
-3.1746130535685704 -24.57220164859613
-3.868176976088501 -25.292596738375877
-3.0163555954512735 -25.816429092750145
-3.999270906409441 -25.632370701243513
-3.012068011331259 -25.791839958309744
-3.2544735579939155 -26.762014968783205
-4.075334849855645 -27.333142572321233
-3.4871978722344146 -26.52438123820927
-2.4872230767007384 -26.51728135811291
-1.531954213576936 -26.221542623507247
-0.6555024033992465 -25.740053034381738
-1.5924110207505904 -26.08962740806035
-2.3463925662657825 -25.432731808271065
-1.8288566010997225 -26.288393262795946
-2.6804253931773414 -26.81263613814998
-2.5633405975383203 -27.80575805948198
-1.5647064086335203 -27.858005133567065
-0.7769297328947332 -28.47396609755906
-1.5763881669647017 -29.07468750736097
-2.550623017740423 -28.84915157777544
-2.2184690480888096 -29.792376757912546
-2.215979145808996 -30.79237365810106
-2.678028374544529 -29.90551938020367
-3.6589673661418725 -29.711203413891102
-2.6815876226420534 -29.922695345170354
-1.7449644076641757 -30.273033686155898
-2.023805323454383 -31.23337099339814
-1.1769683830058697 -30.701518385722103
-0.6915268335195942 -29.827249261234474
-1.2549569241884881 -30.65341300585708
-0.9370669223837609 -31.601540606316316
-0.17353607582903252 -32.247311963965
-0.609054673209414 -33.147491696760525
-0.5006623471405541 -32.15338350161807
-0.5895314138745232 -33.14942681843609
0.4098912296816174 -33.18340297989167
0.1192630421992118 -34.140239045600254
1.0826453350536591 -33.87210744020002
0.48909611330713987 -33.06730975048906
0.8544105263293025 -33.99819394287728
1.654341785717718 -33.398102299664956
1.0072488031262312 -34.1605133907968
1.6672333966361212 -34.911792524228304
2.5613224175651075 -35.3596818215488
1.8234383731325239 -34.68475431657377
0.9917070542686305 -34.12957595494489
1.9858329086964663 -34.02134571167562
0.9971070221188778 -33.87160887181528
1.995576121655744 -33.92692123273072
1.7967279817507693 -32.94689091827288
2.601353685740064 -33.54067326600623
3.6013427778127056 -33.536002534186366
4.2553875324635415 -34.29245838809572
5.252409647719038 -34.21534223095951
4.670694263220411 -33.401949821702075
3.7407255680972384 -33.76958853850283
2.9196370789294943 -34.34038946085337
3.826972508306725 -33.91998201729791
4.4302708843123515 -34.717497577966775
4.755716045787487 -35.66305849449856
5.193708982477269 -34.764080081292846
4.369070158241051 -35.32973970470812
3.398124214432727 -35.569038626983506
3.9586115940569915 -36.39720159239667
3.010687960101716 -36.71569929127222
3.167417863181186 -35.72805778876197
4.167365551366231 -35.71782935323233
4.110592266010064 -36.7162164495381
5.110306942696096 -36.692329942498695
5.370778548279289 -37.657811450703235
4.826027594603763 -38.49640932720281
4.251426611823608 -37.67797563374434
4.995116503850063 -38.34650038608914
4.956456979439983 -37.34724794492505
5.479980348813833 -36.49523662943714
6.18218348798884 -35.78325997860316
5.219256926590854 -35.51349630915479
4.407508004338139 -34.92948972766657
4.464424536192769 -33.931110787383055
3.9008017980473086 -34.757143116681014
4.899908664425528 -34.79939793363596
5.135114505661443 -35.771343514544945
4.295272396150102 -35.22851275722593
5.256622536307755 -34.953184030030855
5.40917831715618 -35.9414788917648
5.115649589747055 -34.98552863877798
6.081369439450623 -34.72594209850958
5.14291246678929 -34.38054593399219
4.420732102371307 -33.68884114056575
3.8827078943965088 -34.53177052766356
3.6850847398977775 -35.512048594747576
3.187662835346889 -34.64453983463448
3.1681768216757153 -33.64472970502426
3.9962136727435054 -33.084056026960326
4.929472208182267 -33.44326140836586
3.940128173869276 -33.58885804901837
4.3293143100834435 -34.51001718368441
4.964635214046872 -35.28226542679481
4.064019588137147 -34.84764893565897
3.1268592190614433 -34.49875003535418
3.5262963952278747 -35.41551060513027
3.75559877148915 -36.38886584359202
3.1187982277164084 -35.61783726600832
2.4146813965625014 -34.907753124454814
3.3128527359416866 -34.46810753410072
3.2283295747050667 -33.471686019271495
2.258540518702415 -33.227740970423426
1.593985734856639 -32.48050142431542
1.1078221688048036 -31.606633592750622
1.4191611522790486 -32.55693251275907
1.0643421107835394 -31.621997516199304
1.9554196412266394 -31.168146401031095
1.7068842582446755 -30.199523583105556
0.7356172404301815 -29.961531188046933
0.5077557587031218 -30.935224746177596
-0.4899273047826106 -30.86719163046382
0.48344131495894327 -30.63794606321677
1.4806350037183056 -30.563081204314237
1.6866974916613118 -31.5416200390381
0.7284402163770528 -31.827527356826206
0.78376284884992 -32.82599588729488
0.08639445361684728 -32.109283028940816
0.19002244800610973 -33.10389915528246
-0.675771622768762 -32.60349868864491
-0.20990297810578806 -31.71864479905642
-1.2095161100197944 -31.690831375946857
-1.926070405455528 -30.99330005644027
-1.1329520279194807 -31.60236757257833
-2.064774712504092 -31.23945369230709
-1.2037710889235274 -31.74805251277479
-1.4470463277708754 -32.718009809857385
-2.4406420977888867 -32.605016687047566
-3.3760290604967773 -32.95864252037441
-4.014642030582473 -32.189114434832156
-4.950824404380456 -31.83759976516676
-4.74366877025199 -30.859291764970077
-4.901013188878767 -29.871747976610795
-4.2253613027721 -30.608968790750293
-3.8665220344133555 -29.675569423124752
-3.333122967466508 -28.82970570160678
-3.3273965413622544 -27.82972209771916
-3.774832448033651 -26.93540609684411
-2.8466811459911225 -27.307609214129226
-2.545532719421657 -26.354031936099418
-2.055717311182561 -25.48220576887824
-2.7332876917878535 -26.217663707394372
-3.705648740012782 -25.98418139137254
-3.435952264982703 -26.94712677474397
-2.6892067983848946 -27.612236696573156
-3.2142656894363597 -28.463302593509347
-3.6125136941566325 -29.380580374084197
-2.6215785535673013 -29.246239214549217
-1.8172392479963293 -28.65206896831199
-1.448261030948325 -27.72263092554417
-2.2172171765936657 -28.361932455398637
-1.2598566477960595 -28.07303659544151
-2.1623964177172477 -28.503643102255573
-2.7969846980599553 -29.276493485222215
-2.5408402600710174 -28.309854965977646
-1.7216811131297312 -27.73628867339899
-2.592612752916515 -27.244884482515047
-1.6502615166732375 -26.910259098614233
-2.6327950583095174 -27.096344669144752
-1.6404632462983961 -26.97274218182866
-0.7843947970725418 -26.45587971439652
-1.7833484314409438 -26.41014530303963
-2.4701665592329953 -27.136974622299814
-3.460466667453282 -27.275919559807047
-3.1535826602023898 -26.324172636463643
-4.148847495936157 -26.226972293090597
-3.8480975182673096 -27.18067531339209
-4.847805322749081 -27.20484772862592
-5.4731191671975505 -27.98522109820043
-5.077176524662947 -27.066945854157165
-4.152115187121162 -27.446763602275134
-3.3352552943670912 -28.023599727712686
-3.9845437640598984 -28.78414195739094
-4.8410216461117805 -28.267958232777385
-4.165984151429032 -27.530174808748058
-3.6110599748116066 -26.698273878224793
-4.4692805444161605 -26.184992811062138
-5.448203140644623 -26.38922442123384
-6.407464985187591 -26.106705902187702
-7.401222704765768 -26.21826572819501
-6.711666381371073 -25.494033668102123
-7.594543508563036 -25.024429602658408
-7.569577637467625 -26.024117906721454
-7.3207821999089555 -26.9926739609847
-6.332706745607701 -26.838703520291137
-5.758207118865908 -26.02019867676635
-6.756183556574443 -25.95661385327376
-7.750989245342118 -26.05840600226115
-6.752841258827388 -26.11923853481233
-7.419678064464337 -26.864442315430697
-8.257717775279115 -26.318833075133682
-7.42206526380628 -25.769574593115294
-8.285115658329211 -25.264456768727943
-8.569834554724167 -24.305845716196398
-8.51367385502805 -23.307423973740015
-9.458539013626783 -23.63488363853278
-10.427537623304055 -23.38781746431317
-11.426471100915515 -23.433990046080652
-11.372474097623023 -24.432531143700288
-10.867525952753017 -25.295680824226405
-9.995845464213936 -25.785755436811336
-9.679307162946262 -24.8371757069886
-10.334029681978405 -24.081306390855048
-10.991913004760134 -24.834426257546713
-11.870256027124794 -24.35639536412735
-11.320170268074998 -23.5212871928761
-10.34954585084316 -23.76188694489874
-11.251532561624021 -23.330123151170362
-11.976936970867682 -24.01844607178964
-12.85121522352407 -23.533020962290667
-13.745286884996649 -23.980944911362005
-14.745041433199075 -23.958789926628096
-15.401603055926685 -24.713062314801817
-15.944262475709163 -25.55301514331146
-16.05630377805158 -24.559311592663974
-16.6179191705412 -25.386710015987784
-16.39523579368713 -24.41181919457604
-17.393713833060126 -24.46696994153256
-18.258701052722202 -23.965176049758988
-19.13989798606336 -24.437925417468918
-19.076616973379238 -25.435921165673122
-20.048311585608552 -25.672161679904956
-19.288828691059887 -25.02163440692712
-20.287662499261994 -25.06991508207235
-20.90601980921617 -24.28401799133703
-21.716672885065144 -23.698491227972113
-21.948779583036355 -22.725800896593775
-21.00420401324838 -22.397506831829084
-21.241966270314304 -21.42618345153037
-21.386724742627276 -20.43671643101194
-21.04834440308228 -21.37772586019393
-21.92368031406507 -20.894210562665585
-21.047689441533084 -21.376538243024743
-20.394984018645374 -20.61892644867821
-21.32785428447636 -20.979138979177115
-20.8180041480618 -21.839402217028212
-20.0687581987751 -21.17711035728851
-19.118641898693046 -20.865214515189923
-20.11763278555315 -20.820301176742785
-19.182663336055906 -21.175029422737975
-20.169775931115893 -21.01500216045452
-20.283880585744516 -22.008470895640528
-19.39265265221287 -21.554915198407087
-18.4090613944031 -21.735326499494892
-18.092894189895446 -20.786623016422432
-17.394632112941125 -21.502465228007804
-16.62436501327729 -20.864743819259857
-17.583478007827676 -21.147767252361422
-18.315368282454095 -20.466344750599653
-17.944266780924398 -21.394937059184212
-16.99515966727907 -21.709890526902598
-16.048536793073854 -21.387547333967714
-16.651955787607868 -20.590123032208883
-16.393020934272823 -21.556017820334567
-15.869345057337519 -20.704100232820352
-16.181446787065248 -21.654148921204772
-15.6804898993519 -20.788676682104896
-15.842935368708181 -19.80195915946449
-14.949093522549529 -20.250341534291707
-13.996783148246084 -19.945210495237934
-13.738644113952656 -20.911318273373507
-12.74701308314709 -21.040422489971924
-13.539390354226539 -21.650453850048343
-12.964337429033327 -22.468570060147332
-13.435672305605006 -21.586615733593423
-13.203747166441905 -22.559349371247727
-13.70926364734087 -21.696532422214197
-13.166227062332148 -20.85682338490302
-13.569907204085656 -21.771723566974195
-14.564224655529232 -21.665267915387478
-15.43140070711175 -22.163269617755805
-16.00650391078807 -22.98135048485956
-16.28999643438263 -22.022376038346003
-16.30129338961379 -23.02231222571123
-16.249919233177174 -22.023632749577658
-16.249749305814603 -21.02363276401531
-16.519985755688968 -21.986426750888565
-16.39317537989675 -22.97835372833773
-17.005465518794523 -22.187720573323
-16.967074888296583 -23.186983381341975
-16.533499005738307 -22.285866322318114
-17.476492891025767 -22.618676376719204
-16.745255053482236 -23.30079896463479
-17.601721882328285 -22.784596900432806
-17.987316621094173 -21.86192865158273
-16.99995901651949 -22.02043720242004
-16.17239387613398 -22.58180690094207
-17.16047977525622 -22.73571029907154
-16.480955662469096 -22.002057124784894
-15.577959229617479 -22.431705169418233
-14.67727364479799 -21.997233677489962
-13.690975642763094 -21.83226019118998
-13.701545442405484 -20.832316053082497
-14.637835491743518 -21.183543818941892
-15.636228715858302 -21.240209240864676
-16.422790337029223 -20.622697446563567
-16.47735351018816 -21.62120776705847
-15.52445115373093 -21.317930502730498
-15.804641260265965 -22.27787503456548
-16.677474001739157 -22.76589450693558
-17.329643662284926 -22.00782146700894
-16.5514247429106 -21.37982838302803
-17.529389125726077 -21.588600186546472
-16.923731270209842 -22.38432536652476
-17.823351414351205 -21.947652037530332
-17.47606090077458 -22.88540962837121
-18.08717518277487 -23.676952005212318
-17.08729599609961 -23.66140813009639
-16.896418243166277 -24.64302194592985
-17.79160047142979 -24.197321622617
-17.870024388343346 -25.194241724358328
-18.865721174821655 -25.28691269822162
-18.07765850139048 -24.671317683017218
-19.01295240474145 -24.31744579326825
-19.447588835744103 -25.21805179638242
-20.418787713357634 -24.979781487442725
-20.307543172135944 -23.985988424452056
-20.845463748524136 -24.828983948460454
-20.952385573155347 -25.82325137899287
-21.946033293229302 -25.710716013921118
-22.909291582677454 -25.442139269191756
-23.27096874462078 -26.37444266966213
-24.25336025010532 -26.187608706069263
-23.62721989647002 -25.407898338336818
-24.627134462383843 -25.39482696222834
-23.76708553588033 -25.905038530129495
-22.886965011293334 -26.379788845769948
-23.067887166673533 -27.363286265030712
-24.051139562807876 -27.181037189598015
-24.935724381940865 -26.71465783996999
-24.057264110889932 -27.192473235478676
-23.10189799607223 -26.897048817635252
-24.008896602643052 -26.475915195516823
-23.75600133848123 -25.508421533850495
-23.48563313293599 -26.47117852989376
-24.39241280586496 -26.892783350505233
-23.925712090207732 -27.77719866132082
-22.954216851009672 -28.014257726145406
-21.963746361176604 -28.15198284647514
-22.96367998872439 -28.140461540163614
-23.557933223195032 -28.944739535213323
-24.521634679758535 -28.67775732116642
-24.313610851098453 -27.699633562785305
-25.147688310981472 -27.147986219897575
-25.9899541005203 -27.687048683599635
-26.081869503393527 -26.691281864151097
-26.884280336403453 -27.288053893546174
-27.570087918835263 -28.015836800654494
-28.16858683329751 -28.816960417449998
-27.572707498951857 -28.013886436486985
-28.48881447575926 -27.612952517935806
-29.481130585166568 -27.736681007018728
-28.960180403945913 -28.590268090265752
-28.220321051983 -29.263029667136056
-28.27007633799264 -28.264268228396006
-27.272419017811366 -28.33267781463008
-26.48903233946124 -28.954212457416432
-27.348483528192435 -29.46543027223565
-28.14523473446399 -28.86112280471202
-27.363167298802672 -29.484316615719585
-28.34008178296891 -29.270685881446123
-29.3380363152599 -29.334613586550184
-28.736266761721176 -30.133283358379447
-27.872369340817485 -29.629615564932266
-27.970347448793703 -28.634426994681682
-28.590456748571 -27.84991156696231
-28.564871146655225 -28.84958420186566
-29.227916831649253 -28.10100526841188
-29.920575637454704 -27.379739867369956
-28.99966890038174 -27.76952286034634
-28.160443565123884 -28.313306674615706
-27.363053019540008 -28.91677027568328
-27.887358262922596 -29.768300669598567
-27.892170347212957 -30.76828909145393
-28.85545779081959 -31.036761252002844
-29.836986095600892 -30.845444271802066
-30.430928795608747 -31.649951617391515
-29.430934958020433 -31.646440950019784
-29.39239361333042 -32.64569795637475
-28.392433258225225 -32.6367935631952
-27.765282722078933 -31.857895492192696
-28.666771641019835 -31.425093309865986
-28.640490022416188 -30.42543873126217
-28.53801801825909 -31.42017462001055
-28.5299423301521 -32.420142011109675
-28.101856709790688 -31.516403829090244
-28.008952512308152 -32.51207888154969
-27.533254136079545 -33.39168734834242
-28.4124693131561 -32.91526246192459
-29.104570283518555 -32.19346176448564
-29.874444858160448 -31.555266544102437
-30.840545722991006 -31.813431450651812
-30.453452499402857 -32.7354720334095
-30.680270877312097 -33.709409107066016
-31.07871007542843 -34.62660385487283
-31.012468974549872 -33.62880020858044
-30.94342211126263 -34.62641362602739
-29.944789879641725 -34.57412915445264
-30.044811875155528 -33.579143928223914
-30.450472706873736 -32.66512024712495
-30.88525005530862 -33.56565822927114
-30.111357381505016 -32.93234146063707
-29.112023400837984 -32.96883248808466
-28.17723373657086 -33.324034238614345
-27.601065845243426 -32.506702873130735
-26.707124911925472 -32.954887665084485
-26.1175171677635 -33.762577400084396
-26.431909800624346 -34.71187043829906
-27.301376861305247 -35.205861359663935
-28.29965922257997 -35.26444742599177
-27.35080713101526 -35.58016836025695
-28.053101480192126 -34.86828167888537
-28.695515420371883 -35.634639512708915
-29.467452830633214 -34.99894097201606
-30.423650940764805 -34.70622067176209
-31.285962058161125 -35.212599518886165
-31.800875064906673 -34.355357082066654
-32.604610955342636 -33.76037084825522
-32.594620599686856 -34.76032094340691
-33.08934918293102 -33.891273402175
-33.581394080865074 -34.761843226150695
-34.18012113581875 -33.96089009789256
-35.103980021329264 -33.57815682306103
-35.760990381548424 -34.332038369833924
-36.73182043088752 -34.57180704022323
-36.29822073913497 -35.47291264297581
-36.13614719092232 -36.459691323820586
-36.611051131337604 -35.579653684069854
-35.918835540664055 -34.857962908163394
-36.639168578940236 -34.16433453938959
-37.063437360516495 -35.069870845111126
-37.53643016854423 -35.95093713294312
-36.78275099781128 -35.2936946300545
-37.2169059927528 -36.194532817726035
-38.2169044823433 -36.19279476803801
-37.22875775981529 -36.346307160883484
-37.8675898718985 -37.115653333013626
-38.153585831916466 -38.073884156382086
-37.66737440686345 -37.20004295218769
-36.83396797607287 -36.647382368178924
-35.9507568086385 -36.178406853125935
-35.15290504025792 -36.78126052997628
-35.79246454880274 -36.01251893813289
-34.80984055365769 -36.19812627679487
-34.70909422403651 -37.193038422196594
-33.783290318286866 -37.57104255987064
-32.906003381826025 -37.09107627864336
-33.70893077927353 -37.68715311465376
-34.297057378164226 -38.49592199615036
-33.362173892390366 -38.14096725533498
-34.12323576127649 -38.789646553391854
-34.84460565869761 -38.09709657606557
-35.733146142713096 -37.63829835433239
-35.59978781721054 -38.62936624152234
-34.60376985164204 -38.54021349470661
-35.57682904002803 -38.77076894551531
-34.72738849990362 -38.24308459972405
-35.64676413288378 -38.63646538914103
-36.52917028694531 -38.16597694159493
-37.34882323565939 -37.593116536553424
-37.92267668957598 -38.412074541232535
-38.81714435089579 -38.85920718693521
-39.608840512934606 -38.24829214618649
-40.60393522964437 -38.34721891089814
-39.66697126735202 -38.69664491646357
-38.835155524681625 -39.2516967791266
-39.81591802777907 -39.446901575476566
-39.87735017530759 -40.44501283743589
-38.909617667525715 -40.19303308947547
-38.719053015384844 -41.17470773687879
-37.81454533018573 -40.74825041496282
-38.801399224396164 -40.586635466762786
-38.43892721669823 -41.51863012535018
-37.65061725159611 -40.903351815216716
-36.71779438778119 -41.263687082355716
-35.73273706587111 -41.43591388790976
-35.12429887409868 -40.64231262355046
-35.98218659321058 -41.15614981702421
-35.1056642316238 -41.63751095965865
-34.47532746591307 -42.41383277552713
-34.15602070875563 -41.46618136554897
-33.565854870598606 -40.65889933089663
-34.3913564067598 -40.094499460418696
-35.16874407606666 -39.465477670963324
-35.17745032435973 -38.465515571061204
-34.276587060101726 -38.89961853017392
-35.057214620889425 -38.274622041112856
-34.09409844183235 -38.54370794865633
-33.955576180142266 -39.53406726881052
-34.449675856851506 -38.664662006878075
-33.45404760622798 -38.758066431614445
-33.2841502094832 -39.74352818864987
-33.23034158197911 -38.744976922261344
-33.318154069348466 -37.748839900028955
-34.259574910471166 -37.411605856818866
-33.855908073368646 -36.49669980447051
-34.84528559313946 -36.64206872608774
-34.33979873855812 -35.77923441995158
-33.956540250498726 -34.8555932930357
-34.716718932298164 -34.20587922381935
-34.022528515295086 -34.92567062758929
-33.037518986783276 -35.09817056596882
-33.94597641396435 -35.51614796129008
-34.93614298578642 -35.376254573147044
-35.34239263930355 -34.46249244927825
-35.19912614834925 -35.452176597160616
-36.02996161242262 -34.895658464807326
-36.71434247911847 -35.62478316559631
-35.85757088656755 -36.1404792371324
-34.97619488100679 -36.61289466535397
-34.0197778405261 -36.90489885141671
-34.915043662301734 -37.35043123897165
-35.59185622201071 -38.086586629511025
-36.445639167395086 -38.607215751027276
-37.442471121290325 -38.686752256440855
-37.74921763986596 -39.638543501064234
-37.47629641184091 -40.60057988462428
-37.80095854499294 -39.654749826264336
-36.96094900937717 -39.11217819037228
-37.94456105853988 -38.93188027928641
-37.43947948137974 -38.06880867135725
-37.3335541976735 -37.0744345796434
-38.33304901244558 -37.04265226941077
-37.60650757570801 -36.355529616092376
-36.81155518463134 -36.9622014350534
-37.77759609080179 -36.70381225647703
-38.625034264840885 -36.17291816046421
-39.61065952753829 -36.34186442864637
-40.06909693850858 -35.453137732623986
-40.11020913499305 -34.45398319637835
-40.11064467038779 -33.4539832912239
-39.13758582487782 -33.68454018913589
