0 0
-0.7623864183183454 -0.6471220512111489
-0.2382506943185626 0.2045126960997059
-1.1398513082192785 0.6370821506545232
-0.7712910180122701 -0.2925216964128853
-0.5855029937535462 -1.2751115447433268
-1.3538323772028 -0.6350568919764794
-1.6277734856595882 0.3266895762247125
-0.9717644065937774 1.0814425743527272
-0.028857822718182158 1.414499887865064
0.6878301769945728 2.1118938303880332
1.5960106472078943 2.530472656325407
2.3081265483935245 1.828410733644382
2.676186877830142 0.898608822539114
3.055044294928184 1.824063876828516
2.3706945258325076 1.0949099880377515
2.020635675852079 2.0316376974338066
1.3352712192070504 2.759837918230027
2.1054602252039096 3.3976536400820128
1.9524780709447795 2.409424688634912
1.8277330129858949 1.4172358605810813
1.6144319396071682 0.440249344760375
2.2901533691979408 -0.2969077277769525
1.3904688510948235 0.13963295519035318
0.3952200745402259 0.042268317017264564
1.1961732086262953 -0.5564587301400381
0.45108635599824376 0.11050872187004634
0.6512311817722887 1.0902750453961598
1.640472162732655 0.9439798589115318
1.977941578918588 1.885316351956992
1.317255828995271 1.1346537514177988
0.9998297037246108 2.082936755059462
0.06571981945000882 1.7259511473656928
-0.7361485851223484 1.128450468078562
-1.2558454786535482 1.982801179937586
-0.570574839460989 1.2545126718169228
0.3532302703009317 0.8716496164331919
0.26543171701577284 -0.12448863403259214
1.1256950762105946 -0.6343385657054725
1.1277716388879815 -1.6343364096468718
0.14055648586609693 -1.7937297647278698
1.1331823566137964 -1.9149480831552885
0.7351072045431437 -0.9975952757229862
-0.1818920648152803 -0.5987063939575046
0.7000590344878426 -0.1273654786552012
-0.2885296251831081 -0.27800565248009207
-0.12393325624604407 0.7083553541157352
-0.4392168165285315 -0.2406421572696209
0.4199264282733014 0.2710930134108569
0.007603051771249203 1.182130572016399
0.9214847538508183 1.588111156040007
-0.07836301546074598 1.5706629984670994
-0.09071477050137851 0.5707392843031557
0.6777880703996757 -0.06910709063930565
0.3244320692356019 -1.0045960197246986
-0.43008094531217606 -0.3483109361839978
-1.1783871903618977 -1.011664359043627
-1.9623848308142715 -1.6324281625672459
-0.9772172562952345 -1.4608331448182517
-0.822720041133486 -2.448826368735938
-1.3056858734147037 -3.324465566607362
-0.4685467505130453 -3.8714555929400567
-0.8630891245112713 -2.95257784529359
-0.9419950733186966 -1.9556957804319537
-1.8937437078199382 -1.6488170800876287
-2.1424525421963567 -0.6802387839736165
-3.086538608886606 -1.0099378872197942
-2.9226014229333512 -1.9964086668487337
-3.2664440587452708 -1.0573813819427458
-3.2988109677439184 -2.056857436284156
-2.2993024457096487 -2.0255091607196296
-1.6760209227253384 -1.2435116267680457
-0.6925888471705343 -1.4247886323974688
-0.24194882911582966 -0.5320828722907831
-0.1406477481438368 0.4627729418822586
0.6751804851204843 1.0410672387664803
-0.14522133970403883 0.4692798256271279
-1.1441444799807121 0.4228841381142817
-0.6427655489379317 1.288111950604379
-0.2863007546285596 0.353803195203908
-1.0674200668573843 -0.2705785951000437
-2.062444793475733 -0.1709503189025663
-1.182799623244122 -0.6465808209608346
-0.5776491405031325 0.14953028512822597
-0.9795684225609305 1.0652053861930875
-0.7066186210284633 0.10317710914329781
-1.3595132961630578 -0.6542715974902881
-0.44541968239558316 -1.0597748222240981
-0.7142105439393428 -0.09657625871262598
-0.3621338163710322 0.8393948828856551
-0.17535271959876406 1.821796441256034
0.6468568904735139 2.3909812593114634
1.0608421005518622 3.301264866675886
0.18815666993067448 2.812982019156631
1.1839116427293086 2.9050256726412225
1.0312061111337074 3.8932974068419455
0.13715556150183994 3.4453313202874436
-0.8535279164960955 3.5815159244903936
-0.37881656968099353 4.461657468337172
0.04088332856088922 5.369320398843731
-0.11463475476874668 6.357153444331416
-1.0764210117651092 6.083352064033714
-1.4247131297570947 5.14596601733542
-0.9472897694376312 4.267292622369308
-0.2691248889005766 5.002202409218118
0.3124163358800469 4.188685474003704
-0.5272437277180926 3.6455731673871368
-0.06538123878810853 4.5325247113394544
-0.7491869915613575 3.8028606156939238
0.20327858702242652 4.107506839391276
1.1953224298867224 3.981613972893447
1.7380092854054463 3.1416788701341924
1.2532689898287253 4.016337000974004
0.44425440443321806 3.4285484330200706
1.1941223567867802 2.7669609074173915
2.19072226113763 2.684567760567195
1.4903339855949962 1.9708057109439219
0.737672141843625 1.3123984289665835
-0.08243374873791876 1.884610215137974
0.43474111242236124 2.740489974791072
-0.5624685955451357 2.6658387970684165
-0.9934385002054728 3.5682050981219633
-1.903357826495296 3.982990367441251
-1.0026719440730463 4.417461242420522
-0.003450830100189428 4.378000307423451
0.43811039861600537 3.480769188204638
0.5755889135751509 2.4902644391374626
0.3002476002473233 3.451610974563116
-0.5240247937165226 2.88541752657108
-0.29644174958182046 3.859176202025313
-1.020084949088456 4.549350469734418
-1.8290667466503483 3.9615167762346926
-1.3936535388066449 4.861747490238195
-2.386402343180948 4.741540121855921
-2.8972377346038902 3.8818615756133337
-2.07420714982145 3.313864518831633
-1.1399832049636958 3.6705515256799566
-2.101235685412527 3.3948820336592234
-2.8003138183072545 4.109927321811255
-3.636348407216371 4.658604062841494
-3.864745712302249 3.685036052361739
-4.55321098119665 4.410305363394655
-4.532797726746995 3.4105137355827524
-3.532852690494283 3.4000292483009606
-3.0272644983886776 4.262804178397672
-3.32464982690039 5.217561721644113
-3.4748469735258816 6.206217787799356
-3.5631610093819552 5.21012510583105
-3.3856079698601937 6.194236338444815
-4.0580633023563175 6.934374045765235
-5.047222958306414 7.0812180958343
-4.460855711661055 7.891263435344096
-3.6459432132406313 8.470847441264016
-3.6793815158148098 7.471406657665029
-2.6873087019039987 7.597071019753432
-2.003288631721083 8.326534208397629
-1.4435894786746308 9.155230086316111
-2.41855245618678 8.932862839445884
-1.8191966634731274 9.733345589878764
-2.522729032346257 9.022682374320393
-3.4329796808859188 9.436740047637922
-2.539401707822744 8.98783203249862
-2.9998495740232127 9.87551878046292
-1.9999371197610047 9.888750704409484
-1.739021403947265 8.923389119695546
-2.7246524738380398 9.092301505463928
-3.2395621804980452 9.949545924510973
-3.466961051560593 8.975744223218827
-2.7636165391751906 9.686593361149894
-2.38992626406801 10.614146905852474
-1.6282925519703013 9.966139121488533
-0.629664167106769 9.91378122862745
-1.5841801996998242 10.21194082267536
-0.6627449907774089 9.823408770254835
-0.3181134239053121 10.762146797137353
-1.2891247879931538 10.523113471401652
-0.3852104904189204 10.095399849171917
-1.336574690048516 10.40346828258102
-1.2587426542744227 11.400434768581055
-0.7131337335867601 12.238474687478744
0.26982047871496495 12.054624159825721
0.5037095798315447 13.0268874412361
1.3386513399704265 13.577225752801073
0.4666540999308937 14.066736542634594
-0.5225293695911237 14.21342009189757
0.45472097150488233 14.425509155330223
-0.4453134333249711 13.98969030520718
-1.1023204383883416 14.743574775996743
-0.9378851536597835 15.72996264957196
-1.4834212218752927 16.568049994826595
-1.568405606593797 15.571667711586866
-0.6240454546071318 15.242754496072921
0.3344996484256594 14.957813650542036
-0.5253481671692125 15.468364073141732
-1.3557953909363811 16.02546137930772
-2.173457583959941 16.601159684064562
-1.361980936449096 17.1855445320411
-1.9866994509018743 17.96639456738714
-2.9198582103217046 18.325859071501306
-1.9602769714519677 18.607290850107102
-2.652391682321455 19.329078372164698
-2.7579385272612003 20.32349270408237
-2.6700286885885216 21.319621139709295
-1.9549560642316772 20.62057096848021
-1.2035983696194497 21.280466122839595
-1.442067330413153 22.251616242408126
-0.621276436188708 22.82284501265542
0.23343865629852856 22.303747612667195
-0.7555469018741685 22.15573556678633
-1.7460056303810931 22.293545243966296
-1.491562790654197 23.260633058651038
-2.053869990049528 24.08756147968165
-3.040358336339197 23.923730033876293
-3.032500106467506 22.923760910241327
-2.116195462853645 23.32424286999941
-3.0720417928020005 23.03037590430871
-3.2369983096285133 22.04407506401886
-3.0395635937088072 21.063759026738175
-2.0435696415791447 21.15317964696156
-2.9730762151108054 21.52198519160729
-2.861813551226363 22.515776225791708
-2.030478251292265 23.071547418895022
-2.939818800640854 23.487600018106235
-3.217992457399702 24.448130817552777
-3.0466916272957927 23.462912047123737
-3.497789742139945 24.355386411340465
-3.9682716174622947 23.47297675307897
-3.088040223962272 22.998432030321453
-3.127619940499182 21.999215614303953
-2.66781942221205 21.11119338294773
-1.8377734750526846 21.66888839422568
-2.2599403305438615 22.575406538624726
-1.9763644159094382 23.534356329093054
-2.8817391430726365 23.109742853783846
-2.4022344190537113 22.232203555721625
-3.367303564020213 22.494198871392776
-2.4941659476662337 22.006725074242926
-2.9158641420381874 21.099988821044988
-2.9117380243865876 22.09998030858532
-1.9176290123361035 21.991595474959897
-2.7334785155363543 21.41333118579109
-3.7091031156352345 21.19388497442735
-3.627538651237126 20.19721690623842
-3.693536911933503 21.195036644259797
-2.9332852791557458 21.84466534964369
-3.4182661929031495 22.719190085314864
-3.3743453308416513 23.71822509865312
-2.465481331751409 24.13531769167977
-2.3668074252115447 25.13043751369527
-2.7455947526607556 26.05592125777935
-2.9513018332210703 25.07730764812161
-2.7159062761016406 24.10540799708328
-3.3153938381119024 24.905792069260503
-4.056541671646659 24.234450212345013
-3.5163232208906767 23.392925390689225
-4.158960328231919 24.15909609508093
-3.505798023560838 24.91631403184469
-4.427740202850692 24.528986498552417
-3.975386837238401 25.420825291507306
-3.2764637526263245 26.136022132800903
-3.6346656011497647 25.20237796304757
-2.746231228995551 25.66138163010803
-3.6278229549700436 25.189368888020155
-4.233045337262767 24.393312440290522
-3.639660962172229 25.19823168058635
-2.686636901903758 24.895337077548596
-2.428876725421375 23.929128150131877
-2.1147009296030355 24.878492974275847
-2.793364527837049 24.14404371092809
-2.836258524823104 23.14496408195823
-3.7153962410852364 23.621531890192696
-2.7156027328997765 23.641852839732785
-3.483301752844587 23.001042247766815
-2.5611734677041462 23.38792650144477
-1.5612082169611097 23.396263005893058
-2.2724629532030223 24.09919735572485
-3.2637670601376843 23.967606445801437
-3.4318054257763695 22.981825989678736
-2.8717016634231087 23.810248451589157
-2.6480024041532837 24.784906669326087
-2.4453771648727374 25.76416302616351
-2.571365283822524 24.772131275722277
-2.5710440090685407 25.772131224113544
-3.1352148732460297 26.597789286517845
-3.997221825119448 27.10468574036409
-3.118937553113248 27.58282456701022
-2.907382652070588 28.560190682570212
-1.9855209999386412 28.172671529071245
-2.955185321797468 28.41711191631129
-3.8354070120795134 28.891674637094347
-4.82489194344818 29.03631063052041
-4.301440701904007 29.88836626117246
-4.95044329154072 29.127580063450104
-5.855572459635088 28.702443392407957
-6.529937178666902 27.96404497303997
-7.45470352594462 27.58350955689237
-6.465774983646707 27.73190207095061
-6.043401444036419 28.638323933571474
-5.46558902225582 29.454493526999237
-4.965231472000837 30.320312400611282
-5.47783584442537 29.46168747820846
-4.501640756568046 29.67858180834005
-5.442542573303326 29.33990235625556
-6.254788272930672 28.75658689834545
-6.974237403465486 28.062041760451088
-6.4436025637576915 27.214441225477046
-5.767906081258528 27.951621165205644
-6.631910894796624 28.455104712288367
-5.7458411550943325 27.99155275577873
-6.743374332583649 27.9213561760325
-7.179954955388042 28.821021313620776
-6.230471686370474 28.507203656603657
-6.584812980036361 27.572087488631364
-6.846593343292032 28.537214962809635
-6.356530115956999 27.665528073374002
-6.5069363331239485 26.676903791941704
-7.1328803379647105 25.897035788492463
-7.63556193131306 25.03256414887161
-8.0627766085335 25.936714368452094
-7.06821605326161 25.832554386226345
-6.9480127520230175 24.839805089388847
-6.93607135694155 25.839733788388685
-5.964015806394394 26.074484734394158
-5.071464785907002 25.62353831204787
-5.704788930035168 24.84965167405473
-6.412080119305243 25.556573999052976
-6.501636412185777 24.560592236968198
-5.519267733012316 24.37363829028883
-6.093628454664515 23.555035968386942
-5.5009120439214865 24.36044720274856
-4.656541124719041 24.89620624448768
-5.2821921844577036 24.11610320549354
-6.277224197436174 24.016547727753682
-5.8112028241909455 24.901321190103584
-6.414712513027319 25.6986768544596
-5.533420856080117 26.17124961647118
-5.31828021035989 25.194666541377675
-6.311101884666041 25.075062515408938
-7.241104759033046 25.44261476158505
-8.060582565448556 24.86950384318232
-8.734764129542283 25.608069492692323
-8.722828256232589 26.607998257619272
-9.5397318234517 26.031223984731955
-8.68340397819487 25.51479139335357
-9.589938897330656 25.936922226612015
-9.481734986329007 26.931050947474635
-8.49742416936175 26.75460771127316
-7.94166937364771 27.585953973092412
-8.196677472316582 28.552892890301397
-7.277434344009578 28.946583214109783
-7.9622612354305895 28.217877423830444
-8.783401017177862 28.788604555507256
-8.918140468933217 27.797723492946936
-9.625922325919895 27.091292432672482
-9.687437892261524 26.093186308506485
-8.822298159777612 26.59471720813049
-9.151353862044212 25.65040669521335
-9.175240116922954 26.650121377924304
-9.678944625460696 25.78624536362668
-9.054397322561169 26.567232345874736
-10.015294356664825 26.290326423491702
-9.570046128804435 27.185733602146858
-10.13798714883204 28.00880285668745
-10.178347654110851 27.00961767384413
-11.175297016459487 27.087668739901222
-11.305318932281402 28.079179860063775
-12.039991274222125 27.40075775695441
-11.979655850578517 28.398935915728558
-11.827629522783074 27.41055947142354
-10.926134822409105 26.977769331520086
-10.028511580841773 27.418532891944665
-10.301201218513336 28.380634945526587
-10.824161447228844 27.528277861211674
-10.203866967084531 26.743908842252807
-10.65401724777566 27.63686165444038
-11.472295979026313 28.211683294588713
-11.857542264979736 27.28886950017562
-12.850419502820259 27.40801139280023
-12.73953087972922 26.414178553098818
-11.768726078147354 26.65404942925013
-12.43211706365446 25.905776484163972
-11.53494980625602 26.34746745334057
-12.448035248061583 25.93969916624269
-13.2428143572545 26.546597977899552
-14.111200460098086 26.050709304517984
-14.538880997406627 25.14677935258173
-13.733913566096412 24.553460353619258
-13.989508972361376 23.58667651619941
-13.619771434245902 24.515812756429177
-12.77416166313959 23.982011187482875
-11.791119939353091 23.79862915647965
-10.811513974863818 23.597700924672772
-9.81151812317708 23.59482054113618
-10.106517887340253 24.55031786669166
-10.514331492243368 25.463383068994283
-9.740132320233233 26.096325121680643
-10.630830630498728 26.550920018363602
-10.445566882395498 27.533608851941526
-9.803086979725958 26.76730631725582
-8.9777782359986 27.331988066143783
-8.498365779521569 26.454398357581372
-8.257347658405646 25.483877741986962
-9.234465443419484 25.696576670544793
-9.525016724387388 24.73971724872364
-9.861472830278874 23.798018098884192
-10.859721721553043 23.857171721511126
-10.691470111956681 24.842915803851078
-9.815584634669214 24.36039675689344
-9.676778485391157 25.35071632800299
-10.466503836321476 24.737255758693124
-11.127927128951045 25.487268577228285
-10.769793368635034 24.553598287606775
-10.364958586289404 25.467988138273967
-10.669101218651944 26.42061464387812
-10.142955895924509 25.570219971169006
-11.10951794237031 25.826652828600544
-12.10874297338374 25.787291205206547
-13.108068301005167 25.82401843726026
-12.253721931686355 26.34372246960152
-13.117265959468801 25.839449019892662
-13.571014513440334 24.94831925954979
-14.42739962107056 24.431981630251705
-13.42763728473784 24.45378233782143
-12.55610486698434 23.963444449417178
-13.532293820407638 24.18036638748321
-12.537524515618951 24.078219286446352
-13.466732748225022 24.447775859188745
-12.965856645240175 23.58225686490918
-13.87231177670668 23.15995472823682
-14.660853700834132 23.77493573110876
-13.660854474849407 23.77617992962677
-12.674725676294646 23.61019802500779
-11.674774128713635 23.600354118753586
-12.497665379513432 24.168553018222028
-12.026479081638122 23.286519304186925
-12.159320165030076 22.295381954187818
-12.410745411913483 21.327505234130136
-13.280006589609782 20.83315211646014
-14.275174568092407 20.93133915533394
-13.525986853049872 20.268981421454924
-13.192259985259522 21.211651235183382
-14.094969163103057 21.641902487636003
-14.867168442040331 22.27728290408646
-15.567529769583745 21.563494412387673
-16.116856468996257 20.727886742896448
-15.13581624399139 20.53408251971645
-15.459579363004597 19.587944346526697
-15.084435974367134 20.51491114094902
-14.427601590046187 21.268946015191403
-15.222532778168109 20.662246413946214
-14.223677538417371 20.614411175653732
-15.079617014129054 21.131487198998858
-15.048202488504929 20.13198075700871
-15.0089570057367 19.132751157726197
-15.817998586878966 19.720502567748177
-16.4656926426725 18.958602042686195
-15.46612134997111 18.929323538501897
-14.795090100477164 18.187894470955584
-15.735079762000954 17.846691545662743
-15.646520800898621 18.842762482096727
-16.058060271528085 19.754154419801917
-15.796821369151125 20.719428596336687
-14.870463377061688 20.342784373638363
-14.032421838659111 20.888390806804104
-13.282414897449886 20.226960849712665
-13.668776225526285 21.149308356982587
-12.768976641788889 20.713004897099438
-12.943186050385737 19.728296269150878
-13.508481751326512 18.90340793095117
-13.791720015698711 19.862457505058483
-13.782614454621433 20.8624160485779
-12.834162399888587 20.54549539624826
-11.935828479311661 20.106182105826846
-12.487377811252891 20.940324380522945
-11.498150487478442 20.793936874573696
-11.239912656807167 19.827855499735016
-11.449915205272985 18.850154661217495
-11.749090271749965 17.89595642206669
-11.07587569562409 18.63540360374477
-12.065492733553986 18.779132926566724
-11.765373168609477 19.733034518313755
-11.81790030311333 20.73165401549014
-12.80029073924817 20.918493601742085
-11.907162070836296 21.368294870816364
-11.97277808553309 22.36613981799769
-11.588751618256842 23.289461902879953
-12.475378559314489 22.82697658701494
-13.4693664456173 22.71748648753892
-13.403092307834712 21.719685035013832
-13.972924678179446 22.54144599156221
-13.352420432174968 23.3256490779438
-12.490290769762957 22.818961358347842
-12.622821839360505 23.81014020981277
-12.74932030568572 24.802107012693476
-13.461758977888161 25.503841391465404
-14.449691257174914 25.658727838720424
-15.13110978839755 24.92683386736502
-14.537706213190255 25.731738953031147
-14.094221517514672 26.628020897902033
-13.778849747370344 25.679052696856267
-13.032575927011823 26.344691777024714
-12.2251444800593 26.93465318124719
-12.280436024086438 27.933123433763054
-11.598833545048496 27.201400767331755
-11.849174567514364 28.169558488196873
-11.63002298874621 27.193867663435555
-11.448056557034182 28.177172406498453
-11.922449757111998 29.05748547110668
-11.6655183117104 30.02391510246317
-12.646943985273627 30.215757869517258
-12.954036543727037 29.264078217248418
-11.954149139132525 29.249072280648143
-11.086823571665494 28.751331022545106
-10.091332292376379 28.65647791052806
-10.953047240838455 29.16387060617612
-11.940049833007151 29.003166271908896
-11.692663499207677 28.03424934985146
-11.938445438708232 29.00357449561801
-11.743307668000734 29.984350336696547
-10.757494308001101 30.152195560775862
-11.743804356912836 30.317097008361173
-12.725286432835231 30.125543009073596
-13.36431358219639 29.35635882932251
-13.461813121505049 28.361123259301724
-12.997729379399996 27.47533192929574
-13.865069458364044 27.97304789992823
-13.398004332145879 27.088824982406404
-12.416065483270877 27.278023547596618
-12.454500142632634 26.278762432091895
-12.498948548930482 25.279750750890127
-13.417106958274214 24.883537253705352
-12.762246785611318 25.639287314413206
-11.762318258074778 25.651243058581123
-12.26649585033336 26.514843055955104
-11.416921098410068 25.987374819096736
-10.417107816277591 25.96805123579852
-10.860079062429907 25.071515416613217
-9.901563728421774 25.356556386425062
-10.689977027752525 24.741410493617185
-11.44823566652491 24.08945663272897
-11.251704012989741 25.06995411317384
-10.251720088992545 25.064283862105988
-10.324891399763223 26.061603248902465
-9.380355241041128 25.733195811613797
-10.378821221268929 25.788564451905376
-10.225864831501353 24.800331512346453
-11.211798470542051 24.96746875956551
-11.739521625116817 24.118052329228977
-10.821588680342233 23.72131676377327
-10.450960487832926 24.650098085138684
-9.696273633166065 25.30618325597631
-9.966464413545452 24.343376451784536
-9.971941875420585 25.343361450377717
-10.243433914537945 26.305802135664816
-9.388028365906626 25.78784330779261
-9.558710196714944 24.80251711173776
-8.818628656095497 25.475034258905282
-9.738667535509979 25.083207179231422
-8.953658520863986 25.70269151876272
-9.04052264896345 26.698911686822733
-10.021137595765536 26.894856388482
-10.818039852554026 27.498964651234143
-10.435647912494566 26.574964432523366
-11.146269964560231 25.871390485366437
-10.165038844264304 26.06422587776835
-9.362289319229815 26.660542236806826
-9.030893089315855 25.71705056286433
-8.20109792980932 25.158982472700124
-9.04188180721767 25.70035339128569
-10.035481111022793 25.81331543569873
-9.162525206063275 26.30111456238543
-9.45129552049645 27.258512967179467
-8.480150417576 27.020023577324007
-8.643005116905147 26.033373514279155
-9.217955459332654 26.851561820075865
-9.858925408220124 27.619127794193524
-10.799689931899263 27.280067163941702
-9.804030829711982 27.18699218217099
-9.888319744962226 28.183433539585433
-9.987709274418357 29.178482142134317
-9.56483643078619 30.08467117214872
-10.095520778894837 29.23710163360188
-9.721236391562014 30.164415602761675
-10.670376857614436 30.479268545739494
-10.345629392381685 29.533467782457446
-10.39969562495556 28.534930430880017
-9.6151075330856 27.91491307136832
-10.553837791659934 28.259565797510106
-9.810334571150022 28.928298151364313
-9.771383209047336 27.929057043627875
-10.036521159742296 28.89326753262977
-10.594119037594428 28.063156331274918
-9.617141784361438 27.849812836728397
-8.619476474241736 27.781519872348767
-9.169941207261715 26.946661454590856
-9.699333806374073 26.09828448884682
-9.191449255744953 26.959709635468542
-8.951320713273562 27.93045073539713
-9.88455059553246 28.289730552335186
-9.02884267907989 27.77227141218941
-8.910019139457367 28.76518679953698
-9.880212530879874 28.52285483045305
-10.02806344081083 29.51186449088746
-10.061346633252171 28.51241852981657
-11.05737357149289 28.601470976716243
-10.293035326490285 27.956655462614467
-9.928039080418557 28.887664453093908
-10.195647601983005 29.85119217930945
-10.229979694806138 28.851781699375213
-9.585864397428814 28.086853282015444
-8.707602547715524 28.565033293452757
-9.3085675684811 27.76575796928953
-8.459304002732464 27.23778884529466
-7.459312010902941 27.233786811208947
-8.021209896181594 26.406580206714413
-8.003449879066798 25.406737928256415
-7.32487669697547 24.6722051267108
-7.424696173074342 23.677199562811108
-7.182743916680065 24.647487718786287
-6.844032592190725 25.588378062377227
-5.864231481872459 25.78835252129409
-6.816647078465049 25.48355007483544
-5.899481839934569 25.88205719551376
-5.512258067526151 24.960071430937216
-6.367093984565273 25.478969836157237
-5.999451856210924 26.408937182604994
-6.102251583726849 27.403639256606375
-5.218482524562794 27.871562594413202
-4.987310060491845 26.89864980702917
-4.222598827817912 27.54302293699527
-3.360025019198558 27.037091691978812
-3.1680959677917726 28.018500495294784
-2.840432306119522 28.96329493051312
-3.627513875603399 29.580143860948112
-4.498439212123121 30.071559223149997
-3.504519738998398 29.96144981872207
-2.606930608229785 30.402282839633667
-2.201706156976315 31.316500069894794
-1.3158171315037146 30.852602845773752
-0.8884297390899709 31.75667143653763
-0.01411761674155565 32.24203553977829
-0.8413251221388958 31.680138980779834
-1.7915805699743441 31.368667338637163
-0.8199319679197246 31.132237657494326
-1.1042633939430337 30.17351160685444
-0.2971762983225895 29.583079205911744
0.09105711790874077 30.50464028067638
0.5667312549027206 31.384261855784125
0.15252682882332108 32.294445734687855
-0.5063402039696208 31.5421863159375
0.4811808422259616 31.69967340531559
1.228284298311351 31.03496563049626
2.226963059534108 31.086353682440073
1.46499465716564 31.7339678837915
1.4293335604597868 30.734603942986283
2.3093695930586664 31.209510861579414
1.3111383170457058 31.150060717849254
1.8022698060594518 32.021146167445984
2.3093709821471156 31.159259633608432
3.3092567984731045 31.144148236912205
2.3719842040039887 30.795550928177423
3.3006832229890386 31.166385301093698
3.025354796153774 32.12773552727374
3.5110314097660242 33.00187409008294
4.431043831940052 32.60998489267444
4.041737826483928 33.53109337386208
3.533306757323559 34.392196066874035
4.487677299602882 34.69082102904142
4.4302262335899245 33.692472705552085
3.4342335391078307 33.60303807837503
4.10006239419429 32.85693357112805
3.329350931423549 33.494117878180404
4.124466057359297 34.10057639820315
3.838703680858608 33.14227588991952
3.9058369815154705 34.14001990515735
3.2595549614011134 33.37692125460364
2.382163435326656 33.85669631645318
1.995413409649291 34.77888090623907
1.3070511071954762 34.05351386772651
1.3477370524909946 33.054341883603946
0.5635049846562399 32.433874266576574
0.2591289442686988 31.481322312068052
0.46866052375165024 30.50352043172655
1.1703893275622583 29.791076268368794
2.1592725301506412 29.64238191192396
3.1489739441585156 29.499234746004355
4.12507556288107 29.28192015853446
5.113949570747341 29.43067565109355
4.178095518407905 29.78306349526508
4.356241944620484 28.799059506031455
3.552365598986299 28.20426305267129
2.76901419890336 28.825842157844637
2.406258060112589 27.893958053586168
1.9104709657600554 27.02551395229152
2.224700790326394 27.974860894854146
3.0981320295847636 27.487913392254956
4.079512149196987 27.67998905659039
3.267239849582474 27.096710639983918
3.200206315845889 26.098959916929914
3.5108217541252307 25.148424252421457
2.8062000493781305 25.85800740695607
3.797808142165283 25.728727128804195
4.02079818369595 24.753906406118144
4.426874948468803 23.840067437200965
4.018340472483163 22.927324547921
3.0660365341215297 22.622173423097703
2.9407466359550507 21.630053248210892
2.5391527595809884 22.545871111357737
1.9565559593465531 21.73310978823969
1.9772769996175774 20.733324492043508
1.2225504232782898 20.077285015359994
0.25699632671809947 20.33748741084442
-0.15533278195717914 21.248522375123535
0.5866287603389312 20.578079931841803
0.542076470449794 21.577086985603504
-0.39567608259258036 21.924391101995045
0.5328972964042168 21.553242237227185
-0.09056081274333427 20.7713854817162
-0.7887208452059349 20.055443745908168
-0.9123774045775935 19.063118670479575
-1.5035614088538867 18.256581955203792
-1.9687830071180887 19.141776207618765
-1.0300151213450581 19.48632643130355
-1.2032273003077467 20.47121096314421
-0.21134855318900136 20.598398034083626
-0.4046412391375672 19.617256893595272
0.3306073853259873 18.939459386795157
0.18273160665081462 17.950453444405927
0.02909255144706241 18.938580481135567
-0.21934817786829847 17.969933381301345
0.2686492065816083 17.09708829036593
0.04191789547284658 18.071045636743534
0.9993508211117119 17.782389798585697
1.6856384629096872 17.05505956223128
1.5598587894209526 18.047117763012395
0.7543456342445161 18.639695653958135
1.692521036264115 18.293535409208157
1.4404117958741733 19.261234190291407
2.3219636724814565 18.78914702794723
1.4403658271109516 19.261148340485747
2.130837290663166 19.98450797304763
1.4817301940657224 20.745205006791576
2.473262567320334 20.875064749545356
3.018224773970897 20.03660414026037
2.5064092029688196 20.895699490777304
1.8536658043523633 20.13812041532535
1.8273102242484662 19.13846778395914
2.4437880483222534 19.925840054505446
2.3397772643747414 18.931263885063093
1.7056428027076398 18.158041094060284
2.206045342432803 17.29224822146511
1.5102831319526047 18.010520416714034
1.6296721723240901 19.00336796646131
2.584570459977452 19.30030105696602
3.1699888444714928 18.489569711145233
2.345132732947553 19.054912434881558
3.3152823281618415 18.812405191885496
3.270885122388647 19.811419149805772
2.961880188542933 20.762479584719877
2.1081864660904124 20.241704174158706
1.4509071120157464 20.995351207395878
2.387656911918351 21.345350939370675
1.389288367310271 21.28825234799449
2.0954134059124176 21.996339510608752
2.3513681607599084 22.96302827307109
2.1180381138106785 23.935425871376776
3.1168207715799197 23.98475337424699
3.4929493266273046 24.911320862386933
2.5207760456607033 24.67705795073715
2.3897496829071794 23.685679066423194
3.355186597375589 23.4250422229384
2.378241022466006 23.638530732382314
3.376513697227935 23.69728162023657
2.392328139606799 23.874422208950655
3.0039173894706415 23.08324676099301
2.1525283226894123 22.55871205578716
2.2103606230767023 23.55703836768719
1.7372606938946586 22.67602959530865
0.854563881135716 23.145972503272162
1.29391285166251 24.044288974287277
0.3492312805194384 24.372277890476006
0.6577737169266722 25.323488469126122
0.6147018032494738 24.324416494615686
1.5848505778341795 24.08190596871672
1.4383551455381187 23.09269462207921
1.7808303851676863 24.032221476533447
1.8819071213866725 25.027100109028545
2.753516257809719 25.51730161178417
3.5234805387941175 26.155388601158016
4.52335407384257 26.171291868423335
4.529522346941291 27.17127284444587
3.6621167881698238 27.668874689913064
2.6693112142283413 27.788612287812487
3.119702167275021 28.681443732942924
2.9205481656752363 29.6614119383694
3.719167469184719 30.26324846772104
4.439831975690205 30.956532442051333
3.548829638917169 30.50253372414016
3.755956589137159 31.480847797683296
2.7635600836490126 31.357765809175977
3.7596217120444813 31.26910221778601
2.9966776160237445 30.622637751363374
2.161642000597076 31.172833644631403
1.1620194291871166 31.145361572854032
0.188592362984777 31.37435883655975
0.6175482686556728 32.27768426573246
0.4601721178650863 33.26522299771331
-0.444103820984368 32.83827449213221
-1.42079543864546 33.05292184010222
-1.1769400781504775 32.083110227902274
-1.3315200439661452 33.07109050815509
-0.8657302657727772 32.186195100476546
-1.3793416758587227 33.04421801359106
-1.085902354919446 34.00019571465249
-0.3640014271297326 33.30819929092159
-0.3313668733751333 34.30766664201478
-0.18684608142522738 35.2971684058809
-0.5396903336496095 34.36148633718865
-0.03656080775751258 35.22569735318856
0.8939863228704962 35.591869495329355
1.2858889759413588 34.67186280485585
2.285849105979455 34.66293317248973
2.852243497898563 33.83879884314616
3.747498094820144 33.39324390075322
2.7615105666752866 33.22642485405053
2.395245361270573 34.156935358725164
3.3407663841325776 33.8313743117217
2.7272739508619392 33.0416737138242
3.724455741100094 33.11669689169231
3.671878610990781 32.11808002552718
2.9560322329281696 31.41982221997493
2.415554887373195 30.578463652572275
2.7285361125646768 29.628704339547316
3.723818386973456 29.725725956971928
3.0677740288930626 28.971003623771907
4.054415494366168 28.80809684487955
4.87010158824091 29.38659161258222
5.768839116229344 29.825078620126614
4.772694586030357 29.737351344125138
5.7687681689602615 29.648822154649675
6.767834110501209 29.692033778698065
7.243754625457782 30.571522075063328
6.560910227373704 29.84095823253812
7.560501839786035 29.81238187176708
8.546907277635455 29.648051983490195
7.638855698880149 30.066910348955176
6.965894550737154 29.327232518349135
6.2221097949507165 28.658813310770753
6.0251441222099285 29.639223696151166
6.949234895339165 29.257050642394873
7.870272087816034 28.867576008979132
6.949266240520232 29.25712475977541
6.339965523625723 30.05006399855215
5.6367614666429455 29.339075915499443
5.002067861489965 30.1118398041342
4.264503862913803 30.787117042018274
3.576150858913008 30.061741179528294
3.8907290421458205 31.010972745919734
3.2363543615967236 31.767143214436103
4.236005582499908 31.79355223840088
3.669337379956295 32.617498321725506
2.6693553604766183 32.611501596173404
1.6736762842561306 32.7043626600092
2.6406121775352442 32.44934309548812
2.70066222994388 31.451147728234933
2.180712893079653 30.596950627388498
1.3894932849784813 31.208482745724265
0.5180277329934195 30.718026028262496
0.5157374663982447 29.718028650926474
0.8920161822513095 28.791522132872785
1.8130659476857236 29.180967032175896
0.9021410443304171 29.59353923245983
0.7276534795323003 30.57819860997615
1.7272489379460998 30.6066401204583
1.8974641236468341 29.621233204226808
1.3984518102024306 30.48782809864453
2.3950576717564918 30.40550703988016
2.310125058869905 29.40912034222294
2.6891882575210664 30.33449112813978
2.150558668309179 31.177033806955183
1.156669911830105 31.06664748649617
1.8231889361367486 30.321159464971128
1.6739610392081923 29.332356635900396
0.6861287436862623 29.487879482851817
1.383846816438348 28.77150703017436
0.9587465967165701 29.67665331845736
1.1367488965093093 28.692623247134083
0.13785393559153025 28.64562476787072
-0.8592232063846714 28.72202616150048
-0.17897753308950892 29.455010352300807
-0.6303562217336258 28.562677858530733
0.11005780078203786 27.89052677784859
0.5032175620195842 28.809996952538143
0.34892415473046445 27.821971879745394
-0.4582710130940105 28.412256523828923
-1.0545970783943033 27.60951420910802
-1.318072370865606 28.574180353562756
-1.892339620075287 27.755512456008965
-2.6791383025999536 27.138302740290353
-2.8372883567370546 26.150887650079337
-2.981769591032992 27.14039519069554
-2.0411003389741498 27.479720047184212
-2.1787964836348364 28.47019456565785
-2.87149590038058 27.74896816705606
-3.5205179753937403 26.988198592121826
-2.5376039468586713 27.17226383193902
-1.6341184228537966 27.600882436194176
-2.3650482840234486 28.283335026525926
-1.3892737956980636 28.502113791339454
-0.40501874641687186 28.678867852012694
-0.1084634471394949 29.633883534852774
-1.062918363390243 29.33552835583827
-0.6202875535142169 30.232232301490622
-0.13448996088310328 31.10630363667661
0.5159231990770093 30.346723014655023
-0.22759924048756652 29.678012029352747
-1.0985681148827577 29.186673836419637
-1.726466122879529 28.4083782039292
-0.9949657888761398 27.726537121745874
-0.06580231840726913 27.35686801951221
0.11929906670001131 26.374148589953922
-0.41603337195660484 27.21879004058369
0.3880538214361752 26.624278656822437
1.369841298674605 26.814261154800015
1.508564513821668 25.823929962935768
2.0849939731208584 25.0067830493076
2.902982295945697 24.431548224455863
1.9246114984814915 24.638407071666357
0.9829977744294749 24.301711965261628
1.9053244777505292 24.68812295415935
2.1961783785430042 23.731355475409263
2.0174333608788784 24.7152509061641
1.1208746702260806 24.272325952910233
0.9748729481209846 25.261610288752234
1.2823038587353748 24.3100398840008
1.5117240227384228 23.33671240141911
2.0300354686221 24.191904336054822
1.030054015296507 24.197994738737314
0.05741541998867972 24.430318140308522
-0.739117409288311 23.825722860899237
-1.515738624719192 24.455690707493538
-1.3244409359695468 25.43722277231824
-1.0546125213972184 26.40013119303611
-2.036566028959326 26.211008722170078
-2.0378405510941455 25.211009534373744
-1.606574060557517 24.308784942523012
-2.2971224416421103 23.585498738187933
-3.2724077577988604 23.806447945222104
-4.272287791136359 23.790958628484322
-5.1352472250708585 23.285685419830383
-5.038882111335603 24.28103147264558
-4.196419184698129 23.742277152717264
-5.107428681102147 23.329891777780546
-5.941973735854928 22.77895207909504
-6.244012247959609 21.825656355195267
-6.672710170934424 20.92220846470181
-5.938315384448081 20.24348591639383
-6.201887334860959 21.208125655859064
-5.91231976034166 20.25096808273591
-6.202784612793989 21.20785374439557
-6.8618955463161315 20.45580801619045
-5.882571061438119 20.65810372380288
-5.904867240245633 19.658352314496256
-5.032937213186001 19.168721813085458
-4.050490900063183 18.982176264139948
-3.1980904625232105 18.459286702108287
-4.172337428998721 18.233803114427793
-3.248654529937695 18.61696091740487
-2.8868160014192816 17.684720133444188
-2.6111648757099513 18.645977880822684
-3.6092696625732286 18.70751514141017
-2.6092895692528923 18.71382489283567
-1.6097091604801164 18.68485928568426
-0.8743240316121501 18.007209883530134
-0.9589488646573157 19.00362276864959
-0.0073466152244032745 19.310955095088286
0.7565042176589989 18.66556226502017
-0.0717228418045811 19.225954929115904
-0.583818553357259 20.084883320897987
0.3960772093976177 19.88537318547866
0.01795191067208657 20.811127612129553
-0.9315402798331338 21.12491827510345
-1.254197103039651 22.07143429421685
-2.2524148563561335 22.011757523494946
-3.25239969372261 22.00625070616176
-3.4341541795329227 22.98959464745994
-3.8052969273265997 23.918170471375337
-4.766429967161529 23.64208483296278
-5.14286052509117 24.568529669451593
-4.587356363208553 23.73701591362365
-4.361093821022804 22.76294955961914
-3.3680634873436084 22.64509050653884
-3.907297025617387 21.802934231729502
-4.823529152872258 22.203582068346666
-5.173948705619266 21.26698923415852
-5.005258468275913 20.281320119381636
-4.041661624934877 20.548679659146334
-4.8645430655935025 21.116892765840984
-4.49352571981597 20.1882668297762
-5.090200738743863 20.990749802671825
-5.900129379147411 21.577278231184938
