0 0
0.6962441692748478 0.7178050269751369
-0.30180534828723504 0.6553777853726629
-0.01583919924499566 1.6136175056942283
-0.7134491764830081 2.330095223183042
-0.7751631085029727 3.328189101831055
-0.016967680048621703 2.6761617310321575
-0.5559826151858053 1.8338655244046684
0.3616848137791052 2.2312148541095653
-0.37352488849987775 1.553375128455448
-0.6495606559707122 2.514522492326768
-1.5719334837995822 2.900823367918546
-0.6095505958068254 2.629126520497158
-1.6047167568117597 2.530921062447713
-2.300822028865432 1.8129813364128018
-2.1662082568591785 2.803879480717376
-1.752977804098796 1.893252996964872
-1.589492440263633 0.9067072373512165
-1.997542950291048 1.819666590918705
-1.289883637149765 2.5262204080652886
-2.018254119636763 1.841036899622727
-1.7399046985096929 2.8015167795568283
-1.4013469742341458 3.7424624035614054
-2.3684252041696148 3.487983136852151
-3.2025136113896564 4.039613927273728
-2.4669150583178303 4.717031648269153
-1.645888875586016 5.287922187049422
-0.6476000871272739 5.229445740187656
-0.2714733530045071 6.156013967507232
0.7283044926406721 6.177091428385718
0.9196214234201002 7.1586197428001
1.5794514020530828 7.910034674310779
1.8056703785516812 6.935958201608596
2.272277799114291 6.05149366581538
3.04690897794298 6.683906930055209
2.428132896475543 7.469474343460197
1.6538811302357173 6.836596628198781
2.5527819646037164 7.274748759281713
1.6060723931222252 7.596837236668488
2.605998862528459 7.584710580872906
3.0941450035126072 8.45747248714648
2.113690197501294 8.654216923838648
1.4114381775616198 9.366145361598123
2.228816641397417 9.942246435071722
1.7355376624010983 10.812117603050261
2.587872076878015 11.335114778853622
3.0126185571689175 10.429802441877875
2.3115624937171715 9.716696281550016
3.066323072185928 10.372696639163873
2.785077121172552 9.413060919195832
2.9844793375457077 10.392978648449402
2.7293174059433802 11.359876982640214
3.70470284242827 11.580383785921159
3.5414926324921114 12.566975103221587
2.543617266774068 12.50182332279249
1.5471501343000782 12.417839670222097
1.9953983180258892 13.311748818730218
2.9153456374478663 12.919706819081814
1.9177995574540054 12.849693832508738
2.1797944453937803 11.884624571422558
1.6684035515831568 11.02527635694395
2.597259618372546 10.654835528756038
3.425805128726223 10.094913804518834
3.1823892878565907 11.064835826340037
4.097853807533694 10.662437127022592
4.624248518922298 11.512677450591234
5.513851758402147 11.969411592414415
4.934853616381125 12.78474045338783
5.571762591298007 12.013801443043738
4.595568179135697 12.230698814312001
4.007832965080029 13.039752161229828
4.988584442384025 13.235012346024448
5.405015711333942 12.325845145647772
5.773094761557643 13.255639645946854
4.816153538442858 12.965357894016803
3.8734019603500243 12.631862073947838
4.848657170877354 12.852944127356277
4.711288755813379 13.843464151658063
5.680839340182059 13.598573024112882
6.260691831665156 12.783851545249801
5.272836832815512 12.939230119216008
5.042251812459947 11.966177937476703
5.628472919742498 12.77632904275054
6.403217707648137 12.144054961664619
5.46881985482376 12.500286140307356
4.712505251838634 13.154494227471869
5.645609726981562 13.514099620184824
4.671642955219373 13.740790439370647
5.624799948035361 13.438314412145374
5.985861202800627 12.505772311054312
5.7335040133624355 13.473406461412212
6.715441499377123 13.662612099698059
7.2899137495484325 14.481136157855858
6.79178750708437 15.348240676681952
7.668858088666603 14.86787915145017
8.57757562132146 14.450467549017187
8.38851727080686 15.432433403871977
7.4110631940497464 15.643581522099204
7.531076637075762 14.65080925541714
7.788891229735907 15.617003664328454
6.837444298044126 15.924816490855054
5.838729550691497 15.975500348446744
6.306040106770498 15.091407115706478
6.50335572389356 14.111067099569553
7.503175433642012 14.130055201068158
7.539061693276838 13.130699320328258
8.013998876403338 12.25067962050111
8.776454866544176 11.603639542068287
9.525034998575528 10.940595210271443
9.593400095842188 9.942934840468311
8.65207604970959 10.280438974031966
8.950199558398731 9.32591167030154
8.271996121264698 8.591037464835336
7.683959118217642 9.399871491720603
8.276683982715332 8.594466478695358
7.562657193326124 7.8943481001088935
8.424741174449952 8.401113538442734
7.492682227657456 8.763420203719626
8.227369456884173 9.441826184833568
8.34616138350772 8.448907014825723
9.01788288780907 9.189710781459729
8.873848099827788 10.179283406309056
8.113098007723147 10.828328317977563
8.6625619903202 11.663845721643451
9.040171196048723 12.589810779164022
10.021137882867624 12.395634675197677
9.05688702871996 12.660625788776038
10.040304433651302 12.841982364830235
10.957049391846715 12.44250935995595
11.556738759181346 11.642276479660602
11.26714063129741 12.599424808983763
11.707384035095878 11.701546339806592
12.56530708126686 11.187768131969104
11.652262181874889 11.595627190584095
12.635313914677571 11.412298822256535
11.866477741636277 10.772853016090588
11.950970269664701 9.77642890322129
11.486354035883853 10.661941046168693
10.898482216708032 11.470895138944611
10.48175177351895 12.379925247202545
10.699655499616549 11.403954978109894
11.261100739924514 10.576441085697487
10.64284910725468 11.362421313630152
11.109739810489653 12.246736343035822
11.73383537905798 13.02808435851508
11.357004163293448 13.954366299840412
11.944544855443164 14.763560921095543
11.257474103529647 14.036970402395365
10.45435804045202 14.632793017967057
10.938409941938547 13.757753729324953
10.091532741982325 13.225965229830736
9.479756243108422 12.434934563278807
8.630873269885148 12.963515396994534
9.630154401646417 12.925604716363367
9.110180836030878 12.071422364016362
8.235651063814112 12.556394195679287
9.193277918875442 12.268382379141586
9.084276986118912 11.27434073179566
10.082464854088757 11.214166150469199
11.067924973639139 11.044259256036549
12.03923552616692 10.806444600163163
11.917912848594707 11.799057721125559
11.12831192050874 11.185437012246059
10.912350286240287 12.16183886216447
11.86376070527485 11.85391319816019
11.911338021815608 12.852780756423437
12.880923598659054 12.608028209598768
11.995712622509854 13.07321798560957
12.094795269960118 14.068297192996724
13.039148659759338 13.739364562850788
13.410057673323942 14.668033773956946
13.610429153719991 13.688313778323552
14.586104116951216 13.907535962702207
14.713059074807585 14.899444445716485
14.012764372180033 14.185590588493742
14.862215431345115 14.713258000869493
15.756349613226332 14.265458866444687
16.216996374372172 13.377875314633451
17.19233226678925 13.157149473457162
17.855802215361397 12.408946541531822
16.869944614020437 12.241361369519959
15.980947777897603 12.699274707787794
14.98460786393378 12.784754388663204
15.710911168310297 12.09738002919687
15.35452419526057 13.031718471861225
16.34334787836518 13.180808121842146
15.377703305560622 12.920941696513466
14.535148409166192 12.382331218930853
13.898721508804956 11.610994197586365
14.883017661162043 11.434469172575648
14.03070244551833 11.957497635646455
14.817759341484669 12.574378047486409
15.356410120489596 11.731848915481239
14.915782183287533 12.62953873995128
14.389656078396303 13.479945302574114
14.41417479598349 14.479644673629172
13.417557127922572 14.561822673780187
14.09654523779793 13.8276734065001
14.081039129677713 12.827793633421875
14.93639366455257 13.345836700810114
15.88198712696287 13.02048611475424
16.566137901304295 13.749826719662556
15.687981225873482 13.27145358768679
15.632707998282667 12.27298232104378
16.401819989919844 11.633868290279398
17.05023187991435 12.395157999203507
16.896995111867238 11.406968496669466
17.740085319280432 10.869196331004506
16.93668732447115 10.27375392242377
17.177830476627904 11.244243479383506
17.039668499727235 12.23465312601408
16.253588547874095 12.85277795911381
16.894010805662365 13.620800961197324
16.822915300222125 12.62333144832678
16.05451731838108 11.98335915087742
15.282133280645896 12.618514957157968
15.943074919836537 13.36895226272319
16.728581621530296 13.98780541298922
15.887183362861022 13.44738985963392
16.281010144079907 12.528205184829792
15.741233345332015 11.686397007432188
14.831189907320361 12.10090990341002
14.601470854775 11.127652919413675
13.601972445425623 11.159321984888761
13.53291667904644 12.156934786094611
12.67716403600965 12.674319955900964
12.01632734559702 13.424849681231334
12.69218710724942 12.6878194358688
13.692179249782985 12.691783634543468
14.681063831991302 12.54309845347057
15.501862387614864 13.114316214999635
16.49339482838176 13.244175442268398
15.831903119693271 13.99412792032043
16.73954464327263 14.413874111100691
16.382951574099962 13.479614306218764
16.407950700361305 12.47992683321224
15.842651074352826 11.655041184873832
15.374188416183486 10.771557886842164
14.434915169928434 11.114728061638134
13.747037187841858 11.840554405718109
14.673806620597189 12.216185100031504
14.337366316202244 11.274480304684982
15.310243486012999 11.04315799175124
14.317452436971722 10.923300021872217
15.11674747297461 11.524238825263328
15.896752730806275 10.898465865033375
16.890475913929595 10.786598821972184
16.421865045851956 9.903194127441122
15.722412432086598 9.188515149789751
15.29678725236633 10.093414705756096
14.549965120570015 9.428390868995935
14.072177857503231 10.306866441366136
13.220638838943072 10.831157677102153
12.605935921293067 10.042398954150343
13.230789362121474 10.82314102262424
13.53187050693577 9.86954249901102
13.133988993279235 10.786979309418356
13.087671351133988 9.788052547325107
12.948198185554794 8.797826696277317
12.355083833948378 7.99270846525873
11.365731707000775 7.84716682549796
11.258974122383904 8.841451904399767
11.523923821044018 7.877189669745772
11.92405691704942 6.960732630119183
10.957305324557083 7.21644997097336
10.953929793106214 6.216455668095877
11.674437546189314 5.523008786390332
12.16329630770882 4.650645839397732
11.18052604288164 4.835477131584729
12.083732030785718 4.406269788434338
13.061871744055635 4.198320993476917
12.06574352452719 4.110408706172535
11.312946426950337 4.768661339953719
11.812062152769379 3.9021260018167623
12.319821801894395 4.763624776465015
13.319671076653364 4.780986451613634
14.319650707474757 4.774603823447337
13.46968633864493 5.301444000085105
14.464083516771503 5.407152335300017
14.168987302294433 4.451684793098137
13.860788971064675 5.403006919734111
13.70503436915564 4.415211139228768
12.894212026539055 3.8299187945720563
12.266719222889865 4.608541155777075
12.908482676585836 3.841638509087015
11.972877786574207 4.194687358095657
11.87833585571394 5.190208238494061
12.566549927789469 4.4647005603836085
12.497730253937815 3.467071444684316
12.788473346561117 2.510270287655418
13.492185782531113 3.220755197742307
12.819799067489067 3.960955241943174
13.04089174462433 2.985702439785107
13.621994959944125 2.1718725723404444
14.616806067292952 2.0701333925943812
13.761180414807354 2.587728545980302
14.57325933043934 3.171276174530001
14.161624232983458 2.2599274232045348
14.28555314071342 3.2522185225442692
15.15912209883147 2.7655181265997575
15.448922912651236 3.722605107134652
16.423078006485667 3.496724932802271
16.096088564266367 2.551696941324182
15.18151572967173 2.1472757126262674
14.342110382545792 2.69078161251732
13.555627433180177 2.0731696223834137
13.738122934512631 3.0563763107218405
12.792698870828803 2.7305338030474195
13.320044556978603 1.8808829763549502
14.290112154740205 1.6380479381643422
14.4001167887074 0.6441168638409043
13.753282309837342 -0.1185135557890108
12.758919880369975 -0.01247884984914023
13.458214614332396 -0.727312309511197
13.05819172108094 0.18919283770551854
12.061184003021598 0.1118907670339908
12.978412402344496 -0.28647095737682027
13.95755594324639 -0.4896406556836803
13.82132039715292 0.5010358182373542
13.20204160948098 1.286206999025068
13.458743290864007 0.319716312688605
14.39067900759259 -0.04290721093552535
13.692161844241635 -0.7585005119830803
14.005071077538705 0.19128252203965868
13.315782916316362 -0.5332047661847252
13.402085997531785 -1.5294736948243393
14.206785929028618 -0.9357919448530339
15.199532050349797 -1.05602146952046
14.258883479900453 -0.7166392853805066
13.259559945085117 -0.7534152661856927
12.279941425504713 -0.5525482552179936
11.294826816371794 -0.7244470826511543
11.544812349204086 0.24380248919205316
10.967217975755688 1.0601264075974561
10.174830504391476 1.6701445181687995
9.863565469925298 2.6204676623249172
10.792158502849102 2.991567351364633
11.008370260278493 3.9679138451614273
11.723751935552913 4.66664774206465
11.547815289738377 5.651049233662225
11.195554185082987 6.586950998884924
10.247517616901693 6.905112381505498
9.255038512427362 7.027526544010619
9.974189298660402 7.722380591030855
10.956753434790777 7.5364566324069795
11.76294107670787 6.944796691207512
10.764954266452866 6.881374876687241
9.792589385315386 6.647908523799946
10.776836764824758 6.471111759324643
10.13311533101328 7.236371660045761
10.764788036312233 6.4611364741954915
10.478134839412073 5.503102056908243
9.912565758952008 4.678401132192163
8.967212463579534 5.0044489000551
8.555763462461972 4.0930161162035645
7.710518371922986 3.558637283426907
7.217396606161963 2.6886769831069834
6.220870255144936 2.771955021800797
6.376818681264559 3.759720220818667
5.806156255727673 2.938535469328262
4.807163092939649 2.9833981565279863
5.436194996411821 2.206018671067908
5.9771689798584235 1.364979344262131
6.7861325511876895 1.9528381200426748
5.8537992567090695 1.5912380260069523
5.647105921203388 0.6128322487051541
5.958173205531281 1.5632201403688
6.915416618870852 1.2739364601896235
7.600537282540687 2.0023660561099192
8.545718171176155 2.328913277439803
9.283268145806261 1.653620722377088
8.283785761750051 1.6857915781523944
8.282711642121592 2.68579100128574
9.170259560640375 2.2250755876810095
9.752807537833581 1.4122792698571012
10.293631238685903 0.5711432971413939
9.304867859854882 0.42165423171297367
9.096536124571088 1.3997124549663968
8.790573314742856 2.3517559198365743
8.688669104499194 1.3569617039634543
8.518103072312538 0.3716154558536333
7.697825026410632 0.943580426294437
7.8421487041966715 1.9331109594415001
8.616219063121573 2.5662105404189917
9.61620070624373 2.572269700320429
8.878985339527691 1.896611870440736
9.858712350807586 2.0969490446460397
9.556123686202882 3.050070285649902
9.98114104331141 2.144885085728647
10.42197207121938 3.0424751953185436
10.197442701806462 2.0680078729977605
9.669247410104928 2.9171307933245716
10.610599059987383 3.2545579280715877
10.662827060477897 2.255922741446981
9.746397307842038 2.6561183292334785
9.263386191867518 1.7805041094739718
10.034832146173699 1.1442092567644537
9.686299630197562 2.081505946883086
9.616878966801453 3.0790934224929414
10.616713538579837 3.09728212988889
11.148419356335708 2.250353016347172
12.141599401518569 2.1337622883686085
11.318015854913932 2.7009572652170726
11.690972085680523 1.7731083281953302
11.157324659249054 2.6188153840149386
11.658140746149027 3.4843691068433946
12.65813982633761 3.485725433494771
12.67396553959637 4.485600199052865
11.79210215365071 4.014095195337682
11.048397652858494 3.345586694642739
12.041723352373472 3.460929898530441
11.235571227937495 2.869221564748195
10.755392036446704 1.992051145696543
11.450791012496422 2.710675014009448
12.43159064825329 2.9056931529073373
12.361398465995936 1.9081596659757203
12.693809986458806 2.8512941108262746
12.168973746708138 2.0000908909989645
12.911049300079798 1.3297746424355386
12.967838999149402 0.3313884796309934
13.645330624257623 1.0669189670400618
13.130154157509866 1.9240030983301573
12.888314008482658 0.9536869940020378
13.814833317074045 0.5774397736703298
13.136320127383756 -0.15714844527706762
12.379620505156613 -0.8109111558390097
11.439326149937086 -0.4705488113555249
12.39125973592893 -0.16424430949388497
13.363082089618393 -0.3999587826801343
14.308375879275648 -0.726179032259198
13.449602239755043 -1.2385342177160588
13.509042619065061 -2.236766075205831
12.513683814695291 -2.332999388375334
12.838150103770845 -3.2788966487866005
13.662201556222204 -3.845411612148387
12.69801517759952 -3.580185996344641
12.465468518381954 -2.607600755202895
13.426202373543518 -2.330129207929308
12.857858093940292 -3.1529200561053736
13.168607272275654 -2.2024281055009
12.392618282140758 -2.8331745578804783
11.404952368737538 -2.989750557003541
12.40094906994213 -2.900360562095984
12.873149380956136 -2.0188692880164982
11.91191822572732 -2.294613129683863
12.401412838436315 -3.1666194508357632
13.401105291607964 -3.1914186256536627
12.4288839662904 -3.4254820670488493
13.101373884231029 -2.685375783959585
12.101382204644068 -2.689455092338306
12.423783911376361 -1.7428521452183934
11.559375221956754 -1.2400623107389395
11.908082939214124 -0.3028307876214361
12.25770353756398 -1.2397221565695595
11.590205862393521 -0.4951102753575871
11.933412796421727 0.44414953983465155
12.691214956906185 1.0966339347170795
13.611089017932901 1.488847794556603
12.885117176188292 2.176572219740077
13.762355874258702 2.656626661035782
14.546451131584432 3.2772671587792805
15.396890672247537 3.8033399557159084
16.156633930124976 4.453563134409019
16.99277127432101 3.9050429965464266
16.097120737281557 4.3498014877536635
17.070916455497375 4.122376996582328
16.416658995729783 3.3661051034523126
16.73603401544812 2.418476696965935
17.61914800962039 1.9493182234230395
18.61907543808667 1.9613655385100368
19.410875384763038 1.3505850178290777
19.77926112382776 0.4209119853850153
20.477434956179117 1.136840263789925
19.584010858187444 1.5860544455871701
18.590553991006225 1.4718465078136715
17.747565835051937 0.933914384845736
18.722797813829104 1.1550988950863281
18.87665195016514 2.143192465924785
17.88034595738655 2.2290666107732906
16.96157770555381 2.6238638998017447
17.104272102884785 3.613630695047145
17.7927051268341 4.338930613381622
17.092558928377848 5.052930123736677
16.09748905334605 4.953753796903092
16.027503116791568 5.951301775039779
15.028050151319253 5.918229584175015
14.280588053671512 5.253925126429896
15.242380559466135 5.52770455552803
16.159659068254115 5.129458228092734
17.14719285439255 4.9720510451718525
18.147188785448986 4.974903740489315
18.477238259808725 5.918867375633624
18.248450739138477 4.9453909915412515
18.902864982165074 5.701527221677016
18.270455193395776 4.926893205467572
17.80259836756525 4.043088933853215
18.69690427850952 4.490545007284045
17.71983003318002 4.703443854424629
18.545845548444035 4.139796474812936
17.71725535189606 3.5799408807669453
18.33851985191323 2.796339948519914
19.30011892830117 2.5218819074829284
20.27953801622286 2.320044720090101
19.551997979360635 3.0061099464079177
18.598948090244455 3.3089232698526403
19.1620559101955 4.135306705740594
19.91628695537506 3.4786975902941584
19.988895001674365 4.476058142758811
19.702724138048037 5.434236746575115
18.794194601120314 5.016416114569109
18.37307087248769 4.109412914363864
19.02732528803473 3.3531383876626144
18.02765519154589 3.3788229781010855
17.063851031812696 3.6454341963215358
16.15108254485263 3.236956915175286
15.96144493609216 4.218811067961539
15.018482723760586 3.885911284070437
14.991689361633014 4.885552277500529
14.276216689375861 4.1869115577788625
14.95095701839877 3.448856350907414
15.937886377622503 3.2877028839815323
15.393332048561405 4.126428454535344
16.34616312823096 4.429929580753598
17.134892650021087 3.815189195341416
17.481285640373184 2.877099702683635
17.84928136620094 1.9472722209578566
16.863116709336428 2.1130409440370133
17.8621275123324 2.157509084287543
18.59767492035156 1.480035829792361
19.37754479103546 0.8540941513593978
18.722315489242604 0.098664100281178
18.452761506235262 -0.8643211801073012
17.645927188219293 -1.455098958355355
18.519816583664472 -0.9689741549062201
19.361901387810207 -0.42962901250959185
18.545371479718842 0.14767412206730368
18.872249290043772 1.0927407319510614
19.315420853391824 0.19630391575058603
20.086782920112302 0.8327004603866441
20.060895532334595 1.832365325806074
19.169479517543603 1.3791793942347765
18.199617076949124 1.62283252129068
17.98269809375721 2.599022131320917
17.06834647793894 3.003943262716308
18.00150632616883 3.3634049403004007
17.569967302718496 2.461310670703519
18.248108325943683 3.196242472042322
17.417152689894085 2.6399037883995202
18.03324491809621 3.427577811297916
17.129108044482994 3.8548207325651074
16.476148183363815 4.6122132462376575
17.47311314813608 4.5343617271989345
16.52748077499414 4.859599201770883
16.752131503367696 3.8851598500197184
17.217099260634342 4.770487464353772
16.321485611304503 5.215320231957611
17.076821721193063 4.559982638729192
18.067673208599878 4.694939409228876
17.069603177457342 4.757037822534973
16.22128779928489 4.2275465391731695
15.450281834850841 3.5907186167269862
16.31123605387632 4.099401064568689
17.26329595256112 3.7934893954282485
16.732547865815956 2.9459597685618197
16.23056292555555 3.810836129524331
15.357241672104418 3.3236913992125405
15.051340908007138 2.371627996636483
14.074343952328196 2.1583747467337426
13.805308282166088 1.1952445332213504
14.634528912155217 0.6363231194247118
14.78481667582847 -0.3523191758925037
15.304681167703711 0.5019295642805777
15.776309375939912 1.3837270655221672
16.219078680977848 0.4870914971242677
17.218805923490677 0.5104461664153599
18.21285435880146 0.6193851780511406
18.361986793418144 1.6082024093660587
17.467728463691632 2.0557535681342456
17.163482835371763 1.103159951922039
17.137204940687376 0.10350527542072019
16.610816493215527 0.9537494770288101
16.437035481662186 -0.031034844547999874
15.731833176538085 -0.7400409861629051
14.76597098235576 -0.9990973928570951
14.213417125787512 -1.8325745884608833
13.625230692797318 -2.641299955965992
12.637524372817492 -2.4849790505441414
13.633654663350631 -2.397090232811955
12.689208116241103 -2.0684251758726924
12.225621963328765 -1.1823733270354255
13.021538198033044 -1.7877800889188415
13.455404564038044 -0.8868028547727088
12.459226886837152 -0.9741529288804871
12.993210092476616 -0.12865784545598768
13.067583782447812 0.8685725964379952
12.34469225296218 0.17761106596186116
12.555128220912101 -0.7999965769056543
11.742859353334143 -0.2167133808819538
11.57850728276113 0.7696883612588248
12.56380181619745 0.5988238465680761
11.9282583909792 1.370888969897614
11.84243185778243 2.3671990652993538
12.214207655064625 3.2955216151467592
11.714178941538714 4.161530440534597
10.9698030308024 3.49376962743197
11.01504637560221 2.4947936318488297
10.894682393683414 3.4875234600783696
11.214195392438246 4.435105352912279
11.598987064902582 5.358108802961139
10.704387444744064 5.804977373809702
10.305805128337912 6.722109936228192
11.305639345491212 6.7403181269523715
10.66081104041456 7.504645580974515
10.598985973464432 8.502732581739785
11.526535930454546 8.87643176194712
10.682769387640889 9.413142131912421
11.460388129933621 10.041878238426968
12.450841261316414 10.179728136990656
11.651419593955296 10.780498473936124
10.666877197438147 10.95564489685212
9.672854717205338 10.846469309874927
9.564432396323095 11.840574234082883
9.787985753327964 12.815265927169396
10.763663029967049 12.596054039147463
11.572710284462707 13.183797639702192
12.505622213748373 13.543902252553092
11.783446881982414 12.852192204781103
12.286678540777709 11.988040656968952
12.758280494989148 12.869852199637766
11.89386043226034 13.372622480334549
10.901750919915257 13.247248178683844
9.950972222057878 13.557118906085815
10.918461216244525 13.304205786363433
10.118652801386563 13.904461148290666
10.310407337361315 14.885904064579284
11.273871391755899 14.618066397531589
12.248346526380272 14.842561858507546
11.36397211804872 15.30934007767401
12.31166344129898 15.628528354144452
11.428705469130731 15.159076312520886
12.42811667840293 15.124765457371515
11.798183971345816 15.901415175442473
11.758712626212466 16.900635878247094
10.806416069934956 16.59546171665736
11.52759983674768 15.902717915179636
12.092310105239116 16.72800714488055
12.283904864463063 15.7465330248764
11.312611896409473 15.984419489833213
10.810527947177784 16.84923837718704
10.172515592017982 16.079212251225428
10.841863307624992 16.82216153321692
11.77168272053234 17.19017764615307
11.626239555077957 18.17954425445487
10.658452644504964 17.927773533910205
10.051304344493232 17.13318499775274
9.89737917164218 16.145102490487897
8.995946992786646 15.71218214339878
8.970735343263003 14.712500007553441
9.084070998985247 15.706056764433495
8.125879702968724 15.99218512765213
8.624152346764658 16.859205526745836
7.788098161193075 17.407852406613237
7.772626723047227 18.407732716751255
6.864969183340061 18.82744427319536
7.25790169401764 17.907876960785543
6.82810430611395 18.810802320575135
7.061087118113307 17.838321467646466
7.637863776310771 17.02141958457937
8.636484220048992 16.96891044872589
9.625594059824888 17.116089675719728
10.376581587315076 16.4557732867408
9.516878449796039 16.966567291541097
9.162892703325324 17.901818108859942
8.954618844965866 18.87988865842376
7.967203246300504 19.038035537976675
7.081862087023073 18.57309357203975
6.132988802516893 18.257436337130656
5.216708842538402 17.856897905838707
4.243167819227509 17.628385595599678
3.9955436639129687 18.597241765371415
4.323503193077737 17.65254999170657
5.323232293930484 17.62927500710599
6.032211732088481 18.334504158707915
6.428164247980335 19.25277514548628
6.087825867949018 18.31247211609753
5.772140875646906 17.363608065964314
6.69856444095182 17.74009097081888
7.557506564138449 18.252163650245976
6.6365130454634045 18.64174154817983
6.447408899057434 17.659784511537154
6.528099391674879 16.663045305725948
5.653703007549105 16.1778330187548
4.6662095854181525 16.020172810559767
5.203183279529058 15.176573822987539
5.2157138062902195 16.176495312855163
5.1202419880174155 15.181063179600622
6.112160539808048 15.054186914627325
5.1295495802543405 14.86851057751098
4.165595129235832 15.134577892981344
4.794646108117361 15.911941942811405
5.041553981213392 14.942902984769368
5.982849438904752 15.280486842987756
5.710266375360922 16.242619096614593
6.677092665269922 15.987184319928256
6.4972232011693825 15.003493832079469
5.928861846026719 15.82627288503378
6.405345448658836 14.947089527353075
5.545151146694863 15.457055960433443
5.1272154780923245 16.36553258473907
4.334747714773504 15.755618784189792
3.429247718800254 16.179965054695902
2.431588718297903 16.111579977985777
2.931335480586767 15.245408416699101
3.023902357423225 14.249701947245004
2.0828653464683344 13.911398320286786
3.0192805521754345 13.560504372603829
3.2146992519848467 12.579784467755967
3.98640748690277 13.215761197015667
3.298200729677195 13.941275813897407
2.5120938093848437 14.5593663492306
3.410037226393201 14.999477266899493
2.423158762326873 15.160942114968927
3.2119367734040907 14.546263947761837
2.5861724527479897 13.76625175875848
2.237387143158502 12.829049108413015
2.6419212360747006 11.914526190346733
3.423180575096886 11.290319617815957
2.5418747101978245 11.762865882740902
3.215581006211611 12.501865088905147
4.183944482112023 12.75140903000986
3.2562548366671797 13.12476130566172
3.2722000597651304 14.12463417251048
2.61242529491174 14.876097584569013
2.446591244680266 15.862251258082338
2.3151946590533985 14.870921374902375
3.309254097178835 14.979759941016328
2.363475780378724 14.654947109572202
3.3374705161755225 14.42837647016779
4.336560175692806 14.471036196440224
3.6052882290687407 13.788950175413072
4.2447051444678126 13.020089974660337
4.992479154177396 13.684043309167253
4.149895307768151 13.145478121125729
5.074680012549745 13.525968922331252
4.352946171847458 14.218139611673935
3.492775062990667 14.728145164083003
2.4933740978065115 14.693537205619975
3.115533578332873 13.910646676368811
2.244556498730731 13.419323028649995
2.877542435350004 12.64515973577037
2.3181247189694076 11.816273845795449
2.82290767380431 10.953027549244954
2.2900829291616 10.106801934236504
1.2966578265223683 10.221285843351417
0.32567151590090215 10.4604209193769
-0.42266830298228786 9.797105371938223
0.5445786797164821 10.05094247415168
1.1868374493902065 10.8174303558414
0.20886664675429023 10.608688627402495
1.2025438049269463 10.720963759671015
1.8223315054681244 11.505733283963261
2.7791763963625216 11.215134153253466
3.5566099376558697 11.844099246777807
4.487512588417149 12.209366621184039
3.487529165203317 12.215124511209499
3.6806585888990724 11.233951220856085
3.8544479967952174 10.249168380985736
3.219411333625022 9.4766863835064
3.674300093525375 10.367234650652163
3.256517976771923 9.458687402061862
2.256517979196514 9.45861776599269
3.2444739873702604 9.613352784373781
4.179766828715465 9.25947808772479
3.4859896748620347 8.539288348287306
4.249277697600318 9.185346700407516
4.552905418130998 10.138137447279746
3.5609661555129075 10.011423204683743
2.576008821893731 10.184220921537301
2.76665711320127 11.165879329040399
1.8558313892341656 10.753088218961947
1.1957158381910826 10.001924149486385
1.1240597153904044 10.999353545516588
0.12422699788091784 10.981063192934002
1.026054026757886 11.413160415775042
1.809463026349469 12.034666923672518
2.5213024502551384 11.332324674784097
3.3841474455757607 10.826856066411475
2.7986166922684115 10.016205872473714
2.356574663718865 9.119211533029032
2.596027832343501 8.148303617706667
2.3645882383898265 7.1754543414307586
1.9890734653266118 6.248637932851755
0.9903397295215988 6.298946232017623
0.4024566035720547 5.490000356063123
1.0886128867565312 4.762546195963352
1.2112903007752303 5.75499279507571
0.995299963691837 4.778597294119974
1.8807024925633853 4.313772206729172
1.5478859558292966 3.3707806092712054
0.6396643544366236 2.95229103620668
-0.22763012993442644 3.450086453400887
-0.1318771994879588 2.454681321652555
0.857909701871022 2.5972361879258155
-0.1398502838155148 2.5303406651847387
-0.07383789327424348 3.528159468522813
-0.019321063510246504 4.526672320354217
-0.9332013194250601 4.932656159748195
-1.9311368758452576 4.868432914483645
-2.587223227431858 5.623118742667654
-2.1163195701158797 4.740934098998068
-2.85850472216947 4.070739201918727
-1.86129074040577 4.145333267198662
-0.8714530120998958 4.287534784849728
-1.8243922069938545 4.5906962778445575
-1.487310390775732 3.6492209201346
-2.1361498697936314 2.8882956081178555
-2.413918135401778 3.8489437177922783
-2.3950416648084136 4.848765541347825
-3.1146831931318575 4.154419755220841
-2.6611838987269194 5.0456763905252995
-3.1983311835724977 5.889164857774866
-2.5010773739888945 5.172340524328273
-2.125081386671293 6.098961815644776
-1.138356676267577 6.261363619448499
-0.25173749032731785 5.7988634366132565
0.7320819265812217 5.619700508210808
0.7070689796522606 6.619387635509108
1.6283671097255874 7.008244621460745
1.9370037780162341 6.05706461379319
2.7784155247285476 6.597459166406864
3.7738752384162297 6.692642980287365
2.8631810340594765 7.105724166195197
2.1299019788770464 6.425796355886806
2.9691312915801973 5.882018680085568
2.6877554834525945 6.841616332542335
3.1622663900515846 5.961366709129406
3.861779084083362 6.675986881590557
3.319202877723781 7.5159934650721665
2.474847851229124 8.051777553332734
3.4720980519093825 8.125885833863217
4.225955339828854 8.78292402868198
3.91939973285917 9.734776779812874
4.346476839957035 8.830561570588367
4.494768760758896 7.841617939118456
4.464492520636974 6.842076369555649
3.4700308401495494 6.736976578679899
3.326548870236959 7.726629509918928
4.237185361402642 7.313421110975425
3.663682068970462 8.132624366321403
3.1664108178878094 9.000219492429597
4.144439226580282 9.208691149473115
4.677873070850199 10.054532939518639
3.6786854437333094 10.09483288761437
3.6946907092072325 11.094704795149084
4.6931980063501015 11.149323267779156
5.688861212819864 11.056292201557435
4.788820464079852 10.620486452848771
4.886962905167611 11.61565883050871
5.557459776730417 10.873746473673693
6.172242587077786 11.662442927387914
5.2276574583651945 11.33417636708209
4.303678572057661 10.951732884122986
3.4073747834965467 10.508292337250024
3.653021991609191 9.538933038977984
4.134875483105095 8.662681241414516
3.7253654666821303 7.750375620227589
2.814085624844934 7.338587993092952
1.8820283845904926 7.700899048526367
2.855920830654366 7.9279089679125585
1.8588665465387 8.004608084769252
1.1279606478503603 7.32212983071086
0.5942641128070647 8.167805896638459
-0.4056793497063672 8.178439418004812
0.3897991656691162 8.784421209460643
1.322407713739035 8.42353161960397
2.1712339706438373 8.952203526923608
1.6715228094362813 8.086011426195025
2.668521871835565 8.16342505274067
2.984536543745243 7.214670749910997
1.9863805409921234 7.153969891861754
2.1137228409829656 6.1621110618697825
2.315655610893703 7.141510447430227
2.6132651742481747 6.18682277714221
1.7210522087933287 6.638437684197181
0.7387533982724257 6.451116978322952
1.7291072174956406 6.589678563006414
2.4599065266882576 5.907086173887114
3.1876636121329116 6.592921157381761
3.254437949060309 5.595153054099287
2.257524239491879 5.516647922582216
1.6427171006104455 6.305325411788308
2.550362426970664 6.725063379497273
3.0005269490572855 7.618009012251319
2.1905148713398885 7.031595818375238
1.9473320542305905 6.0616153456528306
2.0391138985284942 5.065836206959277
2.8515150855608975 5.648935093348491
3.8216748999334658 5.4064687357304
2.8474770054140235 5.180773227769153
1.9416168108903844 5.604350030695842
1.8545884432552409 6.600555864460512
0.8762930465130775 6.393340718505654
0.8172436741190405 5.395085655097574
1.2336830745488503 4.485922179275068
0.32797015645483696 4.909813804572888
0.660360152489103 3.966671773627209
0.6531073504633895 4.9666454717127015
1.4247660611872859 4.330608653467142
0.9549294156501116 3.447855275387865
1.0496881397038218 4.443355543703104
1.4679662956133943 3.5350365555228023
0.8340346174377924 4.308425608590833
1.1987813234233702 5.239532391120457
2.1985523953302595 5.218136041475018
2.0079792901064457 4.236463035038887
1.0925383870392111 4.63891545830336
0.4729459116065253 3.853991790430364
1.3038098484139637 4.410467412998726
0.650171648321219 3.6536602358528443
1.575858951699233 4.031949829107457
2.2313182179157853 3.2767193011685647
3.1979750641939293 3.0206440357804514
2.5395516981567128 2.2679962622128804
1.5531110391588054 2.1038779321099503
1.7563020420214417 1.1247388120888595
1.535830232933683 2.100132159102038
1.3907035092694975 3.089545234656682
1.510871506512584 2.0967916638050905
0.6187880468433336 1.6449209953782264
0.8537884885746909 2.6169162589397663
1.2288837571675377 3.543902526086837
2.042768647746426 2.9628763778909137
2.9108083592350438 3.459371150550966
1.9185318129704312 3.5834165282688484
1.8702904556358175 4.582252236202097
2.75361266736438 4.113485908201717
2.514917822284342 5.084580533319278
1.5339028252004492 5.278512416970445
2.4929745430554533 4.995349142496774
1.4935711879053226 4.960810269980989
1.7577790746759836 5.925276024981228
0.765292308402477 6.047628053047615
1.4941545976072685 6.7322883800530215
0.7769032514522259 6.035473837697038
1.6489355605335225 6.524922151534507
1.4393635111790708 7.502715358776905
2.438849810245472 7.470666365367609
3.3976500876855216 7.18658534174779
2.446291307204959 6.8785001736488764
2.565795261544881 7.871333898346583
1.6336940192065725 8.233531736594387
1.0534186292916614 7.419111407857992
0.2925438406144113 8.068010133357857
1.207134683274847 7.663629631204658
2.183004529125843 7.881982657194118
1.299121115479827 7.414275365096308
1.5816667756621683 6.455021514485258
1.9859822513673486 7.369641105411067
1.0127960004014578 7.139622582393998
1.979943523285273 6.885406790241542
2.960587207107753 7.081207621136296
2.191501863384476 7.720353718730617
2.3640209236663137 6.735347539136056
1.695468768270362 5.9916822814324115
0.9495143032623452 5.325685332389397
1.3385226074174856 4.404451084600952
0.7981908853050332 5.245903180729419
1.7817351208215015 5.426570656447452
2.53679780834251 4.770918051851426
2.1005421818318277 3.8710952757795085
1.9608683065703747 4.861292836152916
2.380908958574368 3.953787546546261
2.3843029204204584 2.9537933060513533
3.039073048047922 2.197965230384198
2.4021149749486335 2.9688636757799847
3.1549508576675924 3.6270719510931757
3.023024153854693 4.618331425106446
2.501162628991036 5.471361640788738
2.487605602058276 4.471453541501237
1.5925170446737664 4.025565131201847
2.132321763027504 4.867355405583205
1.32375646711546 5.455761865648583
1.9695474969232818 6.219276073649818
2.965171843430794 6.312722104285097
2.0729607202630946 6.764340650954554
3.023917640908935 7.073664001311073
2.9048496994369444 8.066550110244833
2.224573674600669 7.33359408834928
2.2243178589607835 6.333594121070101
2.1789754433004345 5.334622617301308
2.1521225479475645 4.334983221313351
2.653093145267678 3.4695189178202903
2.33650193413124 2.5209568455070634
1.3388257520144333 2.589090799133962
1.1634835525171547 1.6045832506228006
0.1659646875576175 1.5341835769741492
0.9046462523892926 0.8601290199998433
-0.08342849028327304 0.7061540126364952
-0.8789843069357826 1.3120343164840116
0.04250706923972469 1.7004331368145706
0.5806411735901915 2.543292369269742
