0 0
-0.6762281206563894 0.73669228910959
-1.5346522194738776 0.22375168185629102
-2.1104579091329896 -0.5938348932268587
-3.0437138672232216 -0.9530469708204208
-3.0420486017858566 0.04695164262412954
-4.041723038670743 0.021436544370634837
-4.282537194112899 -0.9491347011021958
-3.4297309193290713 -0.4269073007397375
-3.8720315454141976 0.4699595545764267
-3.0414799214804114 -0.08698209405559154
-2.0417156534067353 -0.06527015533269986
-1.1942043379120646 0.46550717096194594
-2.159134551406736 0.20300063183362688
-3.098067333986025 0.5471012418271484
-2.729392948164484 1.4766598452724122
-1.795712399980237 1.8347668599235687
-2.3973543341837673 1.036000947401111
-2.940496075122962 0.1963599233619442
-3.9305852551445666 0.3368000017019498
-2.9804434491604437 0.02498186797456492
-3.10528661392764 1.0171583564134468
-3.8912764857057045 1.635397728713773
-3.106464792980574 2.2551320322357866
-3.2260639337201544 3.247954295047391
-2.7507513913378694 2.3681372759723516
-3.4015423494993366 1.6088803176405366
-3.704314290435411 0.6558172810150456
-4.475124604274691 0.018752558966343313
-3.6325481001566997 0.5573292338310326
-2.6378214806572426 0.45476728933317256
-1.6437369911883757 0.3461577695044661
-1.0452489780058185 -0.45497399124203886
-1.8413808672487912 -1.060097131545246
-0.8741244917876085 -0.8062958231764839
-0.7141355929545372 -1.7934146368206072
-1.709073128494869 -1.89390991219677
-0.7648043302322574 -1.564734523342009
-1.17022975399431 -2.478862646619791
-1.1123861905621675 -1.4805369872433167
-0.11377961363290956 -1.4277647927311496
0.8175062971553768 -1.0634756872568958
-0.16816030205440835 -0.8947707519342539
-0.8752664806366881 -0.18766336814395213
-0.376367824972053 0.6789969640370125
0.22267995971064247 -0.12171631277732564
0.31467063311164406 -1.117476181423994
0.49015645305286837 -0.13299422272715922
-0.38955788644479183 -0.6084967788529865
-1.1444360494814068 0.04736826745643985
-2.047375143989604 0.4771368000512742
-1.58288288122752 -0.4084403777453079
-2.5760799946784436 -0.29199513811416855
-3.3039388276676167 0.3937318624039964
-2.6386037471714974 -0.3528129993834399
-2.146093344748202 0.5174935578162883
-2.599328098587916 -0.37389763459692715
-3.487965549419422 -0.8325080149631838
-4.173157551765533 -1.5608705070788385
-4.304362064431729 -2.5522258297840863
-3.462416577625045 -3.091788427863175
-4.430641381683246 -2.8417069835166244
-5.378077328744714 -3.1616524885885653
-5.92583496942756 -2.325015430436368
-5.083474103810399 -2.863929312310557
-4.4000442030744065 -2.1339131681192174
-5.323613089226842 -2.517345707858804
-6.20007786627 -2.9988116927452624
-5.738329175066974 -3.885822485335912
-6.455726942352294 -3.1891586901706708
-7.440740713395087 -3.3616344010868953
-8.166847784041137 -4.049216048571623
-8.789643061833676 -4.831600891190212
-9.526782701299457 -4.155860444030018
-9.767430830053987 -5.126472868289538
-8.873906182025378 -4.677458722225798
-8.16983186716725 -3.967332424193499
-7.219177924203237 -3.6570791716288027
-6.270664618902575 -3.973816459720392
-6.172784501764399 -2.978618246966261
-6.947173629784033 -2.345908614982528
-6.322542928680334 -3.126828897238471
-5.590300232828276 -3.807872680244608
-5.71394039144232 -2.8155455612067906
-6.709353390096262 -2.911216675503471
-7.414274489964483 -2.201930948197065
-6.980750866232298 -3.1030731498867397
-7.946057172342155 -2.8419529948152826
-8.876017415090159 -3.2096130917908368
-9.695568349470054 -3.7826194320324076
-10.539763924957747 -3.2465841437098915
-9.636741876046173 -3.6761783466264855
-8.695905878559943 -4.015040598631765
-9.57075901597 -4.499428860219286
-10.426257052911536 -3.9816228069626853
-9.757775769095508 -4.725351771833407
-10.756453206487679 -4.7767655447333395
-9.852635755315854 -5.2046837786954665
-9.580092181199332 -4.2425403381379825
-10.559690020111624 -4.0415724949431935
-11.455371081475102 -4.486269511252945
-12.393576186868593 -4.832349242259527
-12.185266463359458 -3.8542863306369934
-12.69482196250121 -2.9938485389899743
-12.337453473472731 -2.059885069121103
-12.826772215776344 -2.9319900905665772
-13.805465737280873 -3.1373166377178543
-13.84967967879181 -2.138294552188176
-14.818506777019149 -2.386032425232236
-15.663878236702825 -1.8518535271538004
-16.462675973120724 -1.2502538460587733
-17.073013756352598 -0.4581125768652011
-17.17099092890989 -1.4533012392090194
-16.578763416735438 -2.2590720340530988
-16.743365074578783 -1.2727119100440114
-15.743967500240746 -1.2380061697803817
-15.154139765274163 -2.0455352671287
-14.772023003781381 -2.9696493188486532
-15.655756810616772 -3.4376392318342073
-16.056640128253022 -2.5215101112180394
-15.103311371616575 -2.2195758770378005
-14.10990696948045 -2.3342392705710866
-13.550463989505662 -1.5053704316364038
-14.009540048943366 -2.393767399017061
-14.999359541451335 -2.251439003216136
-14.041056834144028 -2.537194005215199
-13.462783273844565 -1.7213510733596962
-14.122701616480983 -2.4726884017628596
-13.930854966334882 -3.454113316276303
-13.58201135286521 -2.5169323661170377
-13.857677058460487 -1.5556787997992538
-14.70696931504727 -1.0277558291854234
-14.05505205045769 -0.2694657263026017
-13.804359331552057 0.6986009866297773
-12.90541948484659 1.1366730720280036
-12.146530717273958 0.48545280326167317
-13.054412604663844 0.06622675618279739
-13.687051665022384 0.8406735389307556
-14.196232346813131 1.7013331890196333
-13.388899666650968 1.111236634596394
-14.225232618353218 1.659458481932854
-13.272260572537494 1.3564002698781512
-13.652116319984263 0.43135453526193435
-14.620332446560017 0.681469573271731
-15.600304384267275 0.8806052087222512
-15.419446180219198 1.8641143901885475
-14.436399132390665 1.6807609016599527
-13.814560016413267 2.4639059162265067
-13.326854249284285 3.3369139830329537
-13.411400245168883 4.333333560610533
-13.965626176998397 3.5009672851718245
-14.139352065144474 2.5161732377751838
-14.538172667763462 3.433202205107529
-13.563653525733995 3.2088978542398934
-12.732411603275528 2.6529870103561355
-11.741014484729067 2.5220986864392434
-12.725874423176165 2.695450645303217
-13.19347304121564 1.811509735282885
-12.292840922649445 2.2460920485527267
-11.354168332316902 2.5909018050248935
-11.856907454435397 1.7264636203687989
-11.014638180997453 2.2655206405645463
-10.04184719651139 2.497205125376613
-9.453640731345963 3.3059159230896116
-8.931324625601487 4.15866787159511
-8.547051301269923 3.235448497769383
-7.6351213088187535 3.645794313963493
-7.528861800723922 2.651455882171055
-6.533894279700522 2.551257917578203
-6.831939690568059 1.5967062253892461
-7.003872005692869 2.581814990458273
-7.9980416088029065 2.4739873490483335
-7.555471131020156 1.577253624805095
-6.72508551746084 2.134442760371931
-7.390916917027656 1.3883405238447275
-7.987202118261895 2.1911131932780132
-8.831226434009302 2.7274181013546785
-7.845527905250983 2.5588998222165253
-6.988791771907179 2.043144843740207
-6.10689609074799 1.5717002472574704
-5.437933886190576 2.314996667855393
-5.555536438337453 1.3219359246334383
-6.492775556424276 0.9732486212686137
-5.500797845595288 1.0996615209999314
-6.466697497719817 1.3585782296645394
-5.874545072266142 0.5527522527754041
-6.31694700640348 -0.34406463414831
-6.99399999558681 0.3918696359043339
-6.0971131011356094 -0.050390353877333705
-5.180848714086174 -0.4509644082354801
-5.788233351621031 0.34344348578789285
-5.665081790650149 1.3358313600741698
-5.871921736514777 0.3574565664522583
-5.402816271620616 -0.5256855867747485
-6.312402604637438 -0.11017060173929771
-5.643990172763026 0.6336202431329238
-4.810791260026467 1.1865936347302202
-5.7749623531006735 1.451874812502202
-5.11930127710408 2.2069301438673876
-5.576209285166486 3.0964440966351026
-5.341371699497615 4.068478719659002
-5.269080498361585 5.065862287920637
-5.796385586209526 5.915538311078684
-6.104701105525361 6.866822464499211
-6.589566153730862 7.741411445123068
-7.339198035731405 7.079556444773048
-7.895080539450468 7.910817319624635
-7.766342028965649 6.919138744723397
-6.769761765019847 7.001769111500481
-6.6902799475424874 7.998605427397177
-7.638131530249776 7.679893367444486
-7.159583789871859 6.801831831913411
-7.766071401852639 6.006738896141844
-8.731156674330874 6.268674798311842
-8.122301398582525 5.475393477976237
-7.403789932147452 6.1709085911127675
-7.66794897254681 5.206429456359045
-8.664258428616744 5.12059550185598
-9.477445363991452 4.538592917552531
-10.277125423006646 5.139019268750956
-9.708748202693648 4.316251175404313
-10.282569473317489 3.4972706204583233
-11.266990164844858 3.6730998048754033
-11.966568794467584 2.958544180046106
-12.501121011337377 2.113408730878583
-11.684465868311309 1.5362827677049689
-12.613131667875187 1.1653652125523692
-13.50002873789493 1.6273322970837198
-12.516168715749512 1.8062721104959927
-13.477596186217706 2.081330684310969
-13.315284770223297 1.0945911015243608
-14.232900132279367 0.6971215463145217
-13.313368440739337 1.0901374089123728
-13.561002312623637 0.12128372259250875
-12.564516959984845 0.0375165334529661
-13.351802114114355 0.6541056073808738
-13.231806196090188 1.6468799924541075
-14.186894341628253 1.9432018348023536
-14.14121974529168 2.9421582058464004
-13.204749836022511 3.292906133899287
-12.243106300020788 3.018603910674427
-12.874736795811886 2.243334333826031
-13.636862050977284 2.8907639403772603
-13.010095229360061 2.111557067127386
-12.942455075223203 3.1092668493528293
-13.832723753119868 2.6538311446083256
-13.723064683002809 1.6598618853547702
-12.92359473069555 2.26056796602803
-13.83668865844878 2.668317250638288
-13.335464175759338 3.533634543862398
-12.359283747109735 3.7505948414319703
-11.429882757343673 4.1196663795134985
-12.114097613266669 3.3903858909946605
-13.044173222669428 3.757754045295065
-12.627912948619802 4.666999548032433
-13.33459290014668 3.9594661946772938
-12.336913971455644 4.027559918660552
-13.335428749184542 3.9730783744734657
-12.663051046799758 3.2328701434088836
-11.768459467055202 2.785985476576223
-12.216028404536148 3.6802349083357164
-12.262934506491192 2.6813356053029316
-12.877899344863234 3.4698901357991097
-12.936443974853386 4.468174927979836
-13.01531176738732 3.471289843679332
-12.900424598201823 2.477911296318587
-13.506163512193949 3.2735747729691376
-12.566417809220024 3.6154490389530562
-12.438537252071434 2.623659462932333
-12.718697939416732 3.5836125811970794
-13.714116079315584 3.6792301881547433
-12.780775726449082 4.038222925840386
-11.786167756776347 3.934516674035212
-12.589208423614666 3.338592444452401
-12.551130407268946 4.337867213808245
-13.216047918672285 3.5909504158787886
-12.302718726078453 3.9981724510830503
-11.304468849149634 4.057309437915294
-12.228326866508388 4.440044808324082
-11.387769008635768 3.898323027731318
-10.46292303452691 3.5179811760049593
-9.51034645535028 3.2136822098480677
-9.352561982283055 4.201155784207857
-9.71446836366603 3.268941339396857
-10.375129186992801 2.518256800778142
-10.406266361941187 1.5187416801640348
-11.07714275476879 0.7771724888227115
-11.926819476907385 1.3044764503627448
-12.76381540035393 0.7572673275094562
-13.740942857181924 0.9699218198505721
-12.909270417223926 1.525188379814623
-13.252729243122822 0.5860206445765818
-14.009300505480027 1.2399318961812806
-13.721107208167952 0.2823596412655518
-14.560187317504592 0.8263675181530218
-15.520649647382317 0.5479575454763037
-14.86801119376755 -0.20971193976335234
-15.276811143822476 0.7029120796636463
-14.33538807304895 0.3656842608002806
-14.682865079717212 1.3033727644286788
-15.51509993509677 0.7489495096031202
-14.52354872834 0.6192336494348571
-14.563570839863104 -0.3799651448944956
-13.971036328219569 0.42557992058065
-13.646692453273369 -0.5203593220691534
-14.592842853845527 -0.8440867066030302
-13.778888148252438 -1.425015047487574
-14.63691255679187 -0.9114061356192557
-14.237059118158061 -1.8279852252851279
-13.91172031845093 -0.8823877076249327
-13.796196070822573 0.11091695269329116
-12.834501096519132 0.38503878035301137
-13.738532910113157 -0.04242639952705307
-12.914291016180028 0.5238114482767912
-12.69414082444783 -0.45165453938258204
-13.362910082824088 0.29181548627471954
-14.222255663957235 0.8032108051689547
-15.196860457640057 0.5792789045150633
-14.2420342695584 0.8764437586843524
-14.15176415577981 -0.11947356045333601
-15.106306793707402 -0.4175479679059609
-16.066174997870473 -0.6979994443448687
-15.529649545292477 0.1458846938731555
-15.057737990603588 -0.7357612013427847
-14.693884885776653 -1.66721754390952
-15.378941701688092 -2.3957071862334725
-16.076945794988852 -3.1118009550482735
-16.7331259725579 -2.3571967047518343
-15.81811371855418 -1.9537706582166197
-15.252753131450135 -2.778614526199748
-14.768079655510753 -3.6533096855100293
-14.637322050015742 -4.6447240532721725
-15.143449013122545 -5.507183036190366
-15.9123321704793 -6.146572346652395
-16.152610722227102 -7.117276327055267
-15.799741083940523 -6.181603831800919
-15.054062556985441 -6.847909718341102
-14.926471346847228 -5.856082877055051
-15.403340066130815 -4.977108346952596
-14.49526244191395 -5.3959102433148916
-13.85401896804424 -4.628572763962092
-13.019042671699989 -5.178858675596432
-14.011956550715457 -5.060022532700183
-13.099007836517218 -4.651948219316232
-12.438125504888461 -3.901458683252646
-12.534881944519828 -2.906150594573637
-12.765374212412338 -3.8792247512758724
-12.846834606697962 -4.875901330795443
-12.163970567273411 -4.145355847159561
-12.98155966345948 -3.569553737231465
-13.583620659116269 -4.368003834300002
-14.071028067114444 -5.241178512487878
-13.736892377007871 -4.298653531069876
-12.742429712375564 -4.40374400947973
-11.895817179638739 -3.8715342581476655
-11.22474499778186 -4.612926277755274
-12.071586214945508 -5.144772075814064
-11.839246698280895 -4.172137329881115
-10.858842165947738 -3.975142525430331
-11.680811981230006 -4.544673580566777
-11.070494762366305 -3.752516467136318
-11.420598813598973 -4.689227283402722
-12.26663314815043 -5.222355696414142
-11.585871649414385 -4.48985055524539
-10.606854034468524 -4.693626190751006
-10.03431542804195 -3.8737484290382516
-10.635331220725925 -4.6729855759129775
-11.054686315321106 -5.5808078628376085
-11.96600396066291 -5.169103904526944
-11.199321436381261 -5.811130311274454
-10.200070542130542 -5.849829798856818
-9.893687014042726 -4.897921644822794
-9.130050028709428 -4.252275801785705
-9.045752115052558 -3.255835205586866
-9.220616297919037 -4.240427769823687
-9.782635608468214 -5.067551880565133
-9.97462254390595 -6.04894936202778
-10.658245471732906 -5.319113974731918
-9.666600840230565 -5.448113683307504
-8.688177298948656 -5.241504453442606
-7.800022771707139 -4.781959531002592
-7.180811711187859 -3.996734937315799
-6.352672666287375 -4.557257659702067
-7.110712432780628 -3.905049324570681
-6.297196470569315 -3.3235067386602406
-5.926723050995411 -4.252349806885018
-5.3451630264952605 -3.4388463109469956
-4.542078171785701 -2.842981631564062
-4.1774014802364405 -1.9118474249962412
-4.201186362010456 -0.9121303253130377
-4.233596278323306 0.08734433535855435
-3.7602538376334174 -0.7935341658217951
-2.7788379183671745 -0.6016415046520801
-1.8913008591939346 -1.062377837703986
-1.4024259039812477 -1.9347317098027998
-1.0724054892734336 -0.9907579146813026
-0.2540524577118679 -1.5654737711999784
0.679292772584816 -1.924453827863897
1.4251707365148811 -2.590536452561119
1.4259903686098159 -1.590536788459561
1.8077341126553221 -2.5148049929771235
2.323232326409007 -1.6579143397332219
2.0196853450829573 -0.7050978673064261
2.717087705973966 0.011581940574085459
1.8387300915457137 -0.4664221401364347
2.6806049597525314 -1.0060949171798517
2.282596320086756 -1.9234765840728625
2.8429183379452967 -1.095201728543049
2.4071521806689513 -0.19514181044169987
2.182778217773204 0.7793613064206618
1.7692560727996498 1.6898553676953476
2.740194210146724 1.9291859621562193
1.8004745306226135 1.5872401712549369
1.5614472201963248 0.6162273264014949
2.3898382927799036 0.05607714041221257
1.3898908180619607 0.04582785725636684
2.153436357984706 -0.5999261272176613
1.2364093408895611 -0.998751214088561
0.6921707442005679 -0.15982073432638466
1.3639516365253659 0.5809291780646315
0.9126188822423749 1.4732849058499857
1.1781084387158616 0.5091711701302257
1.7221994879431728 -0.3298550095273125
2.425444734686929 0.38109233235696105
3.3394387502904763 0.7868199989523044
4.303867901201166 0.5224785287405956
3.34837199531626 0.22747416633694612
4.07294885746732 0.9166681672070376
4.81828707236134 0.24998162510603184
4.335171956692852 -0.6255752177160798
4.960071803466767 0.15512970829754402
5.037488307558262 -0.8418691306657978
4.562414042969308 0.03807657398038333
5.306152789583892 -0.6303938268483802
4.4538014508432315 -0.10742423371030496
5.334833513462761 -0.5804807891414476
4.889378733495377 -1.4757852284268838
4.339087565665454 -0.6408123961692233
4.104592751151565 0.3313049742990227
4.807721611978095 1.0423674223813182
5.623769571248518 1.6203516160843798
5.176178140677511 2.514589789771569
4.702590924327253 1.633842863288363
5.700370299408918 1.5672371678739188
6.1562777491265255 0.6772099787993453
6.024153855500926 -0.3140232312643668
5.105738339206545 0.08159393144438765
5.283648941966222 -0.9024527226455943
5.504242441691009 -1.8778185554894407
5.794646472862845 -2.834722677478236
5.92568381362321 -3.826100110813518
6.290013306784566 -2.8948299993996547
5.924562042702571 -3.825660474610298
6.6328379226952 -3.1197247283694183
5.63997265190661 -3.2389663069479493
6.11331534344038 -2.3580879405592827
5.256488096054526 -1.8424843446280863
5.999919177118717 -2.511296895129143
6.157014574813636 -3.4988803275656513
6.701134464080561 -2.6598728507788536
6.967444867687511 -3.623760172477144
6.0837223049534686 -3.155749027188084
5.141462051378825 -3.4906305204561505
4.5498681217577905 -2.684394436895298
4.745694254366471 -1.7037558052946826
3.7862695426996553 -1.9857207368784648
2.7879226704008917 -1.9282444585431704
1.8683277940078056 -2.321112455854716
1.1406044703777698 -3.006983263109883
0.7043698234451576 -2.1071503159382545
1.666972689585137 -1.8362338673805914
2.6138395730688595 -2.1578595892403682
2.9435307937380446 -1.2137707697886904
2.0814279711475487 -1.720504154599184
1.144379317590662 -1.371305327471678
1.4849829974975353 -2.311512290450519
0.5697111194903317 -2.714348968682736
1.3388495343512667 -3.353431200312757
0.9970600869232015 -4.293207755471917
1.9923792616097853 -4.19656542260884
2.297849242761161 -5.148767129504694
3.0590942922350592 -5.797231449765634
2.1913429722616256 -5.300232811252042
1.6475300409777138 -4.461026343350132
2.0012876746499275 -5.396363467930695
1.1111226870610929 -5.852001805728306
0.14143800970178022 -6.0963614310647465
-0.6582662713930862 -6.6967555206413705
0.23399153982767096 -7.148281819228223
-0.7551535415675733 -7.001339626677562
-1.1315266475243069 -7.9278078048210325
-2.1292136323325836 -7.995783391204445
-1.5140853625313255 -8.78421044026562
-0.8782619394382191 -8.012375888923064
-0.1855692793830549 -7.291143000941864
-1.142803680543926 -7.580456500858803
-1.9589437320946157 -8.158310648767111
-1.4683505306691682 -7.28692192338955
-2.0205309672971477 -6.453197289349429
-1.392920395456635 -7.231724726318753
-2.3581982186868538 -7.492950153832865
-2.9239232860590714 -8.317544083077253
-3.758869977636766 -8.867874912872805
-4.2021922169736285 -9.764237223609568
-3.4265693974875724 -9.133040549115396
-2.471590113221228 -9.429713039619893
-1.5456043660234706 -9.807271506597672
-1.4818948976528319 -10.805239994897745
-1.592367280164091 -9.811360800678303
-2.47555359489363 -10.280383117284298
-1.5957871870992637 -10.755789330660393
-0.6764351056878259 -10.36235350310467
-1.4714284550698902 -9.755735357614208
-0.6207562494113925 -10.2814318465887
0.08612750649682777 -9.57410211044502
0.8733333217113723 -10.190792473992566
-0.029158307185406462 -10.62149986860199
0.123069034175603 -11.609845373242022
-0.7622773538884272 -11.14491336408157
-1.4648865423548303 -11.856489311034938
-1.6547909171302695 -10.8746867196546
-1.5425165352925299 -9.881009476691396
-0.7162436184140668 -10.444279453552543
-0.37368680493076056 -9.504782338316863
0.3414966684396462 -10.20371910184976
1.340078309180122 -10.256961066276887
0.5498999766430467 -10.869838054577905
0.5571895751985678 -11.869811485101385
0.46213434266064757 -10.874339485109843
1.3388397811246122 -10.393311862028062
2.1043184192064137 -9.749850554224375
1.8007970214669546 -10.702675176657216
1.9302298645964684 -9.711086986368823
2.384601622702303 -10.60189914694804
3.3462187324011388 -10.327504295803823
4.0137552659738205 -11.072081341075679
3.3341220840412182 -10.338529203858311
4.251035313627132 -10.737615822790001
3.251074626052424 -10.74648280114326
2.2602184116038884 -10.611560741091106
3.0941499849023524 -10.059692884574757
3.920082844023984 -10.623461376265421
3.7801965234957264 -9.633293805937516
4.699598176311967 -10.026613778477389
3.795215531721399 -10.453336208358184
3.729266088964202 -11.451159174119153
3.4084291041407617 -10.504024743761242
2.9659244270760206 -11.400790940033062
3.293842049447912 -10.456084619032739
2.316148569097895 -10.666121421715198
3.273013686336816 -10.375588897870886
2.3013364467284645 -10.611900856999267
2.894097299076722 -11.417279384105228
3.5355307687594673 -12.184458049065846
2.626781138979574 -12.601799768014367
1.7514723663813967 -12.118235343544708
2.464616104377151 -11.41721750571357
3.3776918838131302 -11.825007428354356
3.774036030318181 -10.906905409224029
3.8876523231835654 -9.913380704953658
4.6660351940231966 -9.28559084649507
5.286153424046276 -10.070099215343385
5.781976866364711 -9.201675865791165
5.794945002119639 -8.201759955599192
6.1682232694929695 -7.2740405286673395
5.917009440364143 -8.241972144048525
5.176396516211882 -8.913904057696506
6.144289805781626 -9.165265510600205
6.817675403794535 -8.425974068482283
5.817679563856913 -8.428858528128403
4.979243615032454 -8.973858674659418
5.418575278520212 -9.872183610001345
5.163159774406238 -8.905352228498757
6.036494381499213 -8.418231438495129
7.021219235365013 -8.592349106119581
6.137686939314115 -9.060719346244879
6.143206277185879 -8.060734577906151
7.142532301635931 -8.024026311032669
6.727969404127291 -7.114005649723685
5.752182143280582 -6.895283859384272
6.60236655122878 -6.3687988429956075
6.86169696821592 -7.334587502498957
7.234783905494845 -8.262383890308174
8.103575165985513 -8.757562389129596
8.554145532494518 -7.864821472164355
7.627960869671229 -7.48775122625398
6.647993814876593 -7.288591562875254
7.599743096857778 -6.981714870622
6.762466269034549 -7.52849408894533
5.869635631608391 -7.978886643139114
4.906927601795036 -7.708344133849191
5.624790269272852 -7.012159394974778
4.971066745134269 -6.255425918783965
4.008677670050702 -6.527100849831708
3.142369355473517 -6.027591186166992
2.1614948919868526 -5.832949754606935
1.5172266503408247 -5.068150151569424
2.50812991781613 -4.933574096839157
3.4746604197695765 -5.190125824164504
2.5437085474413133 -5.555267730015505
2.8966766286531658 -6.490903093629783
3.621296699617139 -7.180051664517198
2.763441073666331 -7.693942436009105
2.3391772339781243 -8.599481057125299
1.343098211907806 -8.687949027552106
0.5207040299393126 -9.256867131908411
-0.10922896310394248 -10.033516618018822
-0.6732122509698832 -10.859302819773202
0.22980227693260102 -11.288912831757388
0.6677636028364504 -10.389919018089829
-0.10603382311204368 -11.023352158678072
-1.1059347588345638 -11.009276692745157
-0.1327998475954305 -11.239512321021069
0.3540341348630355 -10.366017802707628
0.9172291925614614 -11.192341786980181
-0.0215437541227137 -10.847805352660224
0.1737494029138662 -11.828550264864557
0.04411659445135277 -10.83698819672655
0.561499138095363 -9.981233965926343
-0.38933117992446054 -10.290946261992097
0.1207285766145163 -9.430807293708833
-0.491471508605659 -8.640104406616336
0.2085828424518117 -7.926014842510051
0.08449417709010915 -8.918285976388667
0.9526393855888113 -8.421975693439839
-0.04695485099144947 -8.393491273215343
-0.40786894906564514 -7.460892209409631
-0.18991729140831348 -8.436851775644023
-0.11505302597093313 -7.439658042330119
0.4495880702566255 -6.614321485251165
1.1468051969080566 -5.897461472205436
2.116376185830143 -6.14227180172739
3.0746783414955074 -5.856514949758596
2.6231013537352106 -6.748747107958096
1.753694861768054 -7.2428446203231776
2.692997899540126 -6.899755997323001
3.6237993422302957 -7.265281200675518
4.42553963159236 -6.667608624415211
3.693363020292942 -7.348723453108656
4.373565223633489 -8.08174798378322
3.4406431221046336 -8.441826242608972
3.900407913526656 -7.553785513493092
3.7568303090273263 -8.543424574709976
4.740063140018685 -8.361069974930539
4.413833229251605 -9.306360430463071
3.5009434759424507 -9.714566626279783
3.9367141763123414 -10.614624344817397
2.9452557325268685 -10.745047326866146
2.64949998191198 -9.789783731842121
3.2708026095828666 -9.006213029959227
4.263226443019609 -8.883351584311207
3.345409857283639 -9.280356263059414
4.125602994563842 -9.905894965731658
4.516436190361026 -10.82635648750373
4.856673666373205 -11.766696032517585
4.344090714090208 -12.625333742514558
3.8158001591115065 -11.776270087939533
3.8137618903221804 -12.776268010667547
3.430919453830804 -11.85245435585325
3.8506475132732656 -10.944804447509364
3.336135521867347 -11.802287631425829
2.3671800320251712 -11.555052401928272
1.881766926954268 -10.680767484166662
2.6528925660070355 -11.317450489119253
2.6791701453947434 -10.317795804329789
3.596911390971849 -9.920616995521234
2.959730496113818 -10.691331279304737
3.9346443415627537 -10.91391383466784
3.0234016967784156 -10.502043900918792
2.0942272573115552 -10.132402370457934
2.7859519879222265 -10.854563638501016
2.7054682891992856 -9.857807713392027
1.7096168780810856 -9.948802037247363
2.5238046296821484 -10.529403712359317
3.4704740175033377 -10.207197147928586
2.5032491596823876 -9.95327575376645
2.862552020608586 -10.88649676410122
3.18213195986296 -11.8340560827859
2.57796690808977 -12.63091528629421
2.3284317685614964 -13.599281030287978
2.6539960659886073 -12.65376112661551
2.001050592992618 -11.896356208956506
1.076913547103617 -11.51429506147413
1.5494221506164376 -10.632969003986684
2.529915456407341 -10.829521483745209
1.5990205939251807 -10.464234261132209
1.7056957429917114 -9.469940334482933
1.7602065661539243 -10.468453514244812
2.7296074738699425 -10.222970561436762
1.9179469479898952 -10.807099991210785
1.5130682468203611 -11.721470396101097
0.5511127848253969 -11.448264083695884
-0.23786727382906814 -12.06268288796997
0.7064885386886597 -12.3916085624984
1.5615003729922168 -11.87300007510076
1.6936551974769358 -12.864229161823609
2.682466287178658 -13.013402312500574
2.2181137481519397 -13.899052762452156
1.3528943449946844 -14.400446205169752
0.7149781526345308 -13.63034041274593
-0.27356541511544397 -13.78127620922957
0.5708975363437078 -13.245662240392967
0.7924291418682217 -12.27050904845145
1.788845479613573 -12.355093218803484
1.6512136134189366 -11.364609766439044
2.1301423498021226 -10.486755982790307
1.2268927299871037 -10.057640468850268
0.2283710304950881 -10.003285932300162
1.1827218922085856 -9.70459808061097
1.9062779303122332 -9.014332436294412
2.076252894955491 -8.028884055406543
2.865234123539242 -7.414466753450881
3.7454288050937476 -6.939853940135477
4.37475503229342 -7.716995175535213
4.735970960714957 -6.784512975675844
3.7814478538702856 -6.486376029794266
3.6126569918454 -7.472027918087945
3.645542437709194 -6.472568790634331
4.181814867193741 -7.316613742858288
3.4774830059421826 -6.606742888951808
3.029167458086809 -7.500618254733379
3.922361348421557 -7.050946514161794
3.9586348601406924 -8.050288413787523
3.331560886890648 -7.271328702331018
2.3525501524187447 -7.067520013142396
3.087970621172378 -6.389908963838899
3.93846584235501 -5.863926189648046
2.970330386670151 -5.613499075609109
2.543489227865278 -6.517825689808931
2.793305106254543 -5.549532331934056
2.045013730540705 -6.212902528002806
2.5116105601054937 -5.328432404912101
1.7138672750864052 -4.725435181695481
2.6968588447821795 -4.54178449722347
1.770864448427783 -4.164247243538146
2.2685592883677796 -3.2968950392421625
1.6731526477846406 -4.1003195424467265
1.869878129867808 -5.0807781518225354
1.3515542494155046 -4.2255937536060655
2.1469088911195175 -4.831738120832126
1.6967456363115936 -5.724684392463704
1.8078583237689985 -6.718492206221471
0.8133027442575994 -6.822699688019782
0.933257278905647 -7.815479074196475
0.17738009025904533 -7.160765643996887
-0.6461144967050952 -7.7280897711418195
-1.546427896609471 -8.163331981816087
-2.345963763175211 -8.763950328251635
-2.8523347535023937 -9.6262660593821
-2.6621934665861513 -8.644509322196235
-2.6109054664927216 -9.643193226665721
-2.427898364742997 -8.660081635487401
-2.9309460617974152 -7.795822985262686
-3.9210150048968835 -7.655240312397564
-4.907904547884741 -7.81663743114885
-4.304512548631782 -7.019192702507725
-5.039258873887401 -6.340850725682345
-4.049845328772091 -6.195727203321724
-4.284395590132632 -5.223623209452908
-4.3377607932355255 -4.225048147127703
-3.8324872342733274 -3.3620889183030305
-3.7703449328676704 -2.364021618780594
-2.773778728623311 -2.4468213806038603
-3.416296952232745 -3.2130917847888174
-2.453148344964126 -3.482061597809756
-2.941650606832405 -4.354624226020233
-2.185390231078779 -3.700353453277797
-1.5209406033765092 -2.953020400184121
-1.4034753321110165 -1.9599434091876906
-2.4034494336601355 -1.9671403690341709
-3.40336044552554 -1.9804808469230102
-3.0111141704769313 -1.0606206076961529
-2.690872296471424 -0.1132847949383744
-3.2638186360827945 0.7063080868791363
-3.4980246239799113 1.6784950829005476
-4.148054330465363 0.9185862852896515
-4.505699483401034 -0.015271275894933378
-3.5070847623200545 0.03734658077329064
-4.438911097123833 0.40025108855206926
-3.7171085198313336 -0.2918479212824384
-4.246710891527488 0.556398109002295
-5.010757521157319 1.2015591336707847
-5.580213854730358 0.37953754991914634
-4.580214094300292 0.3788453506637527
-3.8766826147586677 1.089509446628909
-4.518639267131699 0.32276851484424773
-4.005597351767044 1.1811320701510686
-4.999742499299151 1.2891849536774451
-5.857612101343665 1.8030523936733913
-4.9366345397217675 2.192668013212681
-5.801734084009038 1.6910677954356574
-5.1738266732571265 0.9127797488084264
-5.974335920159083 0.3134593456646142
-6.409522915452734 1.2137994364787932
-5.775469267314945 1.9870884971043523
-6.564398164220627 2.6015729929439004
-6.707613378695195 3.5912645622436514
-7.11846156539816 2.6795607904609056
-6.2937808659158545 2.1139622191213245
-6.856313286500539 1.2871869922360872
-7.276825736863754 0.3799002244005122
-7.160534202890261 1.373115346680722
-7.513990209458709 2.30856649528266
-8.38213048888208 1.812247590501963
-9.304795452676526 1.4266449912028993
-9.258120246506206 0.4277348725591056
-10.245863714870922 0.5838208767453866
-10.953153894840087 1.290744211569741
-10.975830515465175 2.2904870639458035
-9.975947931444546 2.3058108419470598
-9.406976680723151 1.483453428256071
-10.372823483180596 1.7425672144248656
-10.542001124986845 0.7569816394934563
-11.096717754972587 -0.07505769876962187
-10.335581539834081 -0.723649760087542
-9.417701370485803 -1.1205074105331103
-9.388871797864562 -0.12092306904787242
-10.271733237778994 0.34871048800721527
-9.888764813756978 -0.5750509455902766
-10.313268405393343 -1.480477199179064
-9.362243730727684 -1.789592174838734
-10.223205035426577 -1.2809217198178233
-9.894816339247196 -2.225464394460746
-10.820288450184105 -2.6042801437082943
-9.860687051933349 -2.3229171104661974
-9.96282319162729 -1.3281466801816921
-9.12367258699059 -1.8720458093755723
-8.461357416024487 -1.1228204665659856
-9.083187494793378 -1.905972656844654
-8.088580248077832 -2.009685842028217
-8.013163852656321 -3.0068379704928896
-7.110383135517146 -3.436939094371537
-6.750773065579056 -4.3700417669639595
-7.662545176409718 -3.9593452635561524
-6.84394290740484 -3.3849844665129813
-5.862046536268883 -3.1955655752955554
-4.87860472035328 -3.0143414193211866
-4.641731714952081 -2.0428007977761053
-4.794446448382177 -1.0545304854660702
-5.712455095643764 -1.4510908510511233
-5.929013794933981 -0.47482125213813386
-4.930099602191927 -0.5214091855382009
-3.97345781991771 -0.2301421252529533
-3.1182910929662766 -0.7484951604665739
-2.240155959429046 -1.2269078350975358
-1.2937098895204304 -1.5497697819951781
-1.8995898431283882 -2.3453258653834075
-2.386060926492879 -3.2190225433272914
-3.1206298969873147 -3.897556571646244
-3.3566951391905495 -2.9258193636401244
-2.807818860651163 -3.7617229650540396
-2.47111919259813 -2.8201108721341486
-1.5618566649140269 -3.2363339562483233
-2.019239371985315 -2.347063997646246
-1.0905388649433 -2.717894643925521
-1.3507830230464752 -3.6834374851154754
-1.1099795655906035 -2.712863585364767
-1.0208764430655901 -1.7168411792130316
-0.10360343000714634 -2.1151001646919334
0.7933332308336988 -2.5572592157580343
0.3705829201347652 -3.463505415641904
1.368379466338554 -3.529853380070291
0.41824446912252655 -3.2180145000933074
-0.3711260794937771 -2.604097456041592
-0.8874195616773929 -1.747685732479428
-0.767725135950607 -0.754874952698137
-0.7834820776971707 -1.7547508043851328
0.1351302870457981 -1.3595909337740968
-0.742544498192119 -1.8388476200681705
-1.4512320862250774 -1.1333251877047283
-2.3773928681981196 -1.5104540860075275
-2.910890247504989 -0.6646523679478499
-1.9347929429148683 -0.4473184038007322
-0.9816246006986529 -0.7497586646735066
-0.007571391392506843 -0.5234395416626632
0.7286672662685719 -1.2001615222170212
-0.008017887939768431 -1.8763974156514305
0.9893176491123857 -1.9493482657691037
0.00861949199860712 -1.753820455384907
0.917951995329382 -1.3377502709373956
0.9090953041071567 -2.337711049678539
-0.05277336285446421 -2.064199317722715
-0.6705836117825671 -2.850526537345307
-1.6435927827935122 -2.6197600901988607
-2.6386804766002525 -2.5207627082416466
-3.458179979070905 -3.093842602715666
-3.016667561218163 -3.9910977419496665
-2.240283210728797 -3.360838001592403
-3.1573099094201806 -2.9620121826097523
-3.307748130426111 -1.9733927706717858
-2.806340274660299 -1.1081817200163226
-2.1432270637104356 -1.8567008376504428
-2.050632796908787 -0.8609969149126315
-2.038067892131613 -1.860917973380719
-1.0511282783775657 -2.0220086273709867
-0.1760248141374242 -1.5380727567487489
0.061628406403112124 -2.509422820714728
1.0391988495760993 -2.298814110936216
0.15984400805017507 -2.774981164274555
0.45744360190660677 -1.820290386202154
1.2169018777193534 -1.1697343722421492
0.23764136305303563 -0.9671292281429472
0.6500556481589314 -0.05613281901687772
0.30702649300622686 -0.9954575758050834
-0.5457722414507905 -0.4732178621596066
-1.5294141273601767 -0.2930828009288009
-2.5245511309277093 -0.3915832787481102
-3.47242450851029 -0.7102305132727336
-3.8213420909655604 0.22692290034403895
-2.873167502146521 -0.09082692124181996
-2.233029703872111 -0.8590870329360241
-1.4719718926715308 -1.5077710916353129
-1.962016304322035 -2.379468559000058
-1.7064746633322765 -3.3462666091223476
-1.2675531114271164 -4.244791996227891
-1.9531995013899714 -4.97272676523601
-0.9532629088484441 -4.983987799666273
-0.8547025697039532 -5.979118876232432
-1.8114206308348426 -5.688102465172932
-0.9174019956986872 -6.136132241001822
-0.23666463852014874 -5.4036046643594275
-0.9735927534746518 -4.727633545605377
-0.121354577987691 -5.25078753081686
0.23342494390203478 -6.185737524585349
-0.370510718675843 -6.982770595082815
-1.3558810507386978 -6.81234375244839
-1.8362821901252562 -7.68939263664818
-2.8160106560015725 -7.489062576118964
-1.8162680714992254 -7.466374148836152
-0.8293994328796245 -7.304849258775532
-0.10297997306318951 -6.617597653902907
0.6824697120470292 -5.998672139676632
1.5270245762942283 -6.5341411689177225
0.9072122027588254 -5.749391131254512
-0.06842709777361189 -5.968771976490774
0.6930325770237461 -6.616984259356118
1.6863313980877865 -6.501409815499411
0.6993637676690334 -6.662328728326933
1.6147254998789133 -6.2596962666379525
1.909095281156329 -7.215387865361456
0.9194757623041937 -7.359100105295528
1.7170258952368007 -6.755847433971827
1.9260446857432834 -7.733759058411994
1.049142244820571 -7.253090660133317
0.07370621479562878 -7.473373549457886
-0.5583372804201671 -8.24830646278355
0.2844591641360572 -7.710074028752129
-0.5609246925913033 -7.175914750273534
0.3901342104641907 -7.484924398858946
-0.17686640651091212 -8.308641765647975
-1.149396823127429 -8.541417599350067
-0.8891536544013697 -9.506960707207723
-1.696133240577783 -10.097540039299988
-2.567842903355114 -10.58756275695768
-2.6450060454984183 -11.58458123697426
-1.8989379364215075 -10.918711597616523
-2.5545283085174706 -11.673828319729784
-2.2676306673764013 -10.71586707651183
-1.6907628728741821 -9.899029548195369
-1.4923628884695335 -8.918908409667974
-1.9115448367595513 -9.826810658937015
-1.8291775612616419 -10.823412701844338
-0.866129291204669 -10.554083851662499
0.13296724008716343 -10.596582335878157
0.1724533629818352 -11.595802454820298
0.35315124991152447 -10.612263806032592
0.36108221483244685 -9.612295256629452
1.2628786698103676 -9.180134229014449
1.5494570995252341 -8.222077443838247
1.1167641359628973 -9.12361879024652
2.11100856232683 -9.016483265586142
1.6845395965162555 -8.11198107034256
2.6844787133013597 -8.100946455576956
3.6281396991927997 -8.431860256598302
3.2953147307514175 -9.374848878153193
4.087062335708801 -8.764000509043274
3.293572228169965 -8.155417360050464
2.4249461277243656 -7.6599491999991125
3.417471781407291 -7.537913030027741
3.6259605583706844 -6.559888270688639
4.477137169456594 -6.035008878122778
4.349121224587362 -7.026780987964166
3.4196394504943157 -7.395649028906781
2.509029699671108 -6.982381704157175
2.9330192903580663 -7.888048766045321
3.5747331313358677 -7.1211046049113325
3.665843724366374 -8.11694538527616
3.6183888465605927 -7.118072002623265
4.134766024532635 -7.974433264048389
3.1482896890849643 -7.810529513018299
2.3424283092750584 -7.218425268369711
1.343443720690015 -7.173372057945021
1.5752231478499472 -6.200603690271907
1.9457400603097479 -5.271777970569198
1.4717082158179595 -6.152285670937407
0.9496491607574378 -5.2993763304859645
0.9258418229815766 -6.299092895652325
0.47402784124975167 -5.406980724503632
0.2058415384464542 -6.370347792130867
1.1527832292234457 -6.691753196983388
1.5500988214315778 -7.609435233523442
