0 0
0.06820577460861159 -0.9976712746741981
-0.6697478519038739 -1.6725226991500386
0.3133223592769334 -1.855751954152953
0.16842334694312283 -2.8451984035501328
-0.770803647234382 -3.1884951460460225
-0.2547217160786637 -4.045034368927604
0.10140295804227756 -4.979472818737036
0.942742928476507 -5.51997911301096
1.9411880728945037 -5.464236009508146
2.3784448631472808 -4.564899309835638
2.7674583357340605 -3.643667244530714
3.3980733911914593 -2.8675714696224484
3.1722670125310155 -1.8933992675163442
2.9461519251748967 -2.867499861536251
2.8983738845146965 -1.86864188422883
3.7760324618781134 -1.3893555172409684
4.741630647902837 -1.129316783307419
3.779799892147637 -0.8556717627362771
2.8244308026710425 -1.151086560728292
2.5280211533143113 -0.19602566226777007
3.5271390282119617 -0.23801937679748142
2.7837693864892166 -0.9069002150377449
2.993879010461272 -1.884578048433962
3.442030774440033 -0.990620557026946
4.066734652215643 -0.20975881184274492
3.379447987418116 0.5166274768435795
4.283448309515075 0.9441592506903826
4.041843975119178 -0.026215597294207305
4.907556096538525 0.4743266315213184
3.910065934223003 0.5451318296620824
4.3107202618615 -0.3710974591868079
4.726918219311935 -1.2803714884068698
4.235718231453488 -0.4093246630709061
3.505952243809264 -1.0930216743834107
2.5972741571086875 -1.5105191411424075
1.6429296109194642 -1.8092271710962162
1.2520754070586104 -2.7296797724420423
2.1537396832393645 -3.1621165112367895
1.9365563734096087 -2.1859856747546136
1.1123497064556644 -2.752274797154709
1.5527061827693243 -1.8544517779751952
0.615721124689315 -1.5050823446602561
0.7152659960510158 -0.5100492705438314
1.6418440449339369 -0.8861518088606037
0.8620400058508101 -1.5121754990110974
1.5697813289031894 -0.8057038296257869
0.7720185213367026 -1.408675224356612
1.6516377666697253 -0.9329967791441308
1.6421744557055908 -1.9329520010143884
0.6795319268573039 -1.6621765190139401
-0.19573585606266153 -2.1458151322184364
-0.325046236244922 -3.137419300007741
-0.7270147072724213 -2.2217657911410873
0.24853529536187058 -2.001988193647091
-0.6923525448694676 -2.340706472021329
-1.0220362383949024 -3.2847979200407607
-0.5300394438373726 -2.4142009098545807
0.4695814378108055 -2.386667421646235
0.1370770217257053 -3.329769119918434
-0.570327749047463 -2.6229604539505065
-1.4267580868613183 -3.1392230581279206
-2.389120200003573 -3.4109934818100682
-1.3933163984984427 -3.502507354572242
-1.535704326973929 -4.492318284914224
-0.6321715019549602 -4.92083716911099
0.08187629266701768 -4.220740213685893
1.0670218327432348 -4.0490187390010455
1.4604730191364537 -3.1296732305409405
2.0281957358656237 -2.306453383288914
2.5875139196322747 -3.1354064394434675
1.822480735550204 -3.779397299047273
2.2817322737877204 -2.8910910316898515
1.6066639895332666 -2.1533357798659503
2.2633113902521234 -1.399138066312555
1.6628224508556353 -2.1987711281993687
2.3475683773654916 -1.469989256767211
2.2258803419792397 -2.4625576534250104
2.107809964106896 -1.4695524238974507
1.666816783342657 -0.5720419701870556
2.649174250570894 -0.7590548215661069
1.6929422905538352 -0.46644511796430577
2.6842033480604934 -0.33453031261334487
2.2135316000402625 0.5477780833659638
2.395502704785837 1.531081961644533
1.408992689866956 1.3673810439172662
0.611305513819524 1.9704524900739162
1.5682099347241376 1.680049443855034
2.0169532273357746 2.5737101497921735
2.6117769817147583 1.7698540051826481
1.9733780288486047 1.0001483621090128
2.4043499538803923 0.09778302598710964
1.4206967662273589 -0.08229031024017872
1.565509571059841 0.9071687599373347
2.2202396801427478 1.6630315016175188
2.536569811213043 0.7143823313880552
3.288418446815207 0.05504658296911491
2.2981792822651474 -0.08433202726645883
1.4220873654370985 0.3978120935818151
0.47358211231750824 0.08105069314839414
0.763437902553622 -0.8760196390981958
0.9585650456304585 0.10475831642215117
-0.028912698336500342 0.262516692332672
-1.0238838083357908 0.1623543727370284
-1.6134678050867093 0.970061442642457
-1.3364900609528068 0.00918510863558053
-2.3349918230197315 0.06390467688356985
-2.9524489135671965 0.850509241663523
-3.372757514674872 -0.05687197912237629
-2.419998244429545 0.24685449809288385
-1.805868562476733 1.0360596258920753
-0.8083196391274298 1.1060320885087789
-1.8075306021915725 1.145749229549248
-2.1349059035481943 2.090643621564388
-1.9042538087454075 1.1176073369567243
-1.5242398958406513 0.1926265663464286
-1.1229657475448267 -0.7233314337329749
-1.0963540860497845 0.2763144132910965
-0.6456632875053945 -0.6163657108896875
-1.6065182655211576 -0.8934175313535266
-1.1014820891737376 -1.756515706870297
-1.5330792138255007 -0.8544492337141717
-0.6935234948043366 -0.3111756427318232
-1.692622980751894 -0.26874667645492295
-1.7347001525890202 -1.2678610400841268
-0.7372735687053036 -1.1961657838808102
-1.5568696430922122 -1.7691075565327692
-2.1385486907493467 -2.5825259516509824
-1.1592061484732161 -2.3803176805834387
-1.311032939333409 -3.368724795884161
-1.4809462309152686 -2.383265779311773
-0.7039995760662533 -1.7536993447562725
-0.22455363121034472 -0.8761279311600769
-1.1729438583695357 -1.1932335555645301
-1.7576817113649073 -0.38201124122994323
-1.8429897752700424 -1.3783658639585967
-1.0277159162713212 -1.9574414504180273
-1.9424071170922632 -1.553288005374263
-2.362595824771168 -0.6458512583008751
-1.4407302680171026 -0.25834139356125735
-1.4755707724901534 0.741051491768663
-0.9424363466440342 1.5870820373033552
-1.9410879210979914 1.5351683315925106
-1.8254292447949294 0.5418793149433666
-1.0016705913793151 -0.02506131768309605
-0.905897511468385 -1.020464510949209
-1.8751708103075895 -0.7744781858061915
-0.8821706953454459 -0.8925915706750103
-0.9465848231779829 0.10533168295503392
-1.3022885840583336 1.0399304388367088
-0.45061784320728226 0.5158532029465955
-0.4946358064448843 -0.48317753677686914
-0.37227456281434124 0.5093080933746141
-0.5234785488290483 -0.4791944886216416
0.44276844836662643 -0.2215770582906531
1.36867381543055 0.15617848599985856
1.7773377169208417 1.0688634347191486
1.999333823014925 2.0439109868308725
1.0562664362587921 2.37651270666551
0.5957689419277068 3.2641737104923045
0.7284593630644649 4.255331241936499
1.706550389446638 4.047153567555535
1.4650554268408946 5.01755564042845
2.446877312067282 4.827751041720983
2.3885236853511027 5.826047016995385
1.9585105689419615 4.9232243767630415
2.8382655222686717 4.447796966849479
3.738493040656789 4.883216781668202
3.262593684673915 4.003717035804063
3.8332022529060708 3.18249486010491
3.9395114776888627 2.1881617425200224
3.6077268461382186 3.1315169027151653
2.9191351864962165 3.856666215802803
1.9704152591914366 3.540548358770314
1.8648123866497635 2.546139975202
2.2003753309440426 1.6041221885246177
3.1975652544070288 1.5292071930705415
2.222816179503116 1.3059041680709547
1.7948361551952168 2.209692361617103
2.610468688563097 1.631122080223482
3.176310709315795 0.8066084008036051
3.576793598665479 -0.1096958365205104
4.5422075663841275 -0.37041766325109954
4.981178891748294 0.5280834082607975
5.736558455214419 -0.1272040974172265
5.673746684284447 -1.1252294885935437
4.961577697480628 -1.827237561363951
5.9348102579295645 -2.0570600652272724
6.153570939039713 -1.0812815225239478
5.787468554072994 -2.0118560997189627
4.957762249284611 -1.4536559135900013
4.054205290645703 -1.8821239083051329
4.883579622272724 -1.323430595262788
5.457513134794455 -2.142332496105904
4.4579985002838844 -2.173485271250348
3.6955299394125394 -2.820510536354254
3.748538524711179 -1.8219164797503522
4.501095426368514 -2.480443707560951
5.293267486812443 -1.8701458895638514
6.113906972882247 -1.2986996244582967
6.178431609197745 -2.296615738822802
6.618866290713001 -3.194400396365219
7.169125481263966 -2.35940649027117
6.403730576631574 -1.7158455840915199
6.887780986610656 -0.8408054703829635
7.839006872931064 -0.5323102302349936
8.587247457517506 -1.1957377150272195
7.644489843628925 -1.5292164721544308
7.217912877539311 -2.433667737840858
7.662321276051528 -1.5378434384764086
6.669445088603429 -1.6569940842930733
6.4255633126529785 -2.6267990540469173
6.590511148615375 -1.6404967619420465
5.874590416947368 -0.9423151910251796
6.621376623393574 -0.27725101227121596
6.770736847844419 -1.2660338617139
6.350102602820659 -0.35880355362598604
5.383982377989167 -0.1007111066780994
4.702594600339983 -0.8326337094649705
4.682022116815103 0.16715465460095447
4.129423313457895 1.0006020509783031
3.844789663303331 0.04196568342296725
3.227653871172033 0.8288223502120816
3.866779180744773 0.05971973113999107
4.417307943304667 -0.7750964651537031
3.4185211146640753 -0.725853486628143
2.5190153314140042 -1.162762339708137
2.2726133914536915 -2.1319300671855816
1.344837398230545 -1.758792416446871
0.3597376069916026 -1.5868086925047722
1.1613189240676534 -0.988922924055126
1.6417069569593754 -0.11186686093577114
0.6470920432076224 -0.215506493039484
1.6336724068367425 -0.3787829031587445
2.370444539585654 -1.05492403073835
3.325732526364873 -1.3506009867482944
2.4839570875757735 -1.8904288395415896
2.757165559593371 -2.8523836881794087
1.771811591946303 -3.0229051192142835
2.763378440144527 -3.1525013597239546
3.6420742778355026 -2.675119306411773
4.637006852498085 -2.5745749287704265
3.9205241949051786 -3.272179832257067
4.186253611813796 -4.236227485119417
4.996264517642179 -4.822642297721455
4.362087526750442 -4.049454387686965
5.346340993106875 -4.226217262650424
4.445461147905425 -4.660285810819733
5.17161062388709 -5.347822674218019
5.564675535300988 -4.428311948116804
6.041586966767401 -5.307263304300214
5.282559187509223 -5.958321543104086
4.662922972505748 -5.173432403762633
3.8340312295887626 -5.732841447776083
2.8721535557009785 -5.459361392788109
3.0847985938256675 -4.482231878465187
3.952728409495863 -3.9855450203033267
3.1792563288096822 -3.3517146483590734
2.937451359074058 -4.322039520044404
3.6256828956287324 -3.5965484090777764
2.7306243259841505 -3.1505998056425883
1.9996050386237694 -3.832956604910479
1.3296098571688184 -3.0905911579592167
2.2216000590522533 -3.5426458888756724
1.6907081461572966 -4.390085430567429
0.7333419433753162 -4.678962487065192
1.45278344136451 -5.373515531094995
0.4533142851807914 -5.3409363070802085
1.3849968006387936 -5.7042098822131235
2.33804483983629 -6.007029027878994
1.473424139582466 -5.504603864603321
0.5511682024502454 -5.118024006845096
-0.42973518876004735 -5.312519603484576
0.5642714733097141 -5.421839115745339
0.6758006204291013 -4.428077952616682
0.5143074931829237 -5.414951789463241
1.0001526603038147 -6.288996681665737
0.34229020605030047 -7.042134777424771
0.5124999269150152 -6.056726917235318
1.0926694596317104 -5.242231175498572
1.9642555480461579 -4.751988694187127
1.300618228995639 -5.5000431766704825
0.5579273617454938 -4.830408742293615
-0.44196718795396983 -4.815886707955866
-0.9496880694142578 -5.677408330742659
-1.5313814314054477 -6.490816489427698
-1.5313650448906981 -7.490816489293439
-1.4481069515870724 -6.494288471674544
-1.6663308092852591 -7.470187210238808
-2.4691968447106514 -8.066346693229988
-2.991398853297488 -8.919168516489615
-2.103270577793663 -9.378764171659027
-2.130983317613865 -8.379148243388745
-3.127497445143555 -8.29572406443719
-2.157284597804219 -8.537978127060914
-2.0557793871691747 -9.53281313459429
-1.3045069348836604 -10.192805333364026
-2.231593929274115 -9.817959091776794
-2.197663815482282 -8.818534883856017
-1.2304558240896162 -9.072520516099585
-0.913902343810236 -10.021095180595223
-0.7930595946669918 -9.028423517869072
-1.730383748321767 -8.6799648675598
-0.745452878391615 -8.50701637390162
-1.206949297133566 -9.394158445662594
-1.9435245549881999 -8.717802851676428
-2.942030563999225 -8.77244486819188
-2.899053435397738 -7.773368811819207
-3.513102179061682 -6.9841007075575865
-3.013818926518035 -6.11766188471466
-3.858884816587505 -5.582999709653533
-3.6171773568455943 -4.612650543680216
-3.2850514841600926 -3.6694154697496004
-2.6654526382505943 -4.454334108939433
-3.6644837107564197 -4.4983445187064435
-2.8712876645158216 -3.889378154915895
-3.7282199029673646 -3.373949072788753
-3.231023617445434 -4.241587161892266
-4.00412870620247 -3.607309208832273
-4.680878739397651 -2.8710963370551483
-5.491541277841045 -3.4566099993761172
-6.243791735816284 -4.115487262966267
-7.21996184942805 -4.332493966298658
-7.926083986569954 -5.040584022321302
-8.881804707446536 -5.334859239910463
-7.992741536439519 -4.877074707669641
-7.928071086135744 -5.8749813830945055
-8.860361848415597 -5.513271645089497
-8.658689841894946 -4.533818531466423
-8.876148151978871 -3.5577489215638076
-8.397507687350974 -4.435759915584264
-8.499351023830084 -3.440959465838285
-8.842858650934106 -4.380109352768675
-8.730290215022348 -3.3864653786831975
-7.845358414900923 -3.852186012898445
-6.868513184513168 -3.6382388328079003
-7.846516394925538 -3.4296489950326663
-8.200131408142566 -2.494257941821486
-7.419770132172136 -3.119586878434691
-8.41794969748455 -3.179899028062446
-9.264380770722994 -3.7123973268920434
-10.101862570481634 -3.165932108352904
-11.096955720984415 -3.066989590584004
-12.00915278163673 -3.476741372199746
-11.9215085536099 -4.472893212680694
-12.915970844684928 -4.577987225972631
-13.582760264511219 -5.323233406511465
-12.857286457123266 -4.6349836300537985
-11.927089020053579 -5.0020432002450494
-11.358489492428022 -5.824657676888875
-10.369450213018707 -5.972310322600026
-9.928271667057274 -6.869729673061869
-10.076310704706374 -5.880748154866545
-11.074540807862192 -5.821278320887255
-10.976067984929943 -6.816418061397981
-11.764471897077664 -7.431575985276204
-11.730952912084247 -6.432137904330211
-12.081632593212111 -7.368633372148427
-12.429183742645861 -6.430972346762771
-11.429271040894129 -6.4177591383881785
-12.38633906704402 -6.70762254297998
-13.323610893924286 -6.359023170438194
-13.978313028205527 -7.114910143052214
-14.515380761841227 -6.271371021560262
-14.678217981003776 -7.258023969691168
-13.693306535185386 -7.431083046008843
-12.934198817512067 -6.780118013945826
-12.908844799541543 -5.780439478729254
-13.907821302039885 -5.735207328037763
-13.394738340211191 -4.876868307439786
-13.805865173461962 -3.9652901555618496
-14.602701737330088 -4.569485066565607
-15.261472058153318 -5.321829179589998
-14.334227907373327 -5.696286500047609
-15.20899276217173 -6.1808341744920625
-15.94681905772465 -5.505843539304687
-14.959216494032038 -5.662818620727767
-14.3886173837247 -4.841589873473706
-14.0422047000523 -3.903507652881669
-13.043692759110202 -3.9580411636438178
-12.265652614035941 -4.586255723052323
-12.998447134994032 -3.9058057321978876
-13.919222104129194 -4.295899895463812
-13.84142868065741 -5.292869395129945
-14.794846256572912 -4.991215742847384
-14.169423986943794 -5.77150221886242
-13.585178979566807 -4.959924883450037
-12.585384215668027 -4.980183957480747
-11.676403748518347 -5.397022667703718
-12.338098656892065 -4.647249469841661
-11.551188266165752 -4.03018218261363
-12.491097752726583 -4.371605903337534
-11.499956073161613 -4.23879712716243
-10.50460967628266 -4.142435567294981
-11.156574136129642 -4.90068509291068
-10.327144540900916 -4.342073826860029
-9.67155935360835 -5.097195050374885
-8.75455992988109 -5.496083577264131
-7.988057485330451 -6.138324966850551
-7.095884173653446 -6.590018205599246
-6.647382470083494 -5.696236228887447
-7.6433300320887865 -5.606300397675886
-7.876735598308695 -4.633920923572507
-8.726137572846023 -4.1061745018394085
-9.208364195218568 -4.982221010122597
-8.997319710605968 -5.959697467902835
-9.997009494977956 -5.9846039935996895
-9.092580370027953 -5.557980086695528
-8.221013374583618 -6.048256511227787
-9.071979527529624 -5.5230359798885456
-9.657976471904018 -6.333349241031342
-10.635994569323756 -6.124829215327637
-11.633121969732114 -6.049086576379223
-12.631950435221418 -6.0974776553947265
-12.417896021925129 -5.120655917231421
-13.201078758469174 -5.742447523140812
-14.16413090248321 -6.011762520699378
-13.28754812526092 -6.493013634648489
-14.211976052175517 -6.111656835914834
-13.851597742775189 -7.044463072018432
-12.85592672630436 -7.137410513940988
-12.696812196079247 -6.150150382936377
-12.863731373371225 -5.164179801097259
-12.143337957673738 -4.470614139735835
-12.901069889481644 -5.1231800900570725
-13.900090471302859 -5.1674279950651085
-14.88933356039912 -5.021147064403295
-14.638364477715728 -4.05315196134902
-13.794679298251808 -4.589990221864171
-13.29985117338099 -5.458981088810901
-12.5806852228074 -4.7641427367205855
-11.678171676073754 -4.333481271109539
-12.664881006716412 -4.170986050186834
-11.665481167600692 -4.205626511723497
-12.240955282968978 -3.387806517751053
-12.025300851997388 -4.364276264544224
-12.724910543175422 -3.649751051546268
-11.727799530638476 -3.5737929797069627
-12.516667584221441 -4.188355583545031
-12.492727258808372 -5.188068972881752
-11.588904786360043 -4.760161344651793
-12.066172358851974 -3.8814033209344223
-12.926272209092126 -4.391529038397154
-12.033518667119177 -4.842074389382772
-13.030134421098106 -4.759873179409866
-13.1994728648258 -3.7743152199392513
-12.236773645662247 -3.5037413604814627
-12.512863523724345 -2.5426095384967486
-11.52365440003818 -2.3960990964932813
-11.449284518934126 -1.3988683705403708
-12.377576196177072 -1.7707212473095018
-13.35017264095845 -2.003221044295707
-12.698593163422917 -1.2446406698761459
-11.981058317407747 -0.5481180609437536
-12.672326609112677 0.17448013230291437
-13.449007195507502 -0.4554145150131186
-13.809820874811361 0.4772234044536011
-13.606804540220795 1.4563987553940807
-12.607061208442142 1.4790542307613943
-11.660068213229007 1.1578000214235933
-10.917034043747925 1.827053503284958
-11.583054405543765 1.0811199421192605
-12.303512066558245 1.7746188669097362
-11.631811563762554 2.5154416760510423
-12.414228499121194 1.8926867168062413
-13.29673948514307 2.3629784980981277
-12.37359292456409 2.74742671007368
-11.655757354680958 2.0512140309227194
-12.646896535740686 2.1840414519179867
-12.051159896826894 2.987221292959642
-12.1336458222599 1.9906290633564503
-11.683273008467788 1.0977884680669134
-12.054454159222681 0.1692279943635182
-11.059501652350221 0.26957493785562237
-10.750195422640424 1.2205374272644898
-10.570815951320531 2.204317385013679
-9.5721696725166 2.2563328618552805
-10.513377001045255 1.9185033712480348
-11.486473554180845 1.688105675348894
-12.128580553596153 0.9214906472533899
-12.100972135888618 -0.07812816773144526
-11.18756947199812 0.3289290439694926
-12.180747768401897 0.2123234199520751
-12.62931392927749 1.106073048940715
-12.743324757186295 2.0995525560869615
-13.666988740107666 2.4827559572381404
-13.259007392191798 1.5697656945558092
-13.991244987040364 0.8887164271085949
-13.530702325312577 1.7763539977018432
-12.87226366408795 1.0237196047827317
-13.80826024785922 1.3757286887116975
-14.747224152605723 1.0317130123491207
-14.151267373853216 0.22869650077607984
-15.01038824994161 0.7404692240323228
-15.179195638682167 -0.24517983395261433
-16.150591496245823 -0.007713861846779135
-15.275379385986936 0.4760254915825078
-14.758382511293005 1.332012776275866
-15.695797226933003 1.6802277255551643
-15.39378049053677 2.6335303485120978
-14.561354356299898 3.187666370657795
-15.002273731670194 4.085213084998095
-15.5969633182536 4.889168491478615
-14.978902005219556 4.103038595513175
-15.83439826142334 3.585229600205725
-15.960060225663689 2.593156482566074
-15.029160634052149 2.227881311855737
-14.186945366822824 2.7670227067104056
-14.98752643585137 2.1677982480030593
-14.227585631683674 2.8177905357734256
-14.916390205989643 3.5427376086105893
-14.224237159817475 4.264488369382331
-13.391435822993687 3.710916392685072
-14.17289545070911 3.086960584754034
-15.068569552851216 2.6422495518889484
-14.07165623215777 2.7207596214594667
-14.708818189141649 3.4914895615633093
-15.572211852143532 2.986958707513538
-16.37648875647217 2.392703996835074
-15.446724499777677 2.7608594354385767
-16.19283604712206 2.095038469322784
-17.190432283570274 2.0257438156735854
-16.193853572734895 2.108392911916017
-16.71547147718642 1.2552137034518165
-16.98734615010177 2.217546370582664
-16.066725125601025 1.8270890371297015
-15.863093587211171 0.848041440445566
-15.297322962504452 1.672604112544521
-14.445473960922198 2.1963915489185872
-14.046402819313668 3.113311514856326
-13.129189299250006 3.511707497030376
-12.69888999975983 4.41439377301903
-11.71422052438034 4.239963201570445
-11.019094711130819 3.5210750991830193
-10.413629841641644 2.725203066872262
-11.116359387619235 2.0137459808789266
-10.981308442439136 1.0229073248879716
-10.65689189138433 0.0769930045599071
-9.727342750682512 -0.29170523929339987
-10.684758014902927 -0.002990827048788891
-11.62521209915573 0.3369299216739418
-11.451845061614023 1.3217872059004496
-10.9663061987776 0.44757212213930053
-11.955467106695997 0.59440773854776
-12.718427632694972 1.240852814147664
-12.842104311013486 0.24853024600759666
-13.252902638547285 1.1602564845767374
-14.251641471990826 1.2104634818164934
-13.681058815289298 2.0317036609793404
-14.418677429127266 2.706921241111666
-13.59567300291644 3.274956199927925
-13.869117260000756 2.3130683487375654
-13.173765325748704 3.031737735543439
-13.167844810752502 2.0317552619459365
-12.98369452473289 1.048857163382868
-13.470577363584306 1.9223244502528378
-14.468108284030786 1.99255309649637
-14.753706844717044 1.0342037540674531
-14.529647637412868 2.00877928814484
-15.143022456849014 2.7985712423211764
-15.676638330994738 3.6442982070442445
-15.099050503596073 4.460626757102914
-14.219899423238713 4.937169911399024
-13.511425956093271 5.642907359995111
-12.533113533856248 5.435772610383342
-11.788258629992493 4.768546132948495
-12.200107328651086 5.679798375422127
-11.284797546664153 6.082548922285858
-10.778523629938135 5.2201761947237575
-10.99046567672932 6.1974584307241685
-11.11752063689976 5.20556275218933
-12.055058364961884 5.553446365571901
-11.218475231057665 6.1012863605220655
-10.926434683748594 7.057692298776015
-9.930350550722421 6.969281892524849
-10.90858535634671 7.1767828926795705
-10.790749127116793 6.183749850388995
-9.818514399027134 5.949742086636543
-9.226335070520786 6.755548293419397
-10.071676149624082 6.2213213192029375
-9.105687554207268 5.962736645402164
-8.128118536308545 5.7521213201180705
-8.307062812157001 6.735980530646219
-8.671914128422932 5.804914734357354
-9.389275661299585 6.501615840391252
-8.51159430394287 6.022371189979301
-9.503638151735244 5.8964783623150465
-9.080905075421196 6.802732601582407
-9.822884665213847 6.132310131544947
-8.912061989210448 6.545107966905076
-9.834415491580188 6.158760951042039
-9.772507258384627 5.1606791053687475
-9.176969460952533 4.35735181725404
-9.029791213326412 5.346461802759041
-9.89151143485667 5.8538455429457406
-10.263432513674974 6.782109897066175
-11.135789237281056 7.270979763982987
-11.31916393508321 6.287936672248973
-12.317153334390385 6.351317733067676
-11.321178745110458 6.440953761029
-10.32481129699586 6.52611189826556
-10.377338338668638 5.527492396206289
-11.146266386662562 6.16682772059268
-12.117454715197189 6.405141023868257
-12.287276453955956 5.419666226095655
-12.495283141187189 6.397793629896964
-11.58119154395069 6.803301400305405
-12.441659109243806 6.293796180431717
-11.526465154872216 5.8907825009099275
-10.588430048029132 5.54424226034632
-11.58499551347911 5.627050913713393
-11.100650835546837 6.501928181082183
-10.203193901024216 6.060826094624568
-9.243206499903168 5.78078290208303
-9.727172497253134 6.655869705439732
-8.741753594578453 6.826015484850879
-9.628054714132311 7.289124894685726
-9.050302169728335 8.105336875383589
-10.004585778457098 7.806434225493017
-10.934452791675772 8.174330050051793
-11.1374317926871 7.195146959333595
-10.53282531017488 7.9916712849534735
-11.237601271141147 8.701101228530764
-10.837995058625758 9.61778812977846
-9.940558906308052 9.176643762804122
-9.405606049210437 10.021525672116365
-9.057923523648123 10.95913799147795
-10.04513238473857 10.799705671716556
-9.155095110365803 10.343817911158
-9.894946259521891 9.671047313485648
-9.625669572664487 10.634110170164847
-8.750558212302423 10.15018857841133
-8.195465358141956 10.981976966921284
-7.437167887243152 10.330068272679155
-6.439753980461979 10.401939675611873
-6.905341901995977 9.516938044358206
-7.472612721815366 8.693406735310736
-6.57535858373311 8.251892282892396
-7.101438191680924 9.102327610299174
-8.095379547046088 8.992415908943665
-8.238571959646585 9.982110777564115
-8.621772065500139 10.905776127609155
-9.359189484966583 10.23033882521355
-9.396752418700977 9.231044561240587
-9.012901249005804 8.307649586420144
-8.755596784344297 9.27397997115678
-7.759973231785672 9.180525481748605
-8.164414862945 8.265961669330258
-8.441118973492483 7.3050065011740495
-9.315896734431892 7.789530875138698
-8.70555137544008 8.58166630721907
-9.672489690617956 8.32665592578143
-10.662891457395533 8.188437474177261
-11.50756722395874 7.653159182649517
-12.073190558768323 8.477822897820063
-12.481232871272702 9.39078591525619
-13.430706497717296 9.704632745232459
-14.40488004820669 9.478832183836154
-15.239468525426027 10.029706101981413
-14.294790329041293 9.701707465893872
-13.527993990274998 10.3435979354092
-14.527977894827238 10.337924256139413
-15.415369951597851 9.876908705880616
-14.855811636364853 10.705699687886097
-15.091968134875758 11.677414722354058
-14.523500523546346 12.500120365260093
-14.680479317218952 13.487722338899825
-14.031202212178533 12.727170407161871
-14.735774159676767 12.017537846748706
-15.169599013410501 11.116540623510529
-16.117652941948332 10.798430974829472
-15.282211144198744 10.248852042761532
-15.639656219512549 9.314917881198788
-16.16543049018816 8.464293747814644
-15.191337107932801 8.23814759452807
-15.11319680059843 7.241205222888822
-16.10863190450221 7.336646062763947
-17.1038680224028 7.239152116151008
-18.097459997118772 7.1261256246544935
-17.64650699301952 6.23357792951778
-16.664573193873945 6.044353158159661
-15.805367292104654 6.55598312050043
-15.097598763915292 5.849538706194065
-15.968819462696874 6.340430235978934
-16.103724362396015 5.349571685005504
-15.724024352273918 4.424462014580813
-15.854379863246994 3.4329946975405847
-15.443950308243942 4.344887004987027
-15.371508996691833 3.3475143282103814
-15.506351338247836 4.338381394432533
-14.541227980351008 4.076585855811356
-14.848645200002967 3.1250110279278833
-14.200269474841505 3.886331537976936
-14.112464080338862 4.8824691854415
-13.526341595919884 5.692691644559072
-12.529197116629586 5.617174180215534
-11.539034077376018 5.757092569629284
-11.31168914535371 6.730906865007912
-11.288389195209676 5.731178345697151
-10.46640289635626 5.161671081040007
-9.515486879616242 5.4711201545679415
-9.903311155437628 6.3928534842699865
-10.443442212704483 5.551272566606219
-9.49277440364175 5.861483328527632
-9.805197681380069 4.911540332591958
-9.752655772716624 3.9129216126422457
-8.880713494323151 3.4233129289467854
-8.645710605469734 4.395307600861477
-7.702616362334288 4.7278331616305405
-7.408857769613629 3.771953520042344
-7.058820166688058 2.8352178708124667
-7.041522508036295 3.835068255122623
-8.040699360214603 3.8756344734705235
-8.758759564960064 4.571615466286353
-9.471359720053384 5.27318586115844
-10.269777677023331 5.875289478476869
-10.963435333247308 5.15498464303436
-10.181874946809785 4.531155049033218
-9.554110806774439 5.30955866187535
-8.676761554237832 5.789411023621604
-7.83064732821089 5.256409413384984
-8.357048544713582 6.106645709519468
-9.340903541572269 5.9276782679101325
-10.136072705103759 6.534065933820835
-9.21798020218711 6.137699744435005
-8.253596284781027 6.402206190194832
-7.26392216079997 6.258870471260835
-6.360195813746305 6.686981075709076
-7.0984680376011875 6.012478204340565
-7.793406989640686 6.73154694440527
-7.61121856143924 7.714810579769401
-8.48315588821175 8.204428081683712
-7.50013883987089 8.387942339089573
-6.504914528106777 8.485556729799384
-7.491754812948185 8.647254757660365
-7.473302961011447 7.647425007572829
-8.428689802910943 7.352067626887487
-8.089228921982151 6.4114474536405766
-8.937881598804573 6.940397956166226
-9.801130775901672 6.435619927483144
-9.282500467493083 7.290618525844575
-8.455656893595219 6.7281865705790445
-8.312259997894326 7.717851832323311
-7.318961631653084 7.8334301850649855
-7.463050866446567 8.82299488351407
-8.317739734576852 9.342135460520119
-7.3565456229866175 9.618008402006339
-8.354052082463946 9.68858363350439
-9.177930899436978 9.121817636868109
-10.164934967840676 9.28251290423635
-9.19563663397141 9.528400561426109
-8.367556062333179 8.967791457972286
-9.357609857188226 8.827102143192807
-8.438920720625802 8.432120788744035
-7.564314747746352 7.947286392064518
-6.573004043209375 7.81574519292751
-6.12728869981886 8.710919942720128
-6.696578003898416 7.888782674217712
-7.1527154308690335 8.778692022250771
-8.152713979352654 8.780395850484648
-8.518375090869549 9.711143910662175
-7.983135539392846 10.555844225883508
-8.835574777766018 10.033017921187803
-7.888629839654875 10.354413758412997
-7.808965717333822 9.357591995200126
-7.022624925669728 8.739799020681083
-7.036866985718031 9.739697597400532
-7.935091177925641 10.179235195943576
-7.949095364751962 9.179333259376127
-8.460109806210813 10.038905385855633
-9.420175733784816 9.75913152233106
-9.921003092636774 8.893584321639281
-10.910512650486258 8.749116903428396
-11.886949453115712 8.533313357417747
-10.889126770858278 8.599267089477275
-11.87594259638189 8.761114321446659
-12.57267142315795 9.478448930913716
-11.617988295340849 9.180824796372583
-10.622375530312882 9.27439414024848
-11.566580423883352 8.94503549233169
-12.308362418885327 8.274394402112122
-11.751851519200219 9.105234710794646
-12.281389554432842 9.953520906156784
-11.751003428162086 10.801277095788864
-11.021736352623746 11.485506247853987
-11.626552690711303 10.689141257926405
-11.22681270671692 11.605769833302588
-12.224724728940453 11.541181940460808
-13.054265317415627 10.982735513243066
-13.355425367960166 11.93630912023731
-14.350412113481962 12.036316001180301
-13.97756126753989 11.108424710844908
-14.21291663009563 12.080334096187109
-13.32274853656963 11.624701826403365
-13.111007591621027 10.647375999346558
-12.113313677187536 10.715249802115945
-12.51148524213891 11.632560766219271
-11.742306877781923 12.271594915389024
-11.264516416582588 11.393121082433865
-10.806056458988632 10.504406017138498
-9.966303320697714 11.047374401789533
-10.645532080445703 11.781301027503035
-10.055540985828086 10.973891275102245
-10.925513988380342 11.466990631044041
-11.763635136172697 10.92150649596473
-12.733609891420627 10.67830087476794
-11.73361616889348 10.681844165089045
-12.1169868974643 9.758249619590275
-11.212245677327006 10.184211266437128
-11.343145356739424 9.192815647156042
-11.669560189561638 10.13804226385367
-10.901763689169004 10.778736054977653
-9.903936675193492 10.71284789078472
-8.91376489418845 10.852704403329907
-9.740854009928274 10.290633594067662
-9.842253436536122 11.285479389296048
-10.570018769505351 11.971305621025476
-10.59912600658772 12.970881915637063
-10.758119241289664 11.98360224334607
-11.755703738687416 12.053065690940299
-11.995762234503516 13.023824115362416
-11.97924111135154 14.0236876322935
-12.558111547641989 13.208268097336859
-12.523531850267146 14.207670040765759
-13.030277321062723 13.34557432228192
-14.013218268625199 13.529495755521719
-13.130961104484319 13.058727982280928
-12.155753026808327 13.280017849277803
-12.993636740914322 13.825866621041506
-12.585398166869089 12.912991346613769
-12.250417753946534 11.970766255163623
-11.998974437392679 12.93863828108461
-12.516136457047974 12.082750761940853
-12.690991372339697 13.067344972059074
-11.722775172681581 13.317459727160799
-12.610444648491445 12.856978563902796
-12.377381015767197 11.884517077209685
-13.362958726939109 12.053740524879135
-14.269756616356686 12.475306163597267
-13.909061806989419 13.407990062083517
-12.988242468149066 13.018000645281452
-13.879662490847686 12.564822597344449
-12.881858991652145 12.631065913936652
-11.883181521259212 12.579652782057995
-11.565497532153646 11.63145613417003
-12.51537671317667 11.9440733785105
-12.123866104036075 12.864246972421107
-12.568123583025526 11.968347819412278
-12.428753365463534 10.978107473608937
-12.156615592865855 11.940365771949654
-12.935758866484578 11.313519890432755
-11.944506696014278 11.445501459365383
-12.914793729251949 11.687458218169182
-12.85222327629927 12.685498767654671
-11.90903332983423 13.017752774232884
-11.57282432725551 13.95954017411941
-10.603818607118932 14.20657845929519
-11.488881515113096 13.741107032789854
-11.011258334864094 14.619671827036033
-11.145231309774836 13.62868684128016
-10.605954087617748 14.470815143656072
-10.616151163373571 15.470763152127528
-11.3639977324202 14.806891546193683
-12.34802560899896 14.628877113868942
-12.264200609522922 13.632396622608404
-13.169797769767818 13.208257749883469
-13.196356880981321 14.207904994471052
-12.449075076414216 13.543397729978834
-13.220187161207875 12.906698308991837
-14.214462319201937 13.013548251415227
-14.331865481452505 12.02046391587591
-14.176104417050416 11.032669154391355
-15.137984298368249 10.759196863444005
-16.119642901473615 10.568549579305934
-16.386937882157728 9.604934825734217
-17.02201931681064 10.377380015608036
-17.73975951541108 11.073691014596994
-17.65506409564628 10.077284126889536
-16.655561607870183 10.108824211375582
-15.66401516196066 10.238576458385765
-15.989700170245946 9.293098126863455
-16.973368041075624 9.473091237557753
-16.731365012407743 8.502815743630604
-17.143221004492613 9.41406468973907
-17.274243374257075 10.405444101781352
-16.398902505668392 10.888950424158224
-17.350208790753992 10.580703198774712
-16.73061560662616 11.365626307226957
-17.68803863560093 11.076937645189844
-18.658731676532543 10.83661490326363
-17.698373750983645 11.115384799119369
-16.7339856010406 10.85089378556799
-16.02381977028163 10.146859345485389
-16.930583961896005 9.725221229554288
-17.512663718935347 8.91208953269023
-16.904947963716946 8.117934912443435
-17.9049459281944 8.119952594517065
-16.948201304408897 8.41088166638431
-17.316656511394353 7.481236163816097
-16.43899529278844 7.001954633444663
-15.808988083049478 7.77854391722144
-15.278187808094717 6.931046974390405
-14.542390856755551 6.253844754665759
-14.586803660613759 7.252858019269114
-13.685529970228961 7.686108218369087
-12.703246955773304 7.87351173891208
-13.538291725435295 7.323329739333619
-13.471131677708671 6.325587524135045
-14.047430387759896 5.5083483934069
-14.930634778829393 5.039360116799096
-14.94227552756165 6.0392923609881475
-13.953914331989111 6.191417793071089
-12.984406433308507 6.436477855904509
-13.98263892525587 6.377048132528426
-13.624075207622802 5.443542877911638
-13.547727748649843 4.4464616046403105
-14.318008286405668 3.808756427340802
-14.557722612820836 4.779599896552663
-15.315663958094735 4.127277187209817
-16.218928679973658 4.556360911218302
-15.431996116810513 3.939321900268845
-16.325913332510638 3.49108980472577
-15.343537757190674 3.6780075112566637
-15.5478222354053 2.699095946323151
-14.638399772643293 2.2832224268200636
-14.81855145359667 1.2995835846377957
-14.440924050877866 2.225541221204313
-13.592712201724865 1.695884106689228
-14.012088678580197 0.7880716972893511
-14.498318279298278 -0.08575939358893514
-13.6090210097912 0.37157021014042635
-14.089667981268962 1.2484843956849723
-14.644041348292816 2.0807524834635647
-15.148413650895165 1.2172661892077699
-15.8466066268416 0.5013565801515293
-15.212384295810924 -0.27179413919238726
-15.921095518695445 -0.9772928298768752
-15.002320447212535 -1.372074247906616
-16.002110635914153 -1.3925578651648602
-15.253513823227413 -2.05558336394696
-14.262307229233517 -1.9232599418969731
-15.259789741871465 -1.8523470588538595
-15.704127209594898 -2.7482065426888678
-16.129897199454632 -1.8433751132309601
-17.108861222678836 -2.047408054769032
-17.847045004349393 -2.7220077171455808
-18.758894122564456 -2.3114822178030794
-17.904550965302153 -1.7917729051685267
-17.73661877281467 -2.77757145392296
-16.875406452813035 -2.2693260999083806
-16.013490737630672 -1.7622745246996296
-16.846529021213602 -2.315489869827733
-17.05675736527834 -3.2931421819263633
-17.20295355125888 -2.303886565210065
-16.672149420698297 -1.4563920372160342
-17.092045704346976 -2.3639641340645596
-18.036803032873916 -2.691734770630187
-17.037897394471354 -2.644963779967472
-16.097397888544204 -2.9847588348914424
-15.558426340653469 -3.8270828049672465
-15.276536863576151 -2.8676359212300193
-14.764681985712913 -2.008563989429422
-15.3894902356267 -1.227785755332396
-14.853696720985898 -2.072134800259229
-15.27755492557036 -1.1664062413595788
-15.66987115472239 -0.24657583506506442
-16.24225849652179 0.5734075372955095
-17.224910638449106 0.38794927254126715
-16.77776355037087 -0.5065111690787942
-17.33500932905306 -1.336858772279333
-18.22411815407755 -1.7945546290047034
-17.29048214894703 -2.1527777576883826
-16.49717739176201 -1.5439530191735853
-15.5012205061064 -1.4541204976951165
-14.642024630219465 -0.9424736987616301
-14.110845926195902 -0.09521388949894172
-13.854250205569258 0.8713049339887821
-14.804919284821965 1.1815118032757304
-15.706029489098773 0.7479216745271517
-14.706554239917793 0.7803134369771639
-13.984826593021856 0.08813628934365958
-13.359639209984978 0.8686109757310531
-12.466522636167324 0.41878569234625274
-11.604012663142496 -0.08725437171262118
-11.10014157254886 0.7765244912285716
-11.058080445273555 1.7756395304369355
-10.07651040453458 1.5845367959622876
-11.023356568172808 1.9062235106453307
-10.549859608632497 2.787018963236953
-9.59823154156155 2.4797665882049413
-8.915224271160087 3.210178162989146
-9.747873685170372 2.656377699511253
-10.376704151439904 1.878835260353593
-10.030376796883193 2.81694898666067
-10.568243476833377 1.9739190734313912
-11.568235652681102 1.969963287373588
-10.663278379345009 1.5444608391595935
-11.613651394752207 1.8555735704738685
-12.120679494995676 0.993644045765787
-11.526404068783872 0.1893824479005285
-10.932167055907854 -0.614907532472339
