0 0
0.6219054900375497 0.7830923071140178
-0.09160455281414215 1.4837373090584953
-0.5402436472068455 0.5900242885745735
-0.3809464886369571 -0.3972063912928828
0.004987962432902948 0.525319814013723
0.024611090372479473 1.5251272619004983
-0.085510867416635 0.5312091795553321
-0.9115142213026832 -0.03245602193310437
-1.9082118035523763 -0.11365903627134519
-2.7467709232933064 0.4311515755005956
-3.559183851673916 1.0142341029356432
-3.477421522779975 2.0108859586876098
-4.108942726967086 2.7862445651801546
-4.750113000204854 2.0188459199401416
-3.7656539837725203 2.1944603981732382
-4.726089043322598 2.472964431154879
-4.711368400291902 1.4730727856908503
-3.9189060888432152 0.8631519015317617
-3.102230254763769 0.2860552180976592
-2.104353360501336 0.35118358286418416
-3.1005596935918875 0.26416093115626926
-2.1007319338569816 0.2827203186321291
-3.1005810471545545 0.2653493475004511
-2.2888321545024466 -0.3186572751315843
-2.988109356467132 0.39619333500485593
-2.822242192725741 -0.5899547694867495
-2.251532092199672 0.23119684937393603
-1.3071330297635089 0.5599983257539795
-1.6246234641103416 -0.38826314878680324
-0.9324908257083903 0.33350718231496324
-1.6409594365469355 1.0392495060114393
-1.3330604759052014 1.990668567222502
-2.0901965080534137 2.643925812741341
-2.374664144676791 3.6026114565860325
-3.363783501452711 3.455496202274351
-2.660228951951942 2.7448549454669733
-2.047478283803638 3.5351312380911457
-2.710027544066876 2.7861128953754046
-2.2746716694695692 3.686371337409476
-1.7384293564656124 2.8423072511315643
-2.7360056679280707 2.772726342766151
-3.0284667742032556 1.8164489241703259
-3.6701517763556053 1.0494806340743539
-3.3202084460576877 1.9862515055151788
-4.317477429792809 1.912396417133139
-5.316285954553357 1.86359548614144
-6.281412784025909 1.6018127460070666
-6.980790385766905 0.8870603621824225
-5.981499817123854 0.8493992493331359
-5.020965154958273 0.571238930850334
-4.830175044280621 -0.41039192322242235
-3.898289053972052 -0.7731432169025665
-3.1070681911622904 -0.1616127219519249
-2.1386210239810444 0.08760622672296933
-1.1454518925874366 -0.029077433002233075
-0.5396586705215164 -0.8246995619673535
-0.806721045177752 0.1389796834473086
-0.781665431704865 -0.8607063753899132
-0.10372040019635875 -0.12559377567954877
0.6991427782931918 0.47056955481441587
0.3325160671902112 -0.45979857378082545
-0.4113997020275445 0.20847481960630831
-1.2584824369079923 0.7399358626447052
-0.40473934137699463 1.260630328558402
-1.3194276341372544 1.6647903551410925
-1.3047883863530685 2.6646831956116666
-0.9667504297481386 3.60581567294648
-0.4161906647601451 2.7710199223725054
-0.001978972392070122 3.681200494514965
0.21966655178843425 2.7060731891795284
0.7540901808337988 3.5512899570669045
1.5285742124673447 2.9186964977704553
2.2709550940437424 2.248718418524686
2.1664151754644005 3.243239109824482
1.3086480403840088 2.729200646306452
0.3276125243735778 2.923028704972238
0.51741190671685 1.9412058113391182
-0.3391062633737053 1.4250889405581617
0.6265853294214103 1.165397301099298
1.0755119684927124 2.0589659177886626
0.2121377251007699 2.563530002764388
1.1634090975902596 2.8718849538872178
0.35946663997775974 2.277177862246321
1.2260748027152357 1.7781885915432565
2.068192760470329 2.317481967384635
2.472624747152894 1.4029138900125928
1.4728559837475 1.4244178366003617
1.1094337554368041 0.49279329636449587
0.1920672686371978 0.0947496694880593
0.9150761089203664 -0.5960891082831278
1.7745549505064897 -1.1072604307042666
1.3593748923133082 -0.19752117175217188
0.6995328908087554 0.5538832021041863
1.2089191154574053 1.4144212164523005
1.7869674552946613 2.2304237390044017
1.940631285329715 1.242300554710582
2.540317366675722 2.0425358974941097
2.1644632590333694 2.9692147468094325
2.287914595991826 1.976864119559583
1.7096075321802955 2.7926833029241855
1.366061774087149 1.8535473638311246
1.7334184651933269 2.7836275009695974
2.375211238847557 2.0167493909121967
3.188895750929216 1.435442660520717
3.9733483782601193 0.815253918706063
2.9928342498784883 0.6188053400804836
2.88252482506181 1.6127026339678419
2.3974070776758603 2.4871514724776667
1.723549630048411 1.7482900915157034
1.521705909435279 0.7688723499727763
0.9393765779981852 -0.044080631292454986
1.6752690572624371 -0.7211790428710916
2.2987545608866946 -1.5030139530474063
2.947738125381811 -0.7422115259908062
1.9925109587815895 -1.038084911392253
1.0633663348082778 -1.4078013807866976
1.4977608708872383 -0.5070786781613309
2.3274584895569603 0.0511344187593632
1.4017058866462175 0.42926418247016207
0.4017092771778692 0.4266601371926075
1.248472458938998 0.9586301683163256
1.1896103291129754 1.9568962899854647
2.087653005298849 1.5169879452715753
2.4269321148441056 2.457673698233837
1.7375633186948127 1.7332631358483384
1.0617083815779913 2.4702978053007443
0.14762135822245126 2.875815885949448
-0.7425873131191589 2.4202629016894335
0.10213369436963982 1.885056007575476
0.5073955858998909 2.7992566416122955
1.379536278740309 2.3100014813003824
0.4190955748836068 2.0315169137293183
0.40657925026498387 1.0315952459882691
1.1592258522947083 0.37317054076138456
0.1976839494818039 0.09851226374257854
-0.7416630817212689 -0.24445589071199064
-0.20553637702150995 0.599681631560167
0.5510593570892595 -0.05420130530650635
-0.39896598891844504 0.2579714704811035
0.030555420377239628 -0.6450852049034754
0.7088700195622308 -1.3798568051524946
1.4146033073236095 -2.088334417039783
2.2517962721456057 -2.6352420323209707
1.3580285860551202 -3.0837722133572743
2.1618292996958983 -2.4888735558108177
1.1846258401482994 -2.7011785219519893
0.34062130402813584 -3.237514557482502
1.0234786103716684 -2.506962780280328
1.7896189879814939 -3.1496360423629155
1.282902849536043 -4.01174900192154
1.260981549060681 -3.0119893025009903
1.9584566251058924 -3.7285983439564596
1.2013675383991895 -3.075286691841169
1.150986003530817 -4.074016735919301
1.4308883697494708 -5.034045207051902
1.7000102362690894 -4.070939075329651
0.8125951016994317 -4.531910201254818
1.8005872639976954 -4.377406197302813
2.359260707042509 -5.2067939136553365
3.357090913202355 -5.140954110534438
2.380371527421519 -5.355475068577951
1.5032326458742131 -4.875238270239942
1.900136545280132 -5.793098441854538
2.7016288849285317 -5.195093400500426
3.4891370350696813 -4.578789162756384
2.5119938331042357 -4.791371294772967
1.5494824546444723 -5.0626126012428445
2.2847079265361248 -4.384789980285342
1.793023880991689 -3.514016301677027
2.7928406661840595 -3.533157776217746
3.7913925330453377 -3.5869552593173823
4.644080064639362 -4.109376519857274
5.629614632073286 -4.278851050075912
6.622652876519273 -4.161058668880719
6.579816298720968 -5.160140761404917
7.375571293270128 -5.7657594439520015
8.166511976398791 -5.153866613652476
7.299641108875112 -4.655333867447431
6.322218537577775 -4.444039955754496
6.118881410703196 -3.464931170769706
6.463957428558189 -4.403505910415591
6.460377390023393 -5.403499502057102
6.447900761343454 -6.403421665896259
7.147097127292072 -7.118351342049269
7.363909631258196 -8.094564606722486
7.94598124708369 -7.2814270820378235
7.404846643909942 -6.440491090866087
8.297232297680544 -6.891764671905808
8.579822084127299 -5.932523819671095
9.346239286856743 -6.574866929979264
8.555310844095386 -5.962958277947694
9.21782228602388 -5.21390648446888
8.415369913889304 -4.6171903120254045
9.40694698562355 -4.74670830618428
10.398753159121041 -4.874460074126116
11.397128663983466 -4.817483313155557
10.625417027788638 -5.4534559152081155
9.67785906420905 -5.773039872341301
8.688954895874113 -5.62448501429288
8.648429041712511 -4.625306524159874
8.432282145023283 -5.601667379096007
7.460450942965645 -5.365989389654466
8.235296636959692 -4.733838972033088
7.5415690123843175 -5.454076421004612
8.512007662385772 -5.212728484234159
9.158790653616547 -5.975402570757735
10.098835252121486 -6.316454110589604
9.518122354461548 -7.13056253733103
8.892845507663743 -7.910965551714363
8.02462813337535 -8.407149581066143
7.720214317034525 -9.359689463916627
8.595063099302626 -8.875293336595174
7.855582075456481 -8.202115933995044
8.671853913136735 -8.779783906977881
9.665265331238466 -8.665181313703968
10.131151982673014 -9.550025722634206
9.631794840341572 -10.416421962470562
10.422616247805875 -11.028468939014175
11.419803875397712 -10.953523389594855
10.518769910613166 -10.519774851493985
9.85294993096185 -11.265887279146225
9.191111633421274 -10.516240650454687
8.756140509269727 -9.615796248420702
8.65783520088667 -10.610952550889673
8.932400724145937 -11.572520943380484
8.594733303936675 -12.513786428421351
7.968709650588985 -13.293590497049626
8.961608186170965 -13.412554769161725
8.611561307752037 -14.34928695229048
9.389421341835613 -13.72084939184752
8.680082218142738 -14.425716760647228
8.110716215829418 -15.247800914131377
7.34257713366196 -15.88808393783803
8.237843615507959 -16.333614999025784
7.809133394931684 -15.430172944008728
8.808738243224182 -15.458282502349828
8.321251977033622 -16.33141315710637
7.324893778146216 -16.416679442998532
8.198637841295193 -15.930293472691085
8.207828575665483 -16.930251237000025
7.263109714654108 -17.258132730301146
7.891309123881804 -16.480080352728805
7.960401330630341 -15.482470074630882
7.640230836463725 -16.429830013970257
8.639890647502888 -16.403748177509943
9.407532424212661 -15.76286901366557
9.411917409690416 -14.762878627760605
9.20369237348474 -15.740959572415568
10.034166609108837 -16.298016610755962
10.940775025078835 -15.876043649427428
10.007153717179271 -16.234305081116506
10.524057934249896 -17.090348322065587
9.534377854782917 -16.94705372933357
9.39644597403145 -17.93749544709003
8.617824800417123 -17.310001169825725
8.785751978673218 -16.324201766902927
7.786225011699082 -16.354956316021447
6.848252795397846 -16.70166674483337
5.982454500801512 -16.2012735863329
6.979427433416565 -16.12352417068918
7.869568370343658 -15.667838848996066
8.475020998678223 -14.871957504295258
8.404963625671728 -15.869500468025358
7.567489076190732 -15.323024138280324
8.037691305852979 -16.205582840702238
8.390904643923253 -15.270040036866275
7.409888973371672 -15.07611156001919
7.9267997658346285 -14.220072289520857
8.724377102495575 -14.823288993570763
9.635485110151413 -15.235456675934882
9.379509500936328 -16.202139916446978
10.376276820472944 -16.282482375357496
9.595411271673445 -16.90718149869453
10.385054900880807 -17.5207472562562
10.065966825422928 -16.573022190585473
10.896698944291549 -17.12969457779365
10.523097050126182 -16.20210543130904
11.242130843609983 -16.897080541531192
11.082099681897871 -17.884192504421456
10.112848873626348 -17.63811757545672
9.536765934752278 -18.45550882053965
10.533758697629505 -18.378014106071934
10.831201988131298 -19.332753593542453
10.706930098771352 -20.325001797126067
11.706835908759881 -20.31127696010757
12.334652522225852 -19.532915668767796
11.7182385421889 -20.32033792220937
10.725463884839742 -20.440331587564096
11.15030796958737 -21.345598124919228
11.746636026716468 -22.14833895998409
12.6053219102424 -21.635836712737028
11.73907043940261 -22.13544494852573
11.5393802174205 -21.155585869247115
10.549146234155904 -21.295001285854926
9.668327745206938 -20.821547180871498
10.540771180770708 -21.310262283709218
11.299772898627538 -20.65917366279008
11.185479212047882 -21.65262066852719
10.836826551293278 -22.589872674205886
11.408036058935341 -21.76906837452215
10.553523733151264 -21.24963725773852
11.205427744190704 -20.491335760713298
12.15688934847027 -20.183568290727017
11.433779115987754 -20.874300939209107
11.032839134706176 -19.958196615777585
10.140945590870473 -20.410442020910892
9.37107513441061 -21.04864220915145
9.0594844017627 -21.99885861362358
8.49984019202807 -21.170125629779868
7.622649782764543 -20.68998295734168
7.924183478245038 -21.64343847832306
7.285607231381693 -20.873879918535746
8.268181243824113 -20.68800816147512
7.870652924958405 -19.77041825541697
7.2282253092723785 -20.536764625281126
6.792998639516761 -19.636443712531992
7.430569493120295 -18.866051989682337
8.401228378317487 -19.10651264880924
9.392933531911178 -19.235046256615583
9.21943455381744 -18.25021220734615
9.657829531141623 -17.351429784366633
9.111742796215031 -18.189158426551685
10.048972988680102 -17.84044713288329
9.054948289516027 -17.731291750735785
9.209548938539706 -18.719268794660117
8.819008847039449 -19.639854715110225
9.809572313118363 -19.50279990975949
9.73675800749805 -20.500145425063504
10.42419697253693 -19.773903268929427
10.329415214191002 -18.778405193449192
11.329368869306906 -18.788032634456123
10.355715881676623 -18.559997857111473
10.803807814062289 -19.453985340318525
11.78922954754402 -19.62411472397067
12.649685606672818 -19.11459007264501
12.429663094861153 -20.09008486724726
12.56596328531847 -19.09941728521921
11.726412911692686 -19.6426991366967
10.732482682238768 -19.752711404093038
10.161344211717175 -20.573565134967335
9.322965484509767 -20.02847696800158
9.857879964827436 -19.18357076093095
10.572372091240341 -18.483927279367688
10.86318254591811 -17.527146594231272
11.836368384209958 -17.75716686322554
12.67750936366133 -17.216350949362432
11.680524546335842 -17.293947818000703
12.673168732541635 -17.17287957446905
12.63596457827729 -16.173571888665787
13.635796823215532 -16.191888055889212
14.31774715729107 -15.46048957226058
14.951577888658687 -14.687017786108045
15.272387800607284 -15.634161386833688
15.7951375199529 -16.48664759254266
15.305460242867603 -17.358551351168764
16.019804347758807 -18.05834596375676
17.019571939861947 -18.079904298114688
17.823762632044353 -17.485532923797937
18.10440078976805 -16.52571928332941
19.095914547731077 -16.655721082432475
18.782769216293456 -15.70601586427327
18.255038284443348 -14.856604265830786
19.247860017666554 -14.976207802733628
19.469848340548246 -15.951257126872758
20.24449600338438 -16.583650199623015
20.892568577240787 -17.345228783234145
20.937653667612324 -18.344211933555606
20.05875204879223 -18.82121501995591
19.790147204011195 -19.784465474074754
20.273751988730023 -20.659751948434465
19.384263336858655 -20.202794687640793
20.281125811694583 -19.76048517922935
19.477410658664876 -20.35549942510119
19.70907710971154 -19.382704145785215
20.270470231790824 -20.2102533965746
21.237795767412496 -19.956715809352808
22.22762251842465 -20.098993716916592
22.07799929811792 -19.11025062999004
21.93050544856494 -20.09931360288107
22.824929706920965 -20.546533063620732
23.377376330676295 -21.380081339308074
24.356203391899335 -21.584770333192626
23.37608234427543 -21.78317076667154
23.916455602175482 -22.62459618947886
24.310763389547127 -21.70561775185474
23.33323441946379 -21.494816630776576
23.230028515881326 -20.50015661777428
23.918678666774472 -21.22525038390032
22.91868928608521 -21.229858909554835
21.946073436797725 -20.997440300758587
22.89350423495874 -20.67747954895302
23.655389576941875 -21.325191464600124
23.09878506837543 -20.494413864370372
22.833149146998547 -19.53034044534345
23.29594332006485 -20.416806210827872
22.853812909215417 -21.313756989746153
23.79224736468625 -21.65921432833539
22.93876422590683 -21.138093870265255
23.933884008382385 -21.03941956496848
24.82546494098255 -20.58655817268181
24.951571624700325 -19.594541487176112
25.82608148783699 -19.10953375602465
24.938143349966918 -18.649570862612773
25.506750840377453 -19.472179835241345
25.455508821478258 -20.470866100040823
26.42342961967829 -20.219610595798997
26.303907051253116 -21.212442079806756
26.871505449279773 -22.0357476479633
26.480953298513857 -21.115166843507705
27.479645398186094 -21.166295016292015
27.29578801808949 -22.149247946896534
28.283122074365092 -22.307903111698568
27.297228880081366 -22.140527457958157
27.582943438224902 -21.182212691681
28.140259540637455 -22.0125130963489
27.198355051314984 -21.676632264811623
26.346039549420297 -21.153604268209136
25.373860806726995 -21.38784451294789
26.35779313605942 -21.56638630439871
26.177012904269407 -22.549909821043812
27.1212975488145 -22.220779892176278
27.374330697713006 -23.18823750135536
27.99243602584292 -23.974332790323185
28.4154987701986 -24.88043317898784
27.8222778823078 -25.685472916000897
27.54605785584985 -24.72437848932703
28.37774389702116 -24.169132301658177
27.38613027776903 -24.039894419774818
28.380901819961757 -23.93776911025998
27.94840487362536 -23.03613371199209
27.978542349601256 -22.036587948886766
28.691322585603082 -22.737975384734586
27.729697980705176 -23.012343967584275
27.34390190877821 -22.089759884215326
28.28708897909579 -21.757497713052633
27.296879972557477 -21.617905007761806
28.291745679135165 -21.516701125051327
29.026755072966697 -20.83864420193985
29.868169468425066 -20.298253773531435
30.66796154201527 -20.89853090871341
30.25859850588935 -19.986159326158493
29.372091300638488 -20.448874114163274
28.657351049454764 -19.749484113278342
27.72087607650164 -19.398749705168093
27.06033498535097 -20.149539600479347
27.962167667667888 -19.717454177090556
27.015737128440765 -19.394546706724416
26.117677165234795 -18.954673654030245
27.070127321390704 -19.25936809119408
27.191456184280334 -18.266755726255024
28.104550974352435 -17.859008372685214
28.38474635104196 -16.89906537912684
29.063455679812478 -16.164658375456614
28.114973736105213 -16.481489564674614
28.22577705246149 -17.475331918916197
27.339224629189886 -17.9379600641811
26.582250786313995 -17.284514885760057
27.206287203064203 -18.06591014462049
26.34391623827681 -17.559633225245665
25.758909556137958 -18.370661696911668
24.861943185497665 -17.928562918423893
24.639871699287482 -18.903593305136226
25.49573014647393 -19.420803434947697
24.66109902921648 -18.86999412302062
25.558515568650453 -19.31117838696297
26.405984860214872 -18.78033396544636
27.4026577065495 -18.861840022762536
26.550794433186155 -19.385604247862613
25.588409867156045 -19.657295151403815
25.368779217347285 -18.681712055166194
25.490250406280225 -17.689117097361542
26.466011505384433 -17.47027862388179
25.473231931067016 -17.35032564635257
25.791534866647346 -18.298314697555664
26.775830948196635 -18.12178927772409
26.21292146017611 -18.948307824579796
26.126554805811555 -19.944571244069778
25.304777002886244 -20.514379319319023
24.76023772117756 -19.675643979252687
23.76032428477203 -19.688801475051005
24.710147905843424 -20.00158748633479
24.894050460135848 -20.98453196621385
25.213911201569893 -21.93199653340846
25.573399332005312 -20.99884687548855
24.649755067789226 -21.382097802663846
24.72095380031627 -20.384635652762135
23.739864075662133 -20.57818913937003
23.302192233090196 -19.67905435624812
22.346241562477207 -19.972581723548984
21.90001752044214 -20.86750300741136
21.40156868863946 -21.73442212824937
22.292628550408246 -21.28053632461084
22.680282881313076 -20.35873150810643
22.180065096438195 -21.224631137217603
21.50839841745587 -20.483777661593138
21.339172806098826 -19.49820032192829
20.756482876940233 -18.685505762787432
20.362834899462854 -17.76624449969191
20.331929903097524 -16.76672217317806
20.51998630510044 -15.78456394271531
20.988421867521545 -16.668061607601427
20.59895657486879 -17.589102749906647
20.84030053069931 -16.61866310985474
20.580084920379303 -17.584213645117284
19.59700446126063 -17.767387908863643
18.60720696525013 -17.624906622754413
19.496253403467087 -17.167089595227324
18.65411556893927 -17.706351931810183
18.894682916166843 -18.67698438101425
18.976631533403566 -19.673620936701923
18.067797476189945 -20.090778768282046
17.19713448132122 -20.582658783495337
17.116345754910835 -21.579390031969563
16.605593705991744 -22.43911809625789
16.87697201349755 -21.47664533601203
16.856391914574967 -20.476857128675928
17.49045169152522 -21.250141163978476
16.57440709979299 -21.651217598038283
16.153865387949615 -22.55849080308726
15.473427468727841 -21.82568507297515
14.743208837718843 -21.14247152588512
14.969629398670707 -22.116501160741393
15.889382995042622 -22.508997430737587
15.868911958811951 -21.509206984356126
16.234050844929758 -20.578253927620906
17.115457217115026 -20.10589515817632
17.802697949571343 -20.8323249040244
17.09740435800311 -21.541240237257348
16.823835700984475 -20.57938775901704
15.99784965205051 -20.01569719943097
16.033051728385384 -21.01507741427501
15.812970413727987 -20.039595884496677
15.617823733705066 -21.020369952912045
16.558767649998806 -21.358932423351103
15.55919284066488 -21.388090621941604
14.79425226268539 -20.743989766360425
14.687383293097389 -21.73826287941297
14.509138477706138 -20.75427670787084
13.826951462869822 -21.485454440565643
14.078594519230828 -22.453274554112213
14.048590533575538 -23.45282433318517
13.073524176614196 -23.230910837601556
12.554236075842057 -22.376311593279127
11.902820263000692 -21.617590670422626
12.34069814602239 -20.718556210815855
11.634889234823754 -21.42695848415537
12.559134828945114 -21.04516000099016
11.729526389981652 -20.486814375055282
11.057277388391059 -19.74648925738032
11.148079360642289 -20.74235822558612
10.164516399032731 -20.922923727689476
9.30613445011905 -20.409912587674807
9.349839170020124 -21.408957079906443
9.870065942550431 -22.262985244045485
9.974481572690205 -23.257518992182025
8.986722047526097 -23.10153463255717
9.845660457567591 -23.613613540300292
10.245153261177403 -22.69687720968828
9.813279346674111 -23.59881119949663
10.464683133221932 -24.357542447614936
10.067840696668402 -23.43965570048855
10.91870104858975 -23.96504761280571
11.7879058944138 -23.470595455366805
11.63515674194941 -24.458860448383057
10.688417172067474 -24.136860158290382
11.24866546320312 -23.30853543194232
12.171003986362068 -22.92215265709726
13.084123181800315 -22.51445996042217
12.248741560154066 -23.064130358220417
11.337620731093464 -22.651991019098414
10.692461256900387 -23.41603895794709
9.890422659156297 -22.81876675222453
10.890092733994083 -22.793081319119057
11.692903120481322 -23.389315738913997
11.122167993770722 -22.568181514113547
11.879033206863815 -21.914610516279687
11.580447739848784 -22.868993415795085
11.918935701404122 -23.80996413791247
12.902231891028148 -23.99197678437109
13.584422757439421 -23.260802645205164
14.583793385813514 -23.22532945612988
15.574983286573655 -23.09288104869852
14.575329286657764 -23.119184669212792
13.725045923821916 -23.64550985660606
13.385255140355845 -22.70500880744582
12.494140009020374 -22.25123152429365
13.102227669943096 -23.045101410757127
14.01161516895622 -22.62915144184421
15.011359827913187 -22.651748275405936
14.015246338616985 -22.7398273106081
14.231378381395567 -23.71619145378643
13.91639638270628 -22.767093808387546
14.181769822469445 -21.8029481049442
14.954750195951682 -21.168518170111945
14.218974284529146 -20.491293090710467
13.647097562380159 -21.311632663487575
12.733692805970735 -20.90458014725823
13.321524305824298 -21.7135635387935
12.79860468058057 -20.86118154371444
12.07261701618782 -21.548889265897024
12.648662345762666 -22.366307016056027
12.099901080615822 -23.20228612696397
11.421798676320545 -23.93725356113297
11.614238004286404 -22.955944687713366
10.669056980486836 -23.282491517814655
10.34575848690135 -22.336194479858097
9.388780246156772 -22.62635417165111
9.979445654525755 -21.819437586522074
9.653572305387332 -20.87402415298027
9.181680200178278 -19.992367847472636
9.035594709152349 -19.003095878137756
8.414672847428294 -18.219223412979595
7.418157284362628 -18.30263044246703
7.942395538002094 -17.451058805186264
7.252829903182585 -18.17528199956488
6.575671322559683 -17.439444886686783
7.5699746450109595 -17.546032423305057
6.578306252655572 -17.41721550049101
6.09034312719617 -18.290079744341046
5.1769823745979675 -17.882928500190616
5.439323948073186 -16.917953423400263
4.639623161552021 -16.31755467919985
4.4742347545287915 -17.303783189648783
3.4745333643268212 -17.27934693731238
4.459786388658998 -17.45045064283713
3.8126459060181577 -18.21282141597011
4.180211011550687 -17.282823623932487
3.3489829501216883 -17.83875519336616
3.6974106199010395 -16.901419523004613
2.7650543936657326 -17.26296048527619
1.7652679426136908 -17.242295241683067
1.6125541602658733 -18.230565700960803
0.9892260198176321 -17.448605325158205
0.057495284642410494 -17.811755207617004
0.9998326362254104 -18.146419690064032
1.4782132187882537 -17.268267073358466
2.2964574371835282 -17.843137840629428
2.3555408676416207 -18.84139088883179
1.530500970838629 -19.406465369483065
2.0178316802140026 -20.279682856538663
1.842590177883758 -21.264208334045996
1.001026794712598 -20.724049957173516
0.7498458189970112 -21.691990098627816
1.7496594327306352 -21.672683680189586
1.6521691531795155 -20.67744720306817
0.8036787552977002 -21.20665797837642
1.3823226128521675 -22.022238315384666
1.9409022021860398 -21.192787387131762
1.4516143494265359 -20.32066503496895
1.9612400674975792 -21.181061238749844
1.0928370731769022 -21.676920331088468
0.5219892930487472 -20.85586441830131
-0.4621600955969404 -21.033205842757976
-0.9395658724128233 -21.911888791416263
-1.7370099006427415 -21.30849586649881
-2.427571814465077 -22.031769150381212
-3.288742239059468 -22.54008548870206
-4.152733061263578 -22.03657793250547
-3.4580442353658456 -21.31726754388813
-2.592466487198374 -20.816492981956983
-2.5784930500909318 -21.81639534871856
-3.270145805547643 -22.538625551541138
-4.2376913771540465 -22.791322142069856
-3.9482742134922453 -23.74852520588545
-3.6838984873087304 -22.784105444886674
-3.0902370594545694 -21.97939052078115
-2.7270209202579605 -21.047685612439935
-1.7338855395291684 -21.1646561879907
-1.0207702323722696 -20.46360942870961
-1.2795541694667127 -21.429544661477262
-0.3456831629312641 -21.0719346180606
-1.2723347161190701 -20.696013218065033
-0.3455524978370301 -20.320414070200957
-1.0082727823453306 -21.06928109745028
-0.9080604406856151 -20.07431502437086
-0.39619889632813476 -20.933382984085327
-0.6279370516309497 -19.960604783580788
0.20453930793365338 -19.40654421760802
1.0245776557210555 -18.834235639865113
0.04236960607426854 -19.02203166540627
0.821097693661353 -19.64939325619978
-0.058260120701630225 -19.173231692947603
0.8044091039653362 -18.667463160106248
1.379196735438081 -17.849160539613102
0.7319263970454589 -18.61142106531091
1.2842769389253266 -19.445033012733102
0.42373620281172586 -19.95441463930503
0.5400068051129144 -20.947632212166344
-0.44277721160681716 -20.76287405543103
-1.3548493270055646 -21.17290387911713
-1.307321916941642 -22.171773813238993
-2.2837147285093695 -21.955771318996756
-1.7853254015228748 -22.822724650350843
-2.205635557043775 -21.915344149587245
-2.001667490248033 -20.936366607593758
-1.324769918877363 -20.2002893848294
-1.609534924655348 -19.2416920285404
-1.165637037990583 -18.345614651181414
-0.262444359708662 -18.774850001424063
-0.005515091573468245 -19.741280211618008
0.4805433036831468 -20.615206545127055
1.1541579368924815 -19.87612378526436
2.00713189267104 -20.398077260933867
2.585555259090804 -19.582340533073936
3.330747369473211 -20.249190380208816
3.3480106484631955 -19.249339401713264
2.826431591945671 -18.396136443559527
1.8264877898591487 -18.406737984426304
2.301209434570172 -19.286873973943187
2.8912948842094774 -18.47953317717643
3.30463086352441 -19.390111766977316
4.302082644094493 -19.46145562051476
3.5928679800794985 -20.16644821646602
4.374597485230785 -19.542830560545404
3.4034477282886764 -19.781300998107973
2.609726441231702 -20.389582609265684
3.600043913412746 -20.25076148589843
3.8609392832101714 -19.285394402339918
4.133587043618432 -20.2475083242558
3.921264182931119 -21.224707895904068
4.290629905261187 -22.153992009169535
3.8531860126709185 -23.053237715767835
3.877799605021403 -22.053540676124523
4.695062747222859 -21.47727601783026
3.737821172241661 -21.187986254569413
3.756934757488151 -20.18816893582612
3.470095406710693 -21.14614763436047
3.9258635010227443 -20.256049075656346
2.9529191844972935 -20.487088805877846
2.742061076252347 -21.46460548511527
2.658297779571125 -20.468119805273812
2.9054856430139226 -21.43708737963664
3.342454596704847 -20.537610790997302
4.01033563217456 -19.793342746231236
4.829964116730006 -19.22044733928042
5.236644022372323 -18.30687662261599
5.70652592094977 -17.42414733150277
6.5714718074590985 -16.922282196819562
6.6415294153460085 -17.919825144054
7.133536824376848 -18.79041615564254
7.3706902216785775 -19.76188837148211
7.039413972228452 -18.81835456363511
7.941420553825153 -18.38663228397348
7.734819574768095 -17.408207000442506
8.616009510174461 -16.93544458893063
8.956347848996845 -15.995141544626495
8.022424086304314 -15.637669300279855
8.787670132175704 -16.281407204459967
9.702040987072271 -16.68628488934235
10.374492219764592 -17.426426321536617
11.200509704333161 -17.990070815155615
11.137268105681017 -16.99207256856401
10.177083152349494 -16.71270747519023
11.086641667177174 -16.29713159992259
11.330668597323742 -15.327363144381144
12.303100448852398 -15.094175893158972
12.34033597676349 -14.094869375887528
12.800913801200188 -13.20725005002922
11.814402590219732 -13.370943759773585
10.815203556583143 -13.410959896265071
11.349282371602712 -12.565525203726793
11.51509800856698 -11.579368433969503
10.859140295788814 -12.33416607509382
10.369242064679266 -11.462386445166775
11.369233148803016 -11.458163688601628
12.193645991736322 -10.892174762555697
12.646530381335749 -11.783744013739897
11.648165172910458 -11.726587119090818
11.450451874665916 -10.746327229216064
10.635255847561512 -10.167142079723092
11.418688920156596 -10.788618242390838
11.09049011946484 -11.733226916511764
11.846666314894867 -11.078858853824586
12.304782313227234 -10.189966435096686
12.833341229550532 -9.341069814785861
11.923010594143644 -8.927188027025526
12.439793731862975 -9.783304367582675
13.147527566026133 -9.07682519592882
12.241553470944034 -9.500158326028712
11.859212043099022 -8.576137204758512
10.859536938872134 -8.550648266197612
10.097508026304094 -7.903105266536299
11.063205071592387 -7.643433903614893
12.00886216763819 -7.318268320106705
12.079636499411615 -8.315760672940563
11.503711187962223 -9.13326298830849
11.75902337859204 -10.100121657047517
12.675535796190161 -10.500127892484478
12.40095238973736 -11.461691178441662
12.15753622729351 -10.491769237324178
11.46090534790244 -11.209198967596643
12.459489368857573 -11.26239627103466
11.682692137912065 -11.892147064599378
12.62298714333024 -11.551786516377888
12.879729390313058 -10.58530660524977
13.86890266323673 -10.438554310094053
14.526446058908439 -9.685137637323589
15.525704149666979 -9.723650856529444
14.853992595148316 -10.464463644976108
15.589196557289936 -9.786617693412433
14.955214849555793 -10.559965735537386
14.864724311793164 -11.555863050814132
14.925556997068867 -10.557715073607271
15.667491892962312 -11.22818700460482
16.295454640199008 -10.449943605607473
16.54041540124293 -9.480410612074616
15.76147035036351 -8.853318427694635
14.975184261043433 -9.47118102224276
14.038981231247043 -9.82264067426566
14.722725699240208 -9.092919150334273
14.066055020212648 -8.33874170483124
15.053344053911548 -8.179806611356291
14.751788914351737 -7.226357872406439
14.26387362519243 -6.353466888030618
14.387660553564059 -7.345775709096075
15.00637295517646 -8.131393277694826
15.616026609833833 -7.3387253640242225
16.44411083985037 -6.778121664430725
15.444126609222756 -6.78373757896868
14.858681066500223 -7.594449313499713
13.859226207869906 -7.56143438414566
12.864849259682181 -7.455535919034647
13.463732497696427 -6.654699564199546
12.920043208913762 -7.4939861405624715
13.900177089202867 -7.692323168647051
14.752715196780109 -8.214988238389248
14.025524051199376 -7.528553217583214
13.351239575305222 -8.267024913430893
13.358545087845272 -7.267051599043691
12.887546729594904 -8.14918568552117
13.57263695285052 -8.877643910815916
12.89708790375283 -9.614958960345769
13.816604312098017 -9.221907341873122
14.816442071092457 -9.239919995452691
15.801989033456751 -9.409322430424899
16.076161379639853 -10.37100300347837
16.268116589209658 -11.352406690815549
17.069030360683556 -10.753626989536809
16.220331693611254 -10.224750281305393
16.655278404224923 -9.324294086409523
17.39873253827471 -8.655507161773373
16.532487275211 -8.155888162715407
16.694819559713107 -7.169152012871727
15.712281763795788 -6.983088906389178
14.727582111224049 -6.808828772608968
14.94327943116654 -7.78528904633731
15.881970257458637 -8.13004915515946
14.941372518162837 -8.469572192421484
13.942008250295396 -8.505224122380097
14.189370365484793 -7.536301017087924
13.646291748827643 -8.375982871202776
13.948298280886426 -9.329288726945741
14.908586696347008 -9.050279481342292
15.476583224285026 -9.873310431094703
16.381266627531836 -9.44722600297069
16.072266725364788 -10.398288072691038
16.17601859091115 -9.403684860150655
17.126336428378824 -9.714966095998173
16.129600941381113 -9.795702512561169
15.193161877120112 -9.444872241737828
14.193914332703526 -9.483658128055204
15.18911675821385 -9.581495402436547
16.128088958373368 -9.9254884362724
15.13605495591373 -9.79951805100701
16.082628324999902 -9.477029513324116
15.191889266451113 -9.02251446453517
16.166477166857092 -9.246519876037356
17.08175798039564 -9.649336251533951
17.648589873542534 -10.473169732834334
16.749681437141724 -10.911306267452769
16.618213654757785 -9.9199858237036
15.90186725645546 -10.617730646428418
15.438738039769337 -11.50402141623915
16.355477203699277 -11.903507718028127
16.02921976896657 -10.95822676176082
16.857728778594947 -11.518202494239116
17.27858132169886 -10.611073431226046
17.61956981046714 -9.671005959962667
18.460448232369906 -9.129781903237253
17.98590057183652 -8.249552093538508
18.80055842593412 -7.669610216487806
19.686200508460033 -8.133978714191045
20.496089769564755 -7.547395911214986
20.401253453074837 -8.542888790684561
20.685228377561273 -7.5840570837292045
21.675602161043344 -7.722475901060556
20.692526168130417 -7.9056741329250135
20.01533423533366 -7.169867713983868
19.146039035649714 -7.664161003242835
18.404994296268026 -8.335616656458091
19.23875943458502 -8.887735931730422
19.53115136836787 -7.931437360645676
20.53006672456291 -7.978000341196014
20.15600675471036 -7.0505958237636746
19.16501293492339 -6.916688209551387
19.624759453626886 -7.804738398752432
19.43260197470474 -8.786102502077128
20.37707536744002 -9.114690405711912
19.72604833348754 -8.35563586151694
19.840332807702072 -7.362187795962678
20.48406083868004 -8.127442147229775
19.779747999007597 -8.83733187378774
18.909422567992372 -9.329808923129294
19.32119478887311 -8.418522119696398
18.545861189816694 -9.050074025856315
19.465639180748212 -9.44251312609733
19.44983565984323 -10.442388242662897
20.44717028968139 -10.515351494547499
21.33047313794292 -10.046548680719477
22.33014490791441 -10.020929306760081
22.93501073927842 -10.817256705540458
23.57047274354451 -10.045124565855723
24.56382276516223 -10.160258116795823
25.006451270735603 -9.263553033697773
24.46698736412535 -10.10556175898796
25.357636553708648 -10.56025288612221
24.612883364857424 -9.892912877059413
25.55289527634196 -10.234054499068794
24.844041991697114 -10.93941045236345
23.879912529649584 -10.673978011972414
23.325174213815504 -11.506002891976353
22.650897700772113 -12.24448185847306
23.622002886094148 -12.005829980121646
22.650906374273127 -12.244517149297216
22.76828469136992 -11.251429876860637
23.585761368191115 -11.827391579453248
22.96437595196278 -12.61089663017005
23.471747782562744 -13.472623863993862
22.48136934331409 -13.334238362327678
21.618356384969925 -12.829056579471196
20.65185362844999 -13.08571281188991
21.2783054860032 -12.306252697343867
21.63491351268689 -13.240506793029171
22.416856238721287 -13.863857074333264
23.41578268137185 -13.910181605345352
22.428569553404945 -14.0695875022557
21.825988588349286 -13.271529747107246
21.379106880675295 -12.376936689149396
21.238269161376625 -13.366969383974546
22.172767500084476 -13.72293687540075
23.01258918395734 -14.265799232998834
22.014922788366256 -14.197522127697708
22.984772306293532 -14.441226687721178
22.116023240560203 -13.945974165478772
21.16646887862769 -14.259576642724948
21.934886959126043 -13.619628477977813
21.03289495046023 -13.187875752099897
20.38103549935939 -13.946215554570076
19.45862149748382 -14.332418103945265
19.645627868828015 -13.350059403125307
19.636353857024474 -14.350016398553144
19.791933733053487 -13.362193083291352
20.192160608477543 -14.278609172296939
21.021208099584122 -13.719430973964883
20.859913572510315 -14.706337289445758
21.721841317863237 -14.199306164374693
22.439787252841086 -14.89540503267487
22.531777699915192 -13.899645143119608
21.57569069503116 -13.606562153009504
21.988588102351247 -12.695784611000288
21.72455286736731 -13.660297646001359
21.321933014403502 -12.74493036780129
21.566606106009267 -13.714535998067573
21.264506336987214 -12.76125968473716
20.96480139846372 -11.807227740919434
20.420206867766357 -10.968528273210934
19.85258188905731 -10.145241030782417
18.8614407618421 -10.278053929036183
17.863134639121842 -10.219874161597298
18.507536942808834 -9.455187512699268
18.52036088005146 -10.455105282635175
18.334405303974048 -11.437663435481976
17.38548970990099 -11.7531934583403
18.067239351809796 -12.484779014346717
17.4961766132141 -13.305685433244502
18.272777522711745 -12.675692554421708
17.336843342673887 -13.02786752604357
16.975500404747937 -12.095434535844788
16.212196736001747 -11.449394669212234
15.228688970293053 -11.630260571998505
15.350004615851953 -12.622874552427266
14.390345024136384 -12.904039038143912
15.389425365756521 -12.946916432983036
15.411422386103897 -13.946674469257733
14.536012403862026 -14.430055646995639
13.871320030876326 -15.177172806010635
13.784597545894396 -16.17340531431307
13.517917277849133 -15.209620258071116
13.768946334392226 -14.241640706235911
14.26166185032561 -13.371450255611165
14.450674884632921 -14.353424834132394
13.516661097304523 -14.710661793419169
13.87409537370472 -15.644600087983788
12.987565782166902 -15.18192819200588
13.982777214524868 -15.279673805227167
13.181032180744598 -15.877340017095193
12.4310189083636 -15.215917239098891
13.097092396748224 -14.470031116375631
12.211225197490753 -14.933970018904537
13.09232887468187 -15.406893173381343
