0 0
-0.7524756305000845 0.6586200919373022
-0.9233194109286644 1.643918220773885
-0.34755351961510716 0.8263036181646207
-0.9882509169340059 0.058510127003886025
-1.3307608873203178 -0.8810040667079321
-1.9714957685452266 -0.11324185613638915
-1.4619284243312842 0.7471889206903988
-1.164670202208379 -0.20760820403313618
-2.1634791398812787 -0.15881572485106055
-3.0455787699687527 0.3122471611838523
-3.7708041272351736 1.0007587305694308
-2.9938988772771102 1.6303762593816447
-3.76968318890542 0.999378080437054
-4.736077192839742 1.2564434984920465
-4.005471120657542 0.573644284014981
-3.2027542228141455 1.1700045626357776
-3.238494222012932 2.169365684781957
-2.5696166036892745 1.42599314580458
-2.352243383659661 0.44990458260247124
-1.41115742358893 0.11173714514322908
-0.41323844800863974 0.17621751561970903
0.5432976373740163 -0.11539647128905414
1.4660324583091218 -0.5008318747406038
0.8000324655858286 -1.2467836223037914
1.4144299150434665 -2.035780310573108
2.316256166712538 -1.6036814656307594
1.6571911276367486 -2.3557674143547254
1.0877310654563765 -3.1777864150971213
1.4332819531897787 -4.116186427877736
1.3793868533858094 -3.1176398249507016
0.7535504239880028 -3.8975941592797083
-0.24633549831809465 -3.8824897766678674
-0.8794191820956963 -4.656573137382062
-1.8488814009710837 -4.901813848058757
-2.837211809238821 -4.749488524841221
-3.070812861082363 -5.721821054677383
-2.341591595902377 -6.406099029194538
-2.769848571967033 -5.502442035389944
-3.234062871501074 -4.616719119288007
-3.1838008533583078 -3.617983053286475
-3.7334415609472087 -2.7825818966191096
-3.620027873270766 -1.7890340439981953
-4.617018242016672 -1.711508534468092
-3.639487505558662 -1.92230146433022
-3.7587798504331076 -0.9294422918116013
-4.4715663928590725 -0.22806126488227396
-3.4756107334127133 -0.3179073800835862
-4.36146783099104 -0.7818655707323806
-3.383383409009173 -0.9900742724631147
-3.9604507699313527 -1.8067708262444508
-3.56940770299672 -2.727143207295923
-4.407647136200808 -2.181840857565345
-5.370945572965117 -2.450273571159345
-6.016789299350814 -1.6868039377827202
-5.93954827915014 -2.6838163874534144
-5.075720523949059 -3.187603653414218
-4.578657765257346 -2.3198890609808624
-5.569189780975766 -2.1826071399686477
-4.925338196247594 -2.9477575414212134
-5.842493379314251 -2.549227278863944
-4.852066332655791 -2.4111900909492405
-5.736969310621647 -1.945414694876026
-6.7367877444990185 -1.9263595307728332
-7.22546183093598 -1.0538931203907476
-6.225863542087268 -1.0255512621114022
-6.4002018498471624 -2.0102370772054434
-5.526128759161809 -1.5244426431700646
-4.546534635564517 -1.7254285954494537
-3.6691302171110656 -2.205180079530911
-4.577063417055799 -1.786065173522885
-4.429752126056654 -2.7751553532052866
-4.102224736993919 -1.8303136683639858
-3.4473293208312 -2.5860331890123938
-2.8321548637600285 -3.374424200736392
-1.8359539894530057 -3.4615093201881293
-1.3346359976776005 -4.326772442667225
-0.4029802662000115 -3.963430182525415
-1.3953439070597993 -4.086776865899984
-2.052849182968454 -4.840226805943969
-2.647049316601595 -4.035909579229063
-2.2327417973813852 -3.1257726227672373
-1.5366588994935348 -3.843734041833786
-2.376784748533646 -4.386125558890084
-3.346272321878189 -4.140985098887028
-2.6866372010607167 -4.892571093557045
-3.500113828350873 -5.474168700887605
-3.5675938781577226 -6.47188932454839
-2.7255892614846147 -5.932419005159851
-3.549866528465584 -5.366232651440173
-3.678117473288755 -6.35797439965488
-3.2459800160005994 -7.259782149681751
-2.24682789789855 -7.300953072578723
-1.3169953865989639 -7.668936089755203
-0.7529475068258566 -8.494678173776274
0.2284443741965917 -8.302662612263097
0.5718904110559699 -9.241835024424775
1.4002250587047511 -8.681601402170122
0.4587235005641763 -8.34459277317248
0.06968504232150058 -7.423371259090138
0.3166738337793704 -8.392389595807344
0.7761350412123731 -9.280587433490036
0.9651566891414004 -8.298614512980414
0.6649209156530698 -7.344749490916043
1.0472894438852625 -6.420739583708579
0.8225939892860968 -7.395168623034929
0.6508681143676236 -6.410023849976936
1.6486252014445424 -6.343085107922861
0.975033332281769 -7.0821886147456885
1.4633506210182667 -6.20952245548372
1.913488669962195 -5.316563477202548
2.90769916607758 -5.209113538096007
3.7446845882620496 -5.756338723052516
3.541610850211899 -6.735502170549582
2.541677634502973 -6.747059165055332
3.5416755585126687 -6.749096804939813
4.058821219233064 -7.604994208603399
3.3022375222236073 -8.25889107311607
4.261165467376067 -7.975241296092217
5.008243671605046 -7.31050514033867
5.966051405128326 -7.597914857646552
6.919979918002955 -7.897948842929551
7.0249591888052825 -6.903474432649522
8.009286561353402 -7.079825286496374
7.319875310667762 -7.804195445619499
6.67466219299561 -7.0401928063676555
7.28714023941963 -7.830680404403587
7.599676892966372 -6.880774703720722
8.070437814063995 -5.998513883346544
7.792986676161197 -6.959253632746163
8.71637362582441 -6.575383158247709
8.475465236245546 -5.6048352986186645
9.298711573434868 -5.037150995238376
8.41391753935504 -5.50313330955593
9.369670554219157 -5.797303625152443
9.447680219722113 -6.794256227881438
8.614814439847477 -6.240781212443691
9.614495949854273 -6.2660176652556565
8.9931549916916 -5.482477357607421
9.08966344438175 -4.487145192669829
9.86482289053718 -3.8553795454271125
10.24121359394162 -4.781840574499955
10.37708918732695 -3.7911146673378457
9.589414883125492 -3.1750227987819057
9.036126520917069 -2.342033009982115
9.991858596944482 -2.63627134679826
10.436513179539368 -3.531973474839367
9.67168206892407 -4.1762043125326365
9.824109379265886 -3.187889628303995
10.429247339050384 -3.984010253352645
9.435910829232398 -4.0992603217371055
10.315858505753608 -3.6241897095278013
11.04895217390316 -2.9440620202524452
11.069190446344408 -1.9442668350627015
10.20279910096966 -1.4449012008228834
9.280315004281285 -1.8309362916592384
10.096299643960371 -1.2528627082740504
10.436380808408531 -0.3124666206665022
11.141434182732773 0.39668762162074556
11.711618822814458 1.2182041924913034
11.802482383872544 0.22234084178908808
10.85847334263292 -0.1075787394088828
10.346845334736367 0.7516283261671657
11.279153414467306 0.3899632262910372
11.24753386674701 -0.6095367507984893
10.62466836227349 -1.3918656863089596
10.08840013250531 -0.5478180657677353
10.788218187838941 -1.2621392046325002
11.069814389169931 -0.3026062039514622
10.149527850547935 -0.6938512509886683
11.091818691704393 -0.35905583484224624
11.581990326753496 0.5125700987974595
11.779022732705116 -0.4678268774345751
10.781012252710783 -0.5308751273823891
11.416124978838564 -1.3032945892750432
12.22881126001058 -0.7205931147661853
11.51876573807867 -0.016437338829893178
11.691836400946467 0.9684720710421525
12.679945016783927 0.8147145889224818
11.68145807536899 0.759725246101868
11.134991350374134 1.5972060628812115
11.037216352491864 2.592414608759472
11.130144271894519 3.588087447494914
12.023354805141027 3.1384487666660865
12.097291987154692 4.135711667367741
11.120857652189033 3.9198969563303137
11.580433839162046 3.0317586065405155
12.276456229965822 2.3137385291751293
11.353798316433789 1.9281190605318645
10.5342206794153 1.355150914035752
9.547969957714768 1.1898950096172425
10.520649859960232 0.9577446105916207
10.049341679181865 0.07577601776567111
9.060233018862355 -0.07141113548129005
9.55733117051874 -0.9391054524039069
10.307739882768752 -0.2781313495986022
9.965314219764347 0.6614135749877602
10.91097171353223 0.33624914815013274
10.793153714449355 1.329284353514025
11.229628634035427 0.4295679289821992
10.505594162473464 1.1193317175286759
10.833962771644787 2.063881375572598
11.759156887175562 2.44337557656548
11.204719461806805 1.6111501615783725
10.21348346444051 1.4790471808200125
11.194853449306056 1.6711746197895574
11.199886093373046 2.6711619559562187
10.554971227628064 3.4354163742889705
10.145708394217175 4.347832909205174
9.220342802795535 4.726908788433698
8.223222912656697 4.802750232839182
8.760183783219574 5.646357382811464
8.489235690715148 6.608951342468501
7.569302755635477 6.216875590915689
6.958288460188916 5.425256029030093
7.569672276809409 4.6339218210152
7.119402327811395 3.7410293453893124
7.223117197155416 4.735636416486715
7.589268331454084 5.666191813468431
6.948529905652232 6.433951065904352
7.004108070877145 7.432405405145878
7.169331781471478 8.418661520694695
6.269589516086598 8.855083169882821
7.081169165826359 8.270841377361705
8.059562511552024 8.064089204362867
7.250526589848781 8.651848404540784
6.252233715814247 8.710255062139646
6.183702764043024 9.707904052841952
7.166630104564909 9.523909913656562
8.076005150352323 9.107932719450991
7.119618457165883 9.400036285153135
7.96878918693031 8.871917859313484
8.610629414708365 8.105079465643856
9.307697750731782 8.822084162220904
9.926166709368959 8.036274931426147
9.458697042737041 7.152265819041528
8.475260634028148 7.333519315630573
7.509229475492351 7.0750936962775635
7.32789753640316 8.058515644307072
6.328479666423835 8.024399355441068
6.047882701352162 8.984225039194408
6.81530902259329 9.625362186352728
6.97640517408992 10.612300902774864
7.537761840627133 11.43987488311392
7.122968295832089 12.349790436995907
7.09021773448367 11.35032688051605
7.814114005738515 10.660418054319912
7.744588124814838 9.662837906220629
8.710685841477614 9.404661218932697
9.25212016954648 10.245404264332787
9.088073701140315 11.231856876577018
9.583923910594363 12.100264942974594
10.553670085555686 11.856149486381028
10.574652658276586 12.855929327967171
11.509703705797731 13.210442428613124
12.491702314232604 13.399330578140756
11.491814067692346 13.384380848021175
12.088933157751423 12.582228248893665
11.18844251733273 12.147352856949798
11.708493396014797 13.001488141071704
11.810867929282585 12.006742216255622
11.020441297654793 11.394185492340569
10.283285070508608 10.718463140498036
9.286480923878113 10.638578891360604
8.365677993609273 10.248550733904864
7.820243073291836 9.410397557153555
7.779079986377309 8.411245116193886
7.936975361485532 7.423789268816681
7.015656274624613 7.812596599233382
7.876815646156961 7.304261535695552
7.556629258907029 6.356906967743385
6.646439549680076 5.942715353611286
7.487679602939248 5.40205356210711
8.284492186189881 6.0062800984107145
7.342376751053822 5.670991406566816
7.737561007940214 4.752389532461853
8.347965010761044 3.9602992892822595
7.794082033495964 4.7928938169462185
6.810552471140568 4.612146479557799
7.0284622944639095 3.636177571805513
6.500430638183151 2.7869528842431466
5.771400989074621 2.102470765615718
5.05873777089531 2.803977100194607
5.645478193480517 3.613752177919609
5.448648093990174 4.59418979038387
5.077878884810423 5.522914826938944
5.0560935932256035 4.523152154565863
5.74604463460912 5.24700819031731
4.929803873106827 4.669296307747669
4.2246120011870225 3.960279789055585
5.099827952777528 4.444012192437377
5.862317563552237 3.79701173381263
6.660362026147176 4.399610303111923
6.579657155960764 3.402872261333546
6.817104620905464 4.374272642943176
7.8148585328112805 4.441258695794803
8.397389285981298 3.6284500334325136
8.612686084331786 4.604998695107921
8.832207975073658 5.580606269640383
9.489678178035701 4.82712572429296
9.301180767350356 5.8091994110216705
8.364269828466089 6.158767562601589
9.363302376164933 6.202744472888183
8.664784525633719 6.918337103152954
8.715715024247752 7.917039303166014
9.422653804885423 8.624314044995893
8.815072619606086 9.418571624937412
8.827005494509649 8.418642824223813
8.743255405770864 7.422156034227957
7.9744697304749605 8.061662551364273
7.809759490556002 7.075320553441728
7.3949788736746624 6.165399106359873
6.9730427065864715 7.072024646979001
6.0975608757411015 7.555275683045804
5.179716062489613 7.9522150975505115
4.305890369394699 7.465975796293206
3.421855158934754 7.93339610679227
4.4118600812002065 8.07442891818797
4.807970857809319 8.992631647792999
5.79798738906646 9.133582943769937
6.210231375027927 10.044656429301485
6.227543592828676 9.044806296974235
5.985242800962012 10.015007475215524
6.981759977144636 10.09839522955038
5.982054959719915 10.07410782261102
6.568335469043338 9.263999703661787
6.369336953684225 8.28399991239402
5.7506183129891735 9.069612567368765
4.79447883030701 8.776700823568206
4.551576268654047 9.746751515822186
5.070231791590317 10.601734818891728
4.663130150183984 11.51511768142215
4.474636304159134 12.497192052338509
4.48319592189106 13.497155418139618
4.7365878368035075 14.464519122987491
5.180831025255045 15.360425362230423
5.544822680828622 16.291827571092313
4.559833066958802 16.119213954686817
5.415252951769907 15.601278803659435
6.274614349434304 16.112647543615537
5.459774671284695 15.532961163826396
5.695153406113038 14.561057438557988
4.964993196059568 15.244333420614048
5.747217271942844 15.867330607693216
6.143776737932662 14.949321571825992
7.141902497876935 14.888125433584525
7.265814534931814 15.88041863978565
7.406486191650917 14.890362335833244
7.9489695549010735 14.050295790494841
6.972297381909479 13.835559984202837
7.121708810787295 12.846784870781848
6.6198074810694605 13.711709754935073
5.7381498126788095 14.18359931380236
5.692363000279316 15.182550547752392
5.250647853941647 14.285395193593542
5.984029818607959 14.965212002669473
6.983194655975206 14.924350923769344
7.457291154380159 15.804823813868841
6.4652919774407485 15.9310681521638
7.1671952591266335 16.643340419740312
8.126680647868262 16.925098807000257
7.973264344580919 15.93693716137458
7.413717575285435 16.76573593850386
8.060119772022688 16.00273908395382
8.862357603200282 16.599743658666167
9.81935611298646 16.309650824788744
10.103759478860812 17.268355537137307
10.833452325214271 17.952130609789556
9.889828961850453 18.28315167877755
10.730074601926326 17.740945754489108
9.992047933252694 18.415717298292268
10.97061363853453 18.20978245314395
10.746274259287544 19.184293532054333
11.74598116032738 19.208503282431575
10.977169225836402 18.569028334224658
10.526987610145968 19.461965349301504
9.5734347966373 19.16073946752886
9.221701173672715 20.096839600247687
9.120524672739814 21.09170809188815
8.136362112145466 21.26897640356392
8.852642747195686 20.571164070732195
7.8709020036169814 20.76138791886258
8.734156316116652 21.266157165103596
9.586549741413634 21.78905815813237
9.16745038286588 22.696998534844884
10.084998450399501 23.09462341304709
10.482133913905376 22.17686340976411
9.557511813339927 22.55774918154607
8.924872135952217 23.332195460247682
8.368972303844052 24.163444746961428
7.438487710977496 24.529775775456095
8.075845128350705 23.7592074640655
8.103887936484961 22.75960074094288
7.531613227034193 23.5796627245289
8.410527096780017 24.056643237305284
8.916790558459432 23.194264371974985
9.899834469639961 23.377634676798007
10.613316966093333 24.078307729836773
10.474257351698464 23.088023718229824
9.564988021653871 22.671815494572172
8.968434761061964 23.47438898483781
9.645157337184447 24.210627095075353
10.21303829786973 23.387516401127595
9.281726073266226 23.02329457269872
9.601546306193132 22.075816330937688
8.719236856628639 21.605146557944774
7.757878313998959 21.88044594499992
8.72561789309442 22.132398533897398
7.725630901007772 22.13749908852397
8.5674816236684 22.677209530108883
9.157212907700245 21.869609992816947
8.15799454574684 21.830079433307212
7.386674610731647 22.466527041400887
7.642920568100375 23.43313865385554
8.395941939512769 22.775142594447736
9.371670897812256 22.99412432869924
9.764786110479285 23.913613550805596
9.45746871663168 22.962006478827504
8.709498927326633 22.298273705576882
7.837231015704913 21.80924539315
8.806702036841923 21.56403948136245
9.577670826121796 20.927166553725918
8.604742280011356 20.696060421908896
8.63268122453252 19.69645079041316
9.258276351362557 20.47659868490914
10.048559506908044 21.089340501713792
9.119085900843366 21.4582291239687
9.920698621840934 22.056072787090486
8.954228803191612 21.799292551013124
9.037273877778262 20.80274675899607
9.398999338750091 19.87046209705814
8.419022235612568 19.67135188304041
7.726407197509233 20.392659313331485
8.254787694045923 19.543651627335862
8.333956988289215 20.540512812681655
7.344523164119831 20.395527614852533
7.529612563097681 19.412805927707073
7.5826831257464296 20.411396692425104
6.854800800735348 21.097098756689505
5.875273681501536 20.895786504987058
6.859660021834922 20.719765105819107
7.386857582566017 19.870022361243326
7.255734571306756 18.878656255347877
6.9961770964840975 19.844383917405708
7.664605289460264 20.5881605981605
6.6648185817536145 20.608813421045014
5.87793154040788 19.991716358856127
4.966952033344499 19.579264740226062
4.031614456261721 19.225508302974497
4.729466879277874 18.509266726625786
5.610028951375438 18.035335890761264
5.023048985605899 17.22573443338536
6.020974394801673 17.290115157841118
7.003844369460201 17.474415491304583
6.020129460074112 17.294679637754108
5.9596684297653635 18.29285019623297
4.968775394515282 18.158198821591338
5.614028217670785 18.922167927124967
6.380621969711251 18.280035526967087
7.345069180897166 18.015759957086495
6.417581462914597 18.389613582174558
5.561734857166335 18.906843306213286
4.71707780917833 18.371535477684514
5.675947254154413 18.087688005454694
6.425213775759532 18.749956591152195
5.7978820053376605 19.528708701787767
6.070348005795145 20.490874113031957
5.751977309200433 19.542907816400163
5.077715250182903 20.28139998004812
4.372886897602247 19.57202208823133
5.122085938865623 20.23436701088873
5.026265708423764 19.238968355355144
4.241503499372056 18.619171392435604
3.9851463858885285 19.58575353088344
4.7879510186939545 18.989511364019886
3.877001837856735 19.402029957457806
4.41691673659022 18.56031034729917
5.406751827873461 18.702530219554415
5.045241613563977 17.7701620707259
5.78334023090175 17.095469228697716
6.640986146652419 17.609709914754543
6.2640817896938366 18.535962097319118
5.371907664553154 18.98765372933089
4.852855040773626 18.13291144434226
5.220069048151074 19.0630479250728
6.046831119527247 18.50049616982376
6.392045664532277 19.439019967027097
6.108129512592155 20.39786907854961
6.7517774471417225 19.63254735773537
6.4415566054789775 18.681882837834653
7.219430703997303 19.310302989368882
8.179441222379145 19.590266923825137
8.23566304470262 18.591848621361372
9.08215426000853 18.059445933154482
10.055168544862576 18.290190817106364
10.22546743880131 17.304798363957243
10.984723145227441 16.65400594524037
10.23032803794967 17.31042655895947
9.329061176837323 16.87716215347398
8.402477359311586 16.501073827279942
8.061938850655743 17.44130439693956
7.427777273751736 18.214504949434595
8.381421259915713 17.913567833655765
9.185931822701967 18.507506175881073
10.185178241151952 18.468691291946186
10.2967849113277 17.474938832239907
11.10003796624204 18.070576750585257
11.571416913795744 17.18864597790343
11.557781023029781 16.188738950983918
11.376883169309753 15.205237061550305
12.357034327687357 15.006985436762406
12.555270344233458 14.026831121491625
13.545790474815844 13.889463472785485
14.5242021005267 14.096129122262695
14.01704709726887 13.234274260542609
14.24919468373434 12.261593687025147
13.249493922324657 12.286055650088258
12.258867416428265 12.14945723935261
13.254589733028494 12.241853495901633
12.300487914717749 12.54133591658126
12.540473987111989 13.512112247698159
11.801870087589645 12.837972588865965
12.460971149613915 13.590026968574293
12.535462684026184 12.592805322549244
13.421842141185683 13.055764778577124
14.363009075694919 12.717822769666592
13.821097125547489 11.877387502505933
14.317857760295418 11.009499910841646
13.48000387599426 10.463605352743231
12.664886069115425 9.884310124980185
13.3771636150701 10.586208050271882
13.811311385707144 9.68536638091434
13.398992075039672 8.774326982177545
13.97725979964728 9.590174050369335
13.618371922872432 10.52355472935516
13.603579793067135 11.523445319817847
12.810163639816496 12.132124880638612
12.012625118655599 12.735392903381811
12.259293062825105 13.704492962879895
13.245229007154185 13.537369315002273
13.115113851797524 14.52886820372909
14.114447458715572 14.492366942324006
13.115427124559242 14.536620438707597
12.194741657650205 14.926925794835963
12.070464489690233 15.919173337298956
11.682321382027947 16.8407724518679
11.431588561915822 15.872716124519835
11.196927261293464 16.844793320009074
12.19620315652897 16.806744861416433
11.22041558255348 17.02546525478438
12.202173165357506 17.215602175467335
11.637873474264993 18.0411721958974
11.284236227454244 18.976554843624047
12.112474454343973 18.41617868467494
11.794529499012185 19.364287858440843
11.873464203167208 18.367408070061142
11.463168193286403 17.45545566764318
11.319255668441562 16.465865254799166
10.436071503050362 15.996838890932217
11.322268763504463 16.460147012557176
10.323799289659048 16.51545261624127
9.996204836225234 15.57063418178976
10.650427818653707 16.326935900194783
10.113413192288235 17.170508831878553
10.083001174917786 18.170046279500934
10.75067466219754 17.425592040219772
10.88097106903859 18.41706712632346
11.074856839927381 19.398091238079566
10.748162441995868 18.452961209797653
11.49596972908219 17.789045355656036
12.341611375905636 17.25529428525174
12.861135010175786 18.109750365711545
13.859337844535766 18.049824565961323
12.865193699790614 18.157886675273193
12.43159374538151 19.058992151638986
13.09230367856699 19.809633466908828
13.936707523700056 20.34534061295459
14.936596187032963 20.3304187853744
15.67963890671225 20.999662774313865
15.424332430925265 21.966522952116854
15.953891370471368 22.81479609771726
16.50385814081032 23.64998263467948
17.24900322231756 24.316885031965295
17.043390529079833 25.295518477326493
17.770217151015846 25.982339459566468
18.094528416198923 25.036389036301404
19.068603443259267 25.2626142375001
18.472700510925208 24.45955776673626
17.54985713611764 24.8447331885557
18.44586270651763 24.400690377768058
17.81273910637552 23.626639664349945
17.374693467663384 24.52559239859423
18.072905730978267 25.24148319708008
17.174337716644974 24.80264891900107
17.39069629498809 25.778962887751565
17.726521483068282 26.720887217541865
16.774719152388673 27.027599335517113
16.068707491484137 27.735799543556347
15.740596818326424 26.791160254642325
15.24965374316965 25.9199686012413
15.51423790039504 24.95560600151787
14.70572900817468 24.367122041498053
14.830446528561486 23.374929751612385
13.977184142164745 23.896411582514034
14.049972394246492 24.893758999595406
14.170082423036828 23.900998413661423
13.943669965817353 22.92696689506675
14.571133639788778 22.148321059114178
14.6131877220835 21.149205723348405
15.56097819256694 21.468099473774434
16.432426011447586 21.958587698880976
15.432510783009917 21.971608295581795
16.43250685172611 21.974412319861262
15.455648900230814 21.760523230376982
16.165961874198178 21.056637245991983
16.891683911269674 20.368649219272914
15.892017495351158 20.34282177486526
16.449136006278227 19.51238877649489
16.169057103493238 18.55241179332563
15.881758542775557 17.59457071203419
16.861689311592524 17.39523258641395
17.749216750961057 16.93447772277393
18.564269210279452 17.513864889148056
17.675562190936624 17.05538933497882
18.658999702988893 17.236636844998806
19.65831398179476 17.27366348641699
18.659481030813776 17.32196189254617
17.659501698331034 17.328391092136563
16.953263760637284 16.620416533722153
17.53785901462511 15.809091451517178
17.355240960441808 16.79227538460717
16.58646411647176 16.152758251001313
17.390315381456674 15.557927902261307
16.5768766125631 14.976277346290708
16.797828924663087 15.951561958994954
17.79779158140612 15.942919903717614
16.89911667004878 16.381535229141704
16.29257224391767 17.17658482453138
15.913703766302117 18.102035350853164
15.151730763014454 17.45442656287945
16.151719506710236 17.449681830881445
17.070177548916337 17.845200256124745
17.98010943720499 17.430442545315834
17.960309770638794 18.430246512703377
17.07190383718726 17.971187804684337
16.505787008940917 17.146862785789303
16.22554650486761 18.106792606076567
15.57380301964696 18.865232075956953
16.45448324119706 19.33894332489502
16.92292457749679 18.455448721376854
16.847307125747072 17.45831181954698
16.36197546590602 18.332641951680106
16.908200885297344 17.495003729527625
17.69583260033489 18.111150044510534
16.725420672305212 18.35260540257435
15.863794775134005 17.845061499720703
16.009279227231136 18.834422037744126
15.350095489867684 19.586403952683277
14.462575736129017 20.04717362043893
15.261022190161396 20.64923944744053
14.972591854062793 21.606740330582706
15.056882700503433 22.603181524635982
14.062775285628295 22.711581006600923
14.19161706375665 23.703246169954323
14.905614583525084 23.00309794153085
14.085903606763402 22.43032057241052
14.035409371225022 21.431596219960156
14.173554834761841 20.441184269858482
14.728956985036195 19.609602372826913
14.69513216020773 20.60903014971993
14.4329031646291 19.644024474152257
13.476613529863412 19.936445633509283
13.525941184850687 18.937662983252753
14.496681600875897 18.697531676057707
14.061257892076938 17.79730604111069
13.287240006430077 17.164142308179972
12.63056855663314 16.409965533795088
11.635020564958278 16.504221548309555
10.733426112086436 16.93680384400683
9.736942744049722 17.020594638406973
9.816622459544174 16.02377412149396
9.570857358070596 16.993103536552475
8.737195554893752 16.44082824476048
8.402712866799597 17.38323013958312
9.04637432281917 16.61791979074759
8.58179515227196 17.503451379282783
9.001950164027374 16.59599903006724
9.006298300362348 17.595989576877766
9.999461445054207 17.712724181968873
9.041024437082644 17.998028408629676
9.829477924360164 17.382934026928854
10.585701999710487 18.03724675633319
9.74478475894939 17.496083015686477
8.747665123449663 17.571927807866903
8.907436845072821 16.58477381938812
9.156016780795891 15.61616243417942
10.087315626154668 15.980418471374973
10.64995175911601 16.807123123524885
11.115749839613338 15.92223208604908
11.84639501974905 15.23947472010972
10.872441799820407 15.466223756250185
10.092473101432404 16.09204228388813
9.76242276833238 17.0360056187802
10.125615720128586 16.104291671387784
9.169551049083346 16.397447508408224
9.911294757633925 15.726764072780332
9.287744379790148 14.944980901887735
8.328218638893292 15.226601839597166
7.413124551582319 14.823361450538112
7.196573758288739 15.799632803146556
8.134125092705856 16.14747974554031
9.105057159987199 15.90812452682808
10.029822641419704 16.288662047121292
9.65259116598932 15.362543040759467
9.747912209373002 14.367096458220633
8.74791571823694 14.364447361098735
7.806781068363034 14.026415453127427
6.808405655408381 13.969437081725406
5.89290937890218 13.567110637524578
6.275840333478589 14.490887604128098
5.640756744290465 15.263331022602182
5.1506660725872315 14.39165956298596
6.035541469758413 14.857487354644148
5.467847620439136 15.680727109178063
4.9181526693455275 14.845361643802462
5.82119596665251 14.41581210860433
5.865093030703327 13.416776049311315
6.8436024816009695 13.62297802433579
7.540741977643526 12.906042516038474
6.6480117648019075 12.455450941461496
7.544241198698093 12.899041745940266
8.303766728547505 12.248564252473376
9.296670414011023 12.12964297013518
9.946019074626061 11.369152130639097
9.43205770147189 12.226965459344987
8.897611205859993 13.07216776845693
9.72988644860727 12.517805143174558
10.216933810654233 11.644429584137614
10.456126847681512 12.6154016182548
9.465464242673974 12.75173797818743
9.100668553630596 11.820650385500594
8.319241407764553 12.444646872432731
8.018784634514486 13.398442305116363
7.112269612160582 13.8206158645048
6.233800315861555 13.342817062225125
5.425490636524438 13.931574620384618
6.050318115596651 13.1508117745753
7.034549147697606 13.327699522736355
7.4806327847618705 12.432708244151184
7.013754109438778 13.317029623813891
6.2034662407428405 13.903061679118203
5.269242152756364 13.546375047148576
5.599686339680511 12.602549512778987
4.735170373535987 12.099944156379754
4.066309044728974 11.356556960615315
3.207398430160712 11.868682488373862
4.170008385790527 11.597791230998572
3.205811576739353 11.862978925689587
3.066827288155179 10.872684339454384
3.6722714691904574 11.66857211021765
2.9550900421427877 12.365458615107698
2.130114210495125 11.800290607169131
1.6877152386206866 10.903472258960065
2.4831996720631464 10.297498236290174
2.5534858996679644 9.29997137138423
1.9604407409493358 8.494802171948237
0.9820383690358925 8.288092717316506
0.9154532910569987 7.290311966153935
0.5315840980672245 6.366924483742905
0.24834500956012184 7.3259738144562245
1.1247136712750612 6.844332901779606
0.6777443090141886 5.949783635836076
-0.3166235879059218 6.055767057061647
-1.2039097227825293 5.594547678830712
-1.0853920209894903 4.601595739227543
-1.4014751900329179 5.550327224025778
-2.1480297521466323 4.885003028022656
-1.1669473181877288 5.078593466260896
-1.383103501544001 6.054952265267107
-0.561375139127839 5.485072893469134
-0.5561773256484455 6.485059384745408
-1.4375822459449281 6.012697906132734
-1.7242129940173718 6.970739040040581
-2.049814597406055 7.916246097587334
-1.0541083275414738 8.00881512130673
-1.9538804451649487 8.445175220705572
-1.7405601933447603 9.42215754918617
-2.5626778648362243 9.99147515318367
-1.8683790245645302 10.711161974236674
-2.677974431026804 10.124173662738748
-1.8103502918089285 10.621394290877245
-0.8950053507269846 10.21872365768469
0.0790441113569158 10.44505890773219
-0.15564810952825925 11.417128638490217
0.09212321233959811 12.385947182934869
-0.436839884386124 11.537302355988793
0.5628213659983717 11.511275744997223
-0.43714503342561295 11.519473307014788
-0.7682453338834987 10.575877741617887
-0.05027181267890479 9.879807326466462
0.944373599449083 9.983153850997988
0.3353680339811853 10.776319799100355
0.10090502749099883 11.748444841771093
-0.8947257421135828 11.841822411971803
-0.134110115392983 11.19261992554062
-0.486809396833208 10.256883201418098
-0.14249424955766377 9.31802907038569
-0.996704134574133 8.79810073653558
-0.594717993148611 9.713746487960126
-1.5354390411160364 9.374565253350855
-1.7107813217910268 8.390057719297564
-1.342418987138029 7.460375413125723
-2.00194945563963 8.212053243793928
-2.1895657187626396 7.229810841017629
-2.730921114164121 6.389016968615062
-2.3084305524759667 5.48264964501804
-3.2840416822327896 5.263143555137564
-2.4134583465624253 4.771122564068014
-1.7322672019772059 5.503228174303777
-0.8248130723032961 5.083077008010302
-1.818880140816047 4.974308155398602
-0.8563270713881675 5.245401476111171
0.042040448142427356 4.8061568974850415
-0.9102704195898819 5.111286396548859
0.08392802786165177 5.003725032272646
-0.7393290832723916 4.436056353405096
0.260518505322454 4.453514863681532
0.3461034532299941 5.449845740795989
-0.37739261429200827 6.140174242511077
-1.1349909587157136 5.4874532082809395
-1.7864138790418649 4.728738387762881
-1.495522044843661 3.7719824414543126
-2.4690862024921114 3.5435687138846608
-1.5457370434416629 3.159607348014565
-1.8358192473388617 4.11660907997859
-1.8806116227594007 5.115605397841767
-2.8413291270995042 4.838077242775434
-2.54194007985729 3.8839461205540697
-2.352399554198115 4.865819019219087
-3.30579055909816 5.167556639968774
-2.789008994155525 6.023673929909493
-1.8489312606593713 6.364634125511172
-0.8639256911991959 6.537156669349464
-0.8761674998695892 5.5372316030967585
-1.8444663167043294 5.787026321448533
-0.8444975336646423 5.779124869295468
-1.3711250983937648 6.6292209862537055
-2.344874929566299 6.8568418690642705
-1.951827241622731 5.9373237806058565
-1.57268860401169 5.011983900631777
-0.57549592699343 4.937105566641523
-1.301549837639683 4.249467784931353
-0.771787982409991 3.4013213490232634
-1.5330407926016152 2.7528661393322973
-2.134657781465939 1.9540814382332938
-2.9820212198329434 2.4850948121880814
-2.127009520809327 1.96648610175916
-1.3486592241732724 1.3386558574043932
-1.231168817777181 2.331729874990636
-2.1000969552495525 2.8266681457970013
-3.056040181163749 2.5331165339316266
-2.061270620567794 2.430971924129004
-1.4261942828541474 3.203421304526336
-1.4589442516035689 2.2039577286282888
-1.7525569529020075 3.1598821930271415
-2.190927196083247 2.2610877060095467
-1.9971997604079135 1.2800323147768906
-2.883740632177477 0.8173820335902671
-2.2767277445440297 1.6120740206185142
-1.5999395066459776 2.3482517716018276
-2.189211630933698 1.540317143344419
-2.265351287386152 0.5432199802177243
-3.1815994571408632 0.943831127617721
-3.74192501775361 1.7721035864885994
-2.8464668083457223 2.2172491752615535
-2.5135358959550427 3.1602003975284902
-2.301711512286321 2.182892651481542
-1.8115310047037771 1.3112717075006621
-2.2910488746392477 2.18880382224778
-2.530025407962681 3.159829165130608
-1.9877675395144858 2.319617046611707
-1.973443850592402 1.319719635906157
-1.155672842970224 0.7441759111618002
-0.6080871887050461 -0.09257372358145866
-1.3654671980850281 -0.7455480886154762
-0.6783056762529263 -1.4720527636956782
-0.3717724909151327 -0.5201927917004976
0.06300058559352822 -1.4207328363088392
0.9250391539097058 -0.913890151903318
0.6309612969851891 -1.8696716196388476
0.16763089164714234 -0.9834860095721522
0.31302013033251486 -1.9728605439495475
-0.6684032592785436 -1.781006093064663
-1.3625250588631466 -1.061148518719965
-0.76483577219564 -1.8628763507196324
-0.30316418474710904 -2.749927276733891
-1.2294217040048956 -2.3730360351025537
-1.4674088980436817 -3.344304327323372
-2.377384855046052 -2.9296433119413847
-2.0121594234757265 -1.9987242047498577
-1.0247793057930203 -1.840355952865569
-0.0253345389978763 -1.8736749883528114
0.8901506593604003 -2.276026640004581
0.25481906817949074 -3.0482660907240673
-0.5986661732080678 -2.5271490762890934
-0.43057740571907044 -3.512920939472472
-0.2399979986915769 -2.5312491564324127
0.0719140691548667 -3.4813601299148558
-0.6459595688507016 -4.177533556480859
0.08678045452729988 -4.858042232501971
-0.6500397029115411 -5.534131025185152
-0.49644271290844155 -4.545997448859569
0.4050462582641625 -4.978799522392217
-0.442318334084003 -4.447787989904807
-0.8501760486832395 -3.5347424901393856
-1.2785031685981205 -4.438366238358423
-1.7418016449385338 -5.3245685413460935
-1.0579169705691824 -6.05415866748729
-0.6421398290419268 -6.963625197153679
-0.426890541061377 -5.987066062219257
0.4460835829775619 -5.499299541475523
0.7958975063796959 -4.562480338537194
1.785493301970976 -4.41860483211563
1.4662668521760231 -5.366283297498963
1.6178704888568873 -6.354724665181001
2.326942311224083 -5.649588401239864
2.343342439545638 -4.64972289238828
2.4342864754861595 -3.653866887572901
2.862349476911282 -2.750117991689251
3.1810550240920765 -3.6979717642703336
2.74575751273249 -2.7976851006991406
3.346854589699399 -1.9985090850043266
2.6089365864880287 -1.3236187083233844
2.0839938923399695 -2.1747562811402448
3.059984517581766 -1.956943748350858
2.2889042212842505 -2.5936816666985374
1.771785206352885 -3.4495951695692506
0.7743909948056598 -3.521739377736566
0.19936616672754137 -2.70360341892915
0.7596596114984667 -3.531897603230072
1.7317358241174772 -3.2972322311355073
2.1010059479418075 -2.3679101257001722
1.6388842639683516 -1.4810936005939146
0.9658005387456603 -0.7415273095554814
1.0605817838845752 -1.7370254338982232
0.5445170833965053 -2.593575038363813
1.077404645847043 -3.4397610969735757
1.670689587945783 -2.6347685644126244
2.400921512348458 -3.3179679032465885
3.0328507808019483 -4.092993967112725
3.9212397408200728 -4.552085521944564
4.484453772458077 -3.7257744699997986
5.18945134578424 -4.4349841862362736
5.999215126231846 -5.021740200159609
5.295141018055833 -5.731866703112536
4.602484091217293 -6.453133908593687
5.336474723852406 -7.1322935004451935
6.102325979436984 -7.7753112718322095
6.894045355301788 -8.386196228170345
7.163564057482656 -9.349191383492915
8.132837299862565 -9.103204835880371
7.422615889352419 -8.399226464015882
6.81856652849181 -9.19617336917575
7.706627719500651 -9.65589863607323
6.760165610125746 -9.978713560631569
7.003717865451312 -9.008825784171925
6.142786325951947 -9.517546615566959
7.141564799371384 -9.46813446084832
6.888343146375051 -10.435542748208835
7.806196331149214 -10.832462804643285
6.907908483035453 -10.393055315026698
6.174366558037841 -11.072699519203264
6.559388813676322 -10.14979223097597
6.968075333007042 -11.062467051992384
5.968427638572647 -11.08900922620626
6.95140700915834 -11.27272519449142
7.811675708862368 -10.762884273899965
7.821681663048768 -9.762934334712599
6.829671141623467 -9.889089498623962
6.04944502348519 -9.263591933021285
5.057026755738845 -9.386498327661041
5.530285922881583 -10.267421571034356
6.053853357517635 -9.415437333276039
5.223172980141382 -8.858687739075876
4.471483486857648 -9.51820491526376
5.01767875026719 -8.680547029113942
4.937065881258716 -9.677292515860795
5.930689049041021 -9.564540573765518
6.5390062842665735 -10.358234558452022
6.429529011255221 -9.364245259367772
5.799534085498365 -8.587646010384995
5.121431533844497 -9.322613308596631
4.395932071918594 -10.010836041979672
4.22512063683756 -9.02553230523371
3.9592015549373962 -9.989527658895424
2.961365339228073 -9.923778996407911
3.809096711026443 -10.454204788832124
3.4635181293768076 -9.51581497436
3.753659963304102 -10.4727986295001
2.782504280834872 -10.711244934583075
2.324421419597882 -11.600154430674174
