0 0
-0.7870313734465926 -0.6169129737740731
-1.0701544422680995 -1.5759965613205873
-0.8694991556650327 -0.5963346523140969
-1.7276008778667835 -0.08285492111296267
-2.7039455400053476 -0.2990749495875073
-1.9991340441452485 -1.0084695896176175
-1.1563950254469155 -1.5467919339090006
-0.39378459401256316 -2.193649978511919
0.253502318834268 -1.4314035272527352
-0.28813833304569103 -2.2720136653257024
0.41304885967667715 -2.9849908884977507
1.1121038950141064 -3.700058757702755
1.0105509668929356 -2.7052286200460713
0.4989151048864551 -3.564431008723434
1.1935002817000158 -2.845020533298677
0.2782107042531866 -2.442224071773498
0.013958951862844737 -1.477770334490764
1.010821392522962 -1.5569238208394638
1.263497296822085 -0.58937284678868
1.7421442747433296 -1.467380290109555
2.720341529844251 -1.259702342043269
3.7022609801305246 -1.4490015579674305
3.0292084918526596 -0.7094068392038535
3.972087544360713 -0.37627159288261003
3.4318500848055904 -1.2177842115006716
3.755667420911786 -2.1639038301732194
2.7862653131638404 -1.9184256162848174
2.6838802225406226 -0.9236807780383074
1.7232618235166708 -1.2015517759072103
2.2971931998582713 -0.3826483779104526
3.076152781086968 -1.0097225129311962
3.7661123550354905 -1.733570415682025
3.8483122107912084 -2.7301862813563273
3.0507521013829866 -3.3334257627240054
3.83647385997208 -2.714845680536046
4.698634067601924 -2.2082099372454023
4.93628199695213 -1.2368585787372877
5.349173033335594 -0.32607814851593686
5.745118099156744 -1.2443523476808083
5.623473381743276 -2.2369260541255223
6.301439568994736 -1.501832965500879
6.619716785751206 -2.449830651834424
7.618327573066312 -2.502523112945147
6.819178591806826 -1.901390094594029
5.819991342789999 -1.9416994161237358
5.846336614945619 -2.941352319203123
5.49052853837586 -3.875911366373353
6.448155468468254 -3.5878997993108204
6.680800864809928 -2.6153381716691446
7.323910824040525 -3.381112015789208
6.487014879568185 -2.8337499983585595
6.936927300930121 -3.7268226791098185
7.296779802879719 -4.659831884230869
8.29021777767455 -4.774204040962925
7.416005944909018 -5.259748757186598
7.94540431092298 -6.108122124320284
7.877373577322449 -5.110438898398462
6.989099612491375 -4.651124884456709
6.7641203813358635 -3.676761325230136
7.630216110427069 -3.176883152021931
7.154118964046999 -4.056275844286743
8.054925729496526 -3.6220556566856144
8.574647409007488 -2.7677200224959213
7.586208795996347 -2.616098426710188
6.620218422240682 -2.8746764571214936
6.599693254946335 -1.8748871205572657
7.270601844827994 -1.1333470582389822
6.272362883041539 -1.1926680087665948
7.1933898291107 -1.5821668721982027
7.693291311299823 -0.7160845966001402
8.347526054280523 0.04020694842530659
7.58429347383419 -0.6059169004962692
8.521535113514767 -0.25723637501647667
7.606617433328259 0.14640410670226467
8.562114297028273 -0.1485971533957795
9.091992037604705 -0.9966711949992335
8.096669879709474 -0.9000595911269135
9.018641213197586 -1.2873177223858319
8.63334362847726 -0.3645253452994788
7.770368101883697 0.14072037759242684
6.855558653311946 0.5446060950965845
6.3319273926680895 1.3965511067472927
6.527312406168469 0.4158244901514869
7.433906412934277 0.837828408256896
6.440606628768205 0.7222622420332385
6.360160156904532 -0.27449668828275675
7.297291897624935 -0.6234724761740476
6.360377313261143 -0.2739140953470049
6.928657360805595 0.5489211175376136
7.37216891378092 -0.347347537708912
6.828127001311116 0.49171050407139216
7.72045852059558 0.04032988896759615
7.614395421316982 1.0346892902765084
6.622308571831558 1.1602427971095923
7.468559512972654 0.6274582772351782
8.311025319063877 0.08870846000359256
9.309369916767247 0.03119268619765539
8.58664329384263 0.7223267025186425
8.99991448217304 1.6329346999005958
8.680380246993451 2.58050943180737
9.226306293751941 3.418342799172651
10.11993072694115 3.8671583207483495
9.68377454000538 4.767029300721396
8.684953718370572 4.815577897701799
8.770080488906101 5.811948026187289
7.772172291153148 5.747301070671558
6.81949839502011 5.443306913446954
7.23553982546599 4.533961254111327
7.940990428332069 5.24272034358806
8.90699499488142 5.501245347032209
7.907582382297101 5.5355153019108645
8.849637128859518 5.870974471526513
8.942347362279387 6.86666760327908
9.89836108884044 7.159989533292581
10.751764086440389 7.681241222678257
10.404713808016377 6.7433946977895545
11.167732167612936 6.097017885923151
11.569929017215971 5.181464668371383
12.366015015653584 4.5762811564581884
11.692651217264357 3.8369698586824597
11.774025289551071 4.83365348971062
12.626966732134349 5.355660094576837
12.072374546490842 6.187782385843667
13.022385501138729 5.875565816698126
12.954592679074285 4.8778663963933235
12.429010191984274 5.728609042123675
13.372613036533991 6.059688597151892
13.464249719516088 5.063896089481726
13.381148423181411 6.060437194779192
13.529939165667443 7.049305899385853
14.181416476540514 7.807974017483346
14.76465283182759 6.995671516027485
13.98866185788057 7.626415527772946
14.449768279507662 6.739070686161603
15.001881359115947 5.905301445108987
14.002160685582917 5.928935634552782
13.019548048051382 6.114603091484044
12.35178385793153 5.370230210198343
12.748549246583094 6.288150264651982
12.67552273938271 5.290820264478462
13.517196644468715 5.830806410131548
13.137949055588155 6.7561016421133635
13.218787337728191 5.759374411552942
14.210728457014444 5.8860741190077634
15.048889248615051 5.340650900375256
16.000751193038564 5.647177960776604
15.118087157299842 6.117182428854762
14.119111526531563 6.162433828072022
13.361882284785382 5.509284629615417
12.362815594113275 5.466090329187196
11.47326630284812 5.922929533294791
11.882108101189273 6.835534806087566
11.388439603995106 7.7051849741885405
11.039822411638292 8.642450173154794
10.078758752810474 8.918777232416979
10.114305586666635 7.919409220820248
11.056273238331782 8.255112874682471
11.294574854825811 7.283921678482499
10.956533856133937 6.342790293816468
10.561915311936218 5.423945255425732
10.279147952592039 4.464756733554499
10.634659953113232 3.530085017129198
11.156415097404526 2.6769897297166074
11.669817643191134 1.8188418252270433
12.50412536733967 1.2675427943680255
13.247298241535303 1.9366422481563252
12.396148405838167 2.4615650588558964
12.92975401833786 1.6158316195803608
12.194693284462753 2.293832886183151
12.41642309887168 3.2689410285972027
11.57474102260391 3.808914437655069
10.574845537738101 3.7944569363159606
10.569648903704344 2.794470438909761
10.509648594160625 1.796272080438531
9.574071128066405 1.4431505646161158
10.255702030882276 2.1748467531577957
11.1084688330069 1.652554898737164
11.657200692692605 0.8165564859600427
11.001923330820848 1.5719448490014585
11.71019487283699 2.2778849475722054
12.641197419163301 2.6428976305490077
13.620899374372293 2.442437961389148
12.821323968584956 1.841872252694407
11.826754389614255 1.9459460370305266
11.95327717438949 0.953982335611609
11.951487904800015 1.9539807348674958
12.618576591213275 1.2090024234654582
12.116107317801035 2.0735974901160703
12.884644384002879 2.71340275570386
13.864068221524237 2.9152168941950407
13.313024245915999 2.0807406890544335
12.338110275655254 1.858158680369025
13.146695812673551 2.4465373248870192
13.620975902800302 1.5661633156674366
13.907818395626833 0.6081855579355249
14.866180775838444 0.32263075024506305
13.883229727934523 0.5064981955000142
13.37937230613438 -0.3572886407604794
12.738015769219341 0.40995434067131553
12.848434664801784 1.403839478651733
12.647909932994365 0.4241508383513758
12.577129508471918 -0.5733410821694985
11.640706625700146 -0.9242145417263654
11.735348500187055 0.07129684223345856
12.069799453026258 -0.8711163156463269
11.876916745091417 -1.8523381361230848
12.489026570731728 -1.0615653739754567
13.16092148617725 -0.3209188843473376
12.161682133617004 -0.2819225217607993
11.512002900059754 -1.04213097572883
12.298241969720886 -0.42420854909390326
11.333561717159403 -0.6876321818945991
12.132580341362306 -1.2889384584100703
11.292914054680613 -1.8320411439219138
10.9444902253365 -2.7693782418462325
11.71377917633822 -3.408279259114694
11.330584259806038 -2.4846117561982526
10.49695958329958 -3.0369430867594494
10.525711852444166 -2.0373565187129206
10.220347311324158 -2.9895920447392115
9.57515901132258 -2.2255684472364425
8.67232279589768 -2.6555530610509877
8.2317486965116 -3.553269309622965
8.939110274639914 -4.260121202021804
8.948589958320401 -3.2601661352326423
9.831042020625727 -2.7897637992126363
8.846039847727658 -2.962305734364882
8.46534617983146 -3.887006946229417
8.395866271859804 -4.884590297327585
8.829802196796502 -5.785534032002139
7.9240933608145365 -6.209434379282243
6.937029757351594 -6.369763549175779
6.036264602350453 -5.935457049643742
6.907889775197122 -6.4256300375368065
6.064623401018336 -6.963125918618106
7.038969736513018 -7.188179731089888
7.179214039025453 -6.198062800817104
7.014964909355519 -5.211643912411844
7.869390805515808 -5.73121718729296
6.959396314425513 -6.145837527104353
6.712923205387991 -5.176687896489257
6.113976261453209 -4.375899186309608
5.462770904019003 -5.134800749392059
4.462882106197351 -5.149713562365217
4.819711265273742 -6.083883221063697
3.893262224815837 -5.7074630098175065
3.848121605971859 -4.708482367096947
3.7043390633095785 -5.698091674058825
3.955697594270793 -6.665985722451014
4.9056375185922505 -6.353553105427528
4.412039404542825 -5.483862987163068
3.7944846808631993 -6.270390903553187
3.744341237423904 -7.269132929844286
4.082091656431126 -8.21036863595644
3.0868887769457865 -8.112535979526752
2.848121413569995 -7.1414591822616895
2.023194680927361 -6.576219511173798
1.1118849021707748 -6.1644981404112125
1.1846613192964786 -7.161846421158889
1.5192424610822237 -6.219479475876242
2.515895243165157 -6.137728439391378
3.514900814128095 -6.1823139660229405
4.045633872131119 -5.3347749278997645
3.0798155860652887 -5.075554870225088
4.078729010815735 -5.122159267585573
4.467035040822676 -6.043689748394671
4.958081468656859 -6.9148231513309195
4.005405707224671 -6.610834839747068
4.350619777578679 -5.672310867954328
4.427637934942666 -6.669340558302744
3.4285238835537912 -6.71142514357228
3.585791080890772 -7.698981232430918
2.610101819180011 -7.918139769983783
3.25124814155436 -7.150721114160349
2.652200341188416 -7.951434379241379
3.5433004220458892 -8.405241216889078
2.6151396280920616 -8.033061770160755
2.810019464030603 -9.013888895369151
1.8733367281778057 -9.364068067158849
2.613225950571248 -8.691339341307167
2.4640924682723955 -9.680156414611131
2.108033864612033 -10.61462004191796
1.1293441246261398 -10.819964612935419
0.7037627574389684 -9.91504445076469
-0.1781174725106378 -10.38651794951518
-1.0148387113534003 -9.838888906759564
-0.1183830088934068 -10.28202226538534
-1.045156233916622 -10.657643603144617
-0.8945761634703915 -9.669045786849027
-1.8299211722610433 -10.022782573924411
-1.7958302995351743 -9.0233638366592
-1.1508981911235097 -9.78760370446229
-2.054419082060736 -9.359059658137994
-2.2518636700760544 -10.339373707136303
-1.2994715886084791 -10.644249621497966
-0.3073837158450976 -10.518704200570603
0.6925146666196842 -10.53295989221685
0.31640466632728304 -9.60638487222114
0.48821370278320575 -8.621254599114032
1.2714224364943707 -9.243013458671781
0.28772974093584147 -9.063156068763012
0.7986837434505398 -8.203548014290389
1.7944108392040534 -8.111203275499955
2.3548585984838333 -7.283013497056467
2.207828756822936 -8.272145553791649
1.219532249405642 -8.119600434476808
0.599450458454039 -7.335063263572681
1.4232636448451879 -7.901924652210205
0.4232927519531746 -7.894294883619365
-0.1543445583173484 -8.710588420151069
-0.9653968535684244 -8.125614767438435
-0.8579948249458765 -9.119830440342339
0.14026928872097222 -9.178726614793154
-0.5273883142032113 -9.923195099859871
-1.2995768795878058 -10.558588536628998
-2.28362486645644 -10.380685305798897
-2.5161581077506168 -11.353273755089358
-3.0274378133772455 -12.212688126981257
-3.2791267800258463 -11.244879951738168
-2.380827175245211 -10.805496497280727
-1.3892345188969366 -10.934895121215348
-2.320514519138612 -11.2991993363294
-1.3459189651602164 -11.523171446569814
-0.44389110765550166 -11.954849271209271
-1.1478423872104953 -12.665097534855786
-1.7937325683510235 -13.428527868223707
-2.663916156119698 -13.921255504528022
-2.480904316945999 -14.904366213818822
-2.832049306857356 -15.840687310483931
-2.360868127394261 -14.95865086218955
-3.3515286273458953 -15.095002517242131
-2.7880599570364293 -14.26886508461988
-3.6040329124161676 -13.690775008516809
-3.3423951608003883 -12.725608863788638
-3.372103648662089 -13.725167469248554
-2.5279895899745126 -13.189003822657341
-2.251617633299926 -12.22795307396409
-3.0532061133999235 -11.630076909051175
-2.1952372595384233 -12.14377861802593
-1.8724244489137838 -11.19731578764292
-1.3947347746573042 -12.075844429810457
-2.38445783055422 -12.218841886522355
-2.2268756626322905 -11.231336007880094
-3.217203753266665 -11.092590655163422
-2.220699213088923 -11.009052032927073
-2.7132693302363506 -11.879324794590547
-1.8434047712707042 -11.386034161134466
-0.9710682026635743 -10.897128330661216
-1.9463768497201717 -11.117974528221033
-2.628612176979054 -11.849107182559468
-3.0872960982674615 -10.96050768877642
-4.08293922644929 -11.053753392721983
-3.7178746274147563 -10.122771202488597
-2.7991430951384397 -9.727888471033786
-2.450902419242719 -10.665293629784095
-3.447999123596533 -10.741439293920427
-2.7205816092255835 -10.05524416147894
-3.6389937475390175 -10.45086916599527
-4.367344749510515 -11.13607338221633
-3.7608992939622525 -11.931198472654847
-2.769006134711611 -12.058273098885977
-2.2855247401047927 -12.933627736201075
-3.244864381540139 -12.651373502626623
-4.243885052396363 -12.695619397373813
-3.2672114668694183 -12.48089001574675
-3.9079061279633565 -11.71309424130818
-3.195118796937685 -11.011714015803284
-2.2257707326748815 -10.766022480926814
-1.5488988038593912 -11.502123283793921
-0.5715100649210527 -11.713573639661497
-1.1515047841811654 -10.89895340566876
-0.4035623471176786 -11.562717001265515
-0.3088191628949915 -12.558218748648887
-0.9925732097948119 -13.28793129708705
-1.350402701259546 -14.221718240151736
-0.8064396520966283 -15.060827411323986
0.18917130782173774 -14.967238862396087
0.11291591421063209 -13.970150543867977
0.38426806834022476 -13.007670409813652
-0.10912711075560194 -13.877475673792318
-0.590789093549809 -14.753832755312605
-0.17817010790889687 -15.664736467396743
-1.1025834631516607 -16.046128586676648
-1.658860000631741 -16.877125827255202
-1.485959159876876 -17.862065063587202
-1.5172395495656856 -16.862554414709006
-2.3034598386011305 -16.2446080925183
-1.611682218112024 -15.522497488946774
-2.289125437536562 -16.2580725595247
-1.5231956763158965 -16.90099681702044
-0.69901687412009 -16.334667140938492
-0.8999307120661678 -15.355058224216224
0.049462314280148356 -15.669148786833096
0.801338350051875 -16.328453289193117
0.18238647568277833 -17.113882202090384
-0.7367855988944906 -17.507738390714252
-1.7359957452203023 -17.468000707345062
-2.6575448141040017 -17.856262621057425
-3.117173296392888 -16.96815133396058
-2.95172757486947 -17.954370231178434
-3.540972581157548 -17.14641582493724
-3.9891253814452607 -16.25245885304526
-4.019475759783712 -15.2529195318904
-4.658043776284428 -16.022484921121453
-3.985242783570977 -16.76230842994217
-3.1204405808972546 -16.26019574313703
-3.898037562159188 -15.631432723603972
-3.2686674269228098 -14.854327046831152
-2.52727753995488 -14.183252508868579
-3.4523221312074623 -13.803393977051346
-4.38264078277187 -14.170146218423342
-3.799509787329409 -13.357768078543714
-4.625623657276506 -13.921271294045658
-4.577761325465388 -14.920125235917842
-4.902497134899638 -13.974320470614197
-5.5159135755706465 -14.764080098801477
-6.50601251815043 -14.6237088627793
-7.255665141822952 -13.961877355656146
-7.521286964820268 -12.997800052143827
-6.693860565331516 -13.559374226611528
-5.719390807815442 -13.783893026907993
-4.994595003808522 -13.094929281494665
-4.001280495911815 -13.21036882585414
-4.360786374060522 -12.277226005286716
-5.273060687501896 -11.867646248664064
-6.264150664850372 -12.00084030558628
-5.264608967716918 -11.970568277382421
-4.565607220163724 -12.68568823719167
-3.5670152530923023 -12.632640303203353
-3.117364936173834 -13.525844978792952
-2.1215887930007584 -13.434030640656937
-3.026014995826055 -13.007400538996242
-3.326045224933194 -12.053470844720025
-2.468200441889567 -12.567379716218497
-3.04934630778717 -13.381179127959575
-3.8391582395493877 -12.76783003287095
-4.499959013394749 -12.017268684755173
-5.098647065090991 -12.818250967178546
-5.451031519576919 -13.754106295868112
-4.5435606010803316 -13.333991392439348
-4.630794191074246 -12.33780350816411
-4.449349016574325 -11.354402446210905
-4.73029147909022 -12.314127059188765
-5.357009980030698 -11.534881320939963
-5.999696291852011 -10.768751890231602
-5.016291337710952 -10.950175968487002
-5.927910555750367 -10.53914020203692
-6.920804250622824 -10.658144868678699
-7.8829483234498525 -10.930686210723936
-7.621826750749385 -11.89599213335698
-8.247817420359388 -11.116161586660315
-8.266363715504728 -12.115989589336966
-7.39144737654769 -12.600263685098874
-8.168468361187218 -13.229738378339054
-8.997140247229982 -12.670003704335086
-9.630643951668615 -13.443743361107654
-9.041228704378767 -14.251573582294165
-10.030060337965356 -14.400610491878602
-9.031090441723261 -14.445988310271044
-8.998293534387674 -13.446526273538673
-9.374108638627224 -14.37322094139072
-8.449175666084676 -13.993090705414144
-7.5262378791565325 -13.608141564019878
-8.458097451586246 -13.970960716313567
-7.458172939491613 -13.983247705867935
-7.93675539993283 -13.105205093827932
-8.922919598315703 -12.939433643246524
-9.812252231670737 -13.396694473899887
-10.121065529996887 -14.347817150938408
-9.941783736981547 -15.331614914044833
-8.964966703895344 -15.545690797489623
-9.92572602873085 -15.823074141873573
-9.247771194968879 -15.087970582244878
-8.278354739727895 -15.333392130418643
-9.187691527808077 -15.749452950304413
-9.44713536558116 -14.783694753320523
-8.696224810031532 -15.444098673330203
-8.972999055060901 -14.483163702955816
-9.319404249222428 -13.54507871668969
-10.186330267283168 -13.046641880962888
-9.810071458924766 -13.97315648372569
-10.492148821162546 -13.241876460805091
-11.404323350173357 -12.832074522517939
-10.962568118739048 -11.93493890540065
-11.343752664388083 -12.859437873576567
-12.171018749143093 -13.421248184103275
-13.157976077196103 -13.582230271934376
-12.597751422714994 -14.410570984752189
-13.204126077512747 -13.61539189925075
-13.395825429988484 -12.633938202808384
-12.69107326316235 -13.343391783639342
-11.738788085647046 -13.038182116877875
-12.592150750902954 -12.51686440036775
-12.500574801247685 -11.521066305649379
-11.738992387372777 -12.169134378367414
-12.001793632891445 -11.204284387252818
-12.391388355785532 -12.125270788831624
-11.764881874216762 -12.904686998922434
-10.881734466483532 -13.373782571502346
-10.32490081264425 -14.204406603150838
-11.031585508874565 -14.911935217493655
-11.031299859249161 -15.911935176695799
-11.994841951985636 -16.179491966041564
-12.468393502488123 -15.298725862574424
-12.616422893589059 -16.28770882469778
-11.762608428151927 -15.767131396633227
-11.979674351901101 -14.790974449853193
-12.833085838279032 -14.269736658707721
-13.702378740487969 -14.764033988428572
-13.066614844480192 -13.992150403596629
-14.00088531309786 -14.348715532947386
-13.294062382192703 -15.05610605051646
-14.200937963036568 -15.477504532797902
-14.524958864075266 -14.531454610388904
-13.55986978702684 -14.26953272630547
-13.759412686519239 -13.289643634998619
-13.08799593425936 -12.548563649582201
-14.02605666414936 -12.895034524315191
-14.766808524340115 -12.22325577976909
-13.802427376460106 -11.958739236593368
-13.002355045680012 -11.358835689745954
-12.033493425026164 -11.606438516918821
-11.873017368097848 -12.593478250238984
-11.533619878731496 -13.534121298484076
-12.206885683059422 -12.794720759721308
-12.666100318147171 -13.683046104919352
-13.646709218853275 -13.879021062135745
-14.59240932231205 -13.553980581090599
-13.785299303560373 -12.96357951602494
-14.44813106177139 -12.214811153774708
-13.748785574097775 -12.929594959460422
-14.739875408471349 -13.062790080247044
-13.84232650007557 -13.503704989314027
-14.080209223327007 -14.474998873768408
-14.774434227114837 -13.75524082823103
-14.41998133887375 -12.820166954134681
-15.24626355039386 -13.383423296243173
-15.23547672905773 -14.38336511679348
-14.39143714368636 -13.847084240455224
-15.153981868069883 -14.494019742120466
-15.27412947552375 -13.501263703396393
-15.657111179176551 -14.425019631478698
-16.238798729857525 -15.238431945980249
-16.052890639059004 -14.255864807421439
-16.70938942450122 -15.010191888144977
-17.35861145967821 -14.249592947151337
-17.912815205196654 -15.081973994781166
-18.78562795505413 -14.593918768719373
-17.949093296609554 -14.046004756103327
-17.182259226487833 -13.404159362803231
-16.621712732820328 -14.232282317706103
-17.22114317972694 -15.032709165907324
-16.578692303019753 -15.799036035472895
-17.55595140612523 -16.01108472185759
-17.606068764278106 -15.012341386254404
-18.064759583003774 -14.123745452875921
-19.025117137411293 -14.402516627304713
-19.97419006387806 -14.08746015578285
-20.1711707656974 -15.06786752168274
-20.108035564502295 -14.06986253854385
-21.107023066935433 -14.11485109244819
-21.930688692703207 -13.547775315387852
-22.91606282638736 -13.377370454347439
-23.38327111997188 -14.261517733032298
-23.967321019852402 -13.449799977621248
-24.522881062524036 -14.281276398806295
-25.150505529969887 -13.502760163995928
-26.141855881685064 -13.371518096981598
-27.12782893204851 -13.204613501607456
-27.92593629185487 -12.602098238545253
-27.484806246381652 -11.704655046481935
-27.297896252009416 -12.687032089171641
-26.55820932903352 -13.359983243400869
-26.69075081316126 -12.368805784524197
-26.843909243418203 -13.357007431578698
-27.145464633880458 -12.403558771983878
-26.288668941060035 -12.919214801488401
-26.006604538297115 -13.878610274009509
-26.763900371065294 -13.225538285885724
-25.774530312435203 -13.08011859297486
-26.4375175972448 -12.331487936255005
-25.437857407683623 -12.305420611756372
-25.18733280945956 -11.337310377493418
-25.878794444358135 -10.61489719415345
-24.896808241717945 -10.803849827964944
-24.403785068963128 -11.673866006623005
-25.402314297723127 -11.728082049561998
-26.312138639063203 -11.313088473822452
-25.533665807174778 -11.940766775193158
-25.31363645218782 -12.916260026294374
-26.032627937557102 -12.221241145999405
-26.99376014489798 -12.497329682545296
-26.8154397656519 -13.48130216302711
-25.857435579682782 -13.194547948296709
-26.753102472181588 -13.639273501510743
-26.56345046663798 -14.621124873559124
-25.8040666195829 -15.271767765498954
-26.795174659194394 -15.404827352968105
-26.969311863825325 -14.420105953808259
-26.045194782189707 -14.802215387647923
-26.13175930423831 -15.798461634076233
-26.913497020318637 -16.422068997132122
-25.914015628137065 -16.454270653654486
-24.916222518593134 -16.387871026045172
-25.784624399413214 -15.892009983626888
-24.843952401167872 -16.23132722709841
-24.050277762999038 -15.622984750587383
-23.21825736995364 -16.177729796132255
-23.437768527329315 -15.202119806542362
-23.640317361824305 -16.181391969755797
-24.37224592525986 -15.500010594880345
-25.35025758635762 -15.708560806476493
-24.41403367000268 -15.357156796190585
-25.242951178831316 -15.916527660248887
-26.218193388470375 -16.137667056418646
-25.219053192373824 -16.09620781686768
-24.499547545368582 -16.790694407038842
-25.408978089087608 -17.206550254840597
-24.453290333825183 -17.500932513887353
-23.92369733043025 -18.34918439319864
-23.33072416590589 -17.543962171601418
-23.671227685805967 -18.484205412968066
-24.593956260868474 -18.098755057198204
-24.1200407349757 -18.97932536916527
-25.109175856294357 -19.126334592596745
-26.096284400337478 -18.966282344011884
-25.841179094161486 -19.933195619730473
-26.83186718206642 -20.069346684666684
-27.217549352410213 -20.991978389887624
-27.39540259851177 -20.00792136773335
-26.68247370142896 -20.709157695731474
-26.388144710782672 -19.753453533730944
-25.730313526929855 -20.506618942888057
-26.05447908248867 -21.452619308949956
-26.52326646833745 -20.569308272638814
-26.90191436420862 -21.494849071821832
-26.02161014154907 -21.020439464448874
-25.022016561676484 -20.991932007924156
-25.070172658771963 -21.9907718300741
-25.755268402532923 -22.719224863481617
-25.351710376474333 -23.63417891675626
-24.571397715815767 -24.259568516618575
-24.559811009814286 -25.2595013884875
-25.540523637697284 -25.45495660461341
-26.320676465937428 -24.829367630454733
-26.752293609282045 -23.927310735591092
-27.70443414561382 -23.62165014101954
-28.693230162817017 -23.770923167260385
-29.62753021706139 -24.12741076681885
-29.42680514839476 -25.107058380406908
-29.552644120878227 -26.099109061070102
-29.8817144977995 -25.15480366183059
-30.132309347438788 -24.186711609733138
-31.065726779993476 -24.545503884737794
-30.34382622771851 -23.853507069264563
-31.251544431364746 -24.273087410521452
-31.065096445725306 -23.290622577231733
-30.218267218252322 -23.82248746561741
-29.22984050174387 -23.67078833545406
-28.634691641018424 -24.47440381164725
-28.861948319488206 -25.448238706324414
-29.570563790385066 -26.15383357195598
-28.605085408682715 -26.414316766165143
-27.761945105581333 -25.876623145888587
-26.76313652144701 -25.92542286166221
-27.717520083916785 -25.626839513687976
-28.31131792468669 -26.43145378419093
-29.131332311621964 -27.00379669296081
-29.565789923738095 -26.10310441294818
-30.268556462781866 -26.814524957774122
-31.200626056380468 -27.176804232214348
-31.355558491559872 -26.18887916393772
-30.599763241212017 -26.843687181261593
-30.956939977259456 -25.90965036227291
-31.28910437261928 -24.966428853583015
-30.371514377040107 -25.363956965812847
-30.80592422950508 -24.46324165003246
-29.970961752205742 -23.912934770644103
-29.248665777857997 -23.221350700959846
-29.410405796822648 -24.20818410446082
-30.385215530730157 -23.98514602995521
-30.848526429183075 -23.09895022124545
-31.800914485524913 -23.40383870928233
-31.60764575950344 -24.384984569764875
-30.616273913472774 -24.253904964571127
-30.422716257350626 -25.234993866636838
-29.763524437701495 -24.483019036667333
-30.728417724440394 -24.22037679862058
-31.54755346666151 -23.646777081207937
-32.52929055275453 -23.456534357852806
-33.44869735570317 -23.063226424177717
-34.11448332593464 -22.31708364840157
-33.141978471708896 -22.54996625511009
-33.45374625374953 -21.599807926155663
-32.470556357000696 -21.782393870113623
-33.40321908775208 -22.14314341019285
-33.413609080729145 -21.143197387626664
-34.10716441883231 -21.8636007419974
-33.379931500235834 -21.177209977119517
-33.8211632814337 -22.0746031547518
-34.39487798757754 -22.893658364096254
-33.973624101431454 -21.98671560768501
-34.21664408541152 -22.95673688960945
-34.17672884329895 -23.955939958783627
-34.331973808771544 -22.968063954066732
-35.10428956649936 -23.60330278345715
-36.09940744763229 -23.701996261709294
-36.869257007893175 -24.340221656508117
-37.85455576858045 -24.511061792858225
-37.99270864838426 -23.52065087722678
-38.524264719396484 -24.367673983977742
-37.85343213715412 -23.626065160808782
-38.774001314933905 -23.235485605632306
-37.82182648191498 -22.929931866716572
-37.42289220131668 -22.012952346899738
-37.325448663662186 -21.017711292195212
-36.48774830158127 -20.471581176408232
-35.52670539154685 -20.195181963181113
-36.52215419294809 -20.099884094428308
-35.81786284643504 -19.389973044206638
-34.95293411946272 -18.888078336864517
-34.4009931759327 -19.721961539030858
-34.17314645518231 -18.748264526689084
-34.38926329034847 -19.72463203616375
-33.75732287048664 -18.949615064901277
-32.85879584507124 -18.51069686682998
-32.0320415659116 -17.948133659811234
-31.037089990103468 -17.847777485128674
-32.02613199707525 -17.70014311092934
-32.47295619496181 -18.594764894803973
-31.86988859451445 -17.79707481131875
-30.88071107964402 -17.650351111546847
-31.845499789385094 -17.91337724248473
-31.515309685547283 -18.857291695879518
-31.4177552532516 -17.862061505049542
-30.43853055415745 -18.064839681103997
-29.444739750903477 -17.953574954582862
-30.28603249795962 -18.49415474864728
-30.488208676128302 -19.473503916707937
-29.49749625485201 -19.609477805116214
-28.937635187897843 -20.438064303744415
-29.06617700823206 -19.446360214600297
-29.067514571967656 -18.44636110913907
-28.223780398672833 -17.90959985419
-28.247429331245023 -16.909879529304987
-27.47926323813475 -17.550130146950686
-28.00488989075246 -16.699414787939283
-27.95320304401356 -17.698078129548552
-27.22890341414041 -18.387563478316473
-28.20759152104405 -18.1822111240437
-28.029170800347448 -19.166165414865233
-27.115347940080184 -19.572278428757865
-27.031717608971118 -18.575781580936162
-26.914092469800018 -19.568839649044456
-27.42043913498345 -18.70650963410956
-27.999343308099803 -17.891114050145262
-28.799942235656232 -18.490314648605825
-29.319233344849337 -17.635717232325508
-28.410628373025197 -18.0533737959953
-29.172587686774108 -17.40574890132919
-29.487973929752947 -16.456785510180882
-28.517775290536143 -16.69909646837688
-28.302105542172313 -17.67556283218092
-27.99888354392813 -18.628482776237504
-27.007858370730844 -18.494807400459873
-27.995991409130273 -18.341206949863153
-28.968576207768038 -18.573755459767504
-29.875700702210807 -18.994617850082854
-29.476069900237505 -19.911294031792718
-30.31552853676194 -20.454717621237027
-31.308961012470554 -20.3402977094758
-30.329493893688795 -20.541901685689954
-30.04114656240519 -21.499427568651676
-29.04858285962049 -21.621153884271298
-28.372298600009685 -20.88451313044168
-29.371702906531986 -20.8500017974527
-29.26824466612502 -19.85536799926771
-30.234269228611762 -20.113818274315552
-30.48318635607851 -21.082343061635786
-30.28782933113142 -20.101610869442716
-29.47320445782928 -20.681599072596427
-30.120231549986613 -21.44406608303978
-29.123372446914342 -21.523261591889383
-29.183031400033368 -20.525042773537045
-30.104894257895754 -20.137526488338867
-29.276262017077503 -19.57773312514444
-29.56110800896835 -18.61915983065741
-29.01707480219011 -19.458223517109506
-29.55009818602569 -20.30432402667351
-28.603105131980584 -20.625578062586406
-27.611487869424696 -20.75478798713234
-26.703960720779033 -20.334794565194482
-25.79226006780991 -20.745649672714972
-25.05062879623287 -20.074841908136307
-25.485460689302403 -19.17433026203196
-24.890497743418624 -19.97808339143507
-24.11409627705658 -19.347844735820498
-23.726042426337255 -18.426208034651374
-23.61723833752658 -19.42027124705694
-23.60600031204424 -18.420334395659186
-22.62630280270233 -18.620815791776767
-21.644480518940014 -18.43101325462895
-21.579777624467795 -19.428917826943817
-21.19540111889612 -20.352094246684114
-21.91593669211898 -19.65867627192401
-22.404343894624617 -18.78606043173967
-21.411539657246568 -18.666311752230502
-20.648862291388273 -18.019532627948145
-21.43783321601848 -18.633963161115368
-20.52519517870391 -19.042731815547935
-21.245457420445696 -18.349029932084225
-21.66141385203592 -17.439645389099944
-20.72497125373034 -17.79046622667761
-19.860217772512996 -17.28826963497026
-18.90324698425151 -16.99808536521363
-17.90987895781031 -16.883107262757907
-18.870908816608523 -16.606662674280777
-19.795820331735236 -16.226480232305864
-20.67599793593593 -16.7011247151175
-21.21015426819664 -15.855738996817395
-22.010748078830083 -15.256531561637038
-21.46479278003586 -16.094345867863968
-20.466980922026554 -16.028228578022244
-21.127847748905424 -15.277725388734515
-20.134630632128438 -15.161450890493436
-21.065514374158653 -15.526766451103468
-21.889471893860797 -16.093418024582522
-20.897079499622848 -15.970302892049302
-20.909705578461185 -16.970223179938877
-19.93761776265106 -16.735605878033205
-19.259275308800213 -17.470351762882935
-19.863239956192544 -16.673340655871083
-19.93257182735531 -15.675747005309358
-19.828724336012325 -14.681153772604766
-19.02961251425204 -14.079971357423682
-18.90613264809785 -15.072318435141224
-17.971423120801905 -14.716905858573941
-18.96790936593992 -14.63314928718555
-18.329168270689586 -15.402571026700624
-17.40007865320346 -15.032716348915569
-16.61038662961575 -15.64621981906219
-16.461394209623688 -14.65738148101855
-17.257789378277092 -14.05260488148322
-17.14482824697557 -15.046204289099327
-16.67427749486695 -14.163831357913192
-15.854722509057293 -14.736831903492805
-15.974896515526838 -13.744079060047339
-16.527781786195966 -12.910821670354858
-15.719478567785998 -12.322055242042163
-16.665847945777184 -12.64514191833906
-16.64628825364547 -11.645333227416787
-17.361157282047134 -12.344591600432128
-18.251345621039945 -12.800184314510417
-17.397749376770363 -12.2792491441016
-16.456683057217695 -12.617471234160185
-16.38962699847191 -11.619722024696463
-17.15833430221852 -12.259322744807548
-17.27409734744294 -13.252599603171
-16.88235217211256 -12.332525846559406
-15.909107556764031 -12.5622972953843
-16.834577066420376 -12.183475191097278
-17.332117495823912 -11.316034402853525
-16.368781816599025 -11.58433343217031
-15.403897527073863 -11.321658142454046
-14.884108460176565 -10.46736350596495
-14.232038048645265 -11.225521918439153
-15.122655247791505 -10.770768133864568
-14.130711046757126 -10.89744371175655
-13.155582903842244 -10.675801872530798
-13.134496067086756 -11.675579520468402
-13.473374885468896 -10.734749489882683
-12.539350935656735 -11.091959877717766
-11.802269300525284 -10.416156161279371
-12.780489952415232 -10.208588446506564
-12.129967354381348 -10.968075345305513
-13.127292388983792 -11.041169636158042
-12.424751251667445 -11.752812770304823
-13.327585376337895 -11.322823766572704
-14.212893963481022 -11.787827750997181
-15.172180171281997 -12.070263534004265
-15.287021887012493 -13.063647337137816
-14.32422020214644 -12.793438315047343
-14.835230225836307 -11.933863562225646
-14.390353540381723 -11.038271727325984
-14.737914533816339 -10.10061435075246
-15.059969127172485 -11.047335449544606
-14.627042517716127 -10.145906278270111
-15.552043183554597 -10.525871761174002
-15.269198392069544 -9.566706069580638
-16.17795920936362 -9.149388711984528
-15.946420534160493 -10.122214411627162
-16.534295223412954 -9.31326240456103
-17.50609710109654 -9.077463527272233
-17.85543948235652 -10.014458671686336
-16.861286090626535 -10.122435677163299
-16.40872025604091 -9.230704683328378
-16.627458911112843 -10.206488163808203
-16.48991687199385 -11.19698409387303
-17.00187923192185 -10.33797621147791
-16.05958030338894 -10.672748864610941
-16.014732396563687 -9.673755038176868
-15.353577664890361 -8.923505465843787
-15.951237771225975 -8.121755880689605
-16.889367844522976 -8.468038952143813
-16.93277333423841 -7.468981414530206
-16.85849139306783 -8.466218694828095
-17.490784784134704 -7.691489666319964
-17.95343117273024 -8.578032569466512
-18.7738544248563 -9.149789237438911
-19.583853930642444 -8.563358678356082
-18.85903655428742 -7.8744176279505895
-18.25875652212814 -8.67420752723093
-17.4155487626151 -8.136619697851398
-18.404775120534197 -7.990225665192564
-18.67958874867514 -7.028728151005444
-17.859680833969545 -6.456232726217505
-17.51357090571785 -7.394426692071904
-18.488248203013523 -7.170810578751777
-18.923498288584128 -6.270500985883422
-19.865856621089883 -6.605106385058286
-19.352236665025252 -7.463124182503167
-19.86376388792022 -8.322391254045746
-20.782337462084904 -8.71764128737442
-20.355276693167706 -7.813418361513849
-21.354825508575168 -7.843454433453145
-20.377690325380584 -8.056073420759745
-20.381631672805277 -9.05606565361982
-21.013181137118682 -8.280730065551369
-21.955063276498915 -7.944786565068753
-20.962795998002356 -8.068906055983875
-21.95710245519508 -8.17546434606425
-21.35432756898294 -8.9733756422319
-21.422608330393647 -9.971041787603776
-22.421735293004446 -9.929264849179292
-22.575162615481 -8.941104914392582
-23.392872170603326 -9.516735945055148
-23.078778707608063 -8.56734387825469
-22.48770346242703 -9.373960301676743
-23.25212652490351 -8.72924534019835
-23.839942660285303 -7.920250784601828
-24.796297746328886 -7.628043752861371
-23.851817756832 -7.299474811176433
-24.270466554805697 -6.391326594223288
-25.246815340387496 -6.607528002389255
-25.544429119693373 -5.6528416463710744
-26.503745674598953 -5.370508957006048
-25.820770005721286 -4.6400678329439495
-26.134694445236885 -3.690619863714031
-25.60920933995459 -4.541422663501652
-25.738686785062963 -5.533005030835907
-26.408552987230504 -6.275486863067266
-27.408551763190587 -6.273922229456075
-27.68528822834303 -5.312976378299554
-28.68175018290443 -5.22893131234281
-28.395156578898167 -6.186983558383025
-27.459143839347472 -6.538949680898821
-26.472451244178593 -6.701546490950266
-25.47941009152545 -6.819314352174456
-25.859404678263083 -5.894325641946002
-26.343686167536276 -5.01941339540505
-27.28415170719232 -4.6795243418604135
-26.576956603585163 -5.386542789592907
-26.616745936202392 -4.387334698647945
-27.405390449880436 -5.002184136352432
-28.33629773143789 -5.367439708716913
-28.19133612061214 -4.378002428548633
-28.118600223896323 -5.375353665239572
-27.897258720447027 -4.400157306114496
-28.896973953218648 -4.376294084111045
-28.443395052167396 -3.485077959637784
-27.444572746232335 -3.436559909732977
-26.582045035810747 -2.9305500790430052
-26.02456071515483 -2.1003626109234177
-26.45596742900148 -1.1982050596896898
-27.455871129371182 -1.1843273802377268
-26.45607279461621 -1.1642453031244164
-25.713772690859066 -1.8343128787928187
-25.2181146347265 -2.702830634161635
-25.82049390345167 -1.9046206263252705
-24.82305803406668 -1.8330546674886357
-25.823007068520585 -1.843150631766673
-26.53282505768917 -1.1387654940382652
-26.42699863741291 -2.1331501121672427
-26.470775510790123 -3.1321914453248434
-27.403627622705592 -3.4924509868984868
-27.34949063249642 -4.4909845047591
-28.347155427285287 -4.559284996989304
-29.290872836855215 -4.228532142315873
-28.56603476626404 -4.917451420186411
-28.808209691392193 -3.947218816302593
-28.212083085004036 -4.7501092628494055
-27.669609748453695 -3.9100362427303557
-28.302184321934046 -4.6845356997903025
-27.343771547255063 -4.9699213219441445
-27.58638240642751 -3.9997976334324132
-26.612586224984895 -3.772375125734115
-25.668453610994437 -4.10194091157898
-24.92024694605579 -3.4384751727940825
-24.649428855250818 -4.401105715470114
-24.320309375324022 -3.456817429016916
