0 0
0.4168472299234736 -0.9089765601516503
0.2222946433316064 -1.889868649553137
0.03658236131690573 -2.8724728161985325
0.7444901523879167 -2.1661679533093112
-0.25443537344161216 -2.2125122501126864
-0.4655583581783121 -1.2350527443960213
0.4020723832255761 -0.7378436369060847
-0.5230362022561117 -1.1175462903970375
-0.17655702323039169 -0.17948862772290153
-1.176460955837705 -0.1656276913754016
-2.122292601479945 0.15902981755006948
-3.1189072366697186 0.07681504439126306
-2.2446796063139867 0.5623313163354707
-1.757090754480085 -0.31074205490391005
-2.748797151443567 -0.18221804072092537
-3.3585109868637497 0.61040358331996
-4.0063696938994875 1.3721641071842403
-3.886184340832691 2.364915577043746
-4.706702546020137 1.7932951829394301
-5.378252388423337 1.0523357986488762
-6.378248322304573 1.049484093721249
-7.168878883444274 1.6617775820027454
-6.3358841024615815 2.2150584282784838
-5.338598411779042 2.141429282148361
-6.249223426139678 2.554662972958648
-5.2517076189013 2.625105959192674
-5.471758587843822 3.600594334862757
-5.562573202743927 2.604726519477329
-5.6445136290251 1.608089290320772
-4.882881449182487 2.2560988756111358
-4.385311664021906 1.3886749256908832
-4.257079500590089 0.3969307488682533
-4.988654816340624 -0.2848298816939011
-5.919279544894199 0.08114500078382403
-5.956568147845611 -0.9181595374275923
-5.78126326742419 -1.9026737317896805
-4.8210434844314065 -1.6234283766818622
-4.632122192087758 -0.6414361438718437
-3.668256362568759 -0.37504796341773294
-3.9429495664153476 -1.3365798889202076
-3.0343558637062085 -0.9188988103479356
-4.0341991604934355 -0.9366014053455134
-3.0927877022495087 -1.2738616406046432
-4.031490777060294 -1.6185883981108986
-3.0510488727325753 -1.4217796781866128
-2.0538842925132883 -1.3465281004218013
-1.170899351576189 -0.8771267858962586
-0.5552754234262758 -1.6651668731312106
0.24538321741405678 -2.2642876796867095
1.1410023801193876 -1.8194660127290374
0.15539863744066462 -1.6503942456663678
-0.7427615236100255 -2.0900626719848816
-0.292275386435855 -1.197279249079923
-0.9512431149465344 -1.9494504614920143
-1.7803363818263267 -1.3903401371242796
-1.7425705023471145 -2.3896267518385774
-2.314238374501486 -3.2101118790325405
-3.2320680204407037 -3.607086363143409
-4.16411537945023 -3.244749888905213
-3.4982193189231214 -3.990794416111517
-4.012148784237077 -4.848626861687057
-4.928142406193086 -5.249819688811262
-5.261083333654265 -4.306872002658265
-4.440335454157879 -3.7355814300927928
-3.447591045857046 -3.8558250984809
-3.3231289203233123 -4.848049457841032
-3.6218405858818925 -3.893706049596799
-3.0781094670427827 -4.7329655269969475
-3.7332833796098583 -3.9774874371150837
-4.725387023275089 -4.102908169955286
-4.931815052060474 -3.1244463827955724
-5.914275735572212 -3.3109162338537264
-4.925702495707321 -3.4616575666826246
-4.186223702769938 -4.134837419913447
-4.281513121412276 -3.139387809589145
-5.094950065626863 -2.557734701811979
-5.845886344390632 -1.8973600314645893
-6.732628233624114 -1.4350951486553563
-6.929636640419305 -2.4154969477418433
-5.931801713009576 -2.481265159221414
-5.802752641812738 -3.4729033680572945
-5.393764607017722 -2.5603636224053523
-4.809283362327529 -1.748956403676432
-5.735760020620077 -2.1253086344909597
-5.19473371552749 -2.9663143046251523
-4.412483939392701 -2.3433493876859455
-3.4230784791398046 -2.1981707555744894
-2.886773891762804 -1.3541462360500947
-3.603122833931633 -0.6564040250196886
-4.332566638615824 -1.3404447663559425
-5.07986985834833 -2.0049279473149717
-5.192105382749005 -2.9986095799632286
-4.393436928823258 -2.3968382773042727
-3.7758264163509785 -1.6103541675577828
-3.5150069239985053 -2.5757417541824497
-3.7131625841507994 -1.59557119027553
-2.8452349660579848 -2.0922618885493485
-3.5001662504643876 -1.336573452283595
-4.45183108640794 -1.6437119227306103
-3.5332485870584973 -1.2484826324585812
-3.1886162868696433 -0.3097448747932471
-3.5918161983496306 0.6053670480787753
-2.989150403818225 1.403360744859539
-3.988619075173741 1.4359548390920787
-4.394098923440192 0.5218508555924903
-4.9234060413035285 -0.3265794450092788
-5.410373724586509 0.546840542990771
-6.322223616057631 0.9573643247916589
-7.0809087557945665 0.3059068367371073
-7.617920029426903 1.1494819027459213
-6.632446302320335 1.3193098544579076
-7.076220039933539 0.4231709869798772
-6.251010028398141 -0.14165503655457956
-7.239692016272647 0.008371383960323636
-8.238447924493327 0.05823756282219232
-9.03683008028442 -0.543913525621869
-8.114049034238777 -0.15858880404419662
-7.328367464242885 -0.7772199304586298
-6.522805661631101 -0.18470817346738366
-5.990104180326076 0.6615950415893904
-5.214647537956036 0.030194221345875016
-5.457992588519303 1.0001340062636612
-6.229437098922133 1.6364306095622625
-6.913307778179699 2.3660338538339656
-6.040922904228364 1.8772142227828854
-5.221365217999358 1.3042175395961872
-5.404401138051829 0.32111131340771204
-6.369311651236277 0.5836902568630544
-6.6520080620886635 -0.37551917766684995
-5.90740934925057 -1.04303154222638
-6.892943506084838 -1.2125084601620348
-5.903674034124627 -1.358610862084677
-5.645466421628321 -2.3247003138690125
-5.245735489628808 -3.241332836749802
-4.993360224042274 -4.208962272701461
-4.298248278595601 -4.92786378424344
-4.102826215091508 -5.908583018833953
-4.888146201338835 -5.289492945257824
-3.8881689624429514 -5.282745968885778
-3.5392256851573003 -6.219889815494797
-2.5809895862776804 -5.93391153169694
-3.3619637906719815 -5.309348250619123
-3.1604823032613245 -6.288840573320424
-2.1771463148334833 -6.470638081176391
-1.8897681074621748 -5.512820893019876
-2.7295410216652827 -4.969883094951976
-3.7119147806146553 -4.782955842450689
-4.602929137561678 -5.236930969207963
-5.132993023300478 -4.388973259746291
-4.324398854124958 -4.97734004124857
-3.430788567450304 -4.528496354037484
-3.09792301656742 -3.5855220569140505
-2.8091682740122614 -2.6281189554714532
-3.771831990886182 -2.898819099938515
-3.528299826244334 -1.9289262786511028
-3.2808919907341094 -0.9600148467192953
-3.5042142523651307 0.014729821109160102
-4.467194254768183 0.28430265908030616
-5.368616325748052 0.7172440522853962
-5.935550442740223 1.5410071899592706
-4.940865097292709 1.6439686563044913
-4.249114865089617 2.3661054966934643
-3.2533990808596496 2.4585721232962574
-3.5137221909104834 3.424093680991093
-4.135042873059044 4.207650066922858
-5.132609862002228 4.1379356310373865
-4.685977625178657 3.243217996791826
-4.943780536397407 2.2770204709374395
-4.551053114953256 3.196675391244958
-5.325707223840995 2.564290214645014
-5.306396394240233 1.5644766861007506
-4.307407588087154 1.6094362810816387
-4.088471432300323 2.585175467385686
-3.304387037591428 1.964521246442989
-2.31064238146973 2.0761973783135383
-1.6648580128297499 1.3126775362529262
-2.6631916088394383 1.254971114787339
-2.717068328360706 0.2564235199809489
-3.2748801217018086 1.0863909911565264
-3.6934314243802207 0.1781978360258546
-3.385420846107861 -0.7731850961693402
-3.784631680985815 -1.6900442507378304
-3.775614810047566 -2.6900035979307466
-4.735867796985549 -2.9691347518291984
-4.586827304841522 -1.9803036582133746
-5.016480194877364 -1.0773095308327758
-4.6057560185703625 -0.16554988542345206
-5.234106433335415 -0.9434803169304
-4.370403350115403 -0.439479340704912
-3.3772518728126104 -0.5563131677041203
-2.8372817589367414 0.28537102254830504
-2.449623193859141 -0.6364320133123803
-3.4435047710089837 -0.5259810712514763
-3.3703371592160805 0.4713385869246388
-3.6533369696868987 1.430458551930832
-3.754719565873913 0.43561104140955575
-2.773199040588065 0.6269679290373397
-3.668876722119885 0.18226410534590337
-2.7069304127079583 -0.09097443111770376
-3.4041173690483353 0.6259149242983474
-3.1203219329761995 1.5847997716416695
-4.100577812849747 1.7825329503784137
-3.8315349820425175 2.745661163645595
-3.1385354604353872 2.024723119808062
-2.641343785163415 2.892363850779269
-1.949305964488586 3.6142250942018763
-1.7571207099995891 4.595583758481659
-0.7578445825179904 4.557541399914142
-1.2035256129503242 3.6623495662199486
-0.2634016852757265 4.003182370705796
-1.2177846867521778 4.301767511817673
-1.2247664989403073 5.3017431386699325
-2.2247390402406264 5.294332562080895
-1.2333823324304258 5.1631385154182485
-2.2296552796985063 5.076881837173766
-1.2537677017684403 4.858608075026802
-1.782022442185684 4.009522137546554
-1.2800733521230372 3.1446249696790205
-0.2873225719273028 3.0244339200090855
0.06247853271866605 2.0876099305700553
-0.830497458571003 2.5377142284613696
-0.8653897327414238 3.5371053076707133
-0.09707053805138954 2.897038424391429
-1.055127180553824 2.6104595177060927
-2.041238530149713 2.444373978907031
-1.5006778032747938 3.285678977442318
-1.8283764498669857 2.340896676051333
-1.308561672483871 1.486617683441692
-2.3021298754012385 1.3733824144149762
-1.8000788897325428 0.5085443903959745
-2.7441845295044356 0.8381874412114065
-1.747361943529612 0.9178412678016281
-2.201484945139791 1.8087802665038744
-1.724768379613576 0.9297232056978708
-2.676593936891265 0.6230831748587504
-2.9961697108905985 -0.32447754861638756
-3.9959631672645544 -0.3041540501031197
-3.132781065063435 0.2007386696301482
-3.727133033815428 1.0049437039594724
-3.7527738853049444 2.0046149232785506
-3.899267114666734 2.993826596153044
-4.006301341688978 3.9880819326968067
-4.807919720645 3.390245856067167
-4.181471847258184 4.169709172669774
-3.2057946199074383 4.388921280066152
-2.5392694931131343 5.134403845490614
-3.394710250942417 5.652304521146152
-2.6402950486538503 6.308702039846445
-3.6362159719878306 6.398932381005016
-3.0461355810677797 5.591587886844289
-3.1952921403277004 6.580401479403443
-2.635479435827296 7.409020653620371
-3.44196163836691 8.000279020991906
-4.320473438432085 8.477999668594922
-3.548733493031781 9.113937917698982
-2.8407031516549046 8.407755904553827
-3.5732159256455684 7.72700261889117
-4.566311129954683 7.609691429406801
-5.256213075978214 8.33359425774286
-6.2553319249818315 8.375564789853915
-5.3591896579960085 8.81933166257146
-5.684455360310211 9.7649543266918
-6.5489751507613665 9.262355548422006
-5.7978920948046975 8.602147821221854
-6.611686555572915 9.183300620081985
-6.188296679923432 10.08924819759269
-5.2315098291619435 9.798458028897263
-5.685394382139954 8.907397530071313
-6.043063486633974 7.973549142114014
-5.9473500946404245 6.978140207759349
-5.4883508091420445 7.866576843604571
-4.489637231391177 7.917283742701867
-3.5039675973564655 8.085970945956522
-4.464752535227186 7.808676331582648
-4.10083983303182 8.74010939153965
-4.065292821895339 9.739477396830626
-4.96169999076202 10.182708925046322
-5.5683182609058735 9.387715670780803
-5.137924875574216 8.485074250358078
-4.267639829945781 8.977622663567901
-5.201228977172999 8.619277433127259
-4.222764256975984 8.41286330732726
-5.213280999997517 8.550255380584838
-4.224159524703605 8.697356390480747
-4.208646928120794 7.697476718046479
-3.333547856081167 7.213532905072924
-2.604137437466947 7.897609246731535
-2.9415501252056777 8.838966075013417
-2.029431589176168 9.248892624813967
-1.2554529579762386 8.615680907893092
-1.111441343592426 9.605256905440813
-0.12634618506549034 9.433246648052506
-0.0828806847146077 8.434191719492896
0.8048719010345983 7.973870802636407
-0.05564234492798237 8.483297178568643
-0.41168893905832765 9.417765381777388
-1.4079968159811318 9.503617664109163
-2.319201592893868 9.091663959754642
-3.165431028176796 8.558845282472458
-2.3457322877210482 9.13164016277016
-3.3098005801273493 8.865985636031393
-3.9849988979904376 8.128349389935218
-3.0061812256071523 8.333083276310111
-2.9990371186085647 9.333057756852085
-3.7866118039860224 9.949276966997791
-4.785956330646988 9.98547803097072
-3.7872991832865477 10.037284420788078
-4.787031191128667 10.06043420471717
-5.535036808956787 9.39674180932788
-4.946304473315668 8.588413758985352
-3.9702596687697502 8.370844139049753
-4.920726702425403 8.681669520789763
-5.610969693695967 7.958091872570952
-6.08907073131523 7.079787029235003
-6.871458424533498 7.7025787259527725
-7.834559581231992 7.971718395949641
-7.278641420781666 7.140481366648416
-7.034368613609341 8.110187917970078
-8.010943653544256 7.895010801677198
-8.537570037499567 8.745107650113983
-9.308481666370263 8.108165533064144
-8.450941375577134 8.622582338452961
-7.678648440438517 7.987315762647985
-6.688707010280138 7.84583797338061
-5.73228409619046 8.137822920602568
-6.460743502119444 7.452733952720591
-6.24992165849506 6.475209451620584
-7.143105148119806 6.924901850780012
-6.147764291714653 6.8284830789009945
-5.763344160842622 7.751641333470779
-4.810298832106185 7.448813657434296
-5.260191796982507 6.55573117515464
-5.300400488015598 5.556539871566881
-5.141823468808798 4.569193261211892
-5.981949130408175 4.026801453823351
-6.523508311189109 4.8674640815830745
-5.525570754509539 4.9316562381788005
-6.168390954613353 4.165639142848355
-5.552925628326428 4.953803105573453
-4.576905954331701 4.736120777454641
-5.533031572576086 4.443163780376928
-4.966841540222452 3.61888904021841
-5.852827566245923 3.1551771019516246
-6.79152401748461 3.499921895142028
-5.825009063603847 3.2433115993141604
-6.416988958084728 2.4373588683612804
-5.779464499935566 1.6669287513087232
-6.330687891968105 2.501286451624446
-5.568636849748712 3.1488034081995906
-5.986483222722988 2.2402857096420767
-6.36961563678823 1.3165922792808231
-7.210407883470803 0.7752343589374792
-8.005809075376757 0.16915107760182968
-7.149866080026094 0.6862212746835563
-8.048506865597735 0.24753603615006903
-8.02766550571009 1.2473188314201384
-7.31537926625575 1.9492079345439826
-6.340362158040649 1.7270781556131467
-5.526777624559048 2.3085248056847814
-4.597763085155499 1.9384815844567593
-5.596676891862496 1.8918853746308946
-5.075971300138928 1.0381490647858649
-4.0776744148696835 0.9798110080670793
-4.011534141225901 1.9776213428513638
-3.6170632370380926 2.8965297744968965
-3.0466659169256967 3.717898691128514
-2.151175079306356 3.2728187435462717
-2.2110362965889547 2.2746120341591602
-3.13888733274406 2.6475630426118766
-2.3433719668508086 3.253496456963426
-1.4727577229935163 3.745462754988804
-1.273803539546685 4.725471547239672
-1.3099276996703495 5.724818856764924
-2.284988161590358 5.946758252998085
-1.3852143021632548 5.510401745206972
-1.6843338182854986 6.464617399592706
-1.3543205409609345 5.520641109218048
-0.8940985304043025 4.632837245180945
-0.311019779137355 5.445252883768101
-1.3045453664663844 5.3316443131296705
-2.1528197692699034 5.861201238821643
-3.1521931232585665 5.896597556955736
-2.2269850424535225 6.276057709294617
-3.000258347653062 6.910130572194284
-2.6875706710117133 7.859986570162731
-2.875306429066726 6.8777669994212856
-3.8619064859541723 7.040924370537909
-3.201616461102024 7.791935078238372
-4.051108345268474 8.319536763921173
-3.5477857557522245 7.455438175285214
-3.983405386882965 6.555307330922286
-4.796889241649641 7.136894829097711
-4.538476149233901 6.170860319533931
-4.776599889826484 5.1996254951139065
-3.803228687692508 4.970390892891077
-3.1628624365620843 5.738460593122226
-4.161814742547477 5.6926971757840805
-3.8564838117596856 4.740450872192273
-4.6503611009487065 4.13237287578894
-4.473513849722237 3.1481345663670592
-4.766151248498928 4.1043580511430875
-5.612055261156722 3.571022883195724
-6.360380713472037 4.234354638365849
-7.279733324367975 3.8409200480731016
-7.753167391201142 2.9600907885898526
-6.900369463641125 2.437849757312781
-5.940015520165762 2.716633370983526
-5.158657951824805 2.0925497624851883
-6.10918542300672 1.7819092523637416
-5.113175943565846 1.8711567557681446
-5.693743563229385 2.685368791418694
-4.801767796487041 2.233285578343484
-3.879484887743378 2.6198010841635333
-4.8787575964671355 2.5816690294079336
-4.756027952091599 1.5892288879427396
-4.934711355854265 2.573135510148215
-5.173310981821841 1.6020174851439761
-6.082426243488522 2.0185621298157344
-5.089358612759149 1.9010177518236295
-4.173395810561077 2.3022809385096954
-3.253222956628323 2.6937932868274084
-4.023045930871148 2.0555358244128037
-3.862107668066936 1.0685713490817195
-4.584193492313682 1.7603748344891703
-4.995628023771636 0.8489355187231816
-5.933928247763449 1.1947572786760727
-5.437142467203749 0.326884080430102
-5.654152563852378 1.3030534396872713
-6.601258008845074 1.6239759787293075
-6.055554010464108 2.4619539892707696
-7.027850131539887 2.6957065356547463
-6.973634196359711 1.6971773010438918
-6.199203428826285 1.0645186361244992
-7.097535332099496 1.5038360516244214
-6.446809284345925 2.2631486425742997
-5.773912576646754 3.002885096162749
-5.74941166830539 4.002584903850261
-6.222254544565535 3.1214381428790636
-5.875224708702382 2.1835840534702724
-5.135217742976924 2.8561832585529134
-5.9194684617958 2.2357392159253155
-6.9105043762865055 2.102143496721549
-6.436367565389854 1.2216923143424503
-5.799812832936904 1.992923844164561
-6.523806259671419 1.3031169740587218
-7.321540414174776 1.9061262764237972
-6.323901460554778 1.8374493645829582
-7.3200448118778585 1.9251900257089267
-6.498242032833804 2.4949620786875446
-5.502467929368485 2.5867985358700767
-5.125522664752588 3.5130340715107966
-4.406898407839435 4.208432645981595
-4.821841532043172 3.2985852941274265
-4.919195105362222 4.293835153088488
-5.6294238396964635 3.5898641700742857
-5.936476750016246 2.6381717248672474
-6.9285665512909915 2.763701905328506
-7.068590273709729 3.753850054425398
-7.580878658670662 4.61266354444178
-8.496346586166755 4.210272598064989
-9.467415384034023 4.449072492974136
-9.131110467576677 3.507319338922281
-8.768267938377903 2.5754688686188976
-7.906984154536664 2.067344628209018
-7.230440789146882 1.3309418343882258
-7.069933316904802 0.3439072091827784
-7.886642169351771 -0.23314274561728476
-7.124036411208758 -0.880006299736019
-7.898210367291288 -0.24703340480012592
-7.5348145061156115 -1.1786682302979647
-8.531574740648951 -1.2590985408347408
-9.484467069982013 -1.5624073087564934
-9.870425574200402 -0.6398911663386466
-10.349592245426557 0.23783276587811042
-11.299473038615675 -0.07477957989603379
-11.56076204997528 -1.040040193690423
-12.187841249015445 -1.8189956982804758
-11.192426957632994 -1.7233380351709697
-10.446759695858304 -1.0570195417179997
-10.231326664191897 -0.0805009249640638
-10.290861005295756 0.9177253330703206
-11.134813400395494 0.3813072546972879
-10.248875077525232 0.8451103250513204
-9.306528044392573 0.5104731048469997
-8.924406817594004 1.4345853101716322
-9.323440776803194 0.5176491622322905
-10.053060276778577 -0.16620417383888242
-10.93923049960496 -0.6295640082827396
-10.187698923267519 0.030133111437939064
-10.984126046689502 0.6348676292867095
-10.571267602087687 -0.27592757531252965
-9.726526616944424 -0.8111029372446624
-10.10838846228827 0.11311647992346474
-10.472543062312855 1.0444549937201044
-9.727416332898136 0.3775320917953586
-9.393210253984773 1.3200321166321514
-8.39421463939683 1.364840174323383
-7.821763983966736 0.5449010015199027
-6.821898793083513 0.5613205039500847
-7.606853176994381 1.1808740651367742
-8.092009933147134 2.055301261625617
-7.459692477716997 1.2805918738172877
-7.0051710023241975 0.3898560945837638
-6.636867983644486 1.3195619009716837
-7.616910747728224 1.1207751293617316
-8.608771738267167 0.9934496588261492
-7.615839186160656 0.8747696395842793
-7.469366991953218 1.863984427344783
-8.136739546193565 1.1192604020530548
-8.21540250364427 2.116161670547136
-7.687298115632906 1.2669822105016504
-7.394561722113861 0.31078902713886225
-8.15715904146985 0.9576625298509925
-7.702032238276913 0.06723589445907119
-7.691522531700466 -0.9327088770496742
-8.661289353478567 -1.1767422997163215
-9.124072506118683 -0.29027078092258385
-8.186516573434089 -0.6381053293618104
-9.067753304680183 -0.16543015177925652
-10.003529971863461 0.18716313964211445
-9.47694896453207 -0.6629618174776359
-9.104242500077211 0.26498747604737083
-9.768891755963425 -0.4821680409970409
-9.735101909760756 -1.4815970011005593
-10.151505975847181 -2.3907766608745185
-9.159143083611378 -2.267423954729122
-10.134682573722449 -2.4872482100646796
-10.853579068655357 -3.1823653437717825
-11.387011400805685 -4.028208087440286
-10.406816977512449 -4.2262456913059125
-9.87564730366039 -5.073511161852127
-10.79456810239537 -4.679069067683331
-10.193111495542725 -5.477974537731761
-10.564976126692857 -4.549687569117219
-11.417370915439358 -5.072586339547793
-12.363739997143725 -5.395673883711962
-13.302497159785556 -5.051094444991862
-12.642457433766351 -5.802325141966161
-12.486161449595642 -6.790035405825006
-11.546886777721646 -6.446869133041682
-12.38014112911226 -5.893979283353152
-11.85152352258724 -6.7428393578482115
-12.09678158580048 -7.712297186961417
-13.096697976780737 -7.6993661758246414
-12.875476552131701 -6.724142570041716
-13.7228144172305 -7.255196750300009
-12.795531651247755 -7.6295584362554365
-11.828811389795158 -7.885394196259825
-10.828857884636818 -7.895037200021727
-9.91938528545574 -8.310801064900353
-10.850422678674224 -8.675724854792064
-11.826780716191797 -8.891884477697998
-10.985696105230026 -9.432788052471993
-10.808541400967812 -8.448605035570276
-11.552390002874173 -9.11695319143064
-10.55266925824174 -9.093322009666375
-9.699308423097172 -9.614642721936052
-8.718199575177007 -9.808099250729391
-8.370922287034896 -8.870336762067865
-8.87100238114443 -8.004357605577711
-9.870975163041393 -8.011735644968269
-8.909165403207409 -8.285454453032477
-8.103606764801718 -7.69293839410245
-8.90889038281299 -7.100048611290606
-9.796411941196531 -7.560814802980544
-10.766441175797551 -7.317826564542223
-11.459644997405317 -6.59708495917426
-10.584292710387434 -7.080570609026003
-11.085469832198454 -7.945915333730107
-10.243218810599494 -8.4850008711131
-10.366122301047575 -7.492582243700414
-10.054945038609256 -8.442934131866789
-9.474467899568136 -9.257210676445249
-9.43682759721173 -8.257919323716468
-8.55001367380954 -8.720046000353962
-9.406480328924676 -9.236248352804909
-10.146803560042468 -8.563997273618483
-10.840228254722843 -7.843468167469796
-9.929081298305764 -7.43138659324948
-9.805936191039164 -6.438997918104354
-9.834165593641888 -5.4393964471026885
-10.101356314066063 -4.4757527790805245
-10.61701822528699 -5.332544932006764
-10.659829766010658 -4.3334617663089
-9.701165792017163 -4.618002422396919
-10.417338909589946 -3.920079743537662
-9.590964594577168 -3.356958538567397
-9.298661294696945 -2.4006328718203767
-9.955072029734904 -1.6462291689351596
-8.9598932448607 -1.548151719252251
-9.93315584043894 -1.7778469957563734
-10.78143222068836 -2.3074007538498664
-11.746223827135838 -2.044385248359228
-12.316212540765688 -2.866037770009705
-11.474497834849888 -2.326115225708137
-11.033013415936779 -3.2233841418402815
-10.553636894450891 -2.345774803553541
-10.43185804679768 -1.3532175446186945
-10.249170769093729 -2.3363886175073953
-9.87140691782289 -3.262290595404097
-8.911993050841177 -2.9802887659008164
-8.04842623435913 -3.484523189032621
-7.194544030232041 -4.004989500598572
-7.2372912058060415 -3.0059035788778994
-8.182254631528458 -3.3330795621758087
-7.213398134066792 -3.085456688986936
-6.460971308663732 -3.744132536740497
-6.932139776782901 -4.626175775278288
-6.771014945347041 -3.639241740656538
-6.6735712367822515 -2.6440007026857657
-6.647305617343591 -3.6436557017907085
-5.767634316618773 -3.1680735294155165
-6.720453966429307 -2.8645365218943075
-5.974748954641954 -2.1982602763360384
-5.845087322933349 -1.2067019768585632
-4.850168650028991 -1.3073838238133657
-5.814889419756648 -1.570659034298661
-6.442798180295086 -0.79237207665445
-7.007855565072804 0.0326795289485976
-7.337443513731787 -0.9114453484372086
-6.339146704895102 -0.8531059837981425
-5.793889579440116 -1.6913748351463038
-5.126371251894034 -2.4359682022871083
-6.122968067991094 -2.3535377094752654
-5.259223462313034 -1.8496078967413374
-4.34764369668158 -1.43848464163248
-5.3386614797900265 -1.3047544895992933
-4.535415672188479 -1.9004021812514456
-5.11850128944787 -1.0879914704990363
-5.9179262514778 -0.4872255176659501
-5.858089338735464 0.510982648937322
-6.704410370283794 1.0436558241197895
-5.704935062995071 1.0112658546830449
-5.097178520542672 1.80538926140665
-4.764317452180329 2.7483651408270515
-4.724257184934671 3.7475624061296573
-4.622509678371889 4.7423726618609985
-5.509186900547235 5.204761571411621
-4.920768708328811 4.396204813313339
-5.456273504406747 3.5516726272022776
-4.7771449656937 2.817653262399494
-4.03996095791061 3.4933453066540205
-3.70039762683398 4.433928500310032
-4.136583256896479 3.5340717916463804
-5.1326641959970924 3.4456254081112685
-6.027255477786814 2.998740144821212
-6.9649420696546605 3.3462223104517124
-6.9788536113927835 2.346319080630712
-7.679205855194118 1.6325216761786947
-6.6886098922131785 1.4957019476090718
-7.138523546197528 2.3887740073883768
-6.678271001423475 3.2765620423544988
-6.144240751383448 4.122027412456779
-5.831158054836451 3.172301544049026
-6.810544137242011 2.970304262903238
-7.498670093489201 3.6958955172185655
-7.108903692635312 4.6168092768971825
-6.525064046236049 3.804940280511446
-5.919408240230255 4.600667020448889
-5.374757792253901 5.43933017662016
-6.351671261217028 5.6529655532749405
-6.983218385062422 4.877628058784566
-7.795456173141154 4.294301584486536
-8.781861869352095 4.129973247056235
-7.87236195114546 4.545677347086681
-7.258454551819979 5.335055396599983
-6.94751026384317 4.3846272563523385
-7.340191000792205 3.464952401401328
-7.601482754961868 4.430212272732847
-7.003926145140778 3.6283855470251503
-7.850290958043665 4.160989155236606
-8.819770221648913 3.915815834013786
-9.616067556092498 4.5207212441053475
-8.618319767543804 4.587798441767382
-9.099948993804533 3.7114233574504607
-8.128045648809131 3.946803662460772
-9.071728809125068 4.277654222285182
-9.57231015925927 3.411964721426001
-9.732106154592772 4.399114780877641
-10.16388463818908 3.497135102002738
-10.562687877831458 2.5800985836182493
-10.58696991234381 3.5798037315493483
-11.316334499215474 4.26392893896209
-10.360617126991851 4.558215031786701
-9.768927788737352 3.7520489651503324
-10.75604891273702 3.9120236086212046
-9.797608567767137 4.197316624893967
-9.736559435556956 5.195451387066081
-10.554588629223318 4.620274685252142
-10.164201760514729 5.540925592349888
-9.83759163697597 4.5957664379203305
-9.02715734909708 4.009936885038066
-8.029189024190488 3.9462248572635956
-8.706238824938005 4.682162060636103
-8.10510023056906 5.481306847492732
-8.64052497303723 6.325889789040152
-7.817055049698093 5.758529863282408
-8.411557798452636 4.95443628556692
-8.424258942209113 3.954516948346523
-8.644670225101125 2.9791099223446094
-8.255485929677972 2.057950009953724
-9.254854491319376 2.022418643489842
-8.255158611670883 2.0470793047507625
-8.963132621159644 1.340840816781998
-7.979213023194456 1.5194527557447142
-7.30436457368072 0.7814964086692879
-8.29513571243152 0.6459510265331085
-9.056780988392541 -0.0020431660382922434
-8.860774790124388 0.9785594906175347
-8.838157586309482 -0.021184707711015216
-8.130807066966058 -0.7280476666957041
-8.798363149602377 0.016511851768235775
-7.7983677877242 0.019557540874846818
-7.492775475411469 -0.9326049130453642
-6.492994253489345 -0.9116882141685347
-6.723911978414291 -1.88466149453932
-5.886576319334932 -1.3379723744407626
-6.833045690370673 -1.0151787411528537
-5.935987579758091 -0.5732661409883134
-6.806741428699134 -0.08154697870728067
-6.791805065030836 -1.0814354250053506
-7.775414496473832 -1.2617476164300743
-6.932090224960088 -0.724342580097316
-7.109742094907805 0.2597508164378298
-6.162878622126526 0.5813865792388226
-5.40977615517406 1.2392898200501976
-4.548409882075379 1.747274213086134
-3.575026063687136 1.9764552378240534
-3.1894415419288737 2.8991277564244786
-4.0827629505740095 3.348546114812596
-5.015736435406543 2.9886010126102764
-5.945260682585255 3.3573620109640196
-5.449795135674838 2.4887344199765113
-5.38911206417602 1.4905773357290122
-4.538083062878766 0.9654586453827267
-3.5609975690860614 0.7526114282999852
-3.1442428218953413 1.6616303943804511
-3.208128728280753 2.659587603365543
-3.224619843309376 1.6597235910493118
-3.5035094620670875 2.6200467556919116
-3.926949110880298 3.525971070308174
-4.926451239038612 3.4944195916264897
-4.056906014810233 3.988272912989845
-3.0624634337083254 4.093553266766684
-3.0333853556960153 5.093130410052339
-2.1275498322455753 5.516759970464815
-1.769798328943147 6.450576795053477
-2.316002908811252 7.288228606327772
-1.3535707216060007 7.01670644327047
-2.216328989067518 6.511089817825063
-3.2046091673569923 6.35843894426017
-2.2046094504860565 6.3576864430653774
-2.460217893087421 5.390906052247015
-1.5250619641043373 5.036669706726421
-2.4816427294587635 5.3281370965900905
-1.512971452378848 5.079790651154756
-1.0736037874775883 5.9780979788768525
-1.9994333838217389 6.356039189296181
-2.9539292165106543 6.0578149357897075
-3.846449078498519 6.5088230243614795
-2.9921201001683357 7.028555644835993
-3.980181368994063 6.87449419915118
-3.0442105297757394 7.2265717305742285
-3.2073940780218764 8.213167458104913
-4.2053892032948195 8.149876622026996
-4.7329615175166175 8.999386747491464
-5.549182614860423 9.577126412263473
-6.547656251612636 9.521896015643419
-6.53830802983306 10.521852320063546
-6.24455481902536 9.56597102453561
-6.866139668981553 10.349317866174061
-5.8950934944249465 10.110425993396898
-6.631660715259574 9.43406164691495
-5.6386507821340155 9.31603083435326
-6.41836880770285 8.689900016869373
-6.641301997378111 7.715066291077526
-6.069310542982804 8.535325869563959
-5.216207090699204 8.01358407547247
-5.3582546160787965 9.003443914304986
-4.478092835320505 9.478117738833362
-3.7586022605810663 8.783615533753268
-4.586620009983096 8.222913646227289
-4.38505721077822 9.202389239581557
-5.102844794775294 9.898651391547068
-6.0876920174455575 10.072075576707812
-6.763008502684258 9.334547512994405
-7.5111880015211145 9.998043886398383
-6.535307091095949 10.216347456382362
-7.223552125576272 9.490869150357172
-7.891972838142868 8.74708574706562
-7.473357637815027 7.838922042629861
-7.5497525703857065 8.835999679665974
-8.538983203303749 8.98236482202087
-7.831208399562115 9.68880294895662
-7.768932231396037 8.690743993344002
-7.303116868841255 9.575625933496449
-7.01908222046592 8.616811916847599
-6.880762524801304 7.626424284760421
-6.028956089759138 8.1502809418917
-7.02774590216047 8.199463363988531
-7.958316625402338 8.565575544945554
-8.388135941395532 9.468490466518535
-7.445494608757703 9.134683159823824
-8.297073110074066 9.658910263373208
-8.625688735935725 8.714446515821429
-8.678623243628774 7.715848529695233
-8.20711098369305 6.833989023464049
-7.966364035915027 5.863401105171448
-7.436795739765034 6.711668409570712
-8.084355534382109 5.949653769031901
-9.065566560368282 5.756716156101811
-10.063560847463094 5.693412104682347
-10.49348966591799 4.790549318284559
-11.489390552248144 4.700098090505102
-11.914950927057065 5.60502812503401
-10.922501432963418 5.482374133361232
-10.367324604952701 6.314106475908977
-9.440595778827163 6.689837340794975
-10.41099847346857 6.448344876662665
-9.54165106192284 6.942546331576284
-9.528615739425987 7.942461368150593
-9.499992066790522 6.942871109412115
-10.34593994794138 6.409605526070781
-10.156638004109219 7.391524450453729
-11.156628939770494 7.395782219269352
-10.264984750020874 7.848519051088615
-11.197494692928329 7.4873747497647045
-11.204355042741796 6.487398282241375
-11.548037791765543 7.426484097288903
-11.615382668443017 8.424213854079435
-12.089723677762278 7.5438726663130184
-11.507903436755058 8.357190074926839
-11.552168980079268 7.35817027448532
-12.319416945740462 6.716819700158955
-11.787031483047087 5.870317651069432
-12.743063603230528 6.163579624699759
-12.191882235081081 6.9979650868243715
-12.26238612524926 6.000453582393894
-11.268993839543894 5.885685264896984
-11.641034710517129 6.8139016137755615
-12.093509150677603 5.922124241893169
-11.502229578774148 6.728590898271266
-11.256127953008102 7.6978349283252605
-10.532936168333055 7.0071876648263585
-11.434942934971783 6.575465771777202
-10.735962318170417 7.290606385458163
-11.64552063189755 7.706182700868286
-11.080824929122956 8.531481897080125
-10.988896705272282 7.5357162611699176
-10.039070939006738 7.848495758161122
-9.53105462207737 6.987148312739984
-10.52981971538276 7.036830184631807
-10.009987171362921 7.89109836628079
-10.081942595112094 6.893690517407984
-9.106055349347962 6.67541527017437
-9.960319306746493 6.1555757842849275
-9.037269942483594 6.540257303380732
-8.128921022241911 6.122044153066483
-7.4078135587673755 5.429220924442239
-8.374168255487751 5.172007783007997
-9.05887434260641 5.900827084524261
-8.557218687051053 6.7658944826206895
-7.866071027969696 6.043180906335894
-8.049744684936483 5.060193628831018
-8.829692555331139 5.6860381138804925
-9.628423474313772 5.08434972354779
-9.570970934089496 6.082697962200905
-9.335506658131006 5.110814957540702
-8.44730064439578 4.651369555817516
-7.914933009043269 5.497882816687762
-6.9486795466593785 5.240289636593365
-6.167172144932582 5.864185606324083
-5.535267848272587 6.639232030651451
-6.4984541747921005 6.9080667389869745
-5.69112308406226 7.498165467964563
-6.519029015533041 6.9372984885162285
-6.540968596608869 5.937539190093744
-7.3532551894863 6.520797701417475
-8.014573875213603 7.270902757998161
-7.036270783044739 7.063723946695367
-6.203755010985397 6.509722602588301
-7.071204583211475 7.007247717175287
-7.343561614126171 6.0450514546013085
-8.312548067138634 5.797937606591277
-9.05289281792304 5.12571022691534
-8.230682622564194 5.694894199500626
-7.505761269671659 6.383725842299109
-7.91757002474455 5.472455548014633
-7.032390172824795 5.00720655042805
-7.128124190471157 4.011799599545505
-7.901619792412745 4.645601267085926
-8.444841013506336 3.806011662008786
-8.77628480837871 4.749486627675919
-8.31730708407337 5.637934402500918
-7.620996714675829 4.920193593106984
-6.642315786383766 5.125580156926012
-5.817155083002451 4.560682100994455
-5.831423348568448 3.560783897876889
-5.084525456839524 2.895845149321138
-5.803975210212083 3.5903896420443644
-5.126480215455175 2.8548622584077403
-4.39834898908106 3.5403000142827192
-4.4403005790021135 4.539419658821398
-5.422762340460243 4.725883830373442
-6.366824214649361 5.0556522001461195
-5.439520682517751 4.681341955434276
-6.4345081789288345 4.581342545508002
-6.0681671893178 3.650861874386453
-6.914419914746832 3.118080188605179
-7.901543237185732 2.9581191111607352
-8.901501979198285 2.949035374447631
-7.993288685002209 3.3675429756277206
-8.540381952911412 4.204614630988496
-9.526511836067884 4.370590091662065
-10.317209950656792 4.98279634088331
-10.678888572522496 4.0504935067755685
-9.810952418481042 3.553817724692598
-10.699486405950035 4.0126285278701745
-11.69415506094585 3.9095059465951865
-12.18973858909421 3.040945662776025
-13.140134594012926 3.3519881579990156
-12.171076321888272 3.105156099248979
-13.09541941604221 3.4867184719875977
-13.588835660854194 4.356511786146565
-14.538018542347725 4.6712368367536605
-14.104604718019509 5.57243185276362
-13.242538656685767 6.079227774113159
-14.240853045439287 6.0211900173707935
-13.890441301654919 5.0845942615518815
-12.897266278250518 5.201227759680284
-12.454173687170409 6.097703613080651
-11.579395427112845 6.582227085918306
-12.187833821192749 7.3758281951724864
-12.54851910984858 8.30851577552684
-13.514638349084635 8.56661191183645
-12.806902544408885 9.2730891094727
-11.809352158503595 9.20313750062626
-12.617839675064266 9.791650827209065
-13.344410129372633 10.478742796981766
-13.523829918158004 9.494970191451294
-12.524217674143575 9.52281550733095
-13.122913395032972 8.721838957244291
-13.367411572643428 9.691488709033651
-14.070182571902281 8.980072570194565
-13.905776212631306 7.99367987505167
-14.71592970226274 8.579897687164209
-13.71718624804612 8.529782692806675
-14.702048555149458 8.356444191465831
-14.441828581948132 9.321993550922457
-15.301170294473032 8.810591731298423
-16.20523584859806 8.38319791542762
-17.134347015146833 8.013397374332314
-17.16524202162652 9.01292000968112
-17.660959304683153 9.881403961909914
-18.657964117404678 9.958743495203814
-17.658885359497955 9.915829214369133
-18.63027019923063 9.678318176441365
-17.631405540070705 9.630680033306632
-18.612418691456973 9.436738813327011
-18.969776905949956 8.502771412110894
-17.993113300190476 8.287996643609345
-18.72319304187723 7.604634681850716
-19.56481111062421 7.064561514253395
-20.393103260752465 6.504265062331817
-21.25247689026165 7.0156132459642695
-21.743252716061644 7.886899128330291
-21.967718040438196 8.861381205206275
-22.674506870442666 8.153956615740434
-23.63711117504829 8.424867953182636
-24.515947806521925 8.901990762509616
-25.36180238103436 8.368577190525935
-26.279310645172878 8.766293905333749
-26.77073821104633 9.637212355878743
-27.659780301022767 9.179386884492185
-28.205290112258407 10.01749132061316
-29.195724762830764 9.879508702339646
-29.565052916295528 8.95020965732867
-28.94966919334155 8.161981978594092
-28.232710169558032 7.464866666600885
-27.805226984133352 6.5608433670232875
-27.506603747692488 5.606472284761475
-27.54013599966165 6.60590992067373
-28.40426397016669 7.1091820643403985
-29.099775030487073 7.827697453856875
-29.28238291923321 6.844511632677746
-29.83869129545143 6.013535706101381
-28.841951975796874 5.932846619760219
-29.31316963525141 5.050829659935642
-29.87696410092371 4.224914530835028
-30.663734639622653 4.842160121694433
-30.458865229147406 5.820949437457291
-31.163306885234604 5.111187538529822
-32.05179326688468 4.652284553551123
-32.491181840070745 3.753987452501859
-32.86948130536923 2.828304183475741
-33.51723328313859 3.59015546508908
-32.809483840431675 4.2966190001339255
-33.79697963045399 4.454264376495558
-34.26305011360668 3.569516782696164
-33.2791902370441 3.3905761688315312
