0 0
0.8026311442213621 0.596475687958786
0.3462328718522972 -0.29329991126752053
1.193774774503813 -0.8240283948161693
1.7429391496887534 0.011685963698588986
2.7395509467869132 -0.07056320580953643
1.739684009275964 -0.05425041106199728
2.5944844701354097 -0.5732072224774362
2.06366373195498 -1.4206913485338384
1.1089397096122011 -1.123198422295878
0.4559118678466093 -0.36586452111425705
0.3593437357671778 0.6294618554410363
1.0114153100327488 -0.1286955569970536
0.359416164936591 -0.8869152578713314
0.19474600733016487 0.09943343259967785
0.9086304918065535 -0.6008300484014956
1.1608850907903967 -1.5684909483512146
1.9572332289640721 -2.1733294745938148
2.8829055891908517 -2.551655632177695
2.020880470563145 -3.0585211911328165
2.8117443109721587 -2.44652904581271
2.460358958744778 -1.510298126519804
1.4924664927935265 -1.7616627508303968
1.883943122201361 -2.6818508015175815
0.8850901111675208 -2.7297325553349934
1.8228802356112301 -2.3825299019812896
1.5146463348554928 -3.3338405044791815
0.6970122834109825 -2.7581022324158804
0.9577645788808222 -1.792696493668068
0.03774049833115134 -1.4008346669883918
0.30661868978607787 -2.3640088558867074
1.2104238012706265 -2.7919531518580434
2.2059556107312694 -2.697526374130442
1.4203938303581078 -2.0787431413122373
2.36239341717929 -2.414357173242849
2.9569788129707733 -1.6103247067892328
2.3082756901556944 -0.8492831452106521
3.061745383557038 -1.5067657846207627
3.833415906738903 -0.8707432978703126
2.9460439659442286 -0.40968902916619093
3.9244076221249182 -0.6165816492973923
2.929942592318489 -0.5115135547486788
1.9337118120902548 -0.42477122064448564
2.78193765269671 0.10486348679779717
3.0316725371353894 -0.8634507635850006
3.9171620182314886 -1.3281101860313351
4.111636946664583 -2.309017675150948
5.014464235137388 -1.8790143179677257
5.082694932594123 -0.8813447474562424
4.769505501802081 -1.8310354236451563
5.290059675280205 -2.6848640671530366
5.146045767383066 -3.6744397309262493
6.003193442158919 -4.189510467453136
6.95666141968143 -4.491004772273532
7.803328303759937 -3.9588814901247495
8.575481353595862 -4.594318086197937
8.00546761273213 -5.4159532456370485
7.026530337690212 -5.620114484694576
7.785210735870321 -4.9686514746799855
7.79499790684389 -3.968699370184808
8.278701291323259 -4.843931359912792
7.412422263456263 -4.3443709072368275
6.447187775762078 -4.082985399287852
5.649200637001504 -4.685659877238191
5.981028469875668 -5.628999842113016
4.983396745221809 -5.697781685386986
5.4658014943474775 -4.821833251961251
4.915590965401853 -5.656859223915044
4.486775428136323 -4.753467152331684
4.740444688088217 -3.7861761379231664
3.8907109582312107 -4.313388228398433
4.884095531825277 -4.428223279429625
5.883681397685742 -4.399446608809426
5.5022607976202496 -5.323848213008423
5.083167426028854 -6.231791353237015
5.637888523618006 -7.063827712953035
4.69187593189191 -6.73969783729256
4.66895817296225 -7.739435190963834
5.270869102135831 -8.53799842161085
6.1904191163704 -8.930971412185524
7.093361812334665 -9.360732378077943
7.760496046162932 -8.615794854486621
8.250014562273773 -9.487787757201225
8.743870342043301 -8.618243929215406
9.524192807017485 -9.243621295816258
9.86392206148029 -8.303098019303578
9.565217340543585 -9.257443601202569
10.520069586305608 -9.554524715989794
11.109515300426208 -8.7467167251251
10.987916830075982 -7.75413735197226
10.090746368642595 -8.195821813020421
10.666396118715458 -9.013518190192933
9.774878086981523 -8.560532981722222
9.364987781438343 -7.6483981575752
10.076398135917833 -8.351175012301766
9.773256920760263 -9.304120658009218
10.549306656472913 -8.67344894649813
11.401603666982897 -8.15039081791609
11.58971951450747 -9.132537664324564
10.593899793898558 -9.223878148483495
9.806536211863344 -9.840367069458297
9.987886011318329 -8.856948414846928
10.783848929019172 -8.251603031082286
11.317849642643603 -7.4061190053026165
11.647299750009331 -8.350291990913151
12.455740126449603 -7.761713909651955
13.382411824759126 -8.13758564781824
12.384097605162397 -8.079544981462872
11.399632900542446 -7.903962393039215
10.405438183175884 -8.011558229205962
10.674685463782076 -7.048487150891297
11.608351376161702 -7.406632322658728
12.437375681781566 -7.965844894666459
12.134878235770428 -7.012694699179547
13.071094388592712 -7.364119392669692
13.986718507329629 -7.766154805521901
13.239553904764897 -7.101515763127996
14.228613153097854 -6.953996939627242
15.22241226429152 -6.842806442773064
15.921798041117304 -6.1280620582734056
16.76018322551892 -5.582983822993486
15.761209363699392 -5.628274256877265
16.569574699583097 -5.0395931175992805
15.60199895484905 -4.78701208465667
14.6429692659432 -5.070317671959762
13.689434386092838 -4.769035025747348
14.655368707327751 -5.027822365198965
13.660141780683546 -4.930234638089812
14.601744059703714 -5.266961750369213
14.760051733505161 -4.2795719183294185
14.14166556481308 -3.493697535001951
13.142577212812254 -3.451007197731387
14.12893215420375 -3.2863744865449935
14.826062705327624 -2.569430280424516
15.467843592172084 -3.3363183382798582
16.46380861069288 -3.2465760300697744
16.14935104933813 -2.297304497732043
17.064548758714576 -1.8942993454670771
17.092394250946285 -0.8946871063651473
18.070611382180896 -1.1022714125135749
17.435241150992265 -1.8744790719674973
18.418961199504576 -2.0541867962170066
17.72135828272516 -2.770671388166372
18.525624767998885 -2.176402576377089
19.52558152051703 -2.1857027426857085
20.29435379172145 -2.825225373268238
20.817681571161756 -1.9730939073159028
21.435832601277646 -2.7591532587434315
21.39931468728486 -1.759820260210102
21.926000516735243 -0.9097602405313966
22.20937504004168 -1.8687695624573353
21.32206675814661 -1.4075927927904095
21.10330729699779 -0.4318139765836436
22.096112551976997 -0.312073734034716
21.15568443616181 -0.6520663206955097
21.871217368021405 0.0465126822987203
20.979176321631886 -0.40544170871467633
21.323539112445655 0.5333949481660357
20.323539777731522 0.5322414442475103
21.267470295476905 0.20209726715371917
20.33882709913167 -0.1688768746428536
19.706381559712327 0.6057279534266429
18.70833096407272 0.668137956979154
19.438354861469115 -0.015283661957631756
20.378319444320706 0.3259883453688379
20.445759162476268 -0.6717350052725602
20.767275111967038 -1.618639168439588
21.3005960001942 -2.4645521841690945
21.61567469943631 -1.515486636757378
20.66724830965466 -1.8324840865353693
20.059306469864673 -2.626465647676914
19.67603415195918 -1.7028302594812519
20.65530301092482 -1.9053950685180958
21.2760646438977 -1.1213957094438423
20.996989130645858 -2.0816648685358228
20.142457649396565 -2.6010644714947495
20.69726561247155 -3.4330429111844962
20.08891494157497 -2.6393745539850415
21.08676214405075 -2.7049562626488157
20.115978375514654 -2.9449122476686904
19.594758306186705 -3.798334557741357
19.36991271457485 -4.7727289645052275
20.354074992926478 -4.949998843135886
19.366486584114917 -4.792934732718993
19.764123338431045 -3.8753918118608266
19.07257054742384 -3.153065890098256
18.540640097829577 -2.306277842949239
19.18100703927572 -1.538208718258685
19.306386339567663 -2.5303175989055133
18.809106202820782 -1.662727565769469
19.52820867532966 -2.357631612405848
20.226269150568143 -1.6415928055595799
20.980595504722622 -2.2980924258397546
20.14927146086887 -1.7423043960022584
20.647466932876974 -2.6093691407996835
19.93584982221372 -3.3119366377786434
20.9295319149824 -3.1997051871471553
20.02141279937667 -2.7809932672410453
20.745165024046464 -3.471053204699758
21.571194660684853 -4.0346798891239875
22.50096337275124 -4.402824075635753
23.495755963460706 -4.504744149564048
23.369394338715377 -5.49672839328555
24.25184480339837 -5.026323060215474
24.296644893433196 -4.027327088285221
23.363195721233417 -3.668617396585166
24.18612162061611 -4.236766113142009
23.3668512986039 -4.810173594319235
23.211049335288607 -3.822385282874369
22.211059195495096 -3.82682603908873
22.402695464469453 -4.808292055012658
22.247639555826545 -3.8203863585036633
21.805758082173664 -4.717459802120382
22.793113739353913 -4.558939121342888
23.403187097449138 -3.7665941852560754
23.868292397989322 -4.65184954921013
24.65925349216591 -4.039983103407637
24.03951674775951 -3.255173338157131
23.69849930267367 -4.1952303056581055
23.640452114642446 -5.193544146071864
23.50898793641039 -6.184865067792862
23.591442872136255 -7.181459861866383
22.888149381769676 -6.470560244193118
22.97020208655587 -7.467188235791422
21.982105644513922 -7.621023931337176
21.05442726253841 -7.99440419275347
21.963807749500724 -7.578438893801521
22.107446328993607 -6.5888086808021065
22.830004389482625 -7.280118921737644
23.705456228265707 -7.763424288944877
23.54107005843046 -8.74982034893645
24.212828003553202 -9.490591071336082
23.21839216306658 -9.595935075226476
23.124422451652524 -10.591510131832838
23.449240967091285 -11.53728649653443
23.74110371921996 -12.493746706851553
24.70824302157927 -12.239499642302235
23.877465943378603 -11.68289435456562
23.135602223645716 -11.01234366942386
24.073018327547434 -11.360554881399754
24.634208217861893 -10.532867798614934
24.389213220356883 -9.563343455858384
23.501726325372147 -9.102510502142668
24.456658277814746 -9.399335309401364
25.4014935509406 -9.071789424589486
25.015179437257522 -8.14942214114473
24.24246594069965 -7.514667186664417
23.955258096806045 -8.472535473228904
24.118072015292206 -9.459192266621207
24.872265215545063 -8.802539682150273
25.78630783490838 -8.396921524288176
26.232575166561347 -9.291821221851732
26.097915641793477 -10.282713149555905
25.29647772149822 -9.684635178123406
24.697994690122123 -8.88349969572678
23.928597682215123 -9.522270581274766
23.433111474339935 -8.65365477563601
24.029507176979156 -7.85096419647523
23.19208568129789 -7.304406570445775
24.116789712103483 -7.685093391089581
24.74526924488285 -8.462919513611466
23.81469947733605 -8.829034123710402
23.39880038045535 -9.738444889653833
23.981155435924553 -8.925510335480215
24.808524453390067 -8.363851623326518
23.808558339905787 -8.37208399134208
22.84515893340023 -8.10401388195884
21.861965926645173 -8.286583078341879
22.393212175800645 -7.439365619386836
23.176588297867458 -8.0609135671556
24.1750142704107 -8.116999014029801
23.318592879893966 -8.63327646062745
23.869441729201366 -9.467881484106648
24.62879007673449 -8.81719716195134
24.565002882052042 -7.819233638672786
24.03240006498082 -8.665598949426837
24.852387777033087 -8.09321782457794
25.529318281063016 -8.82926476106622
24.570853704780816 -8.544053162402736
25.255501377787265 -7.815178986809407
26.103903709798974 -8.344530933095704
26.632076017526902 -7.495393716063408
26.07827195651295 -6.66274669480863
26.643092537381758 -7.48796043162293
27.223164446335055 -6.673395160792361
26.291788326088867 -6.30933675526495
25.305432073300747 -6.144711901170013
25.135075439061495 -5.159329428639334
26.06737999574154 -4.797655247097954
26.995378794862432 -5.1702384308706275
27.17540925286365 -6.153899467097982
27.451757833821432 -7.114956937701389
28.384259819538666 -6.753792090805385
28.075759087954136 -7.705016196162167
27.820272110937182 -6.73820369904872
26.8823112315603 -6.391462601457809
25.882315866748954 -6.388417875555105
25.178542744607526 -7.098842672807643
24.185382523366858 -7.215602147563171
24.227159013687345 -6.216475166215703
24.02061865832456 -7.194913248879401
24.694211293301883 -6.4558104399926375
25.512747739150118 -5.881355840552314
24.535131654327635 -6.0917525864785835
24.016774900533502 -6.946917059428674
23.017310025581317 -6.914206759264755
23.03524449634651 -5.914367594819607
22.111260605119043 -6.296798985728019
22.9839933667618 -5.808600740385614
23.71568011132423 -6.490241780693222
23.364132297182813 -7.426411708843231
22.366744214031474 -7.498640592177388
21.582108177215016 -6.878683908425238
20.673466194828094 -7.296259946822993
19.924644082418215 -6.633488912478548
19.08925046622774 -6.0838367442592265
18.57550110574739 -6.941777065380709
18.24977975851139 -7.88724287859384
18.379153870465853 -6.89564702384454
17.697207362842125 -7.627049075208768
18.55550609456495 -8.140199430487792
18.575683302045324 -7.14040301106117
19.078302400296348 -6.275895034190323
19.115812326765955 -7.275191289269989
18.40011840373375 -6.576777222591223
17.410103929545716 -6.717742966295826
18.40342633412256 -6.833114542369304
18.7676778364325 -5.901813923307472
18.90321863811112 -6.892585688690558
19.576687624855143 -7.631801167352889
20.576282770186673 -7.603348655519357
20.277231115132093 -8.557585579773033
19.586481243431233 -9.280679359821821
18.6135815548383 -9.511906944542535
18.19531235254717 -10.42023005578365
18.251205793162825 -9.421793316026871
17.911046391266616 -8.481425525584422
16.971306973034636 -8.823317066604401
17.747693233491752 -8.193059679044831
17.950143562771817 -9.172352211526517
18.57639214554728 -9.951975654331903
19.40418102735288 -10.513015374101402
19.076363783053633 -9.568274216778377
19.675848795074238 -10.368660198891169
19.76852651943308 -11.364356357067782
19.996571232117493 -10.390705696401092
20.858240087689815 -9.88323472842688
20.330146393633665 -10.732420838945728
19.70116654621713 -11.509842443703324
20.517986957812035 -12.086734474504523
21.069667391547938 -11.252678901396253
20.653043617347546 -10.343599900004724
21.102813754930303 -9.450455553698491
22.100705693742896 -9.515352999355809
22.446981108381507 -8.577220099806466
22.421940906156713 -7.577533654828571
21.980778050780266 -8.474960718737444
22.97016008896694 -8.620298884797112
23.657493581100184 -7.893956905704674
23.911885800686363 -8.861058037238505
24.516703670779467 -9.657421863649551
23.75332386250603 -10.30337175978733
22.79195687966016 -10.57864167149914
23.70838079038778 -10.178432706273853
24.332557767757983 -10.95971569016701
24.39971311685915 -9.961973158705561
23.658139871246455 -10.63284507002057
23.31008382828594 -11.570318798163749
22.48850020625998 -11.000230776873433
23.103039219416495 -11.789117208058949
22.963127146615825 -12.779281139882675
23.071163530928878 -11.785134199202092
23.60393873668631 -12.631391004273773
24.429782957353083 -13.195289331271901
25.428980048164004 -13.235353950513703
26.21037752419854 -13.859387590990602
26.488999569485046 -14.819788421831749
25.885128811029812 -15.616870667953627
25.72655351767841 -14.629523780411809
26.470559244079723 -13.961350540090066
25.713779759801827 -14.615020802665995
26.42087164582914 -15.32214247869802
25.83506765525213 -14.511689713495723
26.129594222678964 -13.556046421738927
25.189960850757135 -13.898229306130908
24.4029188068666 -13.28132994549855
25.33645982403705 -13.639800542982314
24.97343774262408 -12.708020006371578
25.495731685857326 -13.560785529163082
25.286425378354156 -14.538635655531836
24.33108437812608 -14.243130032432687
23.41584942214682 -14.646050589557342
22.788309643151297 -13.867466088184338
22.59856031254956 -14.849298656159242
21.862955735608445 -14.171887476458698
21.26623382606836 -14.974335582366384
21.203670175647865 -15.972376558301773
21.000367374249702 -14.993260645376415
21.69239046714384 -14.271385282934096
20.761945100578846 -13.904954634874018
21.738790182736693 -14.11890249175515
21.56157850250442 -13.134729732332673
20.562036985775848 -13.104451747988541
19.57811362662354 -13.283042966458101
19.83337593906887 -14.249914804834349
19.111292480019262 -14.941720758962353
18.941525523910578 -15.927204995575801
17.993813343097713 -16.246331337858802
17.74059606072805 -15.278921906485857
17.77630404986601 -16.27828417288965
16.815174568852946 -16.55438220027767
16.377553037568468 -17.453541471684147
15.591855960719242 -16.834930039983615
14.873826790268879 -16.138917029773054
14.55073484454364 -17.085284608786345
13.550780456613607 -17.094835632787646
14.4045957664868 -17.615411675865065
14.458128977359943 -16.61684560627647
15.400516379007033 -16.282322086599834
15.733862242534432 -17.225126697995627
14.852664740647842 -17.69787500594483
14.105503477112844 -17.03323220994627
13.703985545871562 -16.117381047970852
12.929712738149172 -16.750233020569254
12.08049121129815 -16.222196281002
11.565365729360106 -17.079311056197305
11.695686703678364 -16.0878391989806
12.67544467884393 -16.288024888028225
12.269250855822854 -15.374237944512657
13.066842139446623 -14.771039681677468
13.39478405079334 -15.715737571366157
13.710976139853976 -14.767042381742288
13.5157650916644 -15.747803640492208
13.489392559009087 -16.74745582476499
14.00398458772331 -15.890020670375005
14.145576533612264 -14.900095561662543
14.48163923460664 -15.841935176990102
14.04405940813658 -14.942755609013588
13.918946899552715 -13.950613048594041
13.862026898933943 -14.948991791120925
12.873893571357312 -15.102590381388987
13.022829374184152 -16.091437248520762
12.674587429910572 -17.028841936074947
12.73347131247964 -16.030577097280357
13.3282691931323 -16.834452386844045
12.51228611825598 -16.256376594654657
11.898487930846107 -15.466913622038238
12.678126380255001 -14.840683721599673
12.768183637201211 -15.836620311183228
11.987849874055346 -15.211257042278975
11.085278501459914 -14.780716780083674
11.76235120687453 -14.044800649276276
10.846670690541561 -13.642893704812527
10.206922324688401 -12.874309273283881
9.213008817019885 -12.98447251249763
8.234494472133703 -12.778293762739164
8.555999141293988 -13.725201756003628
7.595613499232768 -14.00387615117236
8.171967269070826 -14.821076452196202
7.596816956236708 -14.003028704416883
7.134423461637593 -13.116353873290828
8.010838333476766 -12.634797051701595
8.983556133584342 -12.402805497213336
9.827490626306536 -11.866359253873211
9.0023671994894 -11.301406750986864
9.920503157864076 -10.90514123149341
10.640559023152885 -10.21122513363778
10.978950446491615 -11.152230577092169
9.988787063887123 -11.012314617497733
9.350202008980563 -11.781865868325113
8.893687874464486 -12.671582028112624
9.624570954503902 -13.354084719178452
9.339745362432994 -14.3126640753621
10.31428729421061 -14.53686939021247
10.414821237044915 -15.531803019324578
9.931774647982001 -14.656208368361767
9.258027104879682 -15.395169969639932
9.81042700785915 -14.561590730941969
8.810431071513264 -14.558739890414062
8.732278534659178 -15.555681303428523
8.752278944020336 -14.55588133162147
8.841028565462613 -13.559827364863718
8.710468963661018 -14.55126782721
9.661529231918681 -14.86027327399316
9.637154459389098 -13.860570382897945
9.893092132424902 -14.827263668030835
9.83780263035912 -13.82879330244089
8.958236661975043 -14.304570253606647
9.782184062450838 -14.871236540983249
9.452881127676061 -15.815460866632996
10.028616997691802 -14.997825123788289
10.877171724234643 -14.468717501407165
10.15205952466834 -13.780086759978843
9.393705848542476 -14.431930070833827
10.376071064272713 -14.618902215612897
10.333038328211325 -13.6198285528497
11.115641073776866 -12.997307113352813
10.26361012086858 -12.473815704362941
10.506728899554256 -11.503819178879274
11.300427143451985 -10.895507500844355
12.02334261860056 -10.204571023452466
12.961662206554077 -10.550340239639711
13.849783303118823 -11.009949767213534
12.878141261645107 -10.773493125858737
13.873607021178325 -10.678372562377673
13.793277734060828 -9.681604181242319
14.781750903700154 -9.833000326844457
14.845185063642882 -10.830986352474255
15.577910717162801 -10.150462203987365
14.642903964884221 -9.79583229380851
15.642811510128725 -9.782234464455607
14.89086183971592 -9.123013945079826
14.633936629861433 -8.156582655985135
13.641011743094136 -8.037838522495726
14.231421011666463 -8.844942540317401
13.268566265221898 -9.114962423380062
14.080638209134127 -8.531405092939758
13.203241615905355 -8.051639297795353
13.138935232694775 -9.049569500303711
13.121388928063402 -10.04941555205057
12.443677416228715 -9.314087661428474
13.139629451558058 -8.595999390725668
13.930035672976272 -7.983416330934277
14.306165288909815 -7.05684927344859
14.252385890749547 -6.058296432416369
15.141578445367005 -5.60076326333146
16.140610042203985 -5.6447617692305485
15.741913193456877 -4.727678990633585
15.784620255605512 -3.728591353415191
16.364633090047572 -2.913984017404468
15.831289933698605 -3.7598829933913884
16.277674413799303 -2.865041724827389
15.643109721295671 -3.6379114751914274
15.759733459598941 -2.6447353056906833
14.94313069159831 -3.22193537437892
15.934209327767228 -3.088656955534925
16.350557650754894 -2.179451767502345
15.354792526010568 -2.27138552812877
15.562365408269969 -1.2931659727371774
16.05796073045947 -2.1617195270007503
17.057677022213475 -2.1855383431262303
16.262250565383063 -2.7915884662796016
16.90376062201054 -2.0244738416987564
17.834585492669895 -2.3899393806514726
17.139262635218103 -3.1086368997129172
16.882833498636217 -2.142073866118176
17.54201880002468 -2.89405441003763
17.42329515674125 -1.901127073055961
16.552739338324784 -1.4090573960576385
17.334986777323486 -2.0320252477000587
18.276053458497888 -2.370246331583659
18.272312257671857 -1.3702533298999575
19.136962946132947 -1.872626883088981
19.740084320060863 -2.670276310037502
19.633440712427586 -1.675978999897844
19.396692936562452 -0.7044078544726046
19.287238787594923 0.28958399120511213
18.352321670146363 0.6444501399171001
17.816697038739395 1.4889063283781416
18.477099318897967 2.239818326125787
17.865762832728393 1.4484475529240988
17.694851862714373 2.433734029198318
17.04484500494676 3.1936623711194994
16.833139930604393 2.2163287732637356
16.083817300531724 2.87853387446802
16.69441812469457 3.67047240335246
16.463554807652915 4.643458594849813
15.489387895090232 4.417629397295355
15.988723346644758 3.551220656099354
16.07857505117542 2.555265500887567
15.977653260187491 1.5603711386039179
16.958972825991392 1.752755934703939
16.08835086169391 2.244708569906555
16.44083299163379 1.3088900254904665
17.426228856776433 1.4791691755934238
16.696589092091983 2.1630008901191693
16.446321973072152 1.194824062707196
16.917660782212558 0.3128718378117058
16.256757446976827 -0.43759920191886703
15.745787887853297 -1.2971980092988589
16.416865286819846 -2.0385853065978417
17.401866424719557 -1.8660374629826006
17.88005924938797 -2.744292336260083
18.874402561327795 -2.638078504766534
17.8926291763747 -2.8281338140787056
17.992747565620906 -1.8331582826535628
18.236764354200016 -2.8029292901040526
17.910231668560282 -1.8577433797092229
16.93774988252976 -2.090722296864593
17.037719328966467 -3.0857128042460142
16.545279901078302 -3.956059522434332
17.44553742860977 -3.520701756771506
17.585336575083613 -4.510881638734974
16.595998146967315 -4.365246908493949
17.564058707509567 -4.114530432923188
16.636774816211442 -3.740171534352571
17.40207546643501 -3.096498546906784
16.581838332767628 -2.5244749070516517
16.116796541935365 -1.6391861785683832
17.111104431080673 -1.74573110610321
17.884450893928292 -2.379714740277687
18.848916530385367 -2.643923059778513
17.849011906039998 -2.630112114381843
18.02247655134132 -3.6149522114689217
17.636324326361496 -2.692517141047631
17.63378431245018 -1.6925203668881688
18.629728773650832 -1.7824905297408795
19.35646795898153 -1.0955770297244096
19.032141633222057 -0.14963176998716632
18.371112981381632 -0.8999924309003249
18.635742850023792 0.06435762619638752
18.92735330977219 -0.89217953448548
19.84908566050887 -1.280006136983861
20.742402975047675 -0.8305796407187015
21.610226224964993 -1.3274526696737294
22.54147026172127 -0.9630565335719925
22.796424705152916 0.0038965323906011706
23.37819811063199 0.8172474435459781
23.69532825749335 -0.1311345838837339
23.21627893382877 0.7466534004818011
23.93045847896715 0.04669084626483566
24.873099409765267 -0.28711759518634034
24.659175039644694 0.6897326307278051
24.848062299346964 -0.2922661488652082
24.812959460934746 -1.2916498543234298
24.057584410945687 -0.6363571457923299
23.84152581953629 -1.6127375455741912
22.85641418330124 -1.7846534091653792
22.12401084845597 -1.1037823823860577
21.469004652358706 -1.8594058885544356
21.570992637111928 -2.8541915192136127
21.220538010090742 -1.9176118085645721
20.33473752056979 -1.4535455495406693
20.856358954661 -2.3067226000387633
20.06726059834588 -1.69245573290301
20.4309877661845 -2.6239612601953044
19.627467243599334 -3.219238313158428
19.22329818684542 -2.3045540104820077
18.480265095223842 -1.635299331936328
17.496992584994995 -1.8174398563351135
17.895971328358854 -2.734400031230292
17.973228865408025 -3.7314112011622522
17.840627552920054 -2.7402417444463647
18.39391062910609 -3.573235044303042
18.20676970195092 -2.590901967702492
17.20767036200855 -2.548469563496203
17.279036646117213 -3.5459197394411075
18.26726299037125 -3.6989187346087165
18.245607393869836 -4.698684224681347
19.034293390418654 -4.083887999214896
18.747543355987457 -5.041893436440441
18.74953381481473 -6.041891455475308
18.76102018782232 -5.0419574260338
17.786705170075702 -5.267146782339564
18.76070697715808 -5.040606543529191
18.92964988596898 -6.026232382051352
18.720582125471903 -7.004133538365596
19.61115613517255 -7.458971897835982
20.156200223790126 -6.620564513885293
21.154874118370167 -6.6720470573766315
20.162886183992818 -6.545714408984545
19.767716706337808 -7.4643226410018
19.01086588711344 -8.117910307225241
18.76991208667101 -7.147373720561786
18.656336589439903 -6.153844351882276
17.7788380781229 -5.674264991779652
18.430327660811013 -6.432922571751584
18.271052395644425 -5.445688359466519
18.885580914646106 -4.656793753493324
18.016055786028197 -5.150682456241232
17.07428660282425 -5.486942482957725
17.94201265888902 -5.983985229234426
18.60028050687881 -6.736769023097505
19.599407405579118 -6.77854748996153
19.370495598133548 -7.751994655662886
18.691691928186547 -8.486314461787224
19.358263688478935 -9.231755330254138
18.432733765917806 -9.610429811100145
17.711718771322843 -10.303349270755612
17.471881787000683 -11.27416244585742
16.610755735729246 -10.765770939416113
17.116396655260747 -11.628514968949403
16.11931916465682 -11.552118125225487
16.781273661034252 -12.301662149766875
17.774092761152293 -12.421287541890813
17.842409180427964 -11.42362383760096
17.483060064675797 -12.356827037878443
16.8412525354303 -13.123692798884756
17.836580542290598 -13.220244125957485
17.978400341486 -14.210136617370656
18.105236956685747 -15.202060239956928
17.68252692722055 -16.108325229344434
17.86588353096729 -15.125278762557405
18.56987048519464 -14.415065859071628
18.597412762323675 -15.414686498599718
18.121455717054808 -14.535217970988338
17.94538180519872 -15.51959491990765
18.113785283332753 -16.505313068544652
17.563001964033045 -15.670664798204866
17.728096094774813 -14.684386983390693
18.037159995351196 -15.635428257658278
18.10755396512347 -14.637908990165313
19.046799499203743 -14.294662975315529
18.551632598019197 -15.163460845922549
17.5539127709548 -15.09596901913895
18.09284217173533 -14.253618082192634
18.601319936642856 -15.114693202373589
18.44731118473403 -16.102762685930028
19.340495064235633 -15.653071061148703
18.457326414400928 -16.12212663989087
17.979785622071034 -17.000736218521183
18.18035430671611 -17.980415861435
18.006615819043116 -16.99562403678316
17.64173525658859 -17.926678372009018
16.649143625317468 -18.04817674043649
16.234525146509622 -18.958172079452613
16.876680564519965 -19.72474655014673
16.23050347948363 -20.487934059723468
17.196808769996604 -20.230535369892614
17.927753199663293 -20.912972356536248
18.914276169682324 -21.076595183870417
18.763488090033288 -22.06516129447494
17.766772009458567 -21.984185651694123
18.30688573996182 -21.14259361387422
17.534981779925776 -21.77833277145433
17.64983576678251 -20.784950387020665
17.096575589652968 -19.951941877818875
16.813183609103948 -20.91094604118862
16.980278903414018 -21.89688679124383
17.96392441781941 -21.716771544831555
18.94002882691247 -21.499469491115793
19.614903957610785 -22.23740143781883
19.250247567934544 -21.30625928032176
20.248722573646987 -21.251053637788264
19.40085038454072 -21.781254308233095
20.208917387407745 -22.370344894541777
21.089407548182937 -22.844409317144947
21.122841449014206 -21.844968386286496
22.08554027281194 -22.115543652448167
21.27180252915747 -22.69677586469395
20.27362148793041 -22.757063582637684
20.075936533111587 -23.73732918880689
20.268142563660486 -22.755974593453793
21.262823255080107 -22.85898101129748
22.100630022943495 -22.313014144425225
23.079933884844692 -22.110618625538564
23.90822564213302 -22.670915658199114
23.609428190293517 -21.716599105490204
23.937759529754317 -20.772036491616525
24.92829221439569 -20.6347593971792
24.002405759248308 -21.012561292588178
23.223328717808947 -20.38563309613974
23.480731436182307 -21.351937313544383
23.273905782781018 -20.373559498436574
23.83410648963084 -19.545202589824736
23.085102119466665 -18.882637533792526
23.920226347220517 -18.332576151564567
24.716680769557335 -18.937274715429343
25.546149170661007 -18.37872107291099
25.11161025689293 -17.478068014057992
25.657587476682025 -16.64026799288864
24.889260400631816 -16.000210570302087
23.955986992575088 -16.359377308481136
24.039962217909988 -15.362909465783765
23.107248884298418 -15.723528152630674
24.08688604498448 -15.924304230396299
25.067245119491005 -16.121525134543678
24.11482625344669 -15.81673290432306
23.955555786857374 -14.829497917872304
23.289037311202673 -14.08400940581398
22.31804184412031 -13.84491151183434
23.29938023118528 -13.652622744422603
23.89862855714287 -12.852059540273784
23.39138210824193 -13.713860584643879
22.901144440012764 -12.842271789024506
22.648134967615135 -13.809735590350982
22.988841668247513 -12.869565954517002
22.633911182752957 -13.804458649143823
23.523792709742203 -14.26065034999259
23.306401715442757 -15.236734954725959
24.227728932821076 -15.625523018480393
24.966572729050018 -16.29939974665403
23.966583369779258 -16.30401291750039
24.431270446836297 -15.418537948675079
24.827259017976974 -14.50028250952649
24.041423735534945 -15.118718366240229
23.054252866625557 -14.959050975779038
22.108997312639527 -15.28538200044351
22.385696737720014 -14.324425483133737
21.711892146310447 -13.585515899628838
22.425491742584402 -14.286069692137056
23.420139675888322 -14.182747435220948
23.786699096262037 -13.252352792429361
24.193785356322678 -12.338963074472213
24.642176197395404 -11.445125475329005
25.487722892182816 -11.97902695213356
24.797078214749007 -11.255832697778379
23.884407542005423 -11.66452848086621
23.132920020551456 -12.324275784838703
24.042277274706088 -11.908259698231046
23.416221022269937 -11.128481801143932
23.95177624452601 -11.97298201068461
24.30904057249554 -12.906985329715372
24.093378800246956 -11.930517204280344
24.21704244111952 -12.922841397236528
24.08146780834969 -13.91360853382783
23.31967037542222 -14.561423840211614
22.387025359969055 -14.200628503281708
21.405487870923963 -14.009358647844278
21.170703895826136 -13.037311074400847
21.057083382137943 -12.043786852819295
20.065777969961626 -11.912205775950538
20.75378469196449 -12.637910089344688
21.23619851312652 -11.76196665215719
22.22475751890394 -11.912801303667923
21.228580032459412 -11.825449054120085
20.78080789915341 -12.71959675815706
21.74272856131819 -12.446267945734242
20.864728557548183 -12.924928570164393
21.77807839797179 -12.517752847658532
21.46799768435298 -11.567042612601787
20.659654905211568 -12.155754725106648
20.55151324118779 -13.149890219142632
21.53039855985202 -13.354300426577657
21.272874795559815 -12.388028461329377
21.797614382895425 -13.239291267684063
22.793982829858923 -13.154144817989756
22.67207133580972 -12.161603842705265
23.16549813092071 -11.291816513603205
23.429095049779647 -12.25644943050376
22.75675753810931 -12.996694167331343
22.368382977210974 -12.07519256643907
23.12133751850315 -11.41712003339466
22.28015953661584 -10.876361674431996
23.15455915893387 -11.3615681258422
22.43035019851729 -12.051148709713537
21.44059525280728 -11.908372144960845
20.46822273154085 -12.141806675152852
20.747871428479012 -11.181704281498515
20.578302081976574 -12.16722253943529
19.617971876913643 -12.446087914202023
18.664973351807994 -12.143112979353518
18.887969721726513 -13.11793225440052
19.21612020713006 -14.062557714003116
19.67295403381264 -13.173005661114388
19.096682629763748 -12.355747275488692
18.69187295787339 -13.270148243086616
19.408047957687646 -12.572227495694014
18.423354518171067 -12.397932257167515
19.025096825469962 -11.599241956984395
18.74760786164695 -12.55997078186498
18.69358573049295 -11.561431043374027
19.062681044345222 -12.490822591265598
20.039641566961222 -12.704242686968586
20.557209782473823 -11.848600739486402
19.625576566072294 -12.212000725861394
20.064139904711972 -13.110701008492494
19.7428904868162 -14.057695629122215
19.997298457228222 -15.024792617324968
20.907598348430092 -14.610843214525707
19.914170095182705 -14.496386647873354
20.614857455927083 -13.782918202535317
19.752610733787954 -14.289406692197543
18.9934345113301 -14.94029183049356
18.26356302371749 -15.623876215606442
17.640850518203994 -16.4063269395994
17.93957156895558 -15.451986468992672
17.072145620308838 -15.949552769714797
16.166906490424896 -15.524650289459661
15.296691286719701 -16.017322086136033
14.379588473502052 -15.618671324204902
15.22599567700194 -16.151207563219206
14.500587433720643 -15.462888683208245
14.769958104688186 -14.499852109851608
13.786878719151762 -14.31667208437577
14.292389742168 -15.179492231109188
14.7581554431512 -14.294584150126973
15.111161693122842 -13.358963186552002
15.769315819652206 -12.606079964709219
16.02456381676173 -13.57295558234138
16.650641235241665 -14.352716485483814
17.5679516225423 -13.954543591692236
17.171985369531512 -13.036278528392648
16.528699200719878 -13.801904354116708
15.805441778243871 -14.492482880305703
15.495389981564667 -13.541763214275807
16.49497794773903 -13.513059592911898
16.199492506693595 -14.468406835609644
15.83402210838764 -15.399229798348577
15.762529371083135 -14.40178867802482
14.989659806229158 -13.767223759578783
14.540721828598548 -12.873660839443364
15.1488080303523 -13.6675318435975
14.14930055943312 -13.6989136150062
14.382537945952889 -14.67133344282206
14.514397111380816 -15.66260190317609
15.277988550295033 -16.30830161234198
15.179655937269203 -15.313148007507275
16.068346655177862 -15.771655158926956
16.893825820827864 -16.336087747530573
16.029223877116685 -15.833630307610681
16.592011900214615 -16.660231566415387
15.93967876754319 -17.41816394072004
16.010129562314035 -18.415679196501202
15.025157043360267 -18.5883903336808
14.916835886213365 -17.59427438123141
14.633677562204282 -18.553347560683516
13.827982984162524 -17.961016363704907
13.377101896970597 -18.85360039068087
12.507202234388954 -19.34682911758183
13.150621291180839 -20.11234326987233
14.061753779789338 -19.700229707608138
14.016866022365601 -20.699221744229785
13.019917424980612 -20.777282580582618
12.81501703140835 -21.756065410792637
12.272450604454184 -22.596078310897266
12.280512833347991 -23.596045810601762
12.127494806615333 -22.607822413036796
12.824083941457378 -21.89035215078197
11.99632197896087 -21.329272714833785
12.681704037860001 -22.05745636841246
12.449803275658109 -21.08471691897588
12.3878363488612 -22.08279512231635
13.143198097589144 -22.738103163285377
12.603461341932164 -21.896269311154875
11.608369028045292 -21.99522024264757
12.093614726311905 -21.120842399656482
12.574186924834436 -20.243887234321775
13.20029575495772 -19.46415155292605
14.124155023187992 -19.84688390393002
14.660594628806798 -20.690822615877483
13.973801165058438 -21.417675240659513
14.935183598430363 -21.692891186425516
15.934672225856083 -21.724867484626674
16.90552777927813 -21.48520210458698
17.07240305116135 -20.499224090818974
17.63193848833521 -21.328030518488703
17.680711491261178 -22.326840407399292
18.474631733979365 -22.93486232164441
19.21812096867177 -23.603610224741313
18.88054376744849 -22.66231237962838
19.137265797414447 -23.62879766111494
18.401452726333044 -22.95161295630705
19.047211227504114 -23.71515467629705
19.136381257323148 -24.711171094727025
19.722696456174557 -23.90108808194634
19.788205228273053 -22.903236088523396
19.85566293350411 -21.905513953856154
19.889757608616684 -22.90493256141205
20.291568191062513 -23.820655366541715
19.806519805233744 -22.946168051936805
19.14416947408195 -22.196973792199646
18.917603663880772 -21.22297793304629
17.968892885110055 -20.90683262113378
18.800794044294356 -21.46175645495948
18.023903229763388 -22.091391795690456
17.11397642443987 -21.676622933607323
16.18064797726782 -21.31759924399978
17.041290563126378 -21.826808768072823
16.40722869114813 -22.600091085537432
17.12176739724578 -21.900495175394802
16.175987142426692 -22.225302363730194
15.258737209586231 -22.623614503520297
16.095640238958367 -22.076263318788097
16.98680990768058 -21.622593150549605
17.382855388107174 -22.540824046040314
16.970162014937575 -21.629954033501807
16.35702897634435 -22.419933702218312
17.166726070042824 -23.00678173745081
16.211376660437626 -22.711303302422124
16.31970935475352 -21.717188607156906
17.273777665752238 -21.41759945857496
17.26947263392814 -20.417608725267396
16.656014227768036 -19.627881694001843
15.757775414258491 -20.06738941168717
14.760806468612465 -20.145189934933803
15.24893469832326 -19.272418010912755
14.297450112838288 -18.964721596269214
14.347655465836725 -19.963460512368062
13.708494088699888 -20.732533157816164
14.555735109586255 -21.263741829175572
15.530724181160078 -21.04148902196807
16.396894882266036 -20.541740768798924
15.589075731750656 -21.131171188832205
14.924618406861494 -21.878497398329195
15.922144723409756 -21.808203388672215
16.566316851218563 -22.5730839478148
17.566085493142975 -22.551574354033878
16.638664893709212 -22.92559444941101
16.397153523863295 -23.89599243901896
17.25233126383366 -24.414327304775817
18.138252593593542 -23.950491776299952
19.083260349183146 -23.6234438564541
19.627353962698393 -24.46246837321861
19.964515777355704 -23.521021661642756
19.850992971237176 -22.527486270984237
19.200015924511643 -21.768388856526446
19.493593068853627 -20.812453471513418
19.0671473601272 -21.716966632008507
19.707191660265966 -20.948628624449412
20.67565314950906 -21.19779191198
