0 0
0.7371465104719244 -0.6757329517635389
1.513515562572815 -0.045454366580792493
2.0536182841334116 -0.8870534695762963
1.6154867775262685 0.011857417507709855
2.5666844717724437 0.32043957263136585
2.9569575304263123 -0.6002595854484893
3.904205547575507 -0.9207610581548088
4.178167729701441 0.04097940723322746
5.166411749949097 0.19386418883280532
4.267541630049945 0.6320793272665262
5.122116479961833 1.1514075721156523
4.1371358569865215 0.9787426585889973
3.682853612911783 0.08788484573757505
2.747400799513735 -0.26556675477609776
3.665215854683917 0.131441462396993
3.3041314992619144 1.0639746190565709
2.3044342470558066 1.039369661597605
3.284114128789878 1.2399371797193472
2.913828869437818 0.31101908499485664
3.7874248633689174 0.7976709517204807
3.171980746512365 0.009490427331138807
2.3315878695639825 -0.5324872589018103
2.327433732935749 0.4675041126354016
1.5737183893366413 -0.1896969074667274
2.555420217101687 0.0007276743570715505
2.462477829308247 -0.9949438139116514
2.998074519852316 -0.15046990367034574
3.9963372113554443 -0.0915496291213379
3.4560886458626765 -0.9330551178039765
3.537423211084467 -1.9297419735917822
4.448591443235142 -1.5177074450393646
3.5999494077462533 -0.9887398698504167
4.575359625876235 -0.7683427138623641
5.470501665689009 -1.2141237459395775
6.143353139478895 -1.9539013437477146
6.797656520162887 -2.710133507851768
7.276881316215811 -3.5878257060898706
7.11170785113441 -4.574090237761269
6.436242240193453 -3.836698748499182
5.535782000886634 -4.271637085999462
5.1686901258608895 -5.201821774805983
5.671261345599279 -4.337285963465199
5.636146445760019 -3.3379026817312694
4.907957753987224 -2.6525259756971167
4.7569261580935125 -1.6639970398324153
4.973595933585377 -2.6402419928991674
5.971923584121002 -2.6980511805428287
6.75639480944929 -2.077885963337015
6.995849882521856 -3.0487934089670357
6.268443737964374 -3.7350005940503883
6.148897730661337 -2.742171932025615
5.564891487148993 -3.5539210974323936
4.930222660220423 -4.326705336483057
4.829960812088823 -3.331744250907729
4.241908147705685 -4.140566891485928
4.735095482403638 -5.010490021936849
5.073737209573532 -4.069574626898914
4.1544052965493705 -4.463057579128531
4.695854251289838 -3.6223239534120046
5.64438129234636 -3.3056278018967737
5.337365987725587 -2.353923224452379
5.062734796241031 -1.3923735852429548
5.178977520360996 -0.3991527492305553
5.919741106799389 -1.0709185633405989
5.802813383282859 -0.07777813647577636
6.193210278126232 -0.9984247920916282
5.198087013476513 -1.0970639737228935
4.262262989493369 -0.7445963920419754
3.4356279868436004 -1.3073348502925353
4.355728465194899 -0.9156524410146702
5.2972990953528605 -0.5788368409841222
6.295557887536092 -0.6378231430285434
6.096991251716811 -1.6179105325706256
5.774721980413162 -0.671262489857065
5.52691071088708 -1.6400708169764555
5.104320547687629 -2.5463917060477943
4.358859480552313 -3.212940877066314
3.62173692604631 -3.88869996108853
4.1961353120040386 -4.707275855070973
3.933573385108456 -5.672190998772677
3.8411751654582167 -6.6679131332085175
3.0406609504682494 -7.267226900444843
3.5622704025623135 -8.120411276465719
4.090863828990986 -7.271536144578587
4.87980602235017 -7.8860035688881265
5.631867480471246 -8.545096554140436
4.689767187330637 -8.209765318398253
5.527312053626698 -7.663396764269161
5.861200699283177 -8.606009289277015
6.564413242346593 -9.316988979056044
7.064064602812802 -10.183215576422036
7.530377193887246 -9.298595563419031
8.334591180943772 -9.892935418234982
8.54969605588983 -10.869526372920944
9.102648739765389 -10.036313717355261
10.101181614569558 -10.090462567161326
11.06954692924336 -9.84092576158606
11.427878257848278 -8.907331278450993
11.834755731176196 -9.82081402141787
11.053301153857973 -9.196851888281254
11.848576452044915 -8.59060342428842
12.741084556685426 -8.139572069335129
12.117972640883853 -7.357439382135512
12.57811780156608 -8.245283079584972
11.635634609051372 -8.579536623810439
10.79354612658658 -8.040197224452164
10.389435903799045 -7.125486927233089
9.409954496989153 -6.923952380036551
9.29726829858888 -5.930321754154833
8.334741819937655 -6.201509471235218
8.964562204150502 -5.424768662708987
8.001312315872706 -5.1561617887596904
7.0161336094171585 -4.984630694358198
7.475804315115319 -5.8727201280995045
7.92218125103888 -4.9778750962222
8.127155710583116 -5.956642418385414
9.081912275969607 -5.659253950466113
8.108515824317562 -5.430126588697144
8.835592892627341 -6.116682439839684
9.689330458873966 -6.637385971591956
10.028212473085798 -5.696557092122511
10.693164700656922 -4.94967120053786
11.655639879986937 -5.22104092835151
10.656940383265262 -5.2720244084982335
9.850797234434904 -5.863744970582969
9.074497194674155 -6.494108554768684
10.025263443554492 -6.184199632680252
10.71114896315085 -6.911909089818218
9.712317409239516 -6.8635818003114455
8.969405972286715 -6.194192080607948
9.328708683554668 -7.127413148563177
9.47656806905384 -6.1384047552116305
9.983387975764163 -7.0004567154565684
10.807727507272569 -6.434361019666093
10.870380584127922 -5.43632565357902
10.779127229861516 -6.432153362239072
10.488606708505703 -5.475284600772199
10.81031014122246 -4.528444117175171
11.246642655325681 -3.628658622106284
10.379297141370134 -4.126365121381899
10.855708669381713 -5.005587536916031
10.94143510964426 -6.001906249698196
11.70834928040675 -6.643655931960432
11.823071863763534 -7.637053500342772
12.782436290898977 -7.919223477390446
12.025628653458412 -8.572861144536112
12.55814188335538 -7.726439464766095
13.17437944664627 -8.513999789813838
12.35093840500176 -7.946597947258314
12.474205810291767 -6.95422445567711
12.359933142388 -7.947673879336994
13.15717560323708 -8.551333103253356
13.959649752856565 -9.148019988640058
12.96139432911125 -9.088976708217452
13.47106220572506 -8.228605476975977
14.335553608180103 -7.725957871708316
13.742047153998621 -6.921128642091919
12.933828167525958 -6.332246591163976
12.260740548944558 -5.592683843513434
12.969188224761787 -6.298447182479951
12.350476631581351 -7.084065387757887
12.531793680040192 -6.100640694180298
11.767133127490155 -6.745073964095712
12.684659212335673 -6.34739836309905
12.496867826226511 -7.329607299783704
13.448602032438465 -7.02268385537761
14.37947954755329 -7.388015282787912
13.385784081299233 -7.275902302512951
12.608054151485167 -6.647303737233482
11.963961357991279 -7.412251103638021
12.92387316902647 -7.692553288850947
13.532495075232372 -8.486013669264672
13.95584805050305 -7.580048847469993
13.65796696771272 -8.5346518332791
14.400642913556581 -7.8650008499564965
15.393797331383718 -7.748192021735158
15.943874636691547 -8.583305761404958
15.261098945902528 -7.852677705505392
14.309143209743528 -7.546442050504254
13.460814567481961 -7.016972018567935
14.161915635930075 -7.7300339316027795
15.050576744727305 -7.2714693955652905
14.773732173912679 -6.310554683631674
14.522945631859388 -7.278597095060508
14.290187774144467 -6.3060623760545695
14.202914927016495 -7.302246821904924
13.213798846110752 -7.449384099620879
14.178643553436709 -7.712204743302247
14.70639630622039 -8.561602784228436
15.306985279817521 -9.361160715083695
14.652792971720633 -10.117488966590185
13.795119678649222 -9.603293942934723
13.018629274804097 -8.973164866684124
13.656329006870362 -9.743449912444856
12.657724473256502 -9.796260758355968
13.32428080244521 -9.050806091713875
13.962098250803852 -8.280618515490218
13.456971198406947 -9.143663509066345
12.575636570202722 -9.616156126075458
13.5255147267917 -9.92877648311435
14.524813185673688 -9.89132531389249
13.539358571278857 -10.061264135142773
14.497634961027853 -9.775420889902252
14.622525976121837 -10.767591356278265
14.012361462464732 -9.975316614617528
13.48367662285554 -10.82413481680655
12.588185600699246 -11.269214393104402
13.48928382576806 -10.835599369405001
12.565562125247935 -10.452535118934918
12.040787793500407 -9.601293730879252
11.827601787451108 -8.624282100024866
12.775826900375524 -8.941881116426805
13.542630932022767 -8.299999836866842
14.144233320477063 -9.098795534280196
14.696813419349679 -9.932255331948884
14.689325393907511 -8.932283367604395
15.126499955221465 -9.831660042274109
14.80059295769889 -10.777061876927407
15.787239111796758 -10.939940256720087
16.7528318067489 -10.67988113372099
17.71549952588327 -10.950567044947688
17.873934081316456 -11.93793652576259
16.883499713538555 -12.075921173910078
17.17807523563873 -11.120292971218566
16.479518929101925 -10.404737881377361
15.687650928231996 -9.794045594543588
16.547039505960054 -10.305368655309037
15.887138702797952 -11.056721388707947
16.14081323615511 -12.024011020165883
15.156929852900793 -12.202822340154407
16.153160621470885 -12.289564808151612
15.27351840981173 -11.813928834462288
15.301557019057542 -10.814321993553543
14.303563060801235 -10.751012758177442
15.043642072891428 -11.423532687892244
14.8668553833789 -10.43928349870731
14.897770602853326 -9.439761488341931
15.853727327721987 -9.14625383907469
15.394372178787627 -10.034506532370632
14.674264475386234 -9.34064422938684
14.315557587144351 -10.274094478906237
13.340774304822103 -10.497248131139544
12.779268047096423 -11.324720621639925
12.097322624101862 -10.593317558987895
13.060254958895401 -10.863060619341752
12.740853264942864 -11.810680035510632
11.74811245578894 -11.930953415110663
12.738271240991425 -11.791004924278004
13.681223090621687 -12.123934059799165
12.847032216192467 -11.57245823528914
12.589459911880835 -12.538717262699285
12.316024422155461 -11.576826919178442
11.64509692347503 -12.318349873317032
10.918018371302686 -11.631795593619522
10.189404629361837 -12.316720418001696
10.056485174652277 -13.307847260822388
9.575950490203061 -14.184822982858805
9.48377657843231 -15.180565906503697
8.484076312631254 -15.15608369750825
9.14433387214088 -15.907122947554738
8.86338146878219 -14.947401244639265
8.065738123336121 -15.550530661485768
7.266996130519177 -14.948856971757841
8.200788899883712 -14.591042684895912
8.274153550632489 -13.593737501905014
7.874044243360701 -12.6772700762785
8.848994216536136 -12.454845819945657
7.85090929721887 -12.516704480062453
6.903807749330009 -12.19577044013131
6.489795674151241 -13.106041829117128
6.156636911686891 -12.163171085593275
5.552957335592694 -12.960398135690504
5.2748929598215035 -13.920960576621326
4.379855028879255 -13.474970551873442
3.934943928208643 -12.579395813227881
3.548861871151435 -13.501860254395385
4.0270059025515526 -12.623578815882398
4.639385566228995 -11.83301499966368
4.0372815899028085 -11.03459731342909
4.554901169583434 -11.890208189196372
4.266617798635345 -10.932663047683551
5.26395988120874 -10.859801738827864
4.902579798497747 -11.792220333569409
4.000854797624892 -12.224530433845644
3.012372154844023 -12.375864715886921
3.1844423263553288 -13.360949410761464
2.1904125981980203 -13.251839834923649
1.5845759975722804 -12.456250736618344
2.2066321534360913 -11.673278106859208
3.0514472272279685 -12.208336506563413
3.7921660236818258 -12.880151707775731
2.7941880662005416 -12.816590741912362
3.4648887895520173 -13.558318818565665
3.967781573660374 -14.422667618351808
4.765878695253643 -15.025196442977268
4.636418378088043 -16.01678104666945
3.672093717223427 -16.28150344551085
3.8994113566402646 -15.30768277885299
3.0187118823146877 -14.8340073246413
3.8648339343761267 -15.366996511225175
4.800186794859958 -15.720712536285836
5.618265615624887 -16.29581865085589
6.618239107442511 -16.303099836341076
5.637178893290267 -16.109396826019722
5.202003067569883 -17.00974231565611
5.964452429139057 -16.362694426359838
5.45484766050228 -17.223103038463794
4.77480025843974 -17.956271184899514
4.817116832824232 -16.957166932315047
4.215516538742051 -16.158369657557408
5.190885867294065 -16.378947700254304
6.188580217367234 -16.31108030136445
5.33004703314957 -15.7983222964566
4.472289091225818 -16.31237610012576
5.461080452657852 -16.163072236956097
4.469807634172993 -16.031245838487944
5.2805478348771695 -15.445839717096861
4.290612519624992 -15.587360286685072
3.4833439359013485 -14.997176049575318
4.389780151204366 -15.419518786682447
5.175772866278927 -16.037754544180927
4.285595739794325 -16.493369165855448
4.185413489396961 -17.48833826924777
3.2717480469199693 -17.89480531492715
3.4221771139128196 -18.883426119787973
4.0175957137737015 -18.08001047957445
4.944420555124891 -18.45550443885255
4.179255184453087 -19.099338233806403
4.507085677497599 -20.04407479382205
3.5182345947885865 -19.89516698265953
4.436625066906186 -19.499491685574135
5.42235047674665 -19.66785265609536
4.628092643117698 -20.275433509742875
4.0428702706184225 -21.086306357189574
3.6870114954156064 -20.15176661372697
4.092308722839293 -19.237581644783226
3.109855516811194 -19.424090888428438
3.8105487145651837 -20.137553601274238
3.222066289673039 -19.329043591692994
2.5115375060026928 -18.625375454304397
3.12409144519773 -17.8349466646107
4.124055265231592 -17.84345305181607
3.1614552779883884 -17.572526374356308
4.065969984256614 -17.998968804403443
4.635717214183258 -17.177148815603637
3.9499162334439264 -17.90493794359125
4.945319546599087 -17.809166109737408
4.346231160715799 -17.008483210020074
3.347953390616343 -17.067147455734624
2.9525665155911116 -17.985662136650383
3.4353883034878656 -18.861380767908265
2.438744814298083 -18.779516517739978
2.2562351822998257 -17.796312452335517
2.7308037876536817 -18.676530969984682
1.982853167318166 -19.340285344388136
2.4433938367590162 -18.45264674011781
2.7859684265825146 -17.513156106632163
3.7315647828892073 -17.187813931469602
4.135293649130959 -16.272935249587054
5.012204095533304 -15.792281456311228
4.7712443884456786 -14.821746336101636
5.542785117880077 -15.457926265700046
5.242816932491538 -14.50397705963365
4.487729348573167 -15.1596009919396
3.5063835805820665 -14.967349896634637
4.070642035746546 -15.79294810143852
3.4784723549123298 -14.987134804761988
3.797789162123782 -15.934782828361618
2.8415900610998444 -15.642065764969313
1.8417059764985209 -15.626840215357767
1.8192547951828923 -16.626588155819526
2.8141766249055693 -16.52593750882071
2.8606069278652737 -15.527015976883858
3.8349824427692827 -15.751943422864883
3.770637911380816 -16.749871166381617
4.530978172854171 -17.39939613648102
4.254620092548114 -18.360450875530546
3.264015119986956 -18.497205357494053
2.384056899158226 -18.02215427645546
2.60498581603646 -18.997444189090164
3.604605162786153 -19.025033346448023
3.3783070868381424 -18.050975247142734
4.200674489127702 -17.48201843362213
4.449088360281548 -18.450672421699586
5.254765842534952 -19.04302687183043
4.854748308661499 -18.126519385448677
4.511278312088942 -19.06568303543437
5.213739094425371 -18.35396058301398
5.135153445547216 -19.350867948715727
5.247651463374435 -18.357215999598257
4.312836793231312 -18.002080064377385
3.31782505051244 -17.902322198263708
4.098356260539732 -17.277205385041306
4.27773445808022 -18.26098557504674
3.530755576455065 -18.92583333988169
3.874115346629854 -19.865037294422727
2.922877666519086 -19.55657842206292
3.922855018713644 -19.563308585356683
3.453521031417199 -18.68028785605956
3.239178931005736 -19.657046507923575
2.734247329765211 -18.793887149480025
2.511416428430146 -17.819030037175764
3.4967439019961803 -17.64835558145384
2.6822772866722375 -17.068145160552284
2.0549964267364915 -17.846938279909583
1.5655067420946795 -18.71894736737901
1.092146668476002 -19.599816393230025
1.1908068153164046 -20.594937579531187
0.315390094283869 -21.078306553025186
0.7003137610170418 -20.155358141255228
1.5482036607856133 -19.62518579392802
1.8002754709777897 -20.59289432572178
1.7888557868704489 -21.592829119003266
0.9047877271811161 -21.12547094175894
0.5165549053369907 -22.047032266925612
1.445230496063016 -22.417925307018937
1.8945728770965498 -23.311284934832457
2.69947244819221 -23.904695990046314
1.9519276608892941 -23.240484584711957
2.934905418842212 -23.42420918124126
3.7686240256679175 -22.87201964436773
4.75459588163006 -23.038931295400747
5.14140762069206 -23.96109000111459
5.977222519065431 -23.41207865728178
5.102419367483233 -22.927600127332457
6.032342468626225 -22.55984609817628
5.84323189279017 -21.577890299727613
6.491825371527636 -22.339025307028706
6.835847339699323 -23.277986906571137
7.83153504115131 -23.370755442062755
7.1672824605024426 -24.11826364208555
8.126484800954051 -23.835543161624447
8.353798964237145 -24.809364639704956
8.187049081752306 -23.823365412174176
9.168212602523393 -23.63018636178805
9.191504852217653 -24.629915060537954
9.370560448013377 -23.646076103383766
8.372418894143943 -23.585138114910954
8.187019518153877 -24.567801369226743
8.327613873231325 -25.557868653465725
9.070669447742926 -26.227098369771895
10.057213775783834 -26.06360436740388
9.31666364170136 -26.73560548266369
10.086158430916523 -26.09695239266043
9.515208871127554 -26.91793753270669
8.678984084081797 -27.46632435378309
8.476155806859522 -26.487110030992085
9.07120690215401 -27.290797901989794
9.932962974997622 -26.783475055158355
10.636830643853305 -26.073143931850595
11.41004506301252 -25.438999262233104
11.92037933131653 -26.29897538666599
12.531545676471746 -25.50747320817902
13.449009956556006 -25.10965504020593
13.73895953147431 -26.06669696405498
13.36953753679039 -26.995958708583267
14.257918037106732 -27.455066633430665
13.459147474021735 -28.056702393296113
12.500769328612828 -27.77120050117877
13.339225011594806 -28.316170287199267
12.807723275989357 -27.46911308426171
13.05728767155824 -26.500754879636823
12.426801289021165 -25.724554569513646
11.71423031496142 -26.426154602956878
10.780009946140366 -26.069458230001036
9.798332732901361 -26.260009664021624
10.480230479827316 -26.991457175971256
11.478587771130801 -26.93416215959836
11.53517378056539 -27.93255988772892
11.411272025086193 -28.924854377781735
11.420600703914674 -27.92489789085277
12.168813315627192 -27.26143885845187
11.274704469782943 -26.81358913836369
10.44175731744236 -26.260236591240506
9.6182194563383 -25.692975283439463
9.578938784102712 -26.69220350000899
8.85656289251404 -26.000702906190394
9.657324374407105 -25.401719559914035
10.623635008918876 -25.659098186900543
11.130563000318693 -24.797109781215557
10.156593882565263 -25.023790520720713
9.956237515548334 -26.003513607207797
9.249889326038014 -25.295649047298564
9.66857404572603 -26.203780703777827
10.43089794127422 -25.556585000550253
10.876866718832561 -26.45163351847714
10.016242234051468 -25.94239340203375
11.011311593172687 -25.843211899029985
10.24012322899585 -25.206604871925936
9.328281370839216 -25.617146496750333
10.176971063159346 -26.146037606667644
10.511496420137066 -27.08842435611764
11.482375495149324 -26.8488542793064
10.504470921226684 -27.05790605351839
10.154729941158257 -26.1210596163363
9.59779143065376 -26.951613344590548
10.595414493143124 -27.02052071131824
11.470666679780026 -26.53685387372513
12.275376749915461 -27.130521881135518
13.250834233664737 -26.910334012719634
13.931051244867303 -26.177323223119203
13.155777319402228 -26.80894838133725
13.450538486444689 -27.76451933862078
13.324872969144163 -28.756592006201934
14.199972638317593 -28.272649273006618
15.004054631225326 -27.67813085556143
14.004117061591696 -27.666956920033112
13.25194106010106 -27.007994658001696
13.413053504680414 -27.994930714796492
13.18141944670726 -27.02212772179797
14.116910487923906 -27.375478131170013
15.083863351854621 -27.630433340836706
14.590023124791623 -28.499986001768963
13.660059150957554 -28.867636661187316
13.62741173009929 -27.86816973031301
13.262447001544917 -28.799191076422343
12.851182999156403 -27.88767480101121
12.66948160688623 -28.871028554269458
13.421257579901694 -29.530447151517556
12.792596728223058 -30.308126734357874
13.753109294867945 -30.586363341074623
13.150714837424548 -31.384561886326036
13.515888059271106 -30.453622297498594
12.53954840956645 -30.23737963654893
12.864179550420939 -31.183220332642893
12.258861328861444 -31.97920390700109
13.112812575585346 -32.499556929687316
12.229893571128189 -32.96908225548815
12.873673213215653 -33.73429318878285
13.54260531048744 -34.477616704648966
13.319511221136748 -35.452413620573914
13.468565931898514 -36.44124257099948
14.468339863211664 -36.46250489134906
13.79120116304034 -35.72664948386041
14.500410072459823 -35.021651098897706
13.626254295949233 -35.507296729366224
13.834751207915653 -34.52927370422803
14.4770390483651 -33.76281018258412
13.477110957387453 -33.77480238312445
13.720497757780617 -34.74473169260756
14.129558007412518 -35.65723906910985
15.076254095834576 -35.97936717432014
14.757296073800276 -36.927136017540874
15.728441312956985 -36.68864718244946
16.72766433090118 -36.649234488929594
15.994881069078913 -35.96877237301636
15.33744923030297 -35.215258353661916
14.36835892327784 -34.968552097498964
13.372356003441757 -34.87923141860547
13.798406601053593 -35.78393075444838
12.925289741559608 -35.29641978055408
12.631333876342035 -34.34060078654727
12.570149030585203 -35.33872723878151
11.673123749096352 -34.896748003556766
12.659933530384821 -35.05863208416201
13.655482462581267 -34.96438600412407
12.717324649576842 -34.618178092748906
13.105441972503671 -35.53978806646019
13.826590276192762 -36.23256878507637
14.760250010325224 -35.87440750735403
14.78429349447565 -34.874696593704535
15.209155350524282 -35.779954790726194
15.33231512922164 -34.787567936263066
15.841217311373915 -33.92674358193714
16.68196577098356 -33.38531766118342
17.311176240903514 -34.16255262214639
16.975314183122705 -33.22064143835928
16.367918927421563 -32.42624166283581
17.318819404869323 -32.11674484219039
18.135363998802614 -32.69402720474646
17.43753648594068 -33.410293050848956
18.31569729445032 -33.8886585955924
19.247569129591017 -33.52587094024632
18.34949118753925 -33.086034595681596
18.713448117063376 -34.017450374725186
17.86659340919192 -34.54927469135235
18.80750522747594 -34.88792635636149
19.80099228403505 -35.0018713801647
19.88631528382512 -35.998224723967404
19.132064619863034 -36.65481130311196
19.31397084455132 -35.671495420285055
18.432007724218604 -36.14281384170838
18.052975609071893 -35.21743032354556
19.05138253421855 -35.273853827683425
19.786881478739502 -35.95137969627337
18.805318602393402 -36.14251922588243
19.672047093825984 -35.643738991571766
20.063532305322134 -34.723554592019255
20.271502374918008 -35.701689782139866
20.734951527376605 -34.81556626756337
20.73605982999194 -33.8155668817309
20.624622610200497 -32.821795405965396
21.078121336101773 -31.930538481388695
21.824343556494227 -31.26484155500811
22.817276256438607 -31.383520337362693
23.409158557061097 -32.189544742830556
24.04892821950016 -32.95811144717222
23.893288705514596 -33.945925367749545
23.419131335521552 -33.06548525707689
22.715647091335953 -32.354774402943775
21.78485649311186 -31.98922158561414
21.418763395023046 -32.91979981635658
21.54175067596903 -33.91220806336258
21.55371913444937 -32.91227968792681
20.57265636811419 -32.71858960426024
19.586625560529317 -32.552026563661414
18.593665062384048 -32.67047253920765
18.87115028456912 -31.70974263363122
19.870395858774813 -31.670906021648015
19.127312951617252 -31.00170665442606
20.126682998780463 -31.037196213919007
20.803963123396095 -30.30147097118186
20.061547387776493 -30.971410427778057
19.547398173607764 -30.11370967252033
19.479493941623154 -31.111401516367206
20.469696653353417 -31.25103886696523
21.423693554423245 -31.550855332072082
20.44983145180081 -31.777995388151613
21.434514128042217 -31.60363935266656
22.119636273448755 -30.875211150388843
21.211070182773113 -31.292952288983525
22.2088605069727 -31.22651081899916
21.216737681216806 -31.351779724215646
21.148447764517336 -32.349445242952854
20.424160893304034 -33.038943994357126
19.434284503679038 -33.18087613752061
18.855959052600653 -33.99668228645244
17.866305388984063 -34.14015920477125
16.912312656949226 -33.840329474382976
16.798388785492023 -34.83381895671895
16.507394867936753 -35.79054385968
15.565146818527907 -35.45562802938047
16.377488365991944 -36.038809999492486
17.346722027275995 -36.28495245790613
18.122093547436783 -36.916457806833236
17.15158344684017 -37.15751826530777
16.159822762037987 -37.28562269177579
16.542829038402175 -38.209368431828565
16.777426993158766 -39.18146091694715
15.838249269632804 -39.5248924292354
16.757743147946364 -39.91799675094134
16.409883509280668 -40.855543374735255
16.82147447726047 -41.76691205703537
17.089945249570825 -40.80362422652204
16.333596018343172 -40.149456174396796
16.76779331308234 -41.05027397464343
15.988229794275819 -40.42395079916132
16.365735974244966 -39.4979437343475
15.41572774487341 -39.81016859582768
15.825246046696842 -40.72247049787089
15.477945429708859 -41.660224346937774
15.539293662156082 -42.658340770194904
14.540358620630327 -42.61220203579594
15.540330272392698 -42.619731688618955
14.815064108335623 -43.308200272705356
14.51585862015198 -44.262388973037105
13.516011043468142 -44.24492978063147
13.96608778940768 -43.35193990232127
12.98598112539418 -43.153468425387366
12.711147697096589 -42.19197657066878
11.719885473249898 -42.06007052996361
10.808762106647581 -41.64793680065811
9.947563552890433 -41.13966812071944
10.941720813845253 -41.2476094959692
11.625855319706025 -40.518253630913854
11.759837940475093 -39.52726994924606
11.54081949696112 -40.50299066820242
10.681525886049522 -39.99150802895989
11.022414709623222 -40.93161164556954
12.022286247734154 -40.94763997285842
11.830172090437602 -41.92901255784653
11.195447859350471 -42.70175129148866
11.999566532574086 -42.1072824871153
12.993755769121847 -42.21492895446366
12.202223002415641 -42.82605568373543
12.44541931775756 -43.79603277222986
12.364390433606241 -42.79932101854518
13.271550400375919 -43.22010694355983
13.238446223745772 -44.21955885010143
12.238524715886518 -44.20702975913371
13.15018565481254 -43.79608653624699
13.874042756484107 -43.10613661316587
14.30369963350068 -42.203144382838076
15.081067860519806 -41.574098566047965
14.922578493446737 -42.56145925015726
14.01013690243769 -42.970666218569185
14.87675171692176 -43.46964393682597
14.41385881923759 -44.35605815448809
14.125076663892271 -43.39866332122748
14.378272987482283 -42.43124840418283
15.316058583276746 -42.08403351924783
14.356198779535415 -42.36451374522045
15.008294351292557 -43.122650517376194
14.825176362900274 -42.1395595743159
15.676343002454354 -41.614664011646326
16.205155547474238 -40.76592536386976
15.24276807269517 -40.49424476392128
15.661137119647659 -39.585967636304346
14.688140547050613 -39.816787197248395
13.849970895843201 -39.27137759356063
13.176647327722485 -40.01072553101172
12.196268591434759 -39.81360238819262
11.446878220943235 -40.475730829368935
11.859879827754698 -41.38646112576362
12.776955053620268 -40.98774690466834
13.708091355051952 -40.62307556201016
12.939559328103329 -39.9832642432964
12.558786854473098 -39.0585954791838
12.887152818877459 -40.003146056665386
12.771562045588073 -39.00984913573471
13.187631690007603 -39.91918188615812
14.133826392840698 -40.24277976058036
14.07893948361999 -41.24127233801707
13.647827005970761 -40.33897414361837
13.775714427354536 -39.34718545269081
14.424705014711048 -38.586389016367235
15.2414941378063 -39.163325345950746
14.254197092920549 -39.00444002516917
14.640638753054274 -39.926753878102694
15.629764078510581 -39.779678759401556
14.895106389277856 -39.1012407890231
14.106934132900458 -39.71669549432396
13.127464236198211 -39.91828597389601
13.899090637764173 -40.55436198854078
12.903818859628963 -40.65149122022505
13.85860430503308 -40.94878695387164
14.530173310145674 -41.68972897007269
15.455355028362575 -41.31020454625096
14.47663735931208 -41.51541595989154
14.245841312926496 -42.48841811044044
13.355263637748642 -42.94324929283102
14.350181133984883 -42.84255581894612
13.955528482246118 -43.76138620834101
13.402151988127462 -44.594317451455915
12.672490206180006 -45.278125673083345
13.26214432225266 -44.470469791288025
13.033430815013444 -43.49697601544437
12.92963237736855 -42.502377662166786
13.925156610019238 -42.40787103697437
14.537325121227722 -41.61714370477648
14.14167470275002 -42.53554489508408
14.013044649861024 -41.54385224637997
14.113679358043237 -40.54892880434582
14.587612495448601 -39.66836797097364
13.875983053902603 -40.3709229780193
13.559326055879986 -41.31946309082598
14.003523105967561 -40.423533974939296
14.794108179757854 -41.0358861947442
14.673567626966275 -40.043177790864846
15.66983874126856 -40.12945563742398
15.137792207902665 -39.28274052220911
15.518697899407513 -40.20735441685877
16.151169344639296 -40.981938092755975
15.91256429540281 -41.95305478526973
15.142308031008488 -42.5907892810917
15.989786588051762 -43.12161891040025
15.010028187203531 -43.32180251604096
15.694294366280033 -44.051034849506806
16.68059301356538 -43.886065220898715
16.228914892000876 -44.77824618600611
15.22940869117657 -44.746823988219205
14.636260734515004 -43.94173051444848
13.869075375650425 -43.30030505101268
12.903253438005095 -43.041098599003824
13.766101533026486 -43.546561916088216
13.377082318018596 -44.467791556489914
12.389664689955705 -44.309657348329075
12.761990593129333 -43.38155529476711
13.35651513995541 -42.57747783380875
12.541525770692088 -41.998001925778254
13.22092159113238 -41.264229945413604
14.209043170649954 -41.417904094481344
13.613187681205869 -40.61481242119656
14.050806999401518 -41.51397276971176
14.899777533301108 -42.04241295797364
15.508080198648363 -41.24870780659094
14.510510759192453 -41.1790284447711
13.554037227998487 -40.88720934991035
13.29494559077802 -39.921356605687706
12.443567264060839 -39.3968044683398
12.1936969502524 -40.36508378045861
12.888489362260094 -41.08429411423902
12.344850494404405 -41.92361335109505
12.055698759712758 -42.880896629087935
11.458593085257837 -43.68305921456156
12.428482983599816 -43.926603019849615
12.343143245759965 -44.92295493014308
13.016061815731051 -44.18323836402598
13.984871937641083 -43.93543411126855
13.177062841781336 -44.52487831104174
12.860275043806158 -45.47337474806933
12.011664139685097 -46.002392265177065
11.089648953158457 -46.389545976013274
11.469926921017953 -45.46467373231653
11.06130622633448 -44.55196943854094
10.180141114692852 -45.02477811657635
9.306555352744828 -44.538107882720105
9.703716940713383 -45.45585658091711
10.695161490222354 -45.325328019870284
11.352981173202775 -46.07850347398674
11.19350225982746 -45.091302138802966
11.230391076830472 -46.090621514768486
11.22706403969173 -45.09062704937186
11.949706112433542 -44.399404628798415
10.951846851673437 -44.46480260824193
10.918168773217266 -45.46423534086154
11.68617579335222 -46.104676764430806
12.405724232808215 -45.410234511053005
11.750337191270994 -46.16552771622904
10.858599573674908 -46.618080499188174
9.869282007326156 -46.47230411936695
9.532739219577893 -45.53063594425715
8.619684505364223 -45.12279885809137
9.471100497167512 -44.59830785826237
10.37030578965206 -44.160780896844244
10.784135463205654 -45.07113522417318
9.824449606456533 -44.79006040076186
10.739864275378748 -44.38754830911488
10.657476401161164 -45.384148649362615
9.672479207707442 -45.21157829012242
8.717191965896053 -44.91589892724366
8.22983141618384 -44.04269809433968
8.145698744971241 -43.04624353258855
7.183759360182971 -43.31950644626906
6.187362858034199 -43.234688933303325
7.1463240517964115 -43.51822628332648
7.2162906467110774 -42.52067694840812
7.878517621613463 -41.77137364952867
8.275371302765846 -40.85349176401409
7.359951733158052 -41.25599271007395
7.966444233386704 -40.460903503024575
8.68667208768462 -39.76716591726652
9.056516050477782 -38.83807203439706
9.359367113263932 -39.79110993173866
9.999077133690031 -39.022493584159164
9.417996255645523 -38.20864776757532
9.304193130355618 -39.2021510884929
8.37848641062685 -38.82390901118128
9.337409228745395 -38.54024190189367
9.803191080348544 -37.65534232187505
9.436526360309362 -36.72498917221703
10.128792664397375 -37.446631302517304
9.671924193690513 -36.557097042089985
9.21377123100705 -35.66822367496486
10.208863259103213 -35.76717748044734
10.086165403763935 -36.75962155257188
10.977691741904573 -37.21259041287195
11.554967588679748 -36.39604121243758
12.517947621945819 -36.1264684847167
12.308644519458646 -37.104319297105405
12.805862687107295 -36.23669374782731
12.10102939384137 -36.94606673061134
13.069563345076121 -37.1949481989966
13.451539593294825 -36.27077605821504
14.225083497791996 -35.63703334400424
15.155203416885724 -35.26977738951871
15.716158961528231 -36.097623315361695
16.467530263124832 -35.43774365425898
15.510045240156158 -35.726226636063245
14.510109493688226 -35.71489072253059
13.510112816799722 -35.71746874734578
14.379222690384465 -36.21208782061076
13.410692285281092 -35.96319255269613
13.028302419402786 -36.88719362979159
13.851910472791973 -37.45435302043277
13.874122202516078 -36.454599731334575
14.249534389298999 -37.38145769780779
13.343448461003442 -37.80455141147508
13.239867922829498 -36.80993034186535
12.532146550570141 -36.10343868639635
11.813858548533588 -35.40769279447148
12.619162056861205 -36.00055556061153
12.738389309360512 -35.0076885693879
11.875855766801246 -34.501688680099214
12.123294425118793 -35.4705922410226
11.766254421941738 -36.40468133534462
12.40998660825051 -37.16993219114952
13.378545038925173 -37.41871837719897
13.164740010029158 -36.44184202390815
13.921486773945105 -37.095550166203125
12.922275169150765 -37.055849173214014
13.403339093490262 -36.1791636533729
14.06626269552311 -36.927850702725166
13.153207275824855 -36.52001519598299
14.144014102443505 -36.65529946086949
13.76724125592963 -37.58160514590539
14.760674340763488 -37.46719052289993
15.638726600819014 -37.94575528195703
15.810441407835294 -36.96060857965764
15.833504174972271 -35.96087456064459
16.830279183897154 -36.041121564219786
16.841294170399586 -35.04118223102384
17.736656294960753 -35.486521052486005
17.00924754139054 -34.80031663306754
17.318467113231343 -33.849325962035174
17.052739214799303 -34.813374033448056
16.709456833286737 -33.87414179031377
16.080206549458712 -34.6513445182441
15.083213910660824 -34.573848207474974
14.99872799435184 -33.57742353398208
15.546494389239875 -32.7407922073923
14.862811875167983 -33.47057177681881
15.724041130241885 -32.96235512006221
14.80653806933602 -33.36008383819603
13.809440073132615 -33.43621258419356
13.237025818933327 -32.616247998623265
13.69803605739033 -31.728853182299765
12.712435616482466 -31.897944195905524
13.712146425282551 -31.921992039224232
14.666686552678255 -32.220074486193845
13.700905307541367 -31.96071645847571
12.806733524855067 -32.408440506352974
13.756922496380973 -32.096766127568735
12.782744865853614 -31.870983169442795
11.990295625284634 -32.48092103605025
12.90376213151223 -32.07400711149083
13.258485407104452 -33.008978446748294
13.668692446093274 -32.09698602070298
13.547580143283358 -31.10434720919696
12.552425024674413 -31.20266450119799
12.070442339466782 -30.3264837600492
11.277330678260359 -30.93556002198886
12.111426607469484 -31.487179438685523
12.414710305137849 -30.534279129771413
13.150371217406144 -31.211629129520862
13.777784144838478 -30.432942402723242
14.776450320012355 -30.48457447186227
13.886704010185124 -30.028119102577577
12.903149521016577 -29.847507456119217
12.914722748727344 -28.847574428161668
13.784586685864262 -28.35428269817964
14.106840208789135 -27.407629294360426
14.042044611237847 -28.40552785159857
15.04201521482371 -28.41319544340582
15.296997146931071 -27.446249625741356
16.28001744060879 -27.62974649824269
15.30932323339234 -27.38942846713303
14.419596216459336 -27.845921441163846
15.388281259743493 -28.09421418555556
14.564552338105337 -27.52723035540091
14.006824874755734 -26.697206213206467
13.049567051707267 -26.407970219228346
12.16102867824477 -26.866772528381887
11.715967893373564 -27.76227289006234
10.844797617879191 -28.253253898956835
10.469318734812783 -27.326422949769658
10.623242522468585 -28.314505672821575
11.416861089131512 -27.706090049544294
12.288297164768796 -28.196599138224503
12.94999324170996 -28.946371304792905
12.189993404842962 -29.596294567926435
11.405916829261956 -30.216958666795673
10.880038825688885 -31.06751867370759
11.317783171882889 -30.16841918679016
10.344360696929053 -30.39743596620763
11.122344879581679 -29.7691521039747
10.164767954123015 -30.057329882141467
10.388142596748724 -31.032062547558933
11.388016207796657 -31.04796103585075
11.8353256298691 -31.94234030714745
11.876641723804745 -32.94148643278769
12.684631656637366 -33.53068272303496
12.937158563798198 -34.498272595429135
12.206377739025235 -33.81566041699679
11.90735813961553 -32.861413447303484
12.865418760659054 -33.147979053065406
13.8054830180588 -33.48897640196927
14.385963697835525 -34.30325042243532
14.103411140582674 -35.26250224150572
13.745297909217761 -34.32882407772476
13.401499515783323 -35.267867561633736
12.420379413875887 -35.074468115840475
11.457042058427957 -35.34276112655561
11.604644615844634 -34.353714370813464
11.09087527108238 -35.2116427246884
10.299847374501317 -34.599862644242386
10.398871213958621 -33.60477758294404
10.123215085510612 -34.566033895718654
9.204577348972576 -34.96113478031432
9.755987076807667 -35.79536934687748
9.27627019682344 -36.672792685442275
8.865353196862559 -37.5844654442451
7.899928235554372 -37.84514655994603
7.181971701628519 -37.14905862340843
7.434907946210655 -38.11654157218669
7.25380745507268 -37.13307697592021
6.475621214200355 -36.505043398380764
6.466954515275997 -35.505080954921134
6.479230774650744 -34.50515631103252
7.479092000230723 -34.48849709191211
8.188161210863182 -33.78335820166916
7.377517307130139 -34.36889766348233
8.18540317194825 -33.779558686808386
9.173980744000996 -33.93027160607643
8.18031586312454 -34.04265534383585
9.177925304645651 -34.11175962870976
9.81936313920927 -33.3445846132209
10.184426376707425 -34.27556733735029
10.795640350876331 -35.067032736329075
10.333992900299648 -35.954096224122395
