0 0
0.3738837537722393 0.9274755730827522
0.8786960412917717 0.06424642947759274
0.27054027688096194 -0.7295712865088317
-0.6445086425810735 -0.3262284112880573
-0.18519285857619888 -1.214501460842071
-1.1514112744882479 -1.4722260672583203
-0.21527420470714775 -1.1205907638804375
0.678843242803323 -0.6727582169866677
1.4413568459174644 -1.3197303995926044
0.7663872886269102 -2.0575759774278266
0.5898965655408502 -3.041878280922317
-0.0052504280754009924 -2.2382614219717736
0.27165623664554384 -1.277364601791208
0.7196112012053689 -2.171420724037572
0.17020094482269443 -3.006973457371336
1.1039892240340994 -2.6491474527162757
2.0394226156862274 -3.002650450981066
1.0394402262441227 -3.0085851629082554
0.4948992946427083 -3.847319431798387
0.8172432808222596 -2.900696827708522
0.15946841928864064 -3.6539114263020624
0.48159032510422356 -4.600609624142185
-0.3290579442365645 -4.0150762062958725
-1.3276468307974365 -3.9619703155009915
-1.8802040302908134 -4.795445294902315
-1.9811961234152224 -3.800558066556132
-1.962093958542844 -4.800375603558353
-2.377135354586577 -5.710178131346702
-2.503816616397731 -4.718234656190011
-3.1415713980930953 -5.488474124423559
-2.169012629823903 -5.255816774952901
-2.8085372738782004 -4.487046178710287
-1.8453242500429474 -4.218307140395887
-2.842497044013161 -4.143164482965916
-2.7150310549585446 -5.135007424985633
-2.2012640771308365 -5.992937196291994
-3.1485302592403444 -6.3133849771107675
-2.706125715069582 -5.416569377727561
-3.5031968032801104 -4.812683891613775
-4.143282717096945 -4.044380551172469
-4.53224824561062 -3.1231282417435713
-3.5433003182351603 -2.974864972725978
-3.860933897909837 -3.9230785083091035
-3.7080745307102663 -4.911326459918085
-4.316387711521924 -4.1176293677911175
-5.0491048451101985 -3.4370960459425963
-4.713323443819234 -2.4951561059532805
-5.694880678752752 -2.303987608157056
-4.701654859091849 -2.4201877422315357
-4.976090563434254 -1.4585822908211934
-4.267367350131685 -2.1640689362837993
-5.11182764164322 -2.6996870988401604
-6.106919996314245 -2.6007365774909723
-6.908918751402154 -2.003410873341683
-5.968319579030265 -1.66389180622863
-5.854755490474155 -0.6703611334306434
-6.194227108642351 0.27025516477934775
-5.987833479085688 1.248724208581157
-5.009094531942933 1.453834114109616
-5.743887278931236 2.1321258057684362
-6.7070167682857145 2.401164068355344
-7.6974349144535825 2.5392651028967386
-6.764862200088259 2.178282925467862
-7.601684081186098 2.7257581662923878
-7.712223049324043 1.7318863755049652
-8.465815617164212 2.3892281752530566
-9.35624776489952 2.8443441937356937
-8.382044361071054 2.618672467617795
-8.091038375435412 3.575393699912881
-8.76969765491291 2.8409404458666603
-8.040861293374633 3.525628373392511
-8.004205852974488 4.524956336920537
-7.102272430022213 4.093081238585855
-7.995670312735778 4.542347555109717
-8.97143007022449 4.7611920105239935
-8.182136694547394 5.375208270172104
-8.829341485685548 6.137524450197045
-8.831862138211209 5.137527627046668
-8.69485476523687 6.128097654733086
-9.684443448647512 5.984173238230554
-10.27337411464071 5.1759896757567745
-11.258374628984921 5.003438272570248
-12.256952530278923 5.0567503260597295
-13.25680619088152 5.039643094267674
-13.177291225754304 4.042809421922675
-13.210408700001823 5.042260887927635
-14.185398083262609 4.820009448047592
-15.176690485977423 4.951688498469022
-15.228683551306414 3.9530410525915016
-14.228883043665205 3.9730146581843946
-15.139390497044182 4.38650731512201
-15.779287623483992 5.154967898089071
-16.550833676972875 5.791141370772213
-16.117906136188527 4.889712646784332
-16.911719276926846 4.28155091040891
-16.327518652955657 5.093160195072211
-15.473903937242952 4.5722552928887925
-16.30351044351249 5.130603790473632
-15.303840617287683 5.104908683241639
-15.506608871723444 4.125681929627812
-16.329294058152982 3.5571847141294475
-17.1236355191918 4.164656230560231
-16.95912142329885 5.151030962724699
-16.712988551361924 6.120267058499139
-17.706463062071833 6.006212700538952
-17.01610328643737 6.729678926555023
-17.83157814207533 6.150886425029432
-16.87174061233842 5.8703299841685075
-15.934450646127493 6.218880581987988
-15.019111609907055 5.816196526218406
-15.265690312005521 6.785319296393287
-15.770248989555572 5.921941892873283
-14.891499990961588 5.4446577034535295
-14.949764384805885 6.442958890676081
-15.924846478901278 6.664803227485796
-16.769970146896686 7.199374070119385
-16.901460291760525 8.190691547925404
-16.569335286049878 9.133926927129187
-15.600283997704349 9.38078640245041
-14.653847065878148 9.057897669176226
-14.988440620788069 10.000260207169298
-14.295729990079794 9.279044579146898
-13.449963606280129 8.745491185347891
-13.448693380870068 9.745490378611269
-13.277398635449234 8.760270550252535
-12.309245446153819 8.509912003250212
-13.268468617269582 8.227262205807122
-13.534299763404173 9.19128181232183
-12.619195442537263 9.594498977049115
-12.73173406193456 10.588146328549712
-11.782780323199098 10.903561613119104
-12.302290797660055 10.049097531413295
-11.70484484937961 10.851006715101374
-12.035476374701997 11.794766639267998
-11.172652501883825 12.300271302446342
-11.541766240495354 13.229655532981926
-11.339362679001667 12.25035333330367
-11.260881324056864 11.25343775165895
-11.428429790214185 12.239301591896703
-11.913876976923886 11.36503559752449
-11.467336007823047 10.470272409348711
-10.51412732141261 10.772585492346604
-11.41677836503817 11.202958694860062
-11.136573313960248 10.243018525187795
-12.128264057565774 10.114373785508633
-12.927093181604649 9.51281578282952
-13.812374651739733 9.047760174718547
-12.821348829317998 8.914089612165217
-13.068305970146438 9.883116015620686
-13.750145915400607 9.151614621872326
-14.738370806099642 8.998606238432464
-15.306609463451919 9.821470035357862
-16.04788472738711 10.492671184848692
-15.944280595628872 9.49805257257431
-15.155922620269921 10.113269365817096
-15.807678548258455 10.871698143179747
-15.697549489775165 11.865615438772084
-16.69534388673594 11.931995717422305
-15.96453010083862 12.614572607114905
-16.464313105790172 13.480723256806744
-17.31363837820376 14.00859310974361
-17.615000374621694 13.055083305328889
-17.549704872235363 12.05721733368334
-16.562270725589467 11.899186304965276
-17.491142683690185 12.269587284248725
-16.539528109423475 12.576881446320161
-15.945788315411194 13.381538551555835
-15.919223798972473 12.38189145059151
-15.67046808672584 13.350457708327486
-16.278415973655996 12.55648077744274
-17.120012720162958 12.016374383971142
-16.120550043525043 12.049151784840884
-16.736774563934226 12.83672231529925
-17.558152180915627 13.407107106753191
-18.530202121916975 13.172332933984386
-18.954351479577703 12.26674068446146
-19.094732212685393 11.27664308837704
-19.425663323964432 12.220298003898398
-18.876964419597233 11.384277960869383
-19.806658645248945 11.015945710326662
-19.05182274895813 10.360032019609015
-18.082825300575898 10.112961290811116
-17.46099642223495 10.896114434239166
-16.869383983022196 11.702336935642306
-17.67020293791285 12.301243440439041
-17.11906976150658 13.135660735240828
-17.42883607743866 12.184848014714925
-16.560854190954892 11.688252158171519
-16.484588116388668 12.685339659783217
-17.394553312657113 13.10002428884503
-18.342141676760924 13.419518095068344
-18.096346686501782 12.4501962585437
-18.597188272607568 13.315735226832846
-18.793366286773203 14.296303524687731
-18.826461120714637 15.295755740637244
-18.729123897364808 16.291007198787668
-19.470249420344636 16.962373685282095
-18.681439664575716 16.347736256220234
-19.578153017395493 15.905124504371376
-19.766942262284932 16.887142132020735
-20.179283697408678 15.976112746720739
-21.06904989223812 16.432529353056154
-20.181902957093737 16.894016422716756
-20.75261486326859 17.715166786627208
-20.66330955108866 16.71916248883706
-21.35138642461484 17.44480028837512
-22.350509199892024 17.48667725008937
-21.545719644564986 16.893116999030973
-22.51955117217525 17.120388105492516
-21.86423742760235 16.365031304918215
-22.863787990325527 16.39500917275069
-23.832489061678128 16.643239377118178
-22.934084573392656 16.204070417117
-23.745793899484823 16.788132031961702
-22.91427113716362 16.232641351804315
-23.675011753748908 15.583585333977322
-24.286272396110938 16.375014690963248
-24.36404868380461 15.37804385434234
-23.39162150144376 15.611250575955868
-22.990442205325998 14.695251027721014
-22.960997755328517 13.695684609535435
-23.742576345772825 13.071877822974814
-23.683778690562026 12.073607901690139
-24.63245290155646 12.389862927569716
-23.641524200434738 12.5242515777349
-23.50997612560609 11.532941785586715
-23.04112854448334 12.416220872668111
-22.154052011789577 12.877843256380183
-22.747773118287082 13.682514150410393
-21.76349163953698 13.505907325543644
-22.58580802709189 12.936876782638748
-23.24404811754735 12.184068717248117
-23.537215004822194 13.140129999910258
-24.472455876993592 12.786117978899552
-24.2140290423505 11.820087145470126
-23.255572925460644 11.534847120234506
-24.080851091842 10.970120683723673
-24.911700086483243 10.413622751918322
-24.155254335314662 9.75956631281004
-23.2668177632073 10.218565721679068
-24.140780403390806 9.73257261106589
-23.636759340746675 10.596263972844552
-22.87301074950888 11.241777790963328
-22.779209913407172 12.237368772816128
-23.55265441346991 12.871232800287874
-22.893395266667092 13.623148604987323
-22.320594265617746 14.442843068306958
-22.553414532514655 13.470323287879818
-21.55836962561863 13.370896765963975
-21.636510941892784 14.367839058522046
-21.657186680651954 13.368052824456601
-21.11520035352271 14.208440128742518
-21.303431537945517 15.190564877036127
-21.637198296904845 16.133220567420366
-22.58717481841964 16.44554189005244
-23.53116898636182 16.775504025594007
-23.52694398357573 17.775495100229904
-24.4058934357006 17.29858015958599
-23.89170069255778 16.4409054992985
-22.89332460391644 16.497872030079463
-23.891172412723655 16.56344451255984
-24.78263134728632 17.01654601111
-24.472074885033884 17.967100945742004
-25.413539428584002 17.62998892691448
-25.881574275322826 16.746278916651967
-25.22798914737762 17.50313192782973
-25.503153192406973 16.541734638295853
-24.568870478594764 16.18520159540685
-24.93639633508488 17.115214898973633
-24.29235407207057 17.880204809659656
-23.706393136987487 17.069865508776033
-24.049995867126185 18.00898060493903
-23.051998267228253 17.945728801818742
-23.201523752814452 18.93448667367626
-23.99607166353815 18.327285209939053
-24.775365835804894 18.953943484496317
-25.630700719503054 19.472018997070553
-26.04660272856144 18.562609562953444
-26.964312034913437 18.95986216399582
-26.96995116958267 17.959878064042133
-26.25408666515881 17.261638841922682
-25.801878333081717 18.153551183131196
-25.7444332535387 19.151899851100605
-25.332077308430232 18.240877033310785
-24.607779827532198 18.93036463955528
-25.048891681278683 18.032912505742928
-25.999917096673123 17.72379980902241
-26.659398827622724 18.475520399763223
-26.184114256420365 17.5956882701061
-25.688617925356333 16.727078239135878
-26.33199161836381 17.49263051765507
-25.44686707131843 17.957984722769528
-25.013305551046994 18.859108692121094
-24.032512236288152 18.66405876588587
-24.11633443247477 17.667578038813613
-24.066783314347177 16.66880644996444
-23.829698353466497 17.6402953697799
-24.77495358175701 17.96662733785758
-25.747083390977522 17.732184095206208
-26.17394119587201 18.636502852282856
-25.190187010329044 18.456982094634345
-25.303176540660683 19.450578273187503
-26.302206036418355 19.406532085995273
-26.657075042548687 18.47161605314095
-25.95313518657132 17.761356467379123
-25.524196597737276 18.664690119475104
-25.652333259662125 19.656446639933
-24.711115217189185 19.994246279547088
-23.805793545331685 20.418972862733426
-24.606753883349192 21.017690272638035
-25.144291647246966 20.174450595924597
-24.944755259008172 21.154341013149207
-25.41831289698536 22.035103843605548
-24.548469796884003 21.541775371686416
-24.269237647524765 20.581551748375563
-24.708345634289373 19.683117456977726
-25.50404497247992 20.288809262439155
-25.11012609081521 19.369664053743584
-24.365637439488697 20.037299169690932
-25.278756077582056 19.629605224719302
-25.06153577363615 20.60572782949477
-24.942637162516423 19.612821428934375
-25.84119573771915 20.05167503428546
-25.57386692297429 19.08806966650926
-24.807405439643404 18.445779393680674
-25.792000250783897 18.620630924629687
-26.65885630424691 18.122072419963953
-26.320568204238974 19.063115012726374
-25.361078313579537 19.344858068936006
-24.751506497690386 20.137588919397626
-23.752263321692737 20.17648718699575
-24.751568552212696 20.139217141980296
-23.751631911643138 20.150473910898093
-22.864551272510546 19.688859418408835
-23.357145304021216 20.5591186442261
-24.35485806008395 20.491522369256923
-24.011298339889883 19.552391537764223
-24.990688473613105 19.75436917505512
-24.01387474998757 19.96846015883728
-23.194609950741484 19.39504478695031
-23.076391092979854 20.388032350653674
-22.07854136101199 20.45357556091727
-21.134327494367497 20.782908483711598
-22.11795906357674 20.963099871005667
-22.784795838961156 21.70830367869516
-22.70297807080879 22.704950984824347
-22.908424816680558 21.726282688305705
-22.036848733826496 21.236022418860212
-22.61083272759486 20.417155900496127
-21.624395665931125 20.58129585107554
-22.619814683760755 20.48568738417489
-23.59233950284711 20.71848660294732
-22.926416931588975 19.97246573923843
-23.791845817813407 20.47349751756026
-23.22946538975477 21.300376138723358
-23.985275807587566 21.955166648959576
-24.465992126168985 21.078290476943522
-24.346315353974557 20.08547756899101
-24.12445800788629 19.110398434773344
-25.11346485300172 19.258268175811946
-25.782564046488158 18.515095067259303
-25.553399646456494 19.488482799747302
-25.68900022767548 20.479246385257525
-25.667004744167382 21.479004455345105
-26.6342069273517 21.224996705771407
-26.936152640158223 20.271671584672756
-26.021595913975794 19.86721392978849
-25.021614573451348 19.86110503439467
-24.251233752465588 19.223521008044177
-23.342118418192065 18.80697652183803
-23.029536386361432 17.857085752656314
-23.678553400794254 18.61785964480608
-22.68147427290392 18.541484172791495
-23.43335793557691 19.200779977271885
-22.801170188268873 18.425964739841962
-22.157914412014794 19.19161610065559
-21.492705174014915 19.938273096658186
-21.763181777489464 18.97554654826925
-21.649676056792632 19.969083890984205
-21.419164580779288 20.942153497654843
-21.011642460028387 20.02895816197978
-20.63840214583258 19.101223465065292
-21.256939421259577 19.88697892251204
-21.1832897253971 18.88969474921971
-20.480506172685615 18.178291011502353
-20.102113219766636 19.10393606938429
-19.52785064310416 19.922607244548637
-18.66991605899109 20.436366185475936
-17.867064568390653 21.032545255924283
-18.865135568003716 21.094628101633745
-19.799954036410263 21.449754038627987
-20.697484879920022 21.008802357659814
-20.578741635426567 20.015877364577673
-19.71820628353855 20.525268087059903
-19.85762500038104 21.515501605677603
-18.890292079366386 21.76901101363173
-17.92127711197484 22.016013023686643
-18.899503754092077 21.80847354153436
-19.15350908244036 20.841270722488282
-20.141283705578864 20.68538199972877
-21.128170200321396 20.523966243079055
-21.588549443766833 21.411688582667626
-22.47533816133255 20.949513539639394
-21.663199236006264 20.366049431086125
-21.586513671870883 19.368994104510293
-22.30134525650994 20.068290755154646
-22.16449554670479 19.077698933602374
-22.877722567151356 19.77863203833129
-23.569127931629016 19.056164999656502
-23.9525259448401 18.132581780089478
-24.456011749356946 17.268578282035204
-23.67621553188486 16.642544849049212
-23.138233294598482 15.799588674408831
-24.138090970326633 15.78271774415881
-23.93346739083827 14.803877005980546
-23.446410785169462 13.930506601813804
-24.428471315330974 13.741940658178981
-23.785279051612676 14.507645374040738
-24.237102444331015 13.615537969188335
-25.060660742351278 13.048306332410228
-24.26681935859908 13.656431202352573
-23.536927781360404 12.972868267813228
-22.71880697503969 13.54791465399885
-23.30212052967989 12.735667587538765
-23.828908300639238 13.585664437160974
-24.808043408262662 13.382454100270184
-25.170758395010242 14.314354222809452
-24.892246495712207 15.274787001274142
-25.643527776503877 14.614804852173101
-26.636330194851052 14.734568611816837
-25.68002960283092 15.026953935836264
-26.57053925424009 14.571989584763433
-25.64433256157643 14.94900571500861
-26.317706433889704 15.688307837341442
-27.143610213447083 15.124496745828658
-28.04303816540788 15.561565801278261
-27.342449109216993 14.848000825718527
-27.117688296900432 13.873586859661595
-27.597185586606468 12.996043499385554
-28.06425600756185 13.880263620095644
-28.17146983930854 12.88602763488781
-29.10413478046545 12.525283809525856
-28.28688250304265 11.94900374302412
-27.411581868868616 12.432582898710685
-27.448099758978074 13.431915898116765
-28.433042347511396 13.604797641783588
-28.80938859847061 12.678318554383907
-28.052618442573124 13.331999616632844
-27.840422143552782 14.309226678621034
-26.892126112074635 13.991839475534965
-26.596867126418495 13.036422220410635
-26.775910315929966 14.020263435388722
-27.036794214224578 14.985633619106142
-27.981863519895345 15.31250363528838
-28.981781062255543 15.325345304975198
-29.944316076151086 15.054187883861362
-30.90132469593454 15.34424736338266
-31.521284427353564 16.128880992166728
-32.026288954886056 15.265764298334613
-31.183250171131125 15.803617074738163
-30.907192610314652 14.842475970052666
-31.78339283042051 15.324423243399501
-31.019967317916144 14.678527364129906
-30.127803975326298 14.226814435226034
-30.034147851067743 15.222419040673833
-30.952647439179955 14.82699710572624
-30.0938295329092 14.31471612436082
-30.810169497513513 15.012467552242333
-30.399209980286003 14.100813958381083
-30.890353320630002 13.22973519085444
-31.546847733137074 13.98406607736711
-31.046060883802976 13.11849543811574
-31.062500809775123 14.118360293400709
-31.97762721290575 13.715193248252918
-31.428544727327782 12.879425084207696
-32.41601244379286 13.037246213779293
-32.36222774787427 12.038693658084329
-32.2049569201095 11.051138147374077
-32.802632732625746 11.852876024197322
-33.29122267491387 10.980362489462822
-33.176770934362786 9.986933680194221
-32.87894080765795 9.03231479517938
-32.204393878160545 9.770546764079144
-33.176549987408514 10.004880925591836
-33.26866574605213 11.000629230641618
-34.11066919459914 11.5401013732356
-34.15148676023984 10.540934757332543
-34.11162107760468 9.541729709633106
-35.03695672369291 9.92087868045919
-35.94827341355629 9.509172607178193
-35.31333417246873 8.736610531920057
-36.307069021611014 8.848373896222304
-35.327418003802585 8.647665442720932
-36.23239098242626 8.222196398064339
-37.228748092457536 8.136917389567968
-36.642489167057136 7.3267936506315205
-36.014908926557595 8.105345538263002
-35.052199594002545 8.37588341178796
-34.34555352370266 7.668316219692583
-34.96093679195106 6.880088185961278
-34.8334350791945 5.888249835601632
-33.89204697468821 6.225575252215996
-34.79565127880637 6.653943390129101
-35.49568583914232 7.368052355438493
-36.352863331498554 6.853031242669444
-36.86314067684352 5.993021341082438
-37.863017129066115 6.008740128909806
-38.84792666376244 5.835670176392728
-38.92833919508742 6.832431845401881
-39.91865778696979 6.693618709956697
-39.06490449174686 6.172940968070236
-38.418363944307146 5.410061344200022
-38.45413810748551 6.409421243960308
-38.3189751045468 5.418597867855066
-37.484633036610475 4.867350814645945
-37.62078348192099 5.858038987706343
-38.260701044044744 5.089595421993424
-39.19848194093509 5.436822997838926
-40.145286423931005 5.115013627281071
-39.78092641809413 4.183755453546979
-39.04859457055575 3.502807536976979
-38.27284131080123 4.133843890906164
-37.417708817830764 4.652253400334865
-37.927337479793096 5.512647860397507
-37.75497198502971 6.4976809239111
-36.80619512532917 6.813627866445403
-35.828938144645974 7.025686334104588
-35.38490687998915 7.921697626448198
-34.39900492924411 7.754373559090513
-34.46241159055841 6.756385785968531
-33.95017363884194 7.615229357768027
-33.46240400179519 8.488201740593098
-33.448005734995135 9.488098080176934
-32.61349030095061 8.93711351565495
-33.08972515526804 8.057795391462541
-33.72033313283544 7.281693865482627
-34.712650316818625 7.405413736043826
-35.61887111812403 6.982608982899552
-34.63730429948782 7.1737282664698
-34.83312756353452 6.193089062043371
-34.44499676277383 5.271484764364119
-33.44500750598656 5.276120097149777
-32.54860586559759 4.832877388120109
-33.54011573549827 4.962908837737215
-32.6920096292976 4.433082420289821
-31.708941500375467 4.616322846772437
-32.70791798055094 4.571090203070907
-31.726096038779268 4.381285896861318
-30.79081930412118 4.735203160649487
-29.811614624223164 4.532328335040626
-28.981267220466624 5.089574410912652
-28.275278851629377 5.797797838276166
-27.88373645242763 4.877637770881726
-26.93000081846292 5.178284308373725
-25.93175338998727 5.119106005409198
-24.979860529280018 4.812674966291815
-24.61064092907343 5.742017145913126
-23.68553852820696 6.121734867268198
-24.27080829740585 6.932573505507568
-23.948161202481455 7.879092840828748
-22.980741485991647 7.62591485571397
-23.858920918902374 7.147583502348339
-24.85060053536473 7.276313989386467
-25.815812074893316 7.537784224711359
-26.74545176655033 7.906254092808941
-27.640843960089583 8.351532454902774
-28.51080737529491 8.844648725374846
-27.588144256710837 8.45904171090971
-28.524272092464052 8.810701596492363
-27.58305192894811 9.148495326142603
-26.673169778122645 9.563362138034353
-26.251103562237077 8.656797132418077
-27.01259905781734 9.304967333993996
-26.430661878237352 8.491733592058452
-26.559136240959905 9.483446422530577
-25.851469392948786 8.776900152123599
-24.92349960818637 8.404244709968259
-24.099294789389905 8.97053652226355
-23.12303612692089 8.753928526210284
-23.45451436531707 9.697391391123242
-24.433264211512853 9.492333500341795
-24.416213576960132 10.492188127705868
-24.965385806285763 11.327897325057144
-23.96792720717288 11.256648865033322
-24.122856377424277 10.268723284736296
-23.227246509308518 10.713563665247863
-23.451267946092102 11.688147882163682
-24.40439799004872 11.990708817030123
-25.152928166758265 12.653809544337204
-26.15186606386766 12.60773267683674
-25.94282283668067 11.629826275810933
-26.402060374393347 10.74151277036615
-25.943445216059555 11.630147755355189
-26.482755709545106 10.788040760005803
-25.58839933855191 11.235395967490728
-26.540287040633707 10.928948904157702
-26.453332288057354 9.932736642135001
-25.454765728568113 9.986260714007576
-25.506362548273554 10.9849287109897
-24.95934864033666 10.14780519290912
-25.89775989859812 10.493325540165458
-26.378863194150732 11.369989454677977
-27.20642660033662 11.93136170972984
-27.705617913059637 12.79785350617218
-28.696508299409523 12.663182639837334
-27.81465012517262 13.134697390965604
-28.415694515997245 13.93391303161477
-27.43582099977774 13.734293663286886
-27.81352841516831 12.808368661810539
-28.515522575223788 12.096185961060229
-29.51364610960216 12.034953534029905
-29.43738939963525 13.032041751884785
-29.698156002354658 12.066639877582595
-30.147176674012503 11.173118508826404
-30.51600004629043 12.102618008590412
-31.084270180711744 11.279775949429128
-31.943314807118522 11.791676652536324
-30.94481855996762 11.736856542854191
-31.913795537851726 11.489705543805876
-32.84226921980209 11.118307345202895
-31.84361789235605 11.17022580232808
-30.960930337725898 10.700265505174112
-31.3724303123733 11.611675276278849
-31.356764868196855 12.61155256567928
-31.63668509345926 11.651529301643953
-31.95363945541898 10.703088511486389
-31.003361290713716 11.01449083916619
-31.2297314624538 10.040449492330048
-31.887940216718654 10.793284956298839
-30.89741197238468 10.655975826315943
-30.138711336966228 11.307415267719083
-29.80690748481718 10.364066867763343
-30.1888502384176 11.288252851736337
-31.015242772412616 10.72515838385613
-31.099775246035723 11.721579108702397
-31.504037690288104 12.636222140801307
-31.070848658566316 13.537525232328202
-31.99966079182324 13.908076201986523
-31.41822869369525 13.094481268824765
-32.20016802815932 12.471126733092571
-32.929281760080706 13.1555192855971
-33.89888575753251 13.400198847729866
-34.78157464769035 13.87015663646406
-35.31205158890859 14.717856002298284
-35.89926986822929 13.908427381336784
-36.20276808527181 12.955595375025068
-35.358900315672365 12.419044177625176
-36.08560180758002 13.105997554252145
-35.88322721485307 14.085305740789256
-36.88237790766854 14.044100243020496
-37.83851191489437 13.751170626514622
-38.31164137385628 14.632163540823477
-37.31760456962361 14.523118450008274
-38.135579357642015 15.098372520977133
-38.711272707076404 14.280706839040429
-38.77338232384666 13.282637505023672
-38.16276156686229 14.074560664894523
-37.531425889433436 13.299050985776686
-36.603002622399465 12.927526777642179
-37.593229372978854 12.788059998669626
-36.86522425112078 13.473631688975173
-36.76697237452858 12.478470109759963
-37.485602029471984 13.173863105867865
-38.474408249881556 13.024657682108076
-37.5308128391043 12.693556941003342
-37.283880415234485 13.662589643259452
-36.693702450323755 14.46986281247408
-36.00639063860008 13.743500317940448
-36.7876061544021 13.11923890004712
-37.69749437112409 13.534092408011658
-37.49995438504947 12.553797577921424
-37.9663120583634 13.438393825110625
-38.35396083313509 12.516586672058532
-38.88635625241384 11.670090884986319
-38.335935189032604 12.504978094725617
-37.57680400928676 11.854040423410085
-38.21491584121521 11.084096730694233
-37.87529265724583 12.02465831448899
-37.24876511225753 12.80405759301761
-37.900602537430714 12.045698857890496
-38.82793728829238 11.671465962697773
-38.0294088052086 11.069508936238323
-37.08290690486917 10.746810698477628
-36.08646460387283 10.831088458207692
-36.85087906706684 10.186363300904363
-36.96416106239589 9.192800424416784
-35.99227485461676 9.428251479051728
-35.2127541260939 10.054627910443573
-36.20261052743247 9.912556432908291
-36.83809899453618 10.684666793011152
-37.64900223123623 11.269847056442325
-37.86681128830974 12.245838457355646
-36.88175407125459 12.073611052081208
-35.88942856720839 11.94995793234922
-36.246561486164495 11.015904358833284
-35.29257736640479 11.315761490224727
-35.033603883225204 10.349877058726925
-35.831519828157134 9.747108326273601
-35.629503806359125 10.726490543253727
-36.37530884030842 11.392654825796622
-35.691631958255286 12.122439671450534
-36.691170883116826 12.092076244657074
-36.506258252715014 11.109321280732757
-36.11185646959154 12.028259381732504
-37.06354761516847 11.721202443314782
-36.06827278013768 11.62410454037942
-35.470276559735275 12.425603461392065
-35.04450876586745 13.3304359241745
-34.118024123133445 13.706768498871462
-33.22205624103869 14.150887350368047
-33.095212197300675 13.158964677692305
-33.95016448931523 13.67767131769132
-33.82199900983159 12.685918520937648
-34.254161633068634 13.587714211256069
-33.73534725082495 14.442601125869402
-32.73598654360042 14.478352725213709
-33.35094662200921 13.68979448261938
-32.61217913796143 13.015834094678292
-32.47740548078507 12.024957683953266
-33.1972821247877 12.71905970629546
-32.66553141391623 13.565960634083169
-33.001477170042264 12.624079299232061
-32.33224952884207 13.367136742673432
-32.414375858969144 14.36375866993565
-31.50826356106978 14.786795906589273
-30.85413810071965 14.03040983974131
-30.928285028454273 13.033162511789254
-31.79869969041043 12.540843188329623
-31.885600896726412 11.54462625395196
-32.88550790755096 11.530989183008584
-32.44491206605851 12.428694760834386
-31.671633362888734 11.794628480999167
-32.59393096099422 12.181108933970405
-33.01657518947574 13.087404612064073
-33.093519483210635 14.0844400054487
-32.73290070819172 15.017153304969971
-31.810281849290103 14.631440405005407
-32.04961504312466 13.660502908392493
-33.006760164304325 13.370894177512417
-33.85677512371759 13.897652726350183
-34.531272408227906 14.635930054451356
-34.936898285583 13.721890860751264
-34.950527687706185 14.72179797613637
-34.23286932848197 14.025402629055703
-33.31914403628851 14.431735116565607
-32.32551374507063 14.319045967246506
-32.62202209730197 13.36401570748661
-33.19881728902096 12.5471269103974
-34.11688903846445 12.15071265374942
-34.7978666463433 12.883016892141905
-35.63550927894074 13.429235548043764
-36.40264853730118 14.07071614656736
-37.213246030359855 13.485112437351827
-36.21583922301849 13.557082296800857
-35.53300007195314 12.826513550020415
-34.66595826184921 13.32474893568838
-34.319152388114446 12.386812005003238
-33.83661256138699 11.510937975463692
-33.53022142951539 12.462843682091423
-34.143914685896924 11.673299138020706
-34.777440222585916 12.447020919000746
-35.75545635849993 12.238491693490671
-34.757340442057654 12.177135215881552
-33.92159286605338 12.726249037600677
-33.4881693715192 13.627439402832008
-32.528263295946154 13.907761228735657
-31.645905305526377 13.437182460895064
-31.98658607274752 12.497003427494716
-31.385666162866553 11.697694187019762
-30.9977946534152 10.775980732547099
-30.460003591593342 11.61905888659008
-29.55086364206295 11.202568127787584
-30.527160051217294 10.986130327317483
-31.182836449096477 10.231088301159879
-30.29560555374165 9.769762669606774
-30.787421357146698 10.64046193773616
-31.2301396595754 11.537122690024697
-31.097405782935535 10.54597097712089
-31.97373627143169 10.06426061296823
-31.51327236206978 10.951939039074862
-31.893695359875533 10.027126440360677
-32.85278019148688 9.744007585861306
-32.4140441677151 8.845391593657222
-32.18634227061307 9.819122483614061
-32.69505335087716 8.958185182286874
-31.85736578193407 9.504334920763618
-31.730506880614975 8.512414148143087
-31.920166762944763 9.494263998697972
-31.670192603384848 10.462516506854968
-31.45704667741088 9.48549613130454
-30.461779531523597 9.38831944522509
-29.904423412552216 8.558045901960485
-29.148065089892956 7.903888361497891
-30.119134090393935 8.142687432404854
-31.118752154821507 8.170323012190197
-30.121851893172533 8.091647295960806
-30.340463328269312 9.067459286277039
-30.277696197911332 8.069431086601988
-29.79903958457029 7.191428896112189
-30.436954673787298 6.421322189902421
-31.27892474375318 5.881797953855841
-31.39472858980136 4.888525851539236
-32.182049097643166 4.271981921286317
-32.9274624255862 4.938584479430892
-32.202382981395765 5.6272497098676375
-33.055208401683075 6.149445844008609
-32.05900067992054 6.2364525971988005
-32.090391064033206 7.23595979766574
-32.819103529077594 7.920779586580264
-33.67047449251956 7.39621549840047
-33.13577403104462 6.551173832860548
-33.38680735850753 7.519152277095181
-33.88991306705075 8.383377158726823
-34.27024559673275 7.458527350992783
-33.54899359564744 8.151200109898774
-34.245477620801736 8.86877240779277
-33.24629643349198 8.828313108166368
-32.440391789685805 8.236267750873836
-31.497744789839643 7.902476448289371
-32.35586417172673 7.389026230225609
-32.80653494098152 8.281716466387792
-32.16833039238125 7.511849624559984
-33.14690707306057 7.717732309676165
-34.05493538883525 7.298823515603518
-33.76991600195201 8.257345267626238
-34.758274121131215 8.409490685738472
-35.73373335233588 8.189310558893187
-36.71934181869977 8.020266330858547
-37.447281074637914 8.705907957121287
-38.396080208436096 8.390027910736867
-38.95937150267793 9.216286295161108
-38.26312362418069 9.93408772430993
-38.8058828299713 9.094199371890666
-39.55513720546367 9.75648169900316
-40.335426424884744 10.381900545901182
-39.421600513040815 10.788006693161487
-38.45246836452862 10.5414648534666
-38.6271908376734 9.556847132024329
-39.58304180065337 9.262995236385946
-40.579838145070724 9.183013690038063
-40.70316869661751 10.17537933588397
-39.91885002878253 9.555021191514475
-39.379688575214594 10.397223617886256
-40.23675677199563 10.912426593485687
-39.89936664245438 11.85379150704904
-40.471394991200654 12.674025356771551
-40.68086502295687 13.651840424049638
-40.47846500883503 12.67253749120226
-39.65545440342228 13.240563497101759
-38.67783381005742 13.030187701371966
-37.97343780135828 12.32038050013439
-38.634090728194366 11.569689012062948
-39.001954000085334 10.639809120252359
-39.18084715951198 9.655940614043143
-39.898943199119124 10.351884633272084
-39.91951332430463 11.351673045862395
-40.75063067783567 11.907770109925456
-40.12950168964025 11.124061758545091
-39.46281920349602 10.378719915718227
-40.20187838974505 9.70507941870152
-39.78482790037967 10.613962738671743
-39.30217947334441 11.489776928942941
-40.10646385296076 10.895532335610238
-41.00225912525636 11.339999241164351
-40.19940969180813 11.936181081890695
-41.14776397382757 12.253394189714733
-40.14794012571254 12.272163119903961
-41.00645131696432 12.784957946804003
-40.7511518517444 11.81809591783688
-39.83804755799788 11.410369847120691
-40.496689644594525 12.16282622576574
-39.52928849713837 11.909577297040439
-39.548864645250305 10.909768928189138
-40.26768448028001 11.60496533552153
-39.28398689227438 11.784795965148147
-40.27689339022974 11.665898167363562
-40.1226999960961 12.653938853370747
-39.12388744348333 12.605220430334187
-38.23532903547553 12.146456923112176
-37.238764365230104 12.063638700367283
-37.81660917648283 11.247492038235837
-37.39385086031335 12.153734503644268
-36.67723805794065 12.85120571557745
-37.61374447623634 12.50055527925806
-37.364135496275104 13.468901992539369
-37.879081101931135 14.326124847586728
-37.89620362617868 15.325978246422473
-36.97714057454282 15.72008877294743
-35.979843220505394 15.646617774383742
-36.97034657353151 15.784106347159915
-37.58703590832285 14.996899726027562
-36.6492606532613 15.344142538759884
-37.483780031788854 14.793163948556971
-37.84366175699949 15.72616188202704
-37.87851253909811 16.72555440900886
-38.128864869942774 17.693709205743684
-38.91747766813326 17.078819089926093
-37.98654928416784 16.713617304706556
-37.22611239005891 16.064205470753745
-38.12298825156604 16.50648783423417
-38.800275747855316 17.242206290826232
-39.15713627929469 18.176363965472653
-39.60765629264676 19.069130294121564
-40.478127443522524 19.561349732475044
-39.60147345149736 20.042471108290282
-39.79037479107098 19.060475037062247
-40.60020665027936 19.647137086125504
-41.25402485900933 18.89048541598056
-42.19110074263866 19.239611164558774
-42.752008952258706 20.06748916304698
-41.84103699256064 19.655020875000663
-40.95282676172298 20.114458124073177
-41.936330625603524 20.295345242829725
-40.938980476840136 20.36809605562005
-40.43160583186263 21.229821632375174
-39.78270301035389 20.468950336926333
-39.888048646474815 21.463386004503818
-39.68380135708416 22.44230532946199
-39.31546520260539 21.51261265050631
-40.31545274453722 21.517604241548305
-39.41081631224314 21.091420096645837
-39.56249730817659 22.07984959614119
-39.60091924769032 23.079111200809358
-40.5580176006271 22.78934794778079
-40.081045837594935 21.910429329665334
-40.35981588716683 22.87078721059394
-39.376134392622745 23.050705851349996
-40.26416404674335 22.59091966908433
-39.45324353205088 23.176075989097104
-39.916371789877005 22.28978471823693
-39.341565737775696 21.471495036970136
-38.76649786739603 20.653389332029146
-39.745556024866495 20.449808575840002
-39.09612025746358 19.689392121508703
-39.501161433375856 20.603690566118342
-40.464323601952096 20.334769319238305
-41.14168893570015 21.070416112636046
-42.1147782945612 20.839988033462973
-41.151673572167 21.109114943492422
-40.39623673299575 20.45389346794163
-40.55508379191641 19.46659026635042
-41.3772734398103 18.897376613232268
-40.40989019452924 19.150693917713177
-41.246843733348484 18.603419969988693
-40.84762089763772 17.68656604081183
-39.95519214709925 18.137754388636047
-38.97257158433681 17.952128879515033
-38.14542689230271 18.514117899372014
-38.59216413395833 17.619452689967996
-38.782596819332454 16.637752434115324
-38.84828901253776 15.639912499179928
-39.16353698738317 16.58892183230362
-38.258360987317 16.163884882257857
-37.29039475030017 16.414965275748653
-38.11421339075179 15.848111813516622
-38.583538764166626 14.965086505912684
-38.05899058706727 14.11370573921558
-38.69180801068776 13.33940469416764
-39.339219089280704 12.57726369978726
-39.45565397164098 13.570462027499177
-39.90407271590061 12.676638426447708
-38.90544681607475 12.729043695238015
-39.70170297622872 13.334003303325087
-38.97162873158657 14.017371137884338
-39.50208952531082 13.169661667416161
-40.087001951773345 12.358565216080239
-39.24461905423702 11.81968577321912
-40.17306440422847 11.448216754215851
-39.977223558644454 12.428852447631575
-39.846763889355515 11.437398830618141
-39.82736155885375 12.43721058768599
-38.98211876679929 12.971593056036117
-39.93139862266606 13.28602548955016
-40.14514470568572 14.262914742226098
-39.15653633224534 14.413425485907608
-39.947766617228666 15.024943789906104
-40.732506958426015 15.644768440026983
-41.73067899136446 15.584331756965017
-40.92789605885451 16.180603140875668
-39.933896441956335 16.289986693598607
-39.37188862027965 15.462854776444983
-39.465232496816 14.467220847376087
-39.3190934383138 13.47795678981608
-40.18609780737842 12.979656253971632
-39.84236152337079 12.040590033166822
-40.38624604079419 12.879750108305716
-39.42909920757144 13.16935318089243
-40.126993567145156 12.453152466793933
-39.134305592220194 12.573861142701574
-38.79114329314062 13.513137266368316
-38.4944847079873 14.468120870340043
-38.214586995317475 13.508091042448116
-38.769652757199616 12.676284574580622
-37.769670937750384 12.682314563884065
-38.407403936535495 11.912057060018928
-38.946115923446236 12.75454705708636
-39.35151594508439 13.668686446050529
-38.873718248588105 14.547156343783428
-39.86258730170269 14.69594477005467
-39.36408663850959 13.829055452554426
