0 0
-0.4910576114812414 0.8711270987670733
-1.3163100754283046 1.4358910943876344
-0.488341567560026 1.9966656925805057
-1.4104160204181082 2.3836782290524763
-0.8156680884743704 1.5797659841845135
-0.836529863830894 2.5795483536674793
-1.2971952352236862 3.4671222467037386
-0.32727695113706246 3.223691512829687
-1.3235976882621205 3.1379886028757027
-0.4688322311830171 2.6189741393158217
-0.29356681251593464 1.6344529191181805
0.2992695346473935 0.8291299618631164
0.5462806573414891 1.7981426063964077
0.909110675437115 0.8662872646352908
0.04230242160295605 0.36764565878498034
0.6067710375142702 -0.457808871550377
-0.1113383789479725 -1.153739087871135
0.776335874059745 -1.6142110420086164
1.5675365425419914 -2.225767664238518
2.526598142354531 -1.942570122291184
3.045718893098508 -1.0878692119447577
3.7658497835959204 -0.3940309739156015
2.768053583995456 -0.46038415065093546
3.6492923055339594 0.012287316291151096
3.405895166301914 0.98221403136485
2.6197639732915015 0.3641543680830396
2.447981157551789 1.3492892137851578
3.266957162876806 1.9231169777543453
2.960397343295993 2.874968372152956
2.4297407983761854 3.722555318332386
1.45558384655084 3.9484274795438807
0.8365574305883617 3.1630573143729284
1.4184242914991088 3.9763413706373267
1.4193057373405056 4.976340982163865
2.400896286836653 4.785343617941604
1.4009145912166563 4.779293128295605
1.9611496089691784 3.9509594244758035
2.8082131703973534 3.419467822566031
1.938350899842292 2.926173153767763
2.8785731365290426 2.585611638561238
2.322214951028961 1.754669059662397
1.8586654047470637 0.8685980590412014
0.8698216617732409 0.7196415151046545
1.76694631037482 0.277864009032318
0.7682562012314239 0.329031048219198
1.5945154555633476 -0.23425897000485446
2.592709514010237 -0.29433077438368205
1.6023764615146838 -0.4330407060210365
1.2798043999381412 0.5135042031566841
0.5549089023251578 1.2023630548385253
1.5235623866984318 1.4507788901057552
2.177442046987847 0.6941803242468192
2.4800475453343087 1.6472962208567172
3.1286815774921637 0.8861957726065255
3.785459939030162 0.13211210097885884
4.495686802594466 0.8360849713876639
4.668216655407368 -0.14891931788642765
5.540984675839811 -0.6370545271373436
4.67337913286832 -0.13980145092248103
5.6267447281878855 0.16201644394289777
4.659081873716514 -0.09023065728190599
5.657746876459616 -0.038575916007565964
5.053085970235783 0.7579070960426422
4.083455547700955 1.0024819183259885
3.6389353494144916 1.8982507463811757
2.735770449977582 1.4689569490522179
1.8528539918735532 1.9384870631120479
1.9831811646752917 0.9470160206556856
0.9835973809703646 0.9181671150587395
1.9813467054158265 0.851112767186101
1.687925289721365 1.8070959641157636
0.7026942638094902 1.6358656350830987
0.9537200433767014 2.6038460367404226
1.05806385136486 1.6093047506519413
0.05877467129066216 1.5716068118934685
-0.6270433990412865 2.2993798358550346
-1.6126804944397373 2.130502613665346
-0.7258690386788301 2.5926340256373313
-1.4763137722290878 1.9317008203232975
-1.835267985179911 0.9983456505166182
-2.8311276233086167 1.089249892145725
-1.9382660944356438 0.6389185804888322
-2.621335886423959 1.3692716863718974
-1.8705822293205654 2.029853964627892
-0.8714381353174327 1.9884887688872799
-0.052323309167982446 1.4148591831944253
-0.45570658198670216 2.3298902948021443
-0.21660128874390813 3.300883939860276
0.27753446798232306 4.170268695836935
-0.3880274247394341 4.916611356386787
0.13904541214267707 4.066791243291643
-0.7981201978066335 4.415676066017334
-1.4083976027636957 5.207863852466276
-1.826184984316592 4.299319024835204
-1.9776539150269339 3.3108570058231095
-2.771280873421758 2.702452328894192
-2.2386108245557175 1.8561293296551011
-2.573839325957798 0.9139924755581418
-3.109278556035944 1.7585662324872344
-3.993222076393842 2.2261599159532177
-3.002557680628037 2.3624832630437744
-2.106541902702146 2.806505476123098
-2.4968196997627596 1.8858083266100159
-3.489828241551624 1.767765809124356
-4.212591917717563 1.0766705418745375
-3.7606032234385927 0.1846468761324277
-4.4416412884209535 0.9168948901584695
-4.262632186977786 -0.06695252768665028
-5.142226148821372 -0.5426777238748537
-6.129877583159276 -0.386010419531284
-7.009559361088065 -0.8615732119993718
-7.30101670196526 -1.8181570391932014
-8.137237935997277 -2.366549278155399
-8.159165330384825 -3.3663088439387794
-7.379560594620795 -3.992580714594245
-6.777768284801039 -3.193928089329792
-7.775056309728858 -3.120330566711365
-8.774893156114592 -3.102267327538155
-9.77319541412768 -3.0440212835010523
-10.741078390991895 -2.7926201238051145
-9.862685008908786 -2.314681773897308
-8.888375421889274 -2.0894689220396288
-9.355335041011863 -1.205190281503238
-9.066745425975576 -2.1626431702101487
-8.657012619162751 -1.2504375864620085
-9.257905905365991 -0.45110833102600845
-8.316793814904893 -0.7892030414074938
-9.316642926865523 -0.7718319933234408
-10.217314918284375 -1.2063316640639385
-9.301836783224703 -1.6086993867103554
-10.27953269205348 -1.3986738885929395
-9.385672135260728 -1.8470189621804058
-8.422172842033985 -1.5793080883789004
-7.432092415018923 -1.719809860758011
-7.734669782632341 -0.7666850333570381
-6.925545382391969 -1.3543224257476667
-7.924223270725981 -1.4057274386619754
-7.149976010843281 -0.7728442104404248
-7.695645590554686 -1.6108446339352933
-7.700626847591505 -2.610832227397499
-6.747231577524421 -2.3091080834949715
-7.1652375731087625 -1.4006638157187121
-6.178523122200842 -1.5631279421266047
-6.944796279690634 -0.9206130021363943
-7.821152146265197 -1.402277195449898
-7.016484250123552 -0.808552025932065
-7.607063432824919 -1.6155317214385787
-7.753276130717967 -0.6262785450601369
-6.76514560593057 -0.4726619249196603
-7.632846536231904 0.024424682779842166
-8.313697778792429 -0.7079970437573966
-8.262059089277251 -1.7066628766290108
-9.15447529613417 -1.2554497188652893
-9.893467976822388 -0.5817362650221579
-10.63892382814739 -1.2482912692981096
-10.945476275969822 -0.2964375007317003
-10.767074865707565 0.6875202914608499
-9.784226422259444 0.5031051694897747
-10.520357571717343 1.1799440947872135
-11.509197294296248 1.3289273255552156
-12.422700846298406 0.9220965739158647
-11.528072443423943 0.4752856286937415
-11.84563384812407 1.4235233384716652
-11.916080739867702 2.4210388699014573
-12.73772155194699 2.99104446279129
-12.813049158157515 3.988203302566876
-13.123762502069164 3.0376996371792875
-13.132814091752525 2.0377406036563115
-12.298031722486513 2.5883206577471074
-12.59888534121817 3.541990988677071
-13.375880732688 4.171497272708171
-14.325651473238995 3.858550727123763
-15.062442461783045 4.534671307494071
-14.069839092960992 4.656073746526863
-14.462433102173181 5.575785627460615
-14.045142466080698 6.484558715216591
-13.927161737242969 5.49154283033714
-14.896728475545642 5.246715666858257
-15.16992985609295 4.284758804173112
-15.76799552198923 5.086205907403287
-16.762412056685466 4.980679818104337
-17.680711658058353 5.376565966028706
-18.54188386143942 4.868252641273395
-18.92583436206636 3.9448989641440297
-19.862691720434192 4.29461068838565
-20.85759366373658 4.193763659608716
-21.6751546144108 4.769605731649885
-22.665431599405608 4.6304960878806725
-23.655495400867757 4.489877209225215
-23.103519052693628 5.323736976246236
-22.166632633369744 5.673370838002323
-21.60863353250776 4.843529284790375
-20.909460636691833 5.558481913819997
-19.953695646872195 5.852613320227174
-20.794660141813708 5.311523015150688
-19.795632762824283 5.3556171874359455
-18.97291405345446 4.787168486801622
-19.902353257176657 4.418193194154202
-19.29632021858223 5.213632667735949
-20.290812174609563 5.318445593450904
-20.814268690578693 4.4663932031077636
-19.815289468391388 4.421221158234333
-18.82002843867007 4.3239818517884965
-18.629189922127637 5.305603296442128
-18.632007678085813 4.305607266324328
-19.600732395317248 4.553745176013435
-19.246104322445557 3.61873772688198
-18.97196359934832 2.6570481387405027
-18.251193882458516 3.350222730899353
-19.2088325235021 3.0622501051513495
-19.349432041029193 2.072183554018978
-18.74949311697178 2.8722293573332855
-17.899278695646625 2.3457928105674553
-16.935800940416204 2.078004432970243
-16.046420012388396 1.6208375434644573
-16.876566915978902 2.178382266746001
-17.852311870861122 1.9594718215363365
-17.923246019554146 2.9569528221319348
-17.377032820810815 2.1193066309995583
-16.880626362595418 2.9873968499526606
-17.701517426723512 2.4163120394081608
-16.701559147434708 2.4071775070296155
-17.697843547154296 2.321053208046233
-17.286949490578284 3.2327363077417957
-16.293429926009285 3.1190750794419566
-16.818385933610223 3.970204440986771
-16.18556916562746 3.195902860102521
-15.603526589733825 4.009061171778115
-15.396900717150741 4.987481198545392
-14.598697811371192 5.589869878058117
-14.751798119807075 6.578080531490287
-15.643261002373741 7.031174262417931
-14.670900255935443 6.797690689578306
-15.569162935380286 6.358231750977016
-16.56681838788558 6.426668569185204
-16.633868259457813 7.42441819445306
-17.11084996635798 8.30333141615507
-16.46847970632645 9.069725863569078
-17.168625494050712 9.7837257766867
-16.932421599474573 10.755429291235794
-17.496709363752842 11.58100746384323
-16.528117274136477 11.829662574252408
-16.90177450299069 12.75722943185621
-15.92035750167603 12.5653423047983
-15.317227546755813 13.362985243385445
-14.719410521197611 14.164617830018964
-14.000757259579675 13.469249230234716
-13.136802761134614 13.97281911080398
-13.947792561169122 14.55787940191934
-14.574949207078756 15.33677255344359
-13.583687328914664 15.204863914990314
-12.612990664149532 14.964555810645392
-12.28599867624483 15.909582921286209
-11.4855941074964 15.310122725504502
-11.86072848427251 16.237093166975427
-12.793722257416414 15.877200656252155
-13.681830210149396 15.417565731238366
-14.0229991810213 14.477563745435035
-13.172452609015554 15.003463478130607
-14.0141802098288 14.463561036916293
-13.234637273314357 13.837212244205363
-12.549685319571832 14.56580048255697
-12.022989148068781 15.415854094350973
-11.07068590458113 15.721007387701869
-11.231005967526086 14.733942305036432
-10.984583370771652 15.703104780480464
-10.543342973077058 16.600493721487826
-10.752519330511168 15.62261578867075
-10.997269221640414 14.653029541453813
-11.98420777355813 14.491932382141298
-12.982680471290129 14.547179752067692
-13.400235897607667 13.638528297464344
-13.68958930412689 14.595750636388651
-13.664443479397278 13.596066842632512
-13.247479720922938 14.504989954957725
-12.28513620229744 14.77682621478981
-12.753699596365317 13.893396338829307
-11.801430776555836 13.58813563906817
-10.805835897455664 13.494376177094928
-11.361347012652574 14.325885287623901
-10.598359202486428 14.972298159972423
-9.612996181077815 14.801829054148264
-10.468317183939405 14.283730625214298
-11.196912775092535 13.598786492782885
-11.863685890835287 12.853525724915219
-12.840277534701007 12.638423978916615
-13.20366677132824 13.570061388375615
-13.448159465189615 14.539712522881427
-14.002108080873413 15.372263380896722
-13.137541128888554 15.87478102788597
-12.555921909508616 15.061319852630586
-12.00636559376596 14.225863177615443
-11.949703863704723 13.227469743969934
-12.90311923875729 12.925809135647645
-13.893092054411774 12.784551129626278
-14.891020047606943 12.848891788602232
-15.675334280960763 13.469255539444115
-15.243741211127036 12.567187126256124
-15.231249033170613 11.567265156555536
-14.25253461511199 11.362038238525342
-14.441381324813774 10.380031660016414
-13.977671104435396 11.266018585155061
-13.983225777583305 10.266034012470952
-13.890156207917023 11.261693620571096
-13.00638469272288 11.729612319632643
-12.580020121804978 10.825060910001332
-12.469039634683172 9.831238324487092
-11.701317393294659 10.472021095851458
-10.701509462446076 10.491619601209669
-9.783807739841674 10.094349481103825
-8.852176308967207 9.730944917281638
-9.299889736862985 10.625122017459121
-9.27113147670276 9.6255356217571
-9.974380652533656 8.914592166415423
-9.407233756079387 8.090975509321668
-9.096840405643906 7.140367299802396
-9.396885494689315 8.094292320199562
-10.309797032925358 7.686134846477103
-10.902617875876157 6.880800476067455
-9.989646491259544 6.472776884995537
-9.381856061019914 5.678679414335212
-9.272445578633338 4.684682761250335
-8.315932479376352 4.976372135327959
-7.461098736972719 5.495274123036813
-6.498998217537492 5.222579072655499
-7.430026635929873 5.58752575937259
-7.171134886725761 4.621619417021513
-7.698125708349891 5.471490391890007
-8.459631790128082 6.119648156184185
-7.887941101167857 5.299178926928034
-8.368245758716947 4.422077201962993
-8.573718894350037 5.4007399582448015
-7.662269870521812 5.8121529830295975
-6.662290950496691 5.805659947884796
-6.81118392879674 6.794513264111698
-6.7053896124134225 7.788901298342293
-5.740721517208819 7.525433148285552
-5.033940028398442 6.818001224299231
-5.290646606104461 7.784490610150138
-6.290196074866068 7.754476288595445
-5.703379888175047 6.944756112832602
-6.169734807983408 6.060158414005311
-5.245468503357353 5.678410070023448
-6.133469143315374 5.218567854220956
-5.134209119996573 5.180104809659859
-4.145454948025428 5.329654759207346
-4.557707866783153 4.418585315654476
-5.102610129448312 5.257084882823351
-4.939479418770962 4.270480417379421
-4.830557543630611 5.264530730550696
-5.0291058719311925 6.244621829035447
-5.704116419869598 5.506813750893242
-4.730100808758608 5.733294631569924
-5.222919450926511 4.8631625807111
-4.335364131529609 5.323863736570582
-5.138926611442259 4.728643322877779
-6.08010138333581 5.066563503913363
-5.5781973645872345 5.931486827661791
-6.524774214504802 6.253965148173626
-7.3890788777895295 6.7569337843968755
-6.429453385931664 6.475652936530282
-6.598253079777461 7.461303312352037
-7.319711755377607 6.768845819504078
-7.9632381181951715 7.534269767626161
-7.096933068955047 8.03378509437907
-6.164023999957175 8.393897117201863
-7.162716222091099 8.342771336531003
-7.817394648680475 7.586863830444141
-6.826824688013207 7.449855972918937
-7.476397823339904 8.210155086335389
-7.3161974313627995 7.223070574041542
-8.315380457332138 7.1826567074267835
-7.571860355633101 7.851370292132115
-7.939984661664281 8.781146875677358
-8.929951639382322 8.63984796192425
-9.188102642301413 9.605952542025115
-9.600073504212952 8.694755522201266
-8.956897638117647 7.929037032629181
-9.210822679777895 6.96181313237762
-8.355043860472982 7.479155004285443
-8.814735115963847 6.5910762073168225
-9.539945238244687 5.9025485909197695
-8.587827619359002 6.208280564726001
-9.351924739802358 5.5631793396999045
-10.194380302414912 5.024413504644298
-10.33769109019386 6.014091239114554
-10.748979954828224 6.925596296603417
-10.621971022881363 7.9174978699491385
-11.15474517675329 7.0712404026461595
-10.184235471059646 7.312302450995619
-11.070060571334958 6.848283171523061
-10.099069748985347 6.609166415705268
-9.38762557187669 5.90642380076137
-10.370437954877897 5.7218165966238015
-10.246399804209892 6.714094046321647
-9.739122146740838 5.852311371726301
-8.790594573156762 5.535616815172664
-7.794789313094167 5.44411881502146
-7.807420480855395 4.444198591403102
-8.783606719128207 4.227264435017395
-9.751161746709753 4.479924816956614
-9.974541906937082 5.45465621791629
-10.945978388804427 5.691955947577316
-9.9468344587806 5.650586791234188
-10.7725939838532 6.2146091372027445
-10.785308985798748 7.214528298298043
-11.294269291631664 6.353738308180555
-10.712597104871634 5.540315006848583
-9.750693360351828 5.266926663500191
-10.541169735497254 4.654434132658427
-11.046687693533833 5.517250216248972
-12.030653996697353 5.3388957539030075
-12.17155229258977 4.348871678329785
-12.81908186531609 5.110912000389497
-12.623704668466658 4.1301838265557596
-11.637238625393545 4.294149511574535
-12.05642198411798 3.386247913509799
-11.117384284694742 3.042433720868027
-10.117614202488374 3.020991176124663
-11.063630510342927 2.696872146641297
-10.702185394129781 1.7644787597247737
-11.60050725744034 1.3251408147459143
-12.431994322531798 0.7695967025589592
-12.55217272039567 1.7623490144106477
-12.957646923615517 0.8482425268922458
-12.739276831207178 1.8241085539377482
-12.362393932176586 2.750369467729481
-13.237276269531707 3.234704987575012
-13.05098077397812 4.217198747522851
-13.635548077405046 3.4058535264460454
-14.143933092194375 2.5447236426668014
-13.978888182018038 3.5310096953030965
-13.19380912493569 2.9116141236926016
-14.19147337016354 2.843305604502483
-15.18801984620661 2.9263424703280863
-15.340990838235795 3.914573149672543
-15.773922143157195 4.816000065855466
-16.48165370986578 5.522481508983461
-17.398437659667362 5.123097997323041
-16.982905020990756 4.213519729006093
-17.95612369628203 4.443401024600785
-18.35431411234954 3.526098243316447
-18.81640437175228 4.412931143114999
-18.261179857619204 5.24463165345853
-19.236887593283388 5.46370792913683
-18.672016550517196 4.638528733419783
-19.659613616649683 4.795538398620707
-20.3735608970385 4.095338940733591
-19.375538102807212 4.03248592016361
-19.22354113454536 5.020866879935299
-19.924513185091424 4.307678136086064
-20.079556095559422 3.319770399547063
-19.343084129521646 2.6433023343433497
-18.575853514045363 2.001931004553904
-19.442191032583622 1.5024719932496982
-20.427753076374643 1.6717866643165304
-20.751978811079955 0.7258069219568952
-21.304001595969567 1.5596359481743303
-20.501512704173432 0.9629688898044093
-19.765238207778488 1.6396518775899542
-18.943412637262128 1.0699126989779681
-18.53629218855551 0.15653821923544686
-18.609382599765645 1.1538635381706142
-19.20772906688583 1.9551010218699185
-19.783908944965738 2.7724239373053186
-20.423326726674496 2.003564457013469
-19.540726275447085 2.473688316749573
-19.959622672987624 1.5656542820749029
-20.094177222201647 0.5747480941409435
-20.963820914788503 1.0684279984756238
-20.61455259715447 0.13140524405762488
-19.62143807646838 0.24855279547222042
-20.08179350902804 1.136287483153629
-20.772555720371614 0.4132054909980142
-21.606723966311634 -0.13830456100951583
-21.995369680004927 -1.0596918353018359
-22.48181457042655 -1.9334030968652276
-21.64023803649532 -2.4735409843868243
-22.44601813344532 -1.881326128646741
-21.591414423897653 -1.3620453764255895
-22.29949983267096 -2.068172173737758
-21.30457002061856 -2.168743884916281
-21.897014120182252 -2.9743554469560554
-20.98161756097868 -3.376908722185883
-21.79175514139923 -3.9631485202125445
-22.53474838109022 -4.632447441303474
-23.14243868979458 -3.8382733491128516
-24.139437529843338 -3.760856858999746
-24.146984772867174 -2.7608853398439557
-24.022694350043572 -3.753131222069894
-23.939160355547717 -2.7566262939518404
-23.604910553689976 -3.699110813696361
-24.546893832591362 -3.363451012304843
-23.712245007485112 -2.81266853369032
-24.50945186431882 -3.4163747763425887
-23.96211171531852 -4.253285023198446
-23.940440749969465 -5.253050180253261
-23.78449834140517 -6.240816329304324
-23.265239289154604 -7.095433223974588
-22.411985275077996 -6.573937694308077
-21.536101149423555 -6.091416193826954
-21.884973753397475 -5.154246035213025
-22.06805993865934 -4.1711491687922955
-21.59912856756514 -3.2879145628105597
-22.38250456060878 -2.666366452425783
-21.55276087514901 -3.224511072071656
-21.15106337757039 -2.308738654688889
-22.151042339364626 -2.3022520555087858
-21.167222722817566 -2.123090223364788
-20.677193789974957 -2.994796392309997
-21.651934027125506 -3.2181379918379207
-22.571621198752432 -2.825486102316344
-21.576099419424313 -2.7309536376104373
-22.277950337888466 -2.0186297728894633
-21.829034910136926 -2.9122040220297634
-22.72940477231657 -2.4770786248410785
-23.68227886324126 -2.7804446856396465
-24.649357006220896 -2.5259650884789715
-23.65315268052158 -2.6130107170766586
-22.81019680131295 -2.0750280168830484
-23.747559880400914 -2.4233819431745958
-24.08894947368141 -1.4834600604631767
-25.078696629210707 -1.3406295030825364
-25.927050560556882 -1.8700590141314501
-25.142020899434183 -1.2506008386606786
-25.752832294301356 -0.45882470874742065
-25.0071849439888 0.20751606666097688
-25.0373526637549 -0.7920287841006656
-24.840912474248345 -1.7725445932269792
-25.633598447771185 -1.1629144205975837
-26.395995261352382 -0.5158046164366248
-27.306169188637977 -0.10157832310226933
-26.42082353549726 0.36335508553260043
-27.403144339605365 0.17614974956055543
-26.505803112096192 0.6174871730953461
-26.670423777294946 -0.3688697788188785
-27.57693218646755 -0.7910575381148586
-27.405462074478848 0.19413178414486942
-26.5824610256993 0.7621716363627947
-27.374331092778384 0.15148202873534955
-28.04361375992149 0.8944899098926155
-27.07319343687241 0.6530682940142611
-28.042806859889772 0.8977105019517855
-28.856096756065526 1.4795692002441045
-27.857393673569582 1.4286560092902758
-27.012681695416376 0.8934348643749285
-26.901330495934968 1.887215982314916
-27.0344261848032 2.8783191745228165
-27.352669074123998 1.930309963915267
-27.991888965371903 2.6993339756554833
-28.234688650263152 1.7292575286593144
-28.531641936185192 2.6841495361555037
-29.113783400288956 1.8710620157918423
-28.254370631917805 1.359779614803272
-29.182461686821096 0.987426296289128
-29.32082412645294 1.9778079577202776
-30.189489463470743 1.4824085912857337
-29.254668191563784 1.1272900341949248
-29.93701559823073 1.858318088796726
-30.68523115993961 1.194862383254402
-29.81246046957844 0.7067319477697032
-30.2362378037429 1.6124983475927832
-29.23899155191416 1.6866597473472091
-30.177260012082844 1.3407518164570862
-31.177146956259094 1.3257152322079897
-31.580526128775908 2.2407481513861187
-31.514614980888055 1.242922655327762
-30.72829260219572 1.8607390655724427
-30.201573474328704 2.71077845309458
-30.156538596776336 3.7097638683053544
-29.574574475176885 4.522978330283853
-30.04057222987007 5.407764232421149
-29.05054380011528 5.266896534643186
-29.668852029909925 6.052832240008586
-30.4351622087897 5.410361454878828
-30.416331820506187 6.410184147398403
-30.109810876563905 7.3620480614768455
-31.08493495453083 7.14038833899855
-30.116064310320404 6.892820823384583
-30.434968163439354 7.840607894654227
-29.442506122254557 7.963160319384653
-28.975907292009836 7.0786912517433604
-27.9944022264008 6.887255084356414
-27.411420782616627 7.699740552659274
-28.275841475092296 7.1969713546967435
-27.285052683801574 7.06155506670793
-28.279613616680503 7.165711443329781
-28.286869829650282 6.165737769989659
-29.286172753909952 6.128405939521948
-28.334446738472597 6.4353547814154055
-27.580058302729984 7.091783062355383
-26.856638670722415 7.782191663131789
-27.465315527854404 6.988773435718323
-27.04246291014838 6.082574967556318
-26.15320596859193 5.6251669528761346
-25.993346996536005 6.612306815840458
-25.340867117846834 5.854500766837306
-25.8356968491451 4.98551081463804
-26.749054386497264 4.578352357815647
-26.95818257239085 5.55624059369174
-26.897398833084942 4.558089634649977
-27.7683630584594 4.066743200738145
-28.768052150850973 4.091677485434336
-28.394833652609456 5.019420958906582
-27.550436286136158 4.483703601064821
-26.79517797029755 5.139130848252966
-27.74362329137254 5.456071651765168
-26.79654441716466 5.135070707795933
-27.56113629774164 4.490555963080378
-26.708088619428093 3.9687229835516162
-27.698930576527598 4.103749707022285
-27.614106443085333 3.1073537684588195
-28.5709942433011 2.816895961198914
-28.00982244741107 1.9891966102884755
-27.56266175678899 2.883650251771578
-28.273178157250953 3.587330892882713
-28.51994442428121 2.6182558651083134
-27.900630679021685 1.8331122572679273
-27.290028877709435 2.625050032749206
-26.89285163597783 1.7073081089762563
-27.88581147773192 1.82575958707465
-27.285572826218356 2.6255805428073566
-28.00592948843868 3.319184377279738
-27.764623585140328 2.3487352745271175
-28.764580560440965 2.3394590927909147
-28.405381190272738 3.2727199418951454
-29.369473620615793 3.53828685578922
-28.645251977555176 2.8487195916861605
-28.636789898815426 3.8486837876568973
-28.97413772474773 2.9073037133305135
-28.46358152197311 2.047459329846874
-28.01189566431775 2.939636378416348
-28.84358943126554 2.3844017631227823
-29.597498305771087 3.0413807650260223
-30.05776124016884 2.1535981163897877
-31.056001626996288 2.094301150981874
-31.95726817818192 1.6610361007943995
-32.44171957635226 2.535854277795085
-32.2915219892661 1.5471982785549576
-32.05878923179558 2.5197390044889247
-32.76989497331699 3.2228240806890174
-32.64654430705552 4.215187226484373
-33.64239754613599 4.124212910257504
-34.64219897653127 4.104285547673507
-33.77509572715487 4.60241399990334
-34.5813402529147 4.010831575652664
-34.850422387315085 4.973948808883662
-33.9663056860975 5.4412149628346365
-32.98379844613478 5.254990572861594
-32.79616179738788 4.27275206412401
-33.65017966006072 3.7525083806104864
-33.836685053946425 4.734962317470397
-34.59028595113126 4.0776300668069885
-34.317550124971454 3.1155411056766105
-33.58478154427612 3.796019031215523
-34.580600257713954 3.8873704951721457
-35.19212835686211 3.096147780664884
-35.906046681662005 2.395918799891509
-36.8890531334007 2.2123477895437493
-36.038417153252645 1.6865926856431237
-35.04068111392073 1.7538444203291275
-35.96587995431268 2.1333271020649285
-34.97530708557207 1.9963402716213274
-34.07063284071507 2.422444144746678
-33.83354895945273 1.4509549614586792
-32.865102232604805 1.201734301685972
-32.23578647298638 1.9788840135793024
-31.947048532477265 1.021475844765942
-31.34870277948809 1.822713861762026
-31.519677795264126 2.8079892263075847
-31.988037088590414 1.9244511273243547
-31.069461920623016 1.5292047980641437
-31.577433158091225 0.6678307667020315
-31.697355852680737 -0.32495246609473083
-30.88822320810742 -0.912578506605009
-31.566557499909152 -1.6473319268528113
-32.07425243318967 -0.7857950125413659
-33.07091259564894 -0.7041340024651747
-33.32091236980724 0.2641118923987279
-33.96958372311447 1.0251805327975867
-33.729279866491915 1.995878249129672
-33.315820296388964 2.906400727649715
-33.298952480898556 3.9062584559293843
-32.53692658314604 4.553805003410316
-31.62355530994642 4.146677360902833
-31.16073622739969 5.0331301215339925
-31.314022514635084 4.044948299121949
-30.874996201507372 3.1464740944941885
-31.64978546602207 2.5142545158723513
-30.77378565306758 2.0319430732300487
-30.099742334611413 1.2932512532911788
-29.21767885719473 0.8221206749929847
-30.195551375773043 1.0313223418345998
-30.846707004769303 0.27237811013738034
-30.971224649246153 1.2645955037633623
-31.91215925812816 0.9260071669765456
-31.091944380903023 1.4980627195049312
-30.391191620330037 0.7846585083109265
-31.344760284938396 1.0858342076577219
-30.372057778236467 1.317889876530053
-29.643374614699038 0.6330389094013749
-30.48470277651195 0.0925142345339719
-30.94744035911715 -0.7939810726418163
-31.928717472142065 -0.9865822861724847
-31.363333458767425 -0.16175447540202725
-30.625635331991603 -0.8368851840440246
-30.910301759665177 0.12174145075993625
-31.810824611889842 -0.313067234320246
-32.80421830056645 -0.19831106107676147
-32.644199508241854 -1.1854250292197412
-33.307419943500804 -0.4370009153278076
-33.84772222162847 0.4044700872920399
-32.87272106624024 0.1822702965819542
-31.95484278913916 0.5791323235207329
-32.941870124006 0.41858002604212885
-33.29495870434049 -0.5170098704602738
-34.2636692998953 -0.7652029043267329
-35.14000420190317 -1.2469052393043176
-34.333922956596766 -1.8387101277306301
-35.07742981702568 -1.1699818207963868
-35.48701226541599 -0.2577087158707859
-34.572711472847956 -0.662744591700888
-35.34075850184572 -0.022351149161293993
-34.34422446385332 0.060834854003718866
-35.29122438175028 -0.26039894792745577
-36.072452375801234 0.36384685406974393
-36.60133241932583 -0.4848497345656918
-36.8708238433734 0.4781530548200982
-36.67944732453726 -0.5033636429686648
-35.784147602567494 -0.9488279039827883
-34.85183678256609 -0.5871698681142208
-35.37676455931418 0.26397690489164816
-35.73593187956016 -0.6692962791586174
-35.71282084264428 0.3304366251576667
-36.21084137475355 1.1976018629281846
-35.946213766023035 0.23325118568594272
-35.0822949351986 -0.2703798833983029
-36.05952978690158 -0.05821946150711116
-35.062348507091166 0.016810500479181298
-35.19090128415738 1.0085131693817944
-34.27369266863502 1.4069204429242952
-33.489003804746034 0.7870306245786374
-34.447131568910415 1.0733716582035058
-35.260801997662675 1.6546981012405624
-36.1304365435202 2.148394117683044
-35.624058209857 3.0107055366011077
-35.89248364926583 3.9740060003600406
-35.19527879057999 3.2571340557110258
-36.190333849014124 3.1578091812603297
-36.73122364447543 3.998902653572312
-37.11379147078552 4.922830063205975
-37.94186618447162 4.362212307017607
-37.12239633640627 3.789090009325617
-37.68169918125588 2.960126603774363
-36.92433545231656 3.6131198518919283
-37.1941903047811 2.6502188400525277
-38.142593257402496 2.9672864029772508
-38.9112023010763 2.3275676069560327
-38.84526850420631 1.3297436072294744
-39.80447953257719 1.0470526044513901
-39.180322675194375 0.2657535468671567
-39.09032152872848 1.2616952086299453
-38.33494527994615 0.6064038819854283
-37.830363862036144 -0.256960231642148
-36.83440574890327 -0.34677914326331155
-36.46251353120802 -1.275055060444031
-35.64773217827142 -1.8548234166922888
-36.36922624074707 -2.547244038722269
-36.202587148205176 -3.5332619963867398
-36.84286238155218 -4.301407572148544
-36.00589067711613 -3.7541614063571296
-35.41746942416034 -2.945606875685304
-34.62240213845847 -3.5521281129117197
-33.88387000018334 -4.226346386718337
-32.99450343731637 -4.683541221394083
-32.02697784866323 -4.430768130853589
-31.08643058039465 -4.0911053036962475
-31.085922369316553 -3.091105432835506
-30.763348128101953 -4.0376495992138235
-30.466223524973323 -4.9924883134560005
-29.728806811344334 -5.667926386457977
-28.734073930537907 -5.565425187233065
-29.733849157987464 -5.586626474415355
-30.582586346128963 -6.115441362127172
-30.02481162056213 -5.285448979319448
-29.462727843364437 -6.1125292821989055
-28.658428345281365 -6.706753412795532
-29.054938105951077 -7.624783918657754
-30.03980993188278 -7.451499509416884
-29.461148115155403 -8.267067104323505
-28.465805667993344 -8.170664755402736
-28.06444853219264 -9.08658639481402
-28.332808276095932 -8.123267627296144
-28.526601647659767 -7.142225258619886
-29.458181591934213 -6.778688730296224
-30.45798763843891 -6.758994330771394
-29.624089879455312 -6.207075380596522
-30.61461252667057 -6.344424881337064
-30.80919074202036 -7.325311887118714
-29.914888469500696 -6.877848541842066
-29.367334770664616 -7.714619087984152
-30.35639024169193 -7.862163234702808
-31.352117894736654 -7.769824505222446
-31.59509286254634 -8.739857063963585
-31.865176489584968 -9.702693931976885
-31.311256323898682 -10.535263718869299
-32.12277147311485 -11.119595099673594
-32.914264951623444 -11.730772711729506
-32.67562004342693 -12.701879609960528
-31.848842862820295 -12.139350060844983
-30.982074466087198 -11.640639176238743
-29.982427571027536 -11.614066912549353
-29.906221521512716 -10.616974821507936
-30.52092676558921 -11.40573173140151
-31.378580282667794 -10.891503722982353
-30.73915073180966 -11.660353415373113
-31.121680476893417 -12.584296592265586
-31.646207292481748 -11.732902664797951
-30.70268822441217 -11.40158443682201
-31.409961048082238 -12.108525136525861
-32.082675347202375 -12.848427475864847
-31.483148949899455 -12.048072492787352
-32.441424128150324 -11.762225186086262
-31.84560447748754 -10.959106923385132
-30.846008089567754 -10.930698099796059
-30.52753551576938 -9.982766024308454
-30.242945788292595 -9.024116616540061
-30.192369590998105 -10.022836821736306
-31.18127296257 -9.874276659870015
-31.036169931301437 -10.863693210326229
-31.78141581181703 -10.196903455175075
-30.852517821358425 -10.56723914522124
-30.38861538311559 -11.453125440290957
-30.857602916210322 -10.569920654410742
-31.03327586635143 -9.585472070385798
-31.884137979696778 -10.110861130105821
-31.39919256097284 -9.236316711074595
-31.390960057534592 -8.236350598705211
-32.39054063893948 -8.265310247844441
-33.15739588506165 -7.623490155065405
-34.15736393172483 -7.631484256179966
-35.033252111224925 -7.148970114405846
-35.86026755453038 -6.586790911184773
-36.40981309320445 -5.751327147204891
-35.89616305028714 -6.609326933574941
-36.45692727827662 -5.781351402168751
-35.78989361137941 -5.036323827359833
-34.80365509086863 -5.2016525322501375
-35.24789765299928 -4.305745982440616
-34.5126852696144 -3.6279091648233335
-34.07029678674128 -4.524732687162715
-33.14350710414175 -4.900313416470085
-32.14358568025458 -4.887777625650929
-32.17437726680617 -5.8873034523295775
-31.320578436833596 -5.366700380942685
-30.344729773344028 -5.585148054232248
-30.42057954888422 -4.588028797798745
-31.414731740973757 -4.480040747702609
-32.40007472376952 -4.309455853133505
-31.770225709587738 -5.086173446171177
-30.81162682796019 -5.370933317189574
-30.969322807854 -4.383445606924109
-30.226587689080716 -3.7138602551273125
-29.302842149941604 -4.09686701606058
-29.808148200302625 -3.233926812182845
-30.24180066697208 -4.135007018463894
-29.96872432766383 -5.096999384810949
-29.083179375876274 -5.561553082851959
-28.843023454504067 -4.590818755947906
-29.504568268034465 -5.340724389805282
-29.15387306229687 -6.277214044138241
-30.077387736801896 -6.660777136697833
-31.06479932848328 -6.8189490324734034
-31.739301021431427 -7.5572223329591255
-31.510657019861796 -8.530732435909385
-32.458994011749084 -8.213467641426657
-31.89379015966264 -9.038418916100891
-31.32899700481145 -9.863651424084694
-31.373434719847257 -8.864639267260566
-32.355777698077624 -9.051728211673346
-31.682280457167053 -8.31253847521467
-30.700415916936212 -8.502122294770233
-30.400553457271236 -9.456104739725943
-30.695857627255126 -8.500701449387185
-30.599303194212006 -7.505373743824981
-29.60432055771271 -7.405325989902602
-29.192983759013057 -6.493842562716172
-30.10930242575531 -6.894292435958381
-30.912289887256563 -7.490288355971071
-31.812227864310703 -7.92630628846434
-32.770046609577456 -8.213679306014058
-32.99694359099769 -7.239760541525774
-32.900317034687006 -8.23508124793931
-32.64120007748555 -9.200927199678333
-32.86500959404162 -8.226294294272948
-33.71321283131222 -8.755965199914998
-32.71415772619192 -8.79942664182696
-33.006320771122944 -9.755795166600038
-32.56378255302322 -10.652544811440293
-33.26786685011683 -9.94242841070996
-32.93627371860018 -10.885850900971336
-33.27029057415466 -9.943283799802675
-32.38731301237429 -10.412698994904414
-33.11264027748982 -11.101103206454598
-32.58979230332995 -10.24867725898648
-32.69562657408665 -9.254293476368622
-31.866677879423168 -9.813618124149949
-31.56184280846545 -8.861212969022047
-31.207577417757985 -7.926068042849163
-31.982808234648225 -8.557746110019213
-32.97794981753474 -8.656200312621856
-33.94920858159286 -8.418174235814519
-34.75924916637025 -7.831800420732791
-33.77313878067349 -7.997891682456511
-34.666354362008995 -7.548263029833624
-35.18794444698949 -8.401459245982078
-34.39733613378476 -9.01378146107114
-33.99263461801252 -9.928230302249064
-34.95668140711961 -10.193962852781183
-35.43340485054929 -9.314909521927728
-36.33139524553291 -8.874894464779507
-37.25096814200499 -9.267813906998825
-37.41558766376387 -8.281456764247844
-36.5900088671609 -7.717169912903975
-36.89080011991202 -6.7634799096700045
-37.5852091265373 -7.48306043436317
-36.58899196740496 -7.569959064100807
-37.01443104126294 -8.474946132756966
-37.95181565325996 -8.126650153464665
-37.393436846639204 -7.297064046832704
-36.80539470815327 -8.10589434013587
-35.94775962461784 -8.620153091630849
-36.265700975689185 -7.672042709196965
-36.52565300656176 -6.706421177930587
-36.228610613582006 -5.75155688559745
-37.15253574297718 -6.1341302187926825
-37.762941129708715 -5.342041042090257
-37.954672188438366 -4.360593539103772
-37.297513036850816 -3.6068416903599463
-37.85388580359087 -2.775908874525827
-38.544562381290156 -3.499072663039608
-38.246287598731385 -2.544592619199236
-38.50440612671252 -1.5784793621155466
-38.9635279423055 -2.4668526836682636
-39.33837832803794 -1.5397673648781112
-38.457806340069105 -2.013679776621686
-37.457995902581985 -1.9942095662525527
-37.57565351001591 -2.9872637880415365
-36.58050855014872 -3.0856838512955838
-36.197561502425124 -4.009454146682797
-35.2173206344138 -4.207261731674922
-35.753819732086825 -3.363360838088457
-36.75289343507197 -3.32032903585398
-36.01787480597382 -3.9983759478583605
-36.36039276253753 -4.937887230085147
-37.324647738337056 -5.202863345321692
-38.14160894334863 -4.62617071531326
-37.232733512738264 -5.0432383976297235
-37.77473604188192 -4.202861542640321
-37.23515655167244 -3.360926881431226
-37.787769723664226 -2.5274890120365288
-37.90607614652021 -3.520466146874497
-37.48174020826129 -4.425970984797477
-38.47219951232691 -4.5637765252879055
-38.548472021319505 -5.560863534716859
-39.485449105908174 -5.211472717785854
-38.656985923150735 -4.651429188392456
-38.96639290373257 -3.7004994747084043
-38.456819722464864 -2.840072154748889
-38.449111827433256 -1.840101861013029
-38.98595466736276 -2.683784126570642
-39.98424577201097 -2.6253472342828776
-39.90275353113878 -3.6220212104042715
-40.815548645319375 -3.213603434679431
-39.815594435240314 -3.2040338085030324
-38.903032057055434 -3.612971341534127
-38.2150589534733 -2.8872351575474333
-39.090528097588546 -2.4039611382766664
-38.13057103886642 -2.684108323537497
-38.24067407319911 -3.6780285023399673
-39.00587403025263 -3.0342358138716286
-38.79190088070513 -4.011075356106034
-37.85208628820595 -3.6693905134138087
-37.319103832887166 -2.8232642212313968
-37.96137269312416 -3.589743647680579
-37.10616017873239 -4.1080211363174115
-37.300103076760315 -3.127008316674095
-37.84401953470193 -2.2878689439950106
-36.98991804626125 -1.76776256310412
-37.195779373972854 -0.7891813892852001
-38.048897172903764 -1.3108997243543046
-37.97841675660936 -2.308412887635355
-37.96631128322652 -1.3084861615628007
-38.800913479584175 -0.7576330288359611
-38.71827145379767 -1.7542123260190312
-38.42147523051674 -2.7091531628493444
-38.51195230968534 -3.705051700926953
-39.46210339128279 -4.016841569491027
-38.609004598182864 -4.538590981768084
-37.60993605243145 -4.581742353590573
