0 0
-0.32225036143432545 -0.9466544800271357
-1.230937351890283 -0.5291763927266231
-2.229039979361738 -0.4676041178411064
-2.135289463561299 0.5279916037181778
-2.6693754446047913 1.3734217692864583
-1.781592230401305 0.9131599257902516
-0.8220008561321072 1.1945571440212646
-1.4009435850913057 0.3791889348143591
-2.014083835692755 1.169163005966313
-2.3414804875333943 0.2242760114725063
-3.3411274273436065 0.25084659159561123
-3.167443318321185 -0.7339548250732966
-3.0588666446864425 0.260133252484429
-2.0847438992497844 0.03411361434882823
-2.687781927508287 0.8318260540625997
-2.490955467532278 -0.14861228905404555
-1.527682826239727 0.11991297705190729
-2.1515272709165285 -0.6616355555715588
-2.444411974972695 -1.6177833214163218
-2.777166290677133 -2.560796876663579
-1.7850414465919728 -2.6860497957872354
-0.8517832923220171 -2.3268434240611264
-0.34283831104457463 -1.46604437315987
-1.0755826567960798 -2.1465483950210187
-0.47347497029718577 -2.9449632833209236
-0.9703901632695038 -3.812762390829847
-0.4926540204188097 -4.691265764650426
0.43421567845761155 -5.066648983914064
-0.5617289959469902 -5.156616786627656
-1.3767929376052201 -5.7359877998899265
-2.3720227812466157 -5.833545774066943
-1.9581460296356323 -6.743878699142127
-2.8072559047086805 -7.2720949617216055
-3.7813305601460785 -7.045868160403737
-3.909287673746173 -8.037647862292786
-2.9408182216638195 -8.286780197374577
-3.673682330793994 -7.606405155541887
-4.613049068860778 -7.263490980545037
-3.6235252526929713 -7.119121256445068
-3.9531238534503124 -8.063242415184137
-3.4353292637483968 -8.918747390549813
-4.354535079775806 -8.524969956227599
-4.172913640256066 -7.541601432882064
-5.146690674268226 -7.769105912025843
-5.887157324371854 -8.44119901575799
-6.781239231610052 -7.993295518172509
-6.408258145655856 -8.921134464067986
-5.408355026334734 -8.907214982328778
-5.905019822454259 -8.039272541670671
-5.9876311764535615 -9.035854381857618
-6.566423246757821 -9.851329543559622
-6.971243697950509 -10.765725739032979
-6.656115306317741 -11.714774787705883
-7.555307997829524 -11.277221929719794
-6.812372909938444 -11.946585399876533
-7.805706409538976 -11.831309389486867
-8.535445106101838 -12.515035529647339
-8.293634109059287 -11.54471215998685
-7.297721831073681 -11.454386446275182
-6.53073387903466 -12.096047946933425
-6.780043760642423 -13.064471708998733
-6.862375140162254 -12.067866700007526
-7.833805788612652 -11.830543091297313
-8.621481963247184 -11.21445361410012
-9.420304566519906 -11.816020275826476
-8.57282766691211 -12.346852551249851
-8.788400538283055 -13.323340306999448
-9.539861676647641 -12.66356295248673
-10.478568537967506 -12.318846505952761
-11.098274930610618 -11.534012773932238
-11.395710748478539 -10.579270958440091
-11.514098876458469 -9.58630356161711
-12.261514985302775 -10.250659761437685
-13.151889989849128 -9.795431959915105
-13.541221707893197 -10.716529573268247
-12.610634309830008 -10.350459778603371
-13.356887605862946 -9.684797688530654
-12.636705362473103 -8.991012753333894
-11.724796536498514 -9.40140560550075
-12.187791313299506 -10.287766613586621
-12.502550265881247 -11.236938253370305
-11.503072736366994 -11.204616929200588
-12.176887715130968 -11.943517040442497
-11.801731618104583 -11.01655538920555
-12.507888537246167 -11.724610758190538
-13.462100487252034 -12.023742091330352
-13.993390259419844 -12.8709322576979
-14.986754179944793 -12.985945828198526
-14.147792968673492 -12.441754606308471
-14.697823605342508 -13.276899084063952
-15.0562665140106 -14.210450732996971
-14.521604626980428 -15.055516805299805
-14.659267987570907 -14.065037729725294
-15.578159939917903 -14.459547019745093
-15.371629896629042 -15.437987279147322
-14.493548900363958 -15.916499310342063
-13.51138500394695 -16.104526118470478
-13.761692335306668 -17.072692550375436
-14.166516695115389 -16.15829808533015
-13.227375724023242 -16.501830087356307
-12.469546992280083 -15.84937655388089
-12.864096827431746 -14.930502009896895
-13.57903167553039 -14.23131093231211
-13.792445612959387 -15.208272800202078
-13.290942251139992 -16.073428496064878
-12.884867784913556 -16.987268486368933
-12.065802639528592 -17.560969007211913
-11.296952964845653 -18.20039857936192
-12.012110688393637 -18.89936169029816
-11.444655298370083 -18.07595754874116
-12.421454876873982 -18.290113061008775
-11.866483158719882 -17.458243845296902
-11.405919695150997 -16.57061706785864
-11.581811840722013 -15.586207624016078
-11.084178013749963 -14.718820412758527
-12.062636468815821 -14.512376590593433
-12.814186440240563 -13.852700427274286
-12.11226025986685 -13.140450725760855
-11.744868286256125 -12.21038452503834
-12.496231895872732 -12.870272944503254
-11.497107467664225 -12.828435437920934
-11.315606265294445 -13.81182616064427
-12.314054234713403 -13.756133680333566
-12.340669120273791 -12.75648791914283
-13.34066706265902 -12.75445931733118
-13.229219837148808 -13.748229671047811
-12.267296506529945 -14.021549092258805
-13.204797178657708 -14.369532554164671
-12.772061695312665 -15.271053492054708
-12.237410044391975 -14.425980943590506
-13.191181367711957 -14.125447646246519
-12.96721138954216 -13.150851602298761
-12.158115410725916 -13.738528126471188
-11.844827357283569 -14.688186273158882
-10.860362569521504 -14.512604150900964
-10.409461705367818 -15.405178187441047
-10.739543585174662 -14.461225883231148
-11.211458978790136 -15.342869723604771
-12.147794654039238 -15.693975837558668
-12.93128597762529 -16.315378561937454
-13.795366016693746 -15.8120241280805
-12.80637089093666 -15.664076024920215
-13.603442694684194 -15.060191483248005
-12.873701083011763 -15.743914512108175
-12.003259159553261 -15.251643389772257
-11.042553441093716 -14.974074438844507
-11.230397441067073 -13.99187556301843
-10.920674125020765 -13.04104883458823
-11.103005811492933 -14.02428591490417
-10.8419939916483 -14.989621519707697
-11.82739450342442 -15.159873777817129
-11.787046933916946 -14.160688072537654
-11.806916345104437 -13.160885488774708
-12.784661804399775 -12.951090787155849
-13.781660716300872 -13.028506351921795
-14.378011550280824 -13.831230266360262
-13.56019332072649 -13.255753643543475
-12.936034593187083 -12.474456079976054
-12.736591619916348 -13.454365514777521
-12.971150136083882 -12.4822635126742
-13.07646792833802 -13.476702129500152
-12.088198551880692 -13.323981339963684
-11.896146338537976 -12.342596630815347
-11.826502939986836 -13.34016858162303
-12.613750358992988 -13.956805834202012
-13.55195163660518 -13.610715726445589
-14.403563709332277 -13.086543161744364
-14.005618496544042 -12.169133979525805
-13.970223342187404 -11.169760584318553
-14.480634839894236 -10.309830294696964
-15.429727474893777 -9.99483319917126
-14.42973204876301 -9.997857718561837
-14.213621372369762 -10.974226591247183
-13.654286988788165 -10.145284465798492
-12.892402934714216 -9.497571035223022
-11.89508714976497 -9.424350648095738
-12.274331418784687 -8.499054055420881
-11.332878358779382 -8.161909967816415
-10.787627516818663 -7.32363702936431
-11.003441059792591 -6.347202436230166
-10.54433276165901 -5.458822128825231
-11.137411850318651 -6.2639663361537385
-11.31087159290425 -5.2791253755402305
-12.298821445588771 -5.433899690530265
-11.462809460580056 -4.885188508831017
-10.580089534795379 -5.355088000874469
-11.49144429266621 -5.766709799745955
-11.851358533826264 -6.699695190312273
-11.75365068966352 -7.694910331469735
-12.371556037509265 -6.908657839515892
-12.304908881097301 -5.91088123298405
-12.17268675480799 -6.902101344422237
-11.453117845262994 -7.596522387029838
-12.148592304170105 -8.315073204305737
-12.38689209700326 -9.286264847976375
-13.201693176854429 -8.70652421607848
-12.230328924559394 -8.944119437754567
-11.818850074319121 -8.032700129310346
-11.53601525382217 -8.99186876115485
-12.282808436902428 -8.326812416395358
-13.23945732596861 -8.035568698783392
-13.411616676096232 -9.020637812177794
-13.78351629993336 -8.09236486213034
-14.455806064681804 -8.83265296294953
-14.56279515034692 -7.838392767855437
-13.697729453516223 -8.340051357103963
-12.767942038075125 -8.708148303691901
-13.63832054161153 -8.215765058057235
-12.784281306427715 -7.695556460697822
-13.038771086064864 -6.728480997220315
-12.103951333770608 -6.373358439896078
-11.291619127561265 -5.790163458131778
-11.569758673941006 -6.750704135427473
-12.276011449212971 -7.458663892349183
-12.73269909874413 -6.569036784642979
-11.7364327689054 -6.4827037085384545
-11.59742492300872 -5.49241242877317
-11.614101319661547 -4.4925514895447805
-12.596670786249058 -4.306655703336668
-11.813844536374212 -3.684415345832525
-12.788826204453313 -3.9067006285430366
-13.787923770980395 -3.9491747684361793
-13.724381041819115 -2.9511956496312135
-14.45805030884082 -3.6307023873666346
-15.361745299564749 -3.2025255970796347
-15.08265930433556 -4.162791709814502
-15.060325004436356 -5.162542268227956
-15.9933912300208 -5.52224689521182
-16.145738970150187 -4.533919942185916
-15.844900193109497 -3.5802449292865206
-15.856313381497884 -4.5801797967308016
-15.603449258827068 -3.612677995458102
-15.614086958825325 -4.612621413526718
-14.616804706656778 -4.538945708510553
-14.749708076560157 -3.5478167086985586
-13.85300175841676 -3.105190705167685
-13.463974047152863 -4.026416757702444
-12.773228230582026 -4.749514411473972
-11.917933221600428 -5.267655750889356
-12.90377529693713 -5.099979269247408
-12.151135626385146 -4.441546640718564
-11.949649055684302 -3.462055363663371
-10.988532163329248 -3.7381972098760814
-10.974391060917494 -2.73829720026383
-10.140834916879752 -2.1858624486986042
-9.5837347796436 -1.3554171241338504
-9.302037268978053 -0.3959138607288559
-10.169394519651267 0.10177218458947807
-10.730715527268796 -0.7258259826434137
-9.83673034482128 -0.2777294600455666
-9.009932894441961 -0.8402292165310765
-8.021993750660966 -0.685386560311045
-7.729002316294429 -1.6415016262878548
-8.621140852797136 -2.0932635455404696
-9.224861535608067 -2.890459466971521
-9.322356978036453 -3.8856954383399662
-8.366816617313601 -3.5908351001633236
-9.279979287987729 -3.9984304103513755
-8.36470937417988 -4.4012715513464
-7.425615551613864 -4.057610683020735
-7.021603387603682 -3.142857070657378
-7.6850700279597834 -2.39465120518011
-6.989494459747624 -1.6761982638496904
-7.926202738838336 -1.3260874244246363
-8.749038255866806 -0.7578078172623768
-8.636979666386708 -1.7515094186114593
-7.825208618810384 -2.3354852454372255
-8.586026833705578 -2.984450301417662
-8.50808937427432 -1.987492051330227
-7.516344079885729 -2.115715571240139
-6.55847085401663 -1.8285242009604514
-7.337528845808356 -1.2015723324526344
-7.950249438050468 -0.41127272101247037
-8.562505449102908 0.3793868624557596
-8.481869661704884 -0.6173567704763504
-9.28316494988159 -1.2156258246198957
-8.291576673290376 -1.0861936426601269
-9.065082279397444 -1.7199831008565662
-9.557571350213111 -0.8496644723490978
-10.337590240512768 -0.22390850491794856
-11.110908099956491 -0.8579270285159394
-11.095946737864411 -1.857815101074238
-11.143068275061491 -0.8589259376871363
-10.355102538076036 -0.24320684805537218
-9.753968363389282 -1.0423549594988493
-10.482657511037495 -1.7271995594627534
-9.48791465567206 -1.6247952055542174
-10.312695427465325 -1.0593425740455245
-10.330235781479583 -0.05949641788896132
-11.00438463302584 0.6790990911407532
-10.10747984796178 0.23687538471018005
-11.104963873573121 0.3077669825916866
-11.942983808725007 -0.23787263133680042
-12.746712386349419 -0.8328687435172402
-11.7516496696765 -0.9321168663584816
-12.74555790127895 -0.821906035888465
-13.287880817236179 -1.6620761703419866
-13.02295631043392 -0.6978070140917314
-14.009546144058087 -0.5345878357166514
-13.241707721154125 0.10605571284397775
-12.838091748688655 -0.8088727798650168
-11.862868922567264 -1.0300976415144443
-12.639479260486178 -0.4001163854143355
-13.52484150423097 -0.8650182001571762
-12.650587315759319 -0.3795497522228384
-12.72496369297433 0.6176804892522036
-13.623540406042228 1.0564969551375367
-13.499863685258816 0.06417439229002075
-13.178059513481971 1.0109806422836605
-12.564051331979899 1.8002803021394835
-11.615245293578745 2.1161396086249984
-12.37974770324535 1.4715187389551159
-11.457472970430407 1.0849837247440788
-12.434459634942518 1.2982841170679111
-13.239189090224558 0.7046423868960235
-13.726046982556076 1.5781235788369332
-12.761128479858934 1.3155739965620685
-13.128049061182493 0.3853217259380286
-13.946537817537681 0.9598442718142871
-14.874615957159717 1.3322297800657508
-13.931228685781708 1.6639230965524603
-14.78838366805109 2.1789816722220383
-14.421783737468658 3.1093603536722076
-14.907155612963738 2.2350525460447175
-15.795597600243683 2.6940414731857345
-15.330186654406676 1.80894675989506
-15.222393052837482 2.8031200543768326
-15.974842703892083 3.4617698267352606
-15.412015157711012 2.635195478439964
-16.319892262594838 2.215959074453186
-16.875731088321253 3.047249156082385
-17.60437625234019 3.7321405525474107
-17.566895439080508 2.7328432050890115
-16.736175558301326 2.176152555196071
-17.674572463154277 2.5217118828988605
-18.273960739224464 1.7212534551778402
-17.602009632787052 2.4618489659376195
-16.602347800995766 2.4878532359656558
-16.00257561849458 1.6876824235151133
-15.43533673717152 0.8641291152737064
-14.520683738700992 0.45988922067042515
-13.786743821271141 -0.2193251767057376
-14.704404967952597 -0.6166890148582241
-14.21543078331987 0.2556092407646796
-14.732359328418175 -0.6004193097303088
-14.386410105750231 -1.538672545981293
-14.9537186903468 -0.715167251618811
-14.340825001212046 0.0749981271588166
-15.22920729098082 0.5341025893732342
-16.170972990000386 0.1978328046018576
-15.253930879703006 0.5966231855557205
-15.880948886866388 -0.1823815761067865
-16.65612103750612 0.44936848275555563
-16.184728863558643 -0.4325552204870039
-16.88490575512337 0.2814141909857527
-16.27073400048147 1.0705865776035854
-15.289512191629118 0.8777038105337367
-14.307277135241112 0.6900490903627541
-15.024144715054259 1.3872584369817162
-15.882727382730593 0.8745832934787462
-16.849804329672416 0.6200991511561171
-16.275180350346 1.438516698855991
-16.50266848491751 0.46473584639011156
-16.09497976366413 1.3778568167783654
-15.217418809461785 1.8573219058718966
-16.03637937698872 2.4311717022785557
-16.953820173382685 2.033299379652302
-16.506223824743962 2.9275350916909595
-17.176299778920264 2.1852425512227684
-16.784224786518017 1.2653092925932206
-17.731682655296645 0.9454287103606349
-16.742922176990145 0.7959204612935532
-16.004120923531573 0.12199709184563068
-15.915032349382438 -0.8740266156814914
-16.671153090635492 -0.21959447661210674
-16.65690014351722 0.7803039449780285
-16.38939206166348 1.7438595615061723
-16.643184997272762 0.776600989130191
-15.85381483898694 1.3905185350659752
-15.499258995189745 0.45548369420213963
-14.94061534812801 -0.3739240918702863
-14.409167233454438 -1.2210149378897124
-15.091668434590021 -1.9518994092314466
-14.108982482236915 -1.7666203789882244
-14.682706164865799 -0.9475714573780737
-15.179886856775598 -1.8152184821479938
-14.265989063087101 -1.4092741230403736
-13.266682334836208 -1.3720442577102923
-14.054750003362239 -0.7564556371007601
-14.77648483927283 -1.4486252887275208
-14.197963264632772 -2.2642923701253093
-14.37925244577331 -3.247722201278195
-14.327710351673762 -4.246393024190246
-14.411068494866754 -3.2498733706141527
-14.963168781407497 -2.4160956582701307
-14.792332325262189 -3.4013950570579876
-15.46192187881812 -2.658663726246658
-15.266067939084243 -3.639296804564292
-14.283337585693701 -3.824340184680683
-15.269928343386958 -3.6611265920045652
-14.297837268610792 -3.4265227933556166
-14.122238134033582 -2.442061039941227
-14.73642504000534 -1.652900445047616
-13.762206099986566 -1.8785050924037714
-12.973276882823189 -2.4929891770682815
-11.99393018703077 -2.2908010235071203
-11.732583136358436 -1.3255561224043626
-11.07807872580804 -2.081614305727631
-12.048887840067465 -1.841760884507853
-12.740416381809348 -2.5641100216682324
-13.207835394696069 -1.6800741251165126
-13.037102801229715 -0.6947567237030123
-12.612609950039836 0.21067456540107443
-13.55635229328959 -0.12000713889697417
-13.818836008017813 -1.084943561415304
-13.75787032793227 -0.08680369854452008
-13.97045638021932 -1.0639460476283207
-14.74523526926023 -0.4317137540079038
-15.25465963664198 -1.2922291890337394
-14.745374188591063 -2.1528268490372833
-15.687187007684006 -1.8166890591471794
-14.87293397000041 -2.397199171568174
-15.866036608738003 -2.5144474079405437
-15.348134073917768 -3.369887040192156
-16.243945332071725 -3.8143217257924387
-16.096001627518454 -2.825325942038506
-15.961047113208503 -3.816177736742116
-15.523799367137228 -4.715518833632273
-16.37571883256735 -5.239191655555706
-16.36815576931473 -4.239220255927578
-17.35592479311842 -4.0832960576326895
-17.864361355616918 -3.2221966081411058
-17.740953841160685 -4.214552686056556
-17.413724012754077 -5.159497467195106
-16.82078352950849 -4.354251179821803
-16.089148422808027 -5.035947645005101
-16.085846264743353 -4.035953097143906
-16.142523737923668 -3.0375605570906994
-15.472818248466428 -2.2949337615932315
-16.275430611204207 -1.6984328016774266
-17.057622119827524 -2.321470877430089
-18.050225057055812 -2.442876845182001
-17.546168678163205 -1.5792060937392574
-16.552649054651113 -1.6928668068128108
-15.615642064049336 -1.3435562006706523
-16.613269244462487 -1.4124039232249188
-17.606064769786002 -1.5322248099584292
-16.731878331706074 -1.0466343740176778
-17.543856856760826 -1.630321683156664
-16.54423941869273 -1.6026634563484576
-15.623006986792168 -1.2136508519066784
-16.611842355960448 -1.0646387293064241
-16.00908582503697 -1.8625638914796028
-15.135469290601405 -2.3491788838100836
-15.04951265550784 -1.3528800045156262
-14.705954025514597 -2.2920112348328625
-14.059228193713661 -1.5292886781443982
-13.675262365779629 -0.6059413745912158
-13.813854540092604 0.3844081643187601
-13.943350434283769 -0.6071717938226047
-13.125277268514182 -0.0320576352004005
-12.30406578297922 -0.6026815884528572
-11.598968153376424 0.10642865172740978
-12.572595498704413 0.3345728877483353
-12.165156978734432 -0.5786597509832594
-12.375957986147114 -1.5561887455782015
-11.42511034235661 -1.2465296454405672
-10.938447090784724 -0.3729399937336131
-11.35448977359382 0.5364050926230517
-11.020720226068516 1.479059795653145
-12.017851140813665 1.4033634360345966
-11.589721159281206 2.307080603578191
-12.50886592248524 2.701000524722832
-12.676182451937862 3.68690375474692
-11.70549943718578 3.9272669900218045
-11.183839152640154 3.0741136934052022
-10.196755174729605 3.234317377982952
-9.239140981843777 3.5223712923525095
-9.77885585168913 4.364219176039232
-10.633154119066662 4.884002275375625
-11.408178496159161 4.252070938193821
-11.941120508950299 5.098222704133083
-12.871695876067744 4.732122327031075
-13.41470038101745 5.571852109523231
-13.32830355673135 6.568112913104942
-14.009908153351164 5.836392219215025
-14.49091008895651 4.959672687127418
-15.41760955305988 4.5838694098259465
-15.072621319578543 5.52247641957999
-15.986646789256397 5.928133221298113
-15.83296656399755 6.916253855818205
-16.05676759453373 5.941619001767242
-15.613463442972916 5.045247745418096
-14.776102778241189 5.591898563729052
-15.745642096859633 5.346962838174608
-16.40418087367773 4.594416042668228
-16.67043990763978 5.558317555704491
-16.392117039962898 6.518805130495606
-16.832464678295036 5.620977776593249
-17.05346509000872 4.645704062181555
-16.162419540031227 4.1917901630053995
-17.16132814046579 4.145082476508818
-16.220968933700046 4.48526560697078
-16.07109208875437 5.4739702804446795
-16.204470387598434 6.465035479812241
-16.61255379321627 5.552090829759814
-15.800724308369162 4.968196243783137
-14.939500986083353 4.45996953339594
-15.936349248070762 4.539301384330359
-15.796433409301956 5.529464784008221
-15.425400248712405 4.600845166649784
-16.424378785593973 4.555657968795064
-17.42427841230568 4.569826119760967
-17.721888945224606 5.524513487801266
-18.56844881952904 4.992219979276445
-17.586712589323945 4.801972839212032
-16.91546756125697 5.5432083701300865
-17.859559788096206 5.872889833396881
-18.77259293173752 5.465004459042197
-19.01740355292037 6.434575374321769
-19.545336284850947 7.283861563162914
-19.250089667172816 6.3284404859673025
-19.853447330130734 7.12591119423812
-20.778252947326646 7.506351163750909
-20.93667476753744 8.493722687991456
-19.997682617276297 8.837661260629002
-20.983084797291735 9.007903862878912
-20.982990812969163 8.007903867295438
-21.95233106235581 7.762181501770785
-21.966318079327294 8.762083678664224
-21.23067580705752 8.084713434816914
-22.158784603131537 8.457022530394823
-21.703666060615948 9.347453388046604
-22.44933783545337 10.01376683096278
-23.07978479436717 10.789999162160303
-23.17284134232342 11.78565998738266
-24.118000593937175 11.459050145080065
-23.83724709418147 10.499270236780811
-23.60672567977054 9.526202984481165
-22.810039553694896 8.921809721349799
-23.595205618707848 8.302524447544522
-23.27306092461016 9.249214891176814
-24.22956208680688 9.540943406609097
-25.047322037944678 8.96538397239304
-25.243647447191666 9.945922770036459
-24.38474441588796 10.458061015842514
-25.37227691006747 10.615476303980579
-24.37453600095875 10.54829685555399
-25.015195203487252 11.316122217348937
-25.30367722562212 10.358636905239672
-24.306301059416906 10.431030158280178
-25.007550013100225 9.718113680031813
-24.013063155142337 9.613252393805446
-23.046962943449355 9.355085043106765
-22.448027678560347 10.15588248845255
-22.344769824784777 9.161227867172547
-21.96624032187573 8.235638641096838
-20.981559645858432 8.061271309643613
-20.094629386146728 7.599367949179834
-19.510458861904382 6.7877369994210035
-18.526719419615258 6.608135469124953
-17.733751038299104 7.217398258266748
-17.325964454564378 6.304320987645053
-16.705258718630212 5.520277373183189
-16.567177357653883 6.510698262376731
-16.185423167800636 5.586434372283922
-15.920228025757252 4.622239611544894
-16.575129403160897 5.377953966228466
-17.28286020618916 6.084436174387293
-16.75029618075428 6.930825894795449
-17.689163271908907 6.586546088319892
-18.525292540444198 6.038013640511523
-19.46982310859617 6.366437156457795
-20.40314811757837 6.0074045289594356
-20.25316156456192 6.99609256565971
-19.489793053215212 7.642055812202662
-18.535865054620576 7.942091432583363
-19.154739682682106 8.727581212747117
-19.808922133637445 7.971244435337697
-19.42021543964419 7.049882885214819
-19.902663600293245 6.173958360905593
-19.376610384978324 5.323506707572593
-20.203458613656913 5.885931819681822
-21.1022087960193 5.447470749912143
-20.740203609952033 6.379646830521597
-19.75527327482252 6.2066952912348174
-18.902834610868887 6.729522532488503
-18.239727226947878 7.4780468122479755
-18.546185432270573 6.526162697247418
-17.988992168776534 5.695779853544068
-18.98229865190495 5.811288427143831
-18.75505247458845 4.837451081949554
-17.782631288923305 4.60421935668561
-16.78861435926264 4.713445468710071
-16.02223929983583 5.355838859311625
-16.73600795134934 4.655457311784429
-16.431483532383588 3.7029527825282305
-15.782360035458916 2.9422697435821217
-15.634704171231212 1.95323094466715
-16.006640944766815 2.881489010342814
-15.70784828894347 1.9271709560097563
-15.929598990858636 2.9022743485790423
-16.61026978532866 2.1696849208942393
-16.692541183026076 1.173074958511305
-16.13456689145422 2.0029331933592123
-15.24053746383529 2.450941432738097
-15.432840047155507 1.4696057529381772
-16.40585692474135 1.2388718023953595
-16.033200158441236 0.3109025493860036
-15.714488533126573 1.2587542782388268
-16.331385625084398 0.47171045612090834
-16.127267783648605 1.4506567809046484
-16.58300679127836 0.5605433291892814
-15.689678448011124 1.0099479031706924
-15.123997527263645 0.1853236882083351
-14.560585730206633 -0.6408525320600698
-13.584582510392188 -0.42309644164734106
-12.62183122196123 -0.6934849706653623
-11.737366339047703 -1.1600917332532612
-10.737398203561817 -1.1521087505474676
-10.940572048440664 -0.17296607005746567
-11.92648717597389 -0.34021247899094953
-11.168213088747455 -0.9921483720363611
-11.303143210030681 -0.0012932552960305266
-12.139511728142907 0.5468743303114737
-11.165119174286707 0.771727951562263
-11.35305931654539 1.7539084354488987
-10.451635636230353 2.1868464778606183
-10.82154443800714 1.2577784080357735
-11.821160517389876 1.2854856965983128
-11.80490974051203 2.285353644004802
-12.480015932768225 1.5476330809341086
-12.207758988009154 2.509857668039664
-12.843687259743888 3.281605835001189
-13.796071739545546 3.5865054949434825
-14.783408065871962 3.4278644576414767
-14.545271401668016 2.4566328018755534
-15.079449376532335 1.6112607588259535
-15.271330384386788 0.6298425611014773
-14.647890217666333 -0.15202850149105285
-15.49948653203634 -0.6762266675994639
-14.736807337003878 -0.02944970027252114
-15.375139377180746 -0.799210836264484
-16.157619819834245 -0.1765356746715525
-15.73957507245473 0.7318907610888766
-14.743458305101404 0.8199327158465881
-14.595478126379037 1.8089230427483716
-13.991038747416134 1.0122719038180739
-14.299182418487504 0.06093207075175078
-13.299366508000116 0.04174496215572765
-13.761370098714911 -0.8451330915622766
-12.896479701006536 -0.3431723361721295
-13.74708532120828 0.18263188488472581
-13.195592571609144 -0.6515478002788391
-14.115086210895512 -0.25844291947486336
-14.623101267254803 -1.1197911083696133
-14.825608046898212 -0.14051024763636266
-14.716128467871348 0.8534787974622746
-13.728578725319444 0.6961717538003035
-13.14408587246692 -0.11522710309087891
-13.918662169062117 -0.747707585598341
-13.091563964829803 -1.3097650208802527
-14.025765209531462 -0.9530185641383957
-13.397068688921548 -1.730669311564892
-13.389148934497578 -2.7306379498180444
-12.826167693621148 -1.9041682755884124
-12.502715793546427 -0.9579236622150773
-13.349487095948314 -0.42596655733855315
-13.004429766703952 0.5126150531433206
-12.066759817584767 0.8601421262165194
-11.95607048932444 1.853997182353619
-11.261045083803845 2.5729823600039894
-12.023354609799695 1.9257697314374704
-11.34033641810204 1.1953683693015087
-12.327294935097743 1.0343935708713101
-13.3202737260409 0.9161010489729831
-14.27707562003526 0.6253603816269697
-13.534846931626559 1.2955070626626215
-14.52926663806987 1.4010032589788843
-15.328933360498995 0.8005591458097566
-14.434394740523077 1.2475498139132197
-15.385037776174741 0.9372631419999914
-15.401236718201453 1.937131930530374
-16.049356585835852 1.175593594543558
-15.070270116885418 0.972149041118872
-14.247476215931298 0.40380918104155705
-13.803591725006886 -0.49227483216076284
-13.347452308236518 -1.382183160286974
-13.951113397677673 -2.1794242085871214
-14.62458550971949 -1.440211577267868
-14.729285096091411 -0.4457076825477174
-15.591509160170697 0.060819378252197964
-16.498169294828813 -0.3610424477308214
-16.991947019166286 0.5085457070574707
-17.603196886537816 1.2999833859926404
-16.64302151741845 1.0205853535434293
-15.749141254903503 0.572279569188366
-14.805510279892573 0.24128019909844978
-14.35306207184797 -0.650510482080283
-13.376446997677723 -0.4355151404948383
-13.421194300383158 -1.4345134782815374
-14.103392720828598 -2.1656805694048638
-13.40342289525132 -2.8798529878594787
-12.659191699157285 -2.211930891533536
-12.109650106397371 -1.3764645320510631
-11.192158788380423 -1.774220338248186
-11.732305382826501 -0.932649392630228
-12.705782785329 -0.7038662052737508
-13.701821623952593 -0.7927854492727995
-14.698100732728179 -0.7065999666360658
-14.264939036560339 -1.6079161958103774
-15.263349494318254 -1.6642771560544294
-14.303724095414912 -1.3829959910618113
-13.996527536906923 -2.334642077819303
-14.743862027520208 -2.9990900886822915
-14.202479167002606 -2.1583139006644707
-15.200932861274064 -2.213903651479523
-16.200801303557874 -2.1976833516998298
-17.194510428825325 -2.309675201225595
-16.350007954388253 -1.7741235504302062
-15.804107110334648 -0.9362737617081699
-16.584932414047948 -0.31152433587327544
-16.510929182624906 -1.308782337465114
-16.233445852963907 -0.3480518852776937
-16.289419654104975 0.6503803525761429
-15.684005386000035 -0.14553017253014033
-16.59754156316952 0.26122731418960304
-17.551656705098686 0.560667284703715
-16.565085990594895 0.3973325814607115
-16.365386269329953 -0.582524561865143
-17.27619035678406 -0.9953634096942864
-17.155037242238553 -0.002729578497745355
-17.163851896411003 0.9972315716835105
-16.676851627417886 0.12382975235827576
-17.65471085874079 -0.08543401353677668
-18.264587386565815 -0.8779304619881813
-17.46341638577574 -1.4763659451382303
-17.743077724848355 -2.4364646564320807
-16.794103133436185 -2.121112115845991
-15.91424547661447 -1.6458748027778771
-16.75068558269228 -1.0978164583066519
-16.94368947234047 -0.1166184667775878
-16.268225539946148 -0.8540114936190395
-15.590176855536841 -1.5890284876884344
-16.473478117230165 -2.0578342908638874
-15.475235637844026 -2.1170960183869267
-15.360446860946576 -1.123706096604756
-14.387632091938539 -0.8921215003988786
-13.58042936056892 -1.4823958014398668
-14.58038550921294 -1.4917606713811171
-13.908160754388573 -0.7514135372600211
-14.90107226214416 -0.6325575834060945
-15.298186685934725 0.2852115239501555
-16.121064480756882 0.8534299104782799
-15.480807212696787 0.0852693604002227
-15.416611524867061 -0.912667969127072
-15.274033505678076 -1.902451535592057
-15.01351147635943 -2.8679194388595315
-15.98899517156395 -2.647847722389344
-15.02193320791515 -2.3933066481719796
-14.022687677368852 -2.354468912871807
-13.88938649507225 -1.3633933381559693
-14.863799694703578 -1.5881574731602843
-15.28157302410906 -2.49670876243209
-15.505873883420255 -1.5221888167602433
-14.876225359705415 -0.7453086866348021
-14.715502536190279 0.24169089492606255
-15.13828898757451 1.1479202348428015
-15.97620249861004 1.6937232652705494
-14.979518407258272 1.6123548313031688
-15.578285846648152 0.8114318927338657
-16.12895038754635 1.646158532657007
-16.565302943097265 0.746382756552657
-17.11783094852678 1.5798770895964285
-16.132804087227314 1.4074761542204195
-15.707463271484768 2.312509408009177
-15.521157119211928 1.3300176687943939
-14.561946256849188 1.0473261027275456
-13.566525648299631 1.1429180065417888
-12.56998153715416 1.0598527638630253
-12.582986424104869 2.059768196744926
-12.485827169710547 3.055037044486851
-12.594942857358165 4.049066101762939
-13.594671081926963 4.025753508588438
-14.283227694112497 4.7509361006406605
-14.55267435655954 3.787920786070768
-15.361133907463989 3.199369042762351
-16.14359954742506 3.8220628056027297
-17.136871507977457 3.7062577436218214
-16.440934709724456 4.424360781379888
-15.50523329448482 4.77715372563833
-16.228606873841702 4.086696873482882
-17.132459283668737 3.6588524844231904
-16.86935691151349 4.623620405617858
-16.845945881424875 3.623894481341514
-17.482317807234523 4.395276858662462
-16.92049708472824 3.5680178449536255
-16.07576477368973 4.10320689817458
-16.27915600935649 5.082304444517103
-16.287682694134396 6.082268091679688
-16.568559515717535 5.12252426591296
-17.425254724777513 5.638347218847086
-18.20461114572018 6.264928074870824
-18.924687266532864 6.958823153564537
-19.61891082299514 7.678582595081539
-18.628283081593832 7.81517204550192
-19.43037934331104 8.412366810163569
-20.263124291873115 7.858710011556032
-19.479860429809538 7.237020601653266
-18.946294103726753 8.082778826957945
-19.946208783205513 8.095841512856767
-20.93423856382039 8.250104770368448
-21.000799905356974 9.247887105255597
-20.308105831822402 8.526655574823044
-21.299957420611506 8.65405426326421
-20.31148769980016 8.805472924726859
-19.581906745682524 9.489367383973896
-20.50737602099573 9.110544707182697
-20.77772534207168 10.073307006295916
-20.542748944156816 9.101305929947255
-20.308979357311532 8.129013905776437
-19.90707508373571 9.04469559440054
-19.55734911086239 8.10784355490988
-20.521605166153016 8.372815741818922
-20.065829257326822 9.26291029911812
-20.835395409872266 8.624343202521057
-21.027690120251357 9.605680425070075
-20.311239722009937 8.908042390800363
-20.91702838433776 9.703667991566872
-21.34819673969602 8.801396497316029
-20.934065429892446 9.71161364626477
-20.980175016301157 10.710550033649481
-21.955471000658914 10.489647922080497
-21.288482950996986 11.23471633612593
-21.798244717298434 12.09503194194581
-20.83839576180357 11.814514593756043
-21.4266792881469 11.005859851215655
-20.661064277784014 11.649158892025635
-21.295870981266606 12.421829875830232
-21.75886576777822 13.308190878843712
-22.62662365818572 13.805178045313358
-22.21991895111303 14.71873772111178
-23.21792865958143 14.655677259625811
-23.29508014470207 15.65269664175621
-23.425443583648335 14.661230367097255
-22.650979712244073 14.028612226439304
-23.63576639594216 14.202379851763837
-24.406762880133282 13.565540451785377
-25.02509157309426 14.351460058018208
-24.67074978652476 13.416344076820831
-23.943361704803067 12.730117744938092
-24.07839522807851 13.720958775372248
-25.068566969730092 13.860815566536177
-25.45490051598023 12.938456422253543
-26.43899183095827 12.760793022013658
-26.611786343263017 11.775835126204216
-25.642918311052394 11.528257388593751
-25.75708627565695 10.534795926906357
-25.19445757464218 9.708086216793772
-24.21270482784628 9.517924327450226
-25.21268063566063 9.510968481991755
-25.79466328564562 10.324169684103785
-24.98531120547025 10.911493453685607
-25.71791309550974 10.230836072391195
-25.517427613885307 9.251139399100008
-25.064081458733966 10.142473939892351
-25.97572452748628 9.731491075047764
-26.341559064772163 10.662170983141209
-26.901050206765248 9.833334653078829
-27.898633888436013 9.7638594915878
-28.896060570378545 9.835553383580871
-29.770593952773854 9.350588062061673
-28.889579370456495 9.823677171790662
-27.890108713891163 9.856210334330845
-28.88979079708826 9.830996597306873
-28.276325432591353 10.620718223300917
-29.261403723355116 10.792825053688171
-30.0480930002249 11.410174210695855
-30.27753840236965 10.436852677267854
-30.975021034364527 11.153454364445256
-31.468641281959275 12.023131920304035
-32.3487958617361 12.497819096977143
-32.55057755398449 11.518388574339944
-32.11940443512932 10.61611935643616
-32.14053689688376 9.616342671840947
-32.721506813374056 10.430267702868534
-33.66008630830085 10.77533078652566
-32.7082456920046 11.081924069506188
-33.63824960983941 11.449473675426137
-33.479409985545566 10.462169277707687
-34.155004612547614 11.19944256487193
-34.308858292763475 12.187536206731869
-35.2600560010198 11.878954094794198
-34.29336017583201 11.623026015903859
-35.19016492180936 12.065452560759036
-34.59805331738853 12.871308532946495
-35.59800034295456 12.881601543275956
-34.60080407256875 12.956432007183565
-33.801337915554086 13.557143138916786
-33.000734702106264 14.156338010905037
-33.32746570541044 13.211220636458961
-33.80345670066369 14.09067078992863
-34.766741376767385 13.822188699680892
-35.64188317726899 13.338322159181539
-35.17651944878014 12.453202619115363
-36.132063287207224 12.158353551211055
-35.22853132014817 11.729832858008962
-35.18808647469975 10.730651085518764
-34.66018784259344 9.88134370051597
-35.3147793302013 10.63732649420332
-35.297704168471505 11.637180703001734
-34.68081470634388 10.850130900564881
-33.68551773896539 10.75326012722652
-34.67823720448476 10.873709547229003
-34.88327005045764 9.894954454229605
-33.90226531608063 9.700970663334868
-33.827894932301646 8.703739974869773
-33.116616122844576 9.406649965705961
-32.32900460850163 10.022822102754052
-31.364232896854485 10.285910575335889
-30.768482339366717 11.089080092469734
-31.701494054271294 11.448926087099128
-30.95110085116866 12.109917797135928
-29.97922909365256 11.874407103233159
-30.57057486648055 12.680825218703335
-30.81393772420338 11.710889901539877
-30.53340727022542 12.670735026750668
-31.348762276247534 13.249696350290227
-31.207250377591265 12.259759795485477
-30.214982301364916 12.13564668214906
-31.195793565412547 11.940687034228556
-32.04150876996223 12.47432154659961
-33.04048968410488 12.42918693483969
-32.54062538760109 13.295290672899268
-33.35414870406724 13.876822970855207
-32.50204224054417 13.353454482290784
-31.690299745023466 12.769438967971329
-32.64473436731255 13.067859060753113
-31.777923592201052 12.569221837763694
-32.72339438219517 12.24351493690358
-33.22315588975522 11.377351883222978
-32.90258072495531 10.430128802996622
-32.22566460526182 11.166188968267852
-33.05432510124099 11.725940504579775
-33.336527775967305 10.766585695149336
-32.92713293407136 9.854228383878695
-32.424570583375356 8.989687416854629
-32.110033287279606 8.040442301320832
-31.257257667292848 7.518164844449295
-32.223395533034115 7.260138441961287
-33.16379902851444 6.920077762540126
-32.85154987467445 7.870078007764415
-32.83247588482922 6.870259932857093
-32.452315029489895 7.795180320819037
-33.44675360742756 7.689862161371963
-34.05117794253356 8.486524714233378
-33.06631321689499 8.313199954914738
-32.257465440172936 7.725181864978897
-31.360623189941904 8.167532380069066
-30.893940885581376 7.283107353966374
-30.360165607189952 6.437480987195471
-31.290008657892518 6.805437371920812
-30.323517093129247 7.062135745973791
-30.394359575743078 8.059623261012003
-30.42609923675517 7.0601270909749
-31.27736924800122 6.535399192009017
-32.15687509731564 6.059511115859047
-32.353102931192666 5.078952786532367
-33.35079465446255 5.1468587900871015
-32.35080195133175 5.150678958299858
-31.746740965603028 5.9476170522070575
-31.98201254041888 6.919546723574111
-32.92570063305659 6.588710232518808
-32.32818784246144 7.390569612382379
-31.32852784469392 7.416644290969942
-30.555887681097616 8.051488506189612
-30.761822919386514 7.072922883642562
-30.08977181211236 7.813427650144158
-29.08990201029641 7.829563926558755
-29.204741906850312 8.822947939999423
-28.797386896800067 7.909678047915509
-28.200059332454988 8.711675417533124
-28.970605697598852 8.074291467967733
-29.552120031887462 7.2607553108014535
-28.79178336892365 7.910284493327576
-28.134325087946912 8.663775441365516
-27.21977145477391 9.068240090068047
-27.050204371682007 10.053758737447032
-26.314850733182407 10.731442311355535
-25.417957633948152 11.173689717844226
-24.420140618613324 11.107650306063865
-23.459015932194376 10.831535588679806
-23.79319683664289 11.77404453988503
-24.271412300069137 10.895801993352459
-23.626809195191488 10.131284604941905
-23.10763225772526 10.985951386561029
-22.19697104973168 11.399105309761175
-22.769923812092003 10.579516917881646
-22.152017706971083 9.793265021060854
-21.669891460479374 8.917163267584801
