0 0
-0.5396889537522644 -0.8418644981217501
-1.5210326255422046 -1.034126293176926
-0.5425125579147334 -1.2402778812142952
-1.4816137636394602 -0.8966371889114707
-2.347362831786826 -1.3971155111213016
-3.3161642409476926 -1.644953824559558
-3.7334418000208043 -0.736174732208735
-3.6609063669415565 -1.7335405682729177
-2.978877352724936 -2.4648656832298057
-3.459892411155641 -1.5881533509548995
-2.514443392468505 -1.2623832586144104
-2.5725917269308565 -2.260691212704357
-2.6119282155017447 -3.259917233515921
-3.067338048372116 -2.3696353207910916
-2.2056292830422897 -1.862232124354819
-2.2667481910804548 -2.860362616364868
-2.4774420156887316 -3.8379147184402185
-1.6734866589118633 -3.243225064662907
-0.6878892896875092 -3.074116147754211
-1.6529555024130973 -3.336122264200927
-1.9334448933451192 -4.29597938980587
-2.918737909161017 -4.125106123949525
-3.496107259670189 -3.3086230358866944
-4.34175036902529 -2.7748742826326582
-4.292105166046608 -1.7761073659693132
-3.497282969312383 -2.382949747134786
-2.9352858014637464 -3.210088903099556
-2.7864902796539743 -2.2212209176286146
-1.7906654527471364 -2.129936120888049
-2.734013229385374 -2.461741745179884
-3.278938245428316 -1.6232569648227213
-2.283674388192761 -1.720467326824953
-2.0165781818921866 -2.6841371959086766
-1.4722354779769635 -3.5230001291071007
-0.4792252416134791 -3.6410283904572402
0.19155855375176167 -4.382681341557284
1.145162449360924 -4.68374547140179
1.5908518652837862 -5.57893313023894
1.5669929237911808 -4.579217795300612
0.9723642338509964 -3.7752173468554506
0.5802388671556413 -4.6951291343622925
1.5663891757233332 -4.860983193437874
0.5694444309572054 -4.939093217655001
1.556727055772203 -5.098068117366902
0.5594261369017172 -5.024645523977098
-0.4342073761647445 -4.911984786755998
-0.015641144633447623 -5.820171061603668
-0.6427981085231189 -6.5990639570936
-1.6341098844438888 -6.467530832289203
-2.53271996044289 -6.906278973382781
-1.787495774016926 -6.239464972355687
-1.000203180899256 -5.6228853969381625
-1.9800281346444673 -5.4230277975875385
-2.5201829094412975 -6.264593492744004
-2.3281886806564907 -5.283197438078342
-1.5014141893742905 -5.845730939805181
-0.6105164351165431 -6.299934849363985
0.3337301673841865 -5.970695796902359
1.3009106957449679 -6.224785988684253
1.0604520187534157 -7.1954453649123264
0.06151377262321989 -7.241514665084224
0.2321104637214049 -6.256173724604052
0.03131928654578689 -5.276539658654715
0.6994376312042413 -4.532484635467017
-0.2685686447778125 -4.281558651042614
-1.1932092898140936 -3.9007179001415446
-0.646673090828899 -3.0632824201200592
0.07740393008606838 -2.373563297735515
1.0017669418894477 -1.9920491795042425
0.20889853231475297 -1.3826562971217076
0.5999518936749804 -2.303024304262801
0.38222148638083775 -1.3270153546421908
-0.3015785351341669 -2.056684821302321
-1.2314377009993773 -2.4246004796487077
-0.2318789872992072 -2.4543053254833733
0.6440578512570949 -1.9718795230432564
1.251699099643313 -1.1776678930228703
0.7789127852151927 -0.29649078205738766
1.5336501845696633 0.35953624331249
0.8195340190259175 1.0595634585756522
1.804864198506138 1.2302222919405748
1.777475465937954 2.229847150239081
2.641221801811974 1.7259203031033048
2.122218155685458 0.8711482777612362
1.276156477363624 0.33806325970572826
0.8891372605286706 1.2601349086574023
0.009091778868662082 0.7852455002581376
0.7095827469395131 0.0715842335137793
0.47266105719334395 -0.8999445169243228
0.8824716688392406 -1.8121151493075498
0.04198711103145358 -1.2702796502059785
-0.9255671457457353 -1.5229429838979522
-0.7473602188828355 -2.506936018028825
-1.507664176421887 -1.8573685525947439
-0.5107081320295955 -1.7794028835494822
-0.963339884752993 -0.8877053471468379
-0.005101471075455777 -0.6017348197270407
0.4234234942909462 0.3017951211480384
-0.3881473862474704 0.8860490949146694
-0.8718305960119415 1.761292234043414
-0.04765142720658322 1.1949630914882134
0.7617161321621513 0.6076606533513553
0.12338931752077897 1.3774261226404103
0.786039146043572 2.126355494983833
-0.13851265947994407 2.507411867326832
-1.137234261742758 2.5579604694202374
-0.26519535312453124 2.0685239139240914
-1.264164703403862 2.023134078030008
-1.3518227941178034 3.0192846987357256
-0.6926351359887365 3.771263176732481
-0.8984216549846359 2.7926662686035257
-1.2424099240213662 3.731640214336374
-0.44270857921788664 3.131242213740514
-1.2625459581471836 3.7038386441435867
-1.359903492471421 4.699088115638199
-1.4915833164564596 5.69038041559582
-2.2158567856322042 6.379893244952992
-1.2322966869570107 6.199312148782758
-1.2816202195002147 5.200529294936407
-1.0115850632900305 6.163379758098025
-0.02050238495286172 6.296628115311253
-0.07169749672314799 7.295316785784102
-0.261000590803505 8.277235488412586
-1.1204331043091669 8.788484698416221
-0.7982255864884088 7.841815635089556
-0.5443985780267206 8.809065266661152
0.2226205220227121 8.167440999539531
1.2222242407731168 8.195590696880029
1.1682129151781107 7.1970503738547285
1.9511051169186122 6.574892997900775
0.9597075807059721 6.444007837582628
0.7018161839193269 5.477833925979011
0.5410633206820887 6.464828615408002
1.5335786390658082 6.58694881346575
2.222263771297627 5.861888272101899
1.302753708562045 5.468821808856806
0.43110571935968145 5.95895422251609
0.721607239911791 6.915828752722069
0.008850825324499434 6.214417109345179
0.9827064784292008 5.987249402758139
1.9151941687820333 5.6260476484151685
1.4408315515081243 6.506377193150007
0.7649102589876549 7.2433510097252345
0.6028781253894169 8.230136491824359
-0.2603468227040806 7.725317030047202
0.6197261431306484 8.200155502379493
-0.2992222416471255 8.59453332390895
-0.1466064450990924 7.60624772822114
-0.6375492332190981 6.735055913066202
-1.4255645264709655 6.119400248265517
-0.6504325242587661 6.751199566994579
-1.3943674151364414 7.419451673713908
-1.8042572996899497 6.507316660384899
-2.545357488694215 7.178711112147678
-2.788059565078575 6.208610240011836
-3.654690023709795 5.7096596931911705
-3.124237417572246 4.861945099331963
-2.1293053134454265 4.761396065633077
-1.129557354392531 4.738945712193324
-1.7231394780519196 3.934172289128167
-0.7628167156622297 4.213063292992105
-0.640703828802361 5.205579510926476
0.00719623168606065 4.4438541590974205
-0.8527365463626756 4.954261464332546
-1.1223066928635208 3.99128070849393
-1.0076305540336274 4.984683639425315
-0.06859147696358259 5.328494069365185
0.8701683678755825 4.983921937994195
0.3680823242782967 4.119104266560022
-0.5280065757152784 3.6752296408960805
0.4605646359400626 3.8259842742785772
1.0372504643889244 3.0090182680908963
1.0805367844124798 2.009955560099642
0.8616769227691939 1.0341992580644044
-0.1347017131164724 0.9491721215101334
0.5057311251891626 0.18115794220106074
0.367053181153379 -0.8091795900767016
1.1742514083376805 -0.21889912959158542
0.590737285448358 0.5932038616531856
0.22461843334018983 1.5237719602526365
0.6951456577238868 2.4061574378721255
0.7303500853107259 3.405537569893111
-0.13889291737738108 3.8999226447869266
-0.7701221384474486 4.675518976951588
-1.0370362109943052 3.711798645176622
-0.10822017407869855 3.3412574604637935
-0.5936301785062787 2.466970821196318
-0.35713758797882755 3.4386041134550873
0.6358683536784708 3.3205397249490605
0.04170246887563811 2.516197197578745
0.5088430024436248 1.632014115916459
-0.49049447044654526 1.5956188514238274
-1.4393938985649803 1.9111974871337039
-2.436196384895715 1.831292523302507
-2.718698476676362 2.79055920579469
-3.300019612052957 3.6042334265762426
-2.8845165278411873 4.513825196003884
-3.868726402142806 4.336819762959606
-2.984379071826183 4.803649281479871
-2.004537081681184 4.60387522323234
-1.217878380100777 5.2212633404064785
-0.2690862672707818 4.90536220613882
-1.241537115392182 4.6722541882845015
-2.0573882207195977 4.093992159498213
-1.7564479627328875 3.1403491649122453
-1.0358246281817047 2.4470223951273664
-0.8917865334373599 3.436594538663359
-1.3699173548549928 4.314883168676579
-1.3124425865247036 3.3165362094457818
-1.6637185711778373 2.380264249700126
-2.5226797650965422 1.8682235605534987
-1.5369118027185433 2.0363352030686084
-2.4738332579943543 2.3858751673700556
-3.019656258155561 1.5479746646282209
-3.5690645850909974 0.712420662606805
-3.315137915038667 1.6796441353555462
-4.295015116066024 1.480042855533011
-4.816133461260395 2.333527284390316
-4.507524774682995 3.284716371043949
-5.125775138430239 2.4987351449791015
-6.119043028062737 2.6145751183259764
-7.06518363924202 2.9383311126755665
-7.926109904642573 3.447060869563698
-8.89645264520405 3.205327616080355
-9.298996688303639 4.120728235134678
-8.645709677937846 3.363617885127939
-9.530297796039227 2.8972447927288836
-8.59709403628705 3.2565924555630854
-8.621810324241784 4.25628696145463
-8.205548419411056 3.3470422053043984
-8.464072186794887 2.38103730795777
-8.66986043911663 1.4024407643268602
-7.677708773349767 1.2774004823532454
-8.665307236061484 1.4344013627630532
-7.959616776167849 0.7258810914827531
-8.442666865699518 -0.1497116283381953
-9.365890443951214 0.23455159467453918
-9.468797492416993 -0.7601393821499527
-8.570935257047944 -1.2004158933313875
-8.50213455571543 -2.198046317634974
-7.633288467874463 -2.6931286094243747
-7.9463225283522 -3.642870509616643
-6.956790847544204 -3.4985547007899442
-7.845900298527276 -3.0408600600385145
-8.643133899301203 -3.6445309851268766
-9.639102886408384 -3.554832731405325
-8.707896367216023 -3.1903407306513367
-9.70776287530419 -3.2066798249827975
-8.70922100213121 -3.260662484422628
-8.882562774762063 -4.245524215764238
-9.36001479219136 -5.124182039409311
-9.432177308448855 -6.12157492651418
-10.348523652759392 -5.721188391689748
-11.026900367748222 -6.455902644008948
-10.587751453533059 -5.5574883569767115
-9.626574614845934 -5.83342147345863
-8.626662157687148 -5.846653178514327
-9.394744708951034 -5.2063023415163885
-10.2152798093043 -5.777898483113107
-10.561805259764864 -6.715939053761895
-11.156953518351614 -7.5195549758920865
-11.055658144764271 -8.514411371202385
-10.595338202622191 -9.402164462363611
-10.752745158626613 -10.389698284671192
-11.038921899518696 -11.347875133156057
-11.079879503048486 -10.348714247856249
-11.35096774850863 -11.311268746663117
-12.253030609991338 -11.742873419869545
-12.374103401441905 -10.750229788363066
-12.871654251976645 -9.88279497747976
-12.327277680100552 -9.043954022356303
-13.134524840507424 -9.634167561691891
-13.13715946293724 -10.634164091068195
-13.633733833850085 -11.502158269707955
-13.145175213563617 -12.374689343391742
-14.137292053911114 -12.50000564360403
-13.409237369878714 -13.18552470027458
-12.80326208584494 -12.39004122769945
-11.821189813672769 -12.20153644730758
-12.812928852269675 -12.329808343383402
-13.16983441542687 -11.395667872689916
-12.28154352007927 -11.854949142983578
-11.32349658780367 -12.141560509745805
-12.255716695662612 -11.779668715830189
-12.817893030173344 -10.952651322472542
-11.830462050094138 -11.11070213575681
-11.589350718664967 -10.140204672670764
-12.206010007144926 -10.927434830840147
-12.032970983873446 -11.912349799974667
-11.474126673023083 -12.74162239462023
-12.474123248235701 -12.744239561606513
-13.436640062548028 -12.473017545232384
-14.433407063883266 -12.55336395180517
-13.46279395822986 -12.794009332259169
-13.799217392327929 -11.852298509878082
-12.800154655581167 -11.80901285354631
-11.800199865988938 -11.818521732111186
-11.302653111125892 -12.685958892212858
-11.998811104700293 -13.403847496372629
-12.922343276327927 -13.020326534795894
-12.202649726280052 -13.71461839995023
-11.205737858500811 -13.79314691630514
-12.201912932713427 -13.705767161684914
-11.502467611213625 -14.420453276165977
-11.348982867391802 -15.408604293679975
-11.634602722642573 -16.366947289838723
-12.065604294838534 -17.269298465803274
-12.480439123542471 -16.359401732709802
-13.348125387573408 -16.856513940578445
-14.309919100623551 -16.582738752628153
-13.387595023289146 -16.969156009449375
-14.244463237908896 -17.48469152013158
-14.995411588450478 -18.14505246296427
-15.743838906700317 -17.48183564374347
-14.830388757601927 -17.07488500163545
-15.733804156145586 -16.64611861107504
-15.711658392845507 -15.646363858564277
-16.506675753116188 -16.252950535691493
-16.388019209457084 -15.260015177953198
-15.3928165920643 -15.16217985542319
-14.455577846612194 -15.510868160393924
-14.959635150244603 -16.374538372138446
-15.663748085882615 -15.664450367826852
-15.176061464932658 -16.53746913036659
-15.502977396514812 -15.592415706650357
-15.088820430078497 -16.50262118188783
-14.092305009038014 -16.419212455554746
-13.840782379301956 -17.387063873247904
-13.746741889822143 -16.391495499735367
-14.427281711737844 -15.658784403335876
-13.436825295437634 -15.520958109002226
-13.608276670985628 -16.506150692116158
-13.196117215621394 -15.595038962769062
-13.013763648046634 -14.611805940341133
-12.041377413779749 -14.378428539103854
-11.927434042785412 -13.384941292982171
-12.00694946776044 -14.381774928646138
-12.743381909055442 -13.705263835308944
-13.162909384959471 -14.613006473374158
-12.245377392997753 -14.215344501686193
-12.928482823319403 -14.945664274843866
-13.129938021733988 -13.966166544866027
-12.148423208478679 -14.157552728694423
-11.735129196410687 -13.246955090003908
-11.821407695481103 -12.250684032209817
-12.44613946426796 -13.031523463250824
-13.413045682509576 -13.286655517539767
-14.412073465477128 -13.33074053607145
-13.41320795366596 -13.378360797664758
-13.33083098266358 -14.374962039209477
-13.442255855398532 -15.36873489944264
-14.193905048158301 -14.70917179327039
-13.776261228589222 -13.800560963500157
-13.56702015078606 -14.778425049843332
-12.664559315731665 -14.347653136653852
-12.440085622185528 -15.322133285710647
-12.075657607626603 -14.39090172363565
-12.708297318959165 -13.616455472663349
-12.85597874281287 -12.627420489941027
-12.33395110111895 -13.480349057470269
-11.794932559607014 -14.322642956240967
-11.197411825714552 -13.52078949545863
-10.960228528705523 -12.549324579149282
-10.200773467058536 -13.199884345303609
-10.91250427875416 -13.902336658050237
-9.913053837851066 -13.869188261729853
-10.878189659504134 -14.130937847712442
-11.633272489755011 -14.786567254817038
-12.463863037771942 -14.229683656975501
-11.693403195876675 -14.867172191795321
-12.687735591590346 -14.973488168178505
-12.399410445142417 -15.931020731554696
-12.76225896838033 -14.999172595223424
-12.527927091118649 -15.971329255077697
-13.05757886401743 -16.819544439724364
-12.066413943440724 -16.686909224874867
-11.293440590990835 -17.321347713936163
-10.432410765206788 -16.81279325361722
-9.515263837304447 -16.414243993626314
-8.776608394022915 -15.740160811733633
-8.311598224080187 -16.625466149936127
-8.702258053194 -15.704931034953127
-7.873719689648198 -15.144998735355362
-7.277134394884732 -15.947548413613342
-8.264444129271563 -16.106354863057334
-9.031187055195915 -15.464400592454696
-9.287946764464923 -16.430875864614357
-10.245674303661076 -16.718552698344986
-10.777867994211867 -15.871930069461296
-9.841205926094695 -15.521695619199102
-10.516998050071662 -16.25878788287489
-11.516211939544666 -16.298431332324053
-11.179950526890485 -15.356662643972282
-12.123869531198295 -15.026485550117254
-12.943609080014507 -15.599222027134909
-12.766871070083257 -14.61496409557147
-13.763332648893709 -14.699013616418299
-13.618193353184626 -15.688424847828712
-13.695582122114416 -14.691423855630845
-13.161731641066062 -13.845844962868945
-12.55510216143452 -14.64082966362863
-11.828726009298375 -13.953532285772518
-12.341775960006682 -14.811891038321942
-13.206117894339014 -15.31479562226868
-12.33049469907563 -15.797790466875474
-11.614553445847026 -15.099629939542785
-11.195703814476408 -16.007685547036456
-10.39136382952443 -15.413516220491026
-9.685229154242668 -14.705438667983731
-9.097878605975254 -15.514771314952807
-8.415897465707676 -14.783401555994086
-9.30447155414215 -15.242134691229424
-9.35268073960412 -14.243297429991593
-8.385754259111406 -14.498352681499917
-8.903609875585262 -13.642884645576608
-9.705051635591893 -14.240957471675129
-10.636026640561573 -13.875874549420876
-11.260101644164457 -13.094510108280854
-10.261400761516578 -13.14546643270036
-11.18615457203384 -13.52603231390072
-12.016784571499883 -14.08285706549411
-12.310764820367206 -13.127045570859364
-13.103333362598734 -13.736828405862934
-14.086269399633398 -13.552880730969802
-14.23679700153427 -12.56427492425715
-13.84914327246227 -13.48607999385515
-14.180623951856617 -14.429542001139101
-13.218698915952661 -14.156228581598144
-13.092369390175175 -15.148216913644866
-13.574462214809623 -16.0243370586227
-12.69911834029274 -16.50783793902083
-11.7087286812889 -16.369532757128553
-11.150733572305478 -15.539688519725786
-10.516097709819759 -16.31249983049123
-9.521859810844179 -16.20530374735092
-9.032894720781126 -15.333000393752169
-8.318935116309673 -16.03318728536252
-7.350739108678208 -16.28338019254914
-6.999521161133119 -15.34708646015411
-6.002743819072702 -15.427304477799588
-6.9811895983260115 -15.633808368952717
-6.944119918073504 -16.633121052153516
-7.929681607440864 -16.46380431803856
-8.908510695159249 -16.259125015136693
-8.34711274658482 -17.086670991706224
-7.920295724214459 -17.99100899788251
-7.606033228007378 -17.041672870118642
-8.07615612595104 -17.924273833651455
-7.1786690267465545 -18.365314542386507
-8.153756269633643 -18.14349283749977
-8.795039937577807 -18.9107967259482
-8.496045944367115 -17.956541732760357
-9.319520938301594 -18.523894298952325
-10.024992765397768 -17.815156335263637
-9.191763331429236 -17.262228934632702
-9.916599765706913 -17.951149934126565
-10.916588313301254 -17.946364050701355
-9.938861291353964 -18.15624466093985
-8.93910423471791 -18.17828616058059
-7.986403895107541 -17.874374885853427
-7.939528899240856 -16.875474122632927
-8.930781607875556 -16.743496595665757
-8.018260422551256 -16.334467151329125
-8.986160798786749 -16.083132987946605
-8.932870474724684 -15.084553926799536
-9.370305171234927 -15.98380410683232
-9.339976547992938 -14.98426412533471
-9.533783892771325 -15.965303733663523
-10.499090813285791 -16.226421617399733
-9.557974439014792 -15.888338831563173
-10.390864538193345 -15.334900413407784
-11.390813545024988 -15.344999113146331
-11.200117238893528 -14.36335003184089
-11.099538011822476 -13.368420979555356
-12.03004501280659 -13.002146873018257
-11.045380008988042 -12.82769106126348
-11.998644306252015 -13.129828744384644
-11.282447510378683 -12.431930363830014
-12.057828422002233 -11.8004365460536
-12.517967132119638 -10.912589505482146
-13.241739854096991 -11.602627944209651
-13.398938655177206 -12.590194922666779
-13.961366056196983 -11.763348250917936
-14.648479610420733 -11.036798208868522
-15.643709857272686 -10.939244348099196
-15.544282543994134 -11.934289175920641
-14.649570827197822 -11.487645085142093
-14.579752851257847 -12.485204832844277
-13.609332228109666 -12.24378442324994
-13.61418903443472 -13.243772628896547
-12.82245471048968 -13.85463821172741
-11.869532751768107 -14.157853878516317
-12.398856270792265 -15.006273946765461
-11.836939342294194 -14.179080278107815
-11.6492542559118 -15.161309532584403
-12.621989931762592 -15.393226123036877
-12.785051159194106 -14.406610171357336
-12.335337156300355 -13.513437558923838
-13.29602302934412 -13.791075188459422
-12.72118091515064 -14.60933953679043
-13.11618210654155 -13.69065892917984
-13.754029920950586 -14.460821357277714
-14.538428556095592 -15.081078385599564
-14.539506086760039 -16.08107780506323
-15.060669390255969 -15.227620828356608
-15.868462975850159 -14.638155372988033
-15.813615570087117 -13.639660624839069
-14.81570389450006 -13.704253873147499
-15.616458735106153 -13.105261648451792
-16.52640721590902 -12.690540341687173
-17.308097519470643 -13.314207135189712
-16.640488329969262 -14.058719035761696
-16.749723140089763 -15.052735009606149
-16.81903341022461 -14.055139858027196
-17.70506955619534 -13.591523693475816
-18.64706948164377 -13.92713677494785
-17.67271249290062 -14.152144460344104
-16.70243680695008 -13.910142201567027
-16.59083943869646 -14.903895705912479
-15.595259323922498 -14.997811812447337
-15.343219668760469 -15.965528719515621
-15.822255138354116 -15.087733174487512
-14.840276593804047 -15.276725603021907
-13.845125077735947 -15.178371853386407
-13.07748542198701 -14.537490149074564
-13.345561331461118 -13.574092356488537
-12.754982705613068 -14.38107245952171
-12.820863462173005 -13.383244956435584
-13.562898569243762 -12.71288393439262
-13.93842290411901 -11.78607139999502
-13.028135247701156 -11.372095093217336
-14.023316788582246 -11.274045612394948
-14.217762926401589 -12.254958809108674
-15.215587834874315 -12.189038766394834
-15.916105796547054 -12.902673536689745
-15.961128737990075 -13.901659489916225
-14.962950434682885 -13.841326457448272
-15.641933934902934 -13.10717292689153
-15.237824699930277 -14.02188366051709
-15.9708894975832 -14.702042467298332
-15.772225407375483 -15.682110107444634
-16.603942153724443 -15.126909914862987
-17.594023259894584 -15.267406901325
-16.685216913969974 -14.850188702288623
-16.514798449958764 -13.864816921119678
-17.489086835563583 -13.639512367957614
-18.42785066878868 -13.984073633088398
-18.632073356476397 -14.962998090763048
-17.93207739998204 -15.677144897023183
-17.063021675451616 -15.18243068895867
-17.554801671337945 -14.311711195869167
-18.33980493591583 -13.692219569935398
-19.330473280400025 -13.8285142185352
-18.943287662076738 -12.906512430595711
-19.574006879998965 -12.130501304294308
-19.177034952819316 -11.212670552449898
-20.054021884614137 -11.693184778525573
-20.996852210144443 -12.026457905645687
-21.9804259883879 -11.845951333045429
-21.565471270101483 -10.936109268854155
-21.300610535459338 -11.900395943679035
-21.6900902002881 -10.97936087882815
-22.396442190025297 -10.271500111025398
-23.08949962043092 -10.992382485729866
-23.984355420663192 -10.546027137615093
-23.92677361791935 -9.547686346105115
-24.397824242090323 -8.665580167990408
-24.912008250898317 -9.523260064622093
-25.098592320577303 -10.505699062698833
-25.694513378298204 -11.30874208331778
-25.437021248539267 -12.275022479016775
-25.082275856442603 -11.34005953494563
-26.046727246767997 -11.07579921688895
-25.238684744309378 -11.664923409415799
-26.205193521159607 -11.408289849117326
-26.943212398218908 -10.733509783389145
-27.739465514756557 -11.338473397504973
-26.778336724261102 -11.614573828654121
-25.876881344213626 -11.18170179469552
-24.87902000823336 -11.24706810219169
-25.856743538333703 -11.037171225873509
-25.735720338449823 -12.029820904808563
-26.58124242710303 -11.495880460939102
-26.9556159028183 -12.423158467084438
-27.934464071081166 -12.218570433493941
-27.846923099494507 -11.222409513615197
-27.440309219990297 -10.308809407992099
-26.522976011431762 -9.910689093921462
-26.070064191425235 -10.802244410936831
-26.70882233369757 -11.57165199842268
-26.796897056396627 -10.575538127812758
-26.157051809838354 -11.344041908191736
-26.222385576732663 -10.346178441126526
-25.40640543367901 -9.768098510544137
-26.271011694960702 -9.26564850014261
-27.129396160163875 -8.752641570464403
-28.121086159268778 -8.881292049186088
-27.593976051463848 -8.031495053280668
-28.592571667022757 -7.978515844278241
-27.670349051531932 -7.591856501345388
-26.671165557055254 -7.551454219660117
-27.11305340039904 -6.654383913661208
-27.775824617323842 -7.403205864471956
-28.468390431400856 -8.124560557512655
-27.687705388432327 -7.499635871102182
-27.253750793487836 -8.400570613204273
-26.762304934569762 -9.271478741397068
-27.69262098171044 -8.904719893606671
-28.681457275924274 -8.755713909681683
-29.076761482567115 -7.83716364746928
-29.059711194765864 -8.837018280746486
-30.05930005372469 -8.808345766985218
-29.1094874148134 -8.495526408625846
-29.00527217802644 -9.490081175554966
-29.709602882387394 -10.199953177323174
-29.605737697983084 -9.205361792145995
-30.315416088165044 -9.90988757769876
-31.28998502978704 -10.133975457839087
-31.394617754997885 -11.128486389309904
-30.600968870467593 -11.736862463859048
-29.716565930941062 -11.270138304899142
-28.984726471420892 -10.588661228623478
-29.302176689418058 -9.64038629006739
-29.834213292648403 -8.79366493517954
-28.861877821192248 -8.560076127767596
-29.60422980260885 -7.890066026584901
-28.840094493862086 -8.535122016345861
-29.523765704401256 -7.805331857546836
-28.941638897911222 -6.992233843057983
-29.31692074322954 -7.919144592037881
-29.306006126761837 -8.919085025837497
-28.55432855241967 -8.259554265196966
-29.24777003273111 -8.980067216769301
-29.019201043126 -9.953594934397772
-28.56119536961299 -9.064645665299759
-29.532663691152507 -8.82747631600439
-30.528605380849555 -8.737475478656114
-30.175174523025746 -9.672936129211724
-29.459710719943896 -10.37158593167334
-29.211983182443543 -11.34041567273418
-28.879716272701174 -10.397230271717891
-27.89313514596513 -10.233958472658049
-27.856063948690736 -11.233271099583499
-26.937911121290362 -10.837044667430495
-27.87603895685648 -10.490755533705464
-27.117445102128364 -9.83919175051249
-26.399053467506658 -9.143552864807017
-27.37408811330501 -8.92150007943183
-28.359871706343952 -9.089520041624525
-28.17877549362077 -8.106054657517225
-28.848704646873493 -7.363629624519219
-29.84493091863369 -7.450423722560401
-30.843876112971714 -7.4045053307226505
-31.774358583557042 -7.770841749787729
-31.558839020449966 -8.747341272531152
-30.860654883619805 -9.46325950185537
-30.926698560896742 -8.465442768836857
-29.95551315348626 -8.227117561540316
-29.321666858306546 -9.000576593478629
-30.02458137656367 -8.289302258201896
-29.498095154005874 -9.13948591921687
-28.905232981772794 -8.334181973656516
-29.834868765234965 -8.702661701873247
-30.77723046683869 -8.368065791332588
-29.805661462883037 -8.604822355238678
-28.90472337424563 -8.170874708117074
-29.663008169395145 -7.518951269786268
-28.678183288877722 -7.692502284516371
-29.42060511192523 -8.362434995064838
-29.503827518146153 -7.365903996498913
-28.61805558006219 -7.830024749862715
-29.509587902267086 -7.377067667498452
-30.50891875263192 -7.340491014984885
-31.47801889965733 -7.587158615279966
-32.30932126001869 -7.031338153568074
-32.49384074665691 -8.014167008990404
-31.520435687733215 -7.78507621637367
-32.09486489737831 -6.966521952377379
-31.565668539994434 -6.118022562081994
-32.55716310408769 -5.987874456550169
-31.557518151332363 -5.9612292237533
-30.557706966467972 -5.941797429701837
-31.254379601407415 -6.659186612591106
-31.37942543406652 -5.6670356463895954
-32.34945396420902 -5.4240445957116235
-33.15859591704484 -4.836431372442246
-33.025163801337314 -5.827489327608246
-33.559121685182845 -6.67300040280431
-33.56502440464241 -7.672982981604052
-33.495204527464516 -6.675423366968984
-32.50146721119556 -6.787164792835018
-32.56013946257707 -7.7854420924456145
-33.3868700846112 -7.222844120007881
-32.46240340181223 -7.60410695899781
-33.15208304874198 -6.879992337814908
-33.1023704130026 -7.878755900350027
-33.812725783414415 -7.174912702096964
-33.23665777675589 -7.9923144709380125
-32.39517154233707 -8.532593026207078
-31.586214586734137 -9.12046090590594
-32.549874648676756 -8.85332931844996
-31.60455755527532 -9.179482032562628
-30.866658483981396 -9.854393108618995
-31.406013923016687 -10.6964713178033
-31.273514437430837 -9.705288243735001
-30.436736608570136 -9.15774567449753
-30.886374593877413 -10.05095655786652
-30.329654240065516 -9.220256583356134
-31.29908453155452 -9.465623471797798
-30.945621716314633 -10.40107204774556
-31.054309875466302 -11.395147942262785
-31.794103295519257 -10.72231386491061
-32.794055637669985 -10.712551005325585
-31.93504285707777 -11.22450514661095
-32.930034396006846 -11.324464325576894
-31.952606498222373 -11.11319505513601
-31.906557124539084 -10.11425589022987
-30.96652662366942 -9.773165495415347
-31.953853536117634 -9.931865110901578
-31.145638773890035 -9.34297726239612
-30.7140638299466 -8.440900177131109
-30.346489172723185 -7.5109061602863285
-30.6133103062012 -6.547160092730405
-31.20011005301044 -5.737428002996639
-31.41698328574106 -6.713627778106718
-31.753477129937956 -5.771942112495525
-31.044569476940556 -6.477243423653896
-30.46625381776143 -5.66143033332731
-29.59648934480725 -5.167963250750634
-28.832888510330836 -5.813651848750417
-28.25485731279942 -4.997637183024123
-27.802601276132982 -5.889525335932752
-26.99311822984753 -6.476668587428007
-27.93466844918725 -6.13979593424683
-28.85348194166526 -6.534487923068946
-29.85189266168233 -6.590844237311441
-29.38975265556146 -5.704037260149782
-28.624087954646733 -5.060797362620749
-28.56428942564718 -4.062586895870631
-27.735943258059155 -3.5023703068247207
-26.752481819683233 -3.3212526676297434
-25.783366524982878 -3.074644586704067
-25.026217469221557 -2.421402436074041
-25.788309165905797 -3.0688715440976866
-26.729072414018923 -2.7298073746553206
-25.72908043474481 -2.72580220456627
-25.710448484426667 -1.7259757944193175
-24.89904079710521 -2.3104563885844676
-25.040129844376455 -3.300453298044337
-24.11914311845086 -3.690047254194655
-23.37584562934461 -4.359008271510568
-22.377137951566507 -4.409831242174146
-22.989647707150503 -3.619368213744332
-22.925061295097134 -4.617280331807878
-22.214199652933683 -3.9139484572986376
-21.754646766545562 -3.0257980507726105
-22.41026408095396 -3.780891380797394
-22.78975157252497 -4.70608824835648
-23.33090860801008 -3.865166692594607
-22.971973871742495 -2.931804032584834
-23.10799133187703 -1.9410975924429776
-23.566488771314727 -1.0524018638445578
-24.380872065598357 -1.632729228348202
-23.518820596104025 -2.139549969777225
-24.08759131651496 -2.962046089891616
-23.981165926237626 -3.956366780767712
-24.87244052997555 -4.4098307602984
-25.872099758463968 -4.383726605496136
-25.802314722757863 -3.386164552894145
-26.779998494700845 -3.5962465418397542
-25.782742017157425 -3.6702703082779227
-26.318473860732468 -4.5146584842844835
-25.588098182721467 -3.8316128277065564
-26.27675132236161 -4.556703755289972
-25.9872848491283 -5.513891908619227
-25.632845320225503 -4.578812970587169
-24.795159911205687 -4.0326599192221675
-25.092798073203937 -4.9873386738419105
-25.115579646820375 -5.987079140114812
-25.203006938665386 -6.98325004344448
-26.008253353814407 -6.39030973372549
-25.18013723133039 -6.950866321129509
-24.229933621882303 -6.639236571920896
-25.144018242912825 -6.233713076182999
-25.747437719696446 -7.03113701301847
-26.747391691124886 -7.040731543986121
-27.730113545943492 -6.855643035261569
-28.14194348643905 -5.944382315098879
-28.68693559242181 -5.105941139811979
-29.67357637533395 -5.268852052566529
-28.791142966240926 -5.73928937944064
-28.56009004653299 -4.766348195044358
-28.63041096124521 -5.763872615273776
-28.979614515217644 -6.700919507319751
-28.597297926279932 -7.624950906041154
-27.977532248202195 -6.840163989562011
-27.4581376987131 -7.69469854238069
-28.089847467113255 -6.919493557549053
-27.217710897051536 -6.430231048091217
-27.548241635327553 -5.486435820801573
-27.71312402044493 -6.472749056583191
-27.53490375513506 -5.488758438216898
-26.792792614870567 -4.818481588329228
-25.794589876694207 -4.7585541864397785
-26.68180374940732 -5.219912554810181
-26.322056330343067 -6.15296228257211
-26.67550566926622 -5.217508614657559
-26.63701197330039 -6.216767457686176
-27.533911607389605 -6.659001611015189
-26.87913601902202 -5.90317826599475
-27.177020329935637 -4.948576287518107
-26.82046572647394 -4.01430180175374
-26.780170367937288 -3.0151139895380377
-26.08289104376141 -2.2983144749756796
-25.30593049427333 -2.9278637617985446
-26.048485618353546 -2.258078805486285
-27.031527274623098 -2.4414611984219685
-28.023287199899695 -2.313350891985048
-29.017672873082166 -2.4191673981144874
-28.091734548697076 -2.041492644609661
-27.10663494078415 -2.213477418615389
-26.12980554571587 -1.9994579500370904
-27.078625126354176 -2.315276574246231
-26.096711935742814 -2.1259448914685857
-25.216420752407487 -1.6515110894033356
-26.161222971819395 -1.3238698737507073
-26.084451906001195 -2.320918620529488
-25.676087543232946 -3.2337376317364637
-26.027651284388703 -2.29757368460724
-27.02365049684302 -2.2082116748358263
-27.531369327068425 -1.3466888431972537
-26.776664900827235 -0.6906238852761982
-25.90286312992377 -1.1769061748631886
-26.485899437833325 -1.989352273788645
-27.15309613762987 -1.2444706967707946
-28.072074791615396 -1.6387779798875926
-27.58581082056134 -2.5125899450464244
-28.585615277016796 -2.492814989880749
-27.80123550590357 -3.113095873568424
-28.11136279124445 -4.063790917674102
-27.798057808747537 -3.1141383559745037
-28.608446183566322 -2.5282452923881817
-27.645139883550236 -2.7966497862948962
-27.207235789047783 -3.6956714790353926
-27.004688056891872 -4.674943870251697
-27.87193068845313 -5.172829618192635
-28.766867994987404 -5.619021524633327
-29.01821786365614 -6.586917822549694
-28.878248947148688 -7.577073720583801
-29.52482972910188 -6.81422819729039
-30.154933696553535 -6.037717418098184
-29.74368256469823 -5.126195335783263
-30.35431306752532 -4.334279690643497
-29.694006425984977 -5.085275788594551
-29.393078695848885 -6.038922736492535
-28.551365246449514 -5.498998233343981
-27.601610544148674 -5.811993449693121
-27.015533390479426 -5.001738199820001
-26.547991035128494 -4.1177675295187175
-26.244898894084084 -3.16480627425326
-25.32596785544792 -2.770388036552387
-24.783280485546268 -1.930453266139097
-24.877384251936153 -0.9348908717351913
-23.93805189190425 -0.5918825374386298
-23.924094079052974 -1.5917851224239916
-24.464108916405465 -2.433440619310434
-23.529100927633884 -2.0788139692496674
-24.040124724836648 -1.2192474048159012
-23.84060883799049 -2.199141996542987
-22.87405409233859 -2.455602370982759
-23.54799264118563 -1.7168149642290005
-22.558378733387034 -1.8605658372405833
-22.248654928112966 -0.9097392681720953
-22.425129465912164 0.07456593729446082
-23.222103752875807 -0.5294472959370561
-22.387119587182326 0.02082667495486601
-23.144321937856386 0.6740070483079525
-23.580474771975933 1.573879653341291
-24.1620348792832 2.3873830900818844
-24.14850325851453 3.3872915335102682
-24.87307988131373 4.076485786020336
-23.873333243403472 4.0539766770389445
-22.941868665475056 3.6901446552697816
-22.136616229286865 4.283076787990704
-21.147683353314093 4.134713157608372
-20.27465270931017 4.622378508674135
-20.886562127033113 5.413306359051127
-19.945570665601466 5.751736661347967
-20.886575721603368 6.090129162120159
-21.609460496406854 6.781097759349666
-21.21655207841878 7.700675366229101
-20.251851216272144 7.437327219143275
-19.541652680684294 6.733325770246419
-20.518748646969897 6.946124907153508
-21.443626735615968 6.565861155078203
-20.463353629528413 6.368213393943766
-19.467825136860224 6.273751654145023
-20.467771739418698 6.263417631125599
-19.662207289395507 6.855925788756223
-19.426540857774786 7.8277597936187595
-18.52824441526823 8.267149713143626
-19.156357554917438 7.489027689422402
-19.993996845573605 6.942803908587998
-19.033895865753383 6.6631503576571225
-18.26986109424965 7.308325425319564
-18.94038913892931 8.050209608530173
-18.138733182942683 7.452423920987243
-17.540319571368528 6.651236583666703
-16.630926445679894 6.235298916521423
-16.68006008807835 7.234091129739298
-17.651168573802344 6.9954526815486355
-17.28734192115814 6.0639860064465605
-18.24549903466771 6.350228815668057
-17.24888282796725 6.2680330947210905
-18.110621340793493 6.775385768422547
-18.88107931928497 6.137894981525335
-19.760877620488543 5.662547793462434
-18.76417110748851 5.743641115896014
-17.823494030743866 6.082944280171193
-18.375462651258484 6.916809162491578
-18.3329189825037 7.9159037707489155
-18.536443550090723 6.936833931366395
-19.520740551280802 7.113354223254377
-20.496743118677536 7.331113237843861
-19.931675843531295 8.156158069691685
-20.916475162049665 7.982462064424564
-21.912730704696074 7.896004596578766
-20.942042272664324 7.655663239505666
-21.815062974667487 7.167980090448922
-22.703721014267508 6.709409606603473
-23.703719458432303 6.707645614544191
-22.958087022131213 7.37400307862462
-22.387312368435126 6.552896328744854
-23.385840071720498 6.498652197526435
-22.471225088228632 6.902978095747376
-22.53647292687373 5.905109006361327
-22.795368894874645 4.939203794783674
-23.568855325731757 5.573016654608976
-24.143354169499066 4.75451126152349
-24.015556878781428 5.746311570298009
-25.011288934851365 5.654020332822615
-24.21510135453709 5.048970469626776
-25.20908996262441 5.158454016302197
-26.209058675624473 5.1505437052462195
-27.08464919683247 4.667489630456752
-26.41711825364391 3.922907573269102
-27.032815512123108 4.710890368703875
-28.03000620977591 4.635985679166306
-28.236969658586794 5.614334354668197
-29.177055374494742 5.273396168561327
-29.465415924477195 4.315874266350303
-29.570587798900217 5.310328326038506
-30.566519795052645 5.400436366966248
-30.414574342650745 6.388825247667757
-31.257163931111613 6.927381452178808
-31.090160216106568 7.913337718538789
-31.04730170803344 6.9142565665367375
-31.40347683682683 7.848675785960767
-31.983859310636795 7.0343317652335156
-32.587093742799084 7.831895693614082
-33.42938380866457 8.370920224544093
-34.33097283451383 7.938326617947586
-34.60226872086324 8.900822613809327
-35.44346899979277 8.360098940637085
-35.69798746507686 7.39303102635731
-35.20666551483942 8.264009063517195
-36.09603702647264 7.806823855647067
-36.953026409815905 7.291489792308605
-35.95375329771957 7.329611274983178
-35.581034579875755 6.401666903068105
-36.39916612738307 6.976698007420981
-35.764286444782485 6.2040869871650015
-36.75657806199969 6.080162226118372
-36.064551852132546 6.802034600473368
-36.68826125561213 6.020378294920133
-36.345318976973296 6.95973477332543
-35.34531922315104 6.960436453751676
-34.373807612137284 6.723444492568467
-33.409556768336856 6.458453341338536
-32.74249090803922 5.7134545909869825
-33.465450974858726 5.0225647721415045
-32.714474826796724 5.68289410288637
-32.024580213618314 4.958984286191354
-32.4647325129026 5.856907419557877
-32.00229433278203 4.970255892989083
-32.93618742209698 4.612703522377763
-33.09393453830085 5.600183065117441
-32.20925766112873 6.066387765862719
-33.05850370060875 5.538390451070786
-32.95108390536282 4.544176697600577
-33.6287691108195 3.808824562698434
-33.356817420615954 2.8465136575355356
-33.52544213036624 1.8608333304204847
-32.6600466881535 1.3597437889237383
-32.998117222883245 2.300864564142065
-33.34087500439552 1.3614407496617296
-32.40551587744911 1.0077412958339798
-31.905267733107276 0.14185920566087284
-30.906209439530326 0.0984711193339601
-30.43909551615513 -0.7857260207818815
