0 0
0.6989689719951059 0.7151519951647376
1.5919224916177805 1.1653008725303016
1.644937951733692 2.1638945641730527
2.631322896403783 2.3283474173808374
1.8653282104999662 1.6855005140149482
2.727920574366551 2.191400122434502
3.614429144712166 1.7286879498003973
4.457435612853835 2.266591374841836
4.140752339131923 1.3180600342184627
4.508720560142693 2.2478984009931238
3.9061882340457097 3.0459928791147046
3.1473612273814684 2.394700645200475
2.21761222652452 2.762894609579993
1.6725704506800332 1.924485722112614
1.1196147597997839 2.757696382103919
0.9302742390282507 3.7396078685394145
1.9229072198764592 3.860767949970554
1.0379592147916685 3.39507810866365
1.9765969832126675 3.0501735715904954
1.3958208395313667 2.236110262669944
1.1632610968555361 3.2086923754432313
0.6182008944751192 2.37029546718258
-0.1588362235938805 1.7408406895034974
-0.45246974107224514 0.7849226190532715
-1.051858289298052 -0.015535604875847486
-2.0162415511662046 -0.28004444069904266
-2.5154780277915756 0.5864213349705365
-1.7168658835353867 1.18826736432234
-1.8792124486471606 2.175001164694258
-2.8787675557843415 2.1451752062691103
-3.67726780611274 2.7471696831752395
-4.305142417394764 3.5254841906254395
-5.27102968894194 3.2665213001118545
-4.326041417687009 3.593625514683625
-4.425670576258047 4.5886501529526615
-3.6190146246531776 3.9976288540636595
-2.6400546577546518 3.7935764509657375
-3.6209743828482464 3.9879896524781526
-3.553988185491409 4.985743554682334
-2.678174600226694 5.46839307956117
-2.4801816285112346 4.488189639885874
-1.953541782243094 5.338278148408763
-2.4119166900574784 6.227037083039608
-1.4389368958017474 6.457927359946357
-0.9111669279141578 7.307314704445869
-1.8963694641557458 7.478708877576528
-1.8330239034395648 6.4807172243361055
-1.1726485217857663 7.231652877575183
-0.852195494983421 6.284388470129608
0.04724826852122743 5.847351954158008
-0.9158094657681357 5.578056947844415
-1.7787974888870237 6.083281325674061
-1.9441483114254159 5.097046513123887
-2.861798744635858 5.494435091757807
-3.1096960211316524 6.46322141510572
-3.4042977119869384 7.418841550800447
-2.4415332328000847 7.689183108123894
-3.0492216185654426 6.895007544532383
-3.8435066569400558 7.502552833226353
-2.920948811128145 7.1166940233866836
-1.9715391013994608 7.4307341531040425
-2.364469256999258 6.511165834369475
-1.7506491716166228 5.7217198876569375
-1.7702852001714469 6.721527082261274
-1.33659789344596 7.622590520641277
-2.1799640019337736 8.159929898552594
-1.52791921704944 7.4017494460842235
-0.5554868595176313 7.634934587174149
-0.1224921356151239 8.536331042166397
0.1275114697327045 7.5680861365185095
0.13114195773080267 8.568079546275241
0.7950563416776817 9.315888138622531
0.8935675553848242 8.32075219777126
0.49080437687629025 9.236056421533885
1.3701518769983674 8.759875810810334
0.6841770295740323 8.03225055788053
1.6157701062491094 7.668747683763882
1.4611927439845964 6.680766996161465
1.7142432210700376 5.7133139192389555
2.0795830850194026 4.782439715165462
1.2362476208643454 4.2450522433182165
2.0712440938400984 4.795307538720317
2.929495663343339 5.308536769615464
3.019871521822637 6.304444498375578
4.018302579174713 6.248449644015417
3.406278418779028 5.45761057878662
4.272934465133085 4.95870447808434
4.4433888163645365 5.944070051943233
4.61558945094123 6.929131949212326
5.615308450489079 6.952836842020538
5.12859044774594 7.8263959904505285
5.75741909808799 7.0488520826813295
6.067603710428214 6.098175741192101
6.36711568193288 7.052268283310206
5.446276694362223 6.6623252631523275
4.478583503826041 6.4101945649224135
3.6223532344613205 5.893600211659026
3.846567373256004 6.868140113338048
4.084189530084213 7.839497776912238
3.335718295361903 7.176330519884828
2.720189759031547 6.388215921007856
1.7280733249361724 6.262896404579336
1.0329916704780282 6.981827203499321
0.04600368997714954 6.821033154023611
0.8828182005423787 6.273546647425068
1.4497077184970204 5.449752817372212
2.2085867669701926 6.100984411959308
1.4285895160625524 6.72676735242391
2.2540245828307475 6.162270274885518
1.4295444782867737 5.596379333792486
1.7366848470542766 6.548043557073661
2.4955157317200034 7.199331272662885
2.5633620731806044 8.197027054928407
2.2117846255381117 9.133185854656952
1.346580703993086 9.634606011953315
2.2999748416846804 9.936333733940044
1.698583380058591 10.73528824446191
1.736403783359084 11.734572797076524
0.7870212852059917 12.048695181189139
-0.2112281381533937 12.107839823910645
-0.6627596677388062 13.000094987969815
-1.644813850321977 12.811495988844952
-0.9508895393126033 12.091448038642907
-0.07030423007497522 12.565335697434389
0.7940256290784077 12.062410360454939
-0.0117717445467721 11.470219012444211
0.9291737573724073 11.131660948859745
1.6263241349571151 10.414736021804268
1.0468920615055461 11.229756556671713
2.0450974054641056 11.169872574735189
1.8566496448412353 10.18778935956642
1.9000005553101929 11.186849266960122
1.6264305315626288 12.148701356476362
2.370061160136344 12.817292029644229
3.3602874441911093 12.677821938344726
2.529500393306522 13.234412340779489
1.5583461865669141 13.472864656205367
2.0717608415432 14.331005316036599
1.0849965961677246 14.168843902474158
0.2176935547971165 13.671063394188334
0.7701506318672505 14.504604741690137
1.1096670254323024 13.56400460427755
0.31325090708949654 14.168753615391894
1.3036361927472089 14.030417120016699
1.701155016077601 14.948011139775993
2.663131158692535 15.22114462552919
1.8709142331824717 14.610905047219669
2.8435772586342 14.843126146431368
1.8447641280115867 14.794419575048705
1.5686737682595466 13.833287891431944
2.4191245828016554 14.359342462788057
1.507303984894758 13.948753620717662
0.5250157665643941 14.136129862886618
1.512710030308582 14.292526926052222
0.5651747684135339 14.612178185185488
0.4017878337159395 15.59874025093205
0.7969114032460417 14.680112271387669
1.704294980015912 14.25980875652214
2.513809413007566 14.846908733338866
2.76146484793131 15.815756908004397
1.7918533126820757 16.060406597788838
2.4580351853360245 15.314617275964451
3.436456648274377 15.521236347837242
2.564345077140004 16.01054341655129
3.387542702180798 16.578298354994978
3.8579123701141254 15.695828879325541
4.5680212391955175 14.991736986138333
3.890241856307025 14.256471654348989
3.0781437355368206 13.672950753059666
3.5117497237434057 14.57405332601759
3.752359552128342 13.603431406584194
3.4870782201020325 14.567602457216989
4.1608105864222145 15.306577895626553
5.073976772808896 14.898990462012605
4.645849058117745 13.99527222057154
4.746556111256367 13.00035609875617
4.439963141821348 12.048515381465183
4.867465180713779 12.952529765611152
5.168258506429947 13.906219115035064
5.617509770723799 14.79962456696066
5.9572600663793995 13.85910889106688
6.506605363359597 14.694704334260377
7.217505267845787 13.991411133808727
6.411169782737852 13.399952694477822
5.41264831076423 13.45431141050047
5.883968403721476 14.336273637568485
5.149024959175446 15.014402042311138
5.064871560475768 14.017949230840724
5.171566353556696 13.023657411941755
6.169310872705692 13.090783222984442
5.332567342046079 12.543188241360902
4.4503941343764035 13.014113322100712
5.06005424476988 13.8067762705189
6.016499277723088 13.51486378544994
5.838570039787691 12.530820500686648
4.869679895771873 12.778311690083378
4.139564968837327 12.094987320938415
5.08257956784613 12.427738678646039
5.782414080393807 13.142043694061131
6.493747073189478 12.439188535895273
7.493722440970921 12.446207355622875
8.375209250513954 12.9184160008229
9.036683048644164 13.66838427641007
10.03566061612455 13.623175652553883
9.704129432020709 12.679731391366872
10.686966706974381 12.49525675635804
9.839936189227634 13.02680101792586
10.831556896383995 13.155984504249451
11.089000753630359 12.189691246296093
11.958559926462335 11.695862485546208
12.840100116205193 11.223753500386925
12.149720629222962 10.500306084223075
11.640116591882613 9.639897038985627
10.882706585142257 10.292836608692943
11.722362532940602 9.74971793903882
11.4355790949643 10.707713377286046
10.558207551256826 10.227901774370523
11.554033696245902 10.13663135771651
12.54806991430383 10.245681791870112
12.904535912403958 9.311373495750207
13.392365016235981 10.184312649101942
12.40167424700856 10.048181095935245
13.287170801840762 9.58353515397481
13.278981984305263 10.5835016250464
12.73113347120762 11.42007918074384
12.213709643750908 10.564349911184802
11.59052863175111 9.782272276750147
10.81037737503223 9.15668134280053
11.733370387717292 8.771864635088205
10.788267530065871 9.098637627330707
9.839908977643443 9.415837967884176
10.514376982500801 8.677533890674972
11.491317692194617 8.464023118715
12.487656398868259 8.378529366990703
13.124590499474705 9.149447619132044
12.361644549743861 8.502985340426395
13.148638427937493 7.886024534794672
13.990420348241601 7.3462067890238165
14.987248582693576 7.2666236815237975
14.003368047026141 7.445450669237517
14.996806864440066 7.331085831742669
14.05039297112221 7.654042086574402
14.191540378793942 6.664053496080779
13.201576724826054 6.805375694699929
14.183548357102541 6.61634735448542
13.850667876419944 7.559316381325922
13.727300444675256 8.551677443029131
14.711232498283895 8.373134132088932
13.888305899597942 7.804986428428021
14.74554175068438 7.290062457717673
15.511261771863792 6.646888415047262
14.517484823048738 6.535500013479399
14.316752249031987 7.515146089227477
13.31952803072015 7.440688998145796
14.318418252705728 7.393589906630098
13.625612319423677 8.114713986667082
12.662430810513696 7.845862018301793
12.166132564897572 6.97770992828625
12.165999476355713 7.977709919429969
13.165496571471882 7.9459994029671535
12.23504564684467 7.57958286832336
13.198529688296832 7.847348627648578
12.866308819582166 8.790550246810925
13.18938557249231 9.736923012548104
13.666889034356116 10.615552879959905
13.535397494641815 9.624235587170375
14.071434630463601 10.468429989556446
13.941048153443438 11.459893234770444
13.254288125696984 10.73300901820656
13.432309935489112 9.748982476268623
13.078253473018423 10.684206525030598
13.392038514567815 9.73471247676076
12.757077805144709 10.507256907514686
11.99044470157921 9.86517148911809
12.977891158866743 10.023125577353568
11.9948676749626 10.206605358509316
12.919449704916262 10.587588389478894
13.642783322081865 11.27808710655093
13.679539996533483 10.27876286143163
13.74198275058933 11.276811408580476
12.794418247324467 10.957246842095994
11.996558655146783 10.354403519855413
12.912700132850947 9.953548442763918
12.703916342695708 8.97558661888304
12.71114701603353 7.975612760543193
13.666611745199507 7.680507438124592
14.40643866105077 7.007710191859411
13.549806585980669 6.49178239849963
13.553670294100716 5.491789862647705
14.018696682486944 4.606493043437074
13.920424163814024 3.611333502421825
14.886438417658288 3.3528446992412815
15.809075377484616 2.96717509924352
16.808878797473664 2.947347810518046
16.557019071555445 1.9795840591508027
17.554834436219885 1.9135197114315539
18.196751684858967 1.1467457904485627
17.207786673344547 0.9985965211277745
16.399409583970186 1.5872615204054914
16.441201217589718 0.5881351723596544
17.216456327537443 -0.04351307983450603
17.1235424456952 -1.0391872286206465
17.221594434873417 -0.044005934876539476
16.49407546834709 0.6420816348581609
16.58898092039001 -0.35340465594273673
15.913851420547013 -1.0911038889921856
15.189098472118001 -0.40209506194898026
15.999801979139965 0.18336187387319258
16.05929681036642 -0.8148667397506285
16.09788858020697 -1.81412179993325
15.342496165205146 -1.158849109095525
14.59609630311591 -1.8243468520467472
14.450487703031229 -0.8350045778153368
15.08514240113007 -1.6078004203126086
14.386786269222224 -2.3235508747495652
13.456975687225787 -2.691589298840647
12.7254105709378 -3.3733608739525334
13.088000098575936 -2.4414119298321197
13.60533045072691 -3.297197713041533
12.681285497352265 -2.914913886359249
13.485326794485252 -3.5094873406142337
12.680580213523035 -4.10310585483833
11.908752861031358 -3.46727369306473
11.392895862379618 -2.6105989841220545
11.578857469939322 -1.6280419727920195
11.393832381443943 -0.6453081753538337
10.449636410021514 -0.3159239505499523
9.882605472981705 -1.1396204458925978
9.85313895151947 -2.139186213670244
10.811845253986233 -2.4235842193076054
9.962900787574961 -2.952066284234772
10.344371015127468 -3.8764474099026636
9.640769748183756 -3.1658524077001404
9.181743655977845 -2.2774296217056733
8.181928333055133 -2.296647323153837
7.181976636265002 -2.306476060943511
7.73364516552357 -1.4724126138211182
8.503587956428547 -0.8342996937721234
8.734937532196362 -1.8071703808585684
9.648497851009617 -1.4004671181598012
9.363266246111099 -0.4420084953872707
9.093207137234206 0.520835249834465
8.135792988884273 0.8095533624276516
7.236253659202616 1.2463931435326643
7.099059078782076 2.236937260219666
6.116383482271431 2.422271207521415
6.601064791680082 1.5475803888260802
5.923969786318939 2.283476002153809
6.046433380740185 1.2910029959509055
6.963201479740111 1.690422891118962
6.000945792228216 1.9625698952380775
6.9847883899949395 2.1416054861679976
7.657907892895419 2.8811392141446275
8.637198279967983 3.083599920918232
8.110481983187187 2.2335587791459495
7.318639256659876 2.844283837126866
6.660952929480989 3.597575742726512
7.660423585952275 3.6301089081559232
6.719069531092363 3.2926884828719727
5.74381030852925 3.513752837315634
5.06962804346247 2.7751878276723216
5.172741469605101 3.769857431786737
4.967566594644498 4.748582761327615
4.4860625824396205 5.625026647854645
4.871481189818511 6.547768484494838
4.0194259967475325 7.071220438317513
4.49249465803353 6.19019487585688
3.979015159844862 7.0482967374909835
4.804426171714592 6.483764487319048
4.534617408746512 7.446678414638429
5.416571528970751 6.975343151986154
4.543128748137352 7.462269952039325
3.6652264754386117 6.983430104501147
4.558912962218134 7.432122051551319
3.661333211245867 6.991269932757995
4.527398549382176 7.491200758051696
3.545669746543266 7.6814862217016575
3.6143130850231238 8.679127485925596
4.515964694244362 8.246664336525845
4.14422807422745 9.1750025751751
3.2835002718066315 8.665937107735175
4.279488446863761 8.75542205142052
3.488248935860288 8.143915684955719
2.619097359777137 7.6493698955770455
1.9434270218522802 6.912165992678729
1.0082355516651353 7.266308498019738
0.3793870507156105 6.48878064459355
-0.08211325890670718 7.375920692285291
-1.0008177279843942 6.980975001719253
-1.2614943702814745 7.946401170911242
-0.7169217612546812 7.107687469164484
-1.5782215969398186 7.615784500300029
-1.1717437137694997 8.529445121369678
-2.1704704679388827 8.478998411801175
-1.250330642873747 8.870588378895713
-0.2515884826477527 8.920729154588898
-1.2140783262633663 9.192046866758213
-1.6179623921099524 8.277236688986218
-2.4796706864540363 7.769832692688781
-3.3165868458890175 8.317163800955615
-2.7485462400446874 7.494163272333667
-2.4949035265359503 6.526865296586832
-1.5700931426122282 6.1464369146450295
-2.5467907806091374 5.931816962331042
-1.752406411553932 6.539232367305893
-2.75178018782999 6.503847973970255
-1.7519474367541181 6.485559456368926
-1.659636268541638 5.4898292478168065
-0.8385133670976928 4.91907783018889
-0.045534424603970836 4.3098287868892395
-1.0451379523422861 4.281672307473037
-0.977620269228045 3.283954229824403
-0.009033393410807111 3.532629648783742
-0.2613049004452559 4.500286140901977
0.7108059626902323 4.2657643513514625
0.002756079278824264 4.971926770771451
-0.2336036937815553 4.000261160760041
-0.8649974079462528 3.2247987324546403
-0.8008648360779892 2.226857344784221
-1.7920642189465052 2.0944799169459642
-2.4523427921329253 2.8455006928176476
-3.050534721976193 2.0441478273018454
-3.286486123341699 3.015912683732481
-2.326696043275847 2.735193959370914
-3.2455943399337164 2.3406994468624815
-3.6441956308640613 1.4235751309332492
-2.9355260760078132 2.1291156769118964
-2.002077427703896 2.4878267319124228
-2.394535272623943 1.5680567389464026
-1.5515453138107 2.105986036661304
-2.52172321718517 2.3483800048286603
-2.1137423802410336 1.4353895138122632
-1.2205017380803853 1.8849683780757345
-1.8369090243996216 2.6723958714823053
-2.571886740939235 1.9943046119971122
-1.76965934262864 2.591323205844753
-2.249364146062515 3.4687531469582686
-3.100864152222267 2.944398553662909
-2.4727021755090286 2.1663159545696526
-2.080400883617589 3.0861527316014845
-3.045396784325825 3.3484176961245806
-3.0082876558881084 2.349106477040859
-2.592504885134866 1.43964252088605
-1.6519503694183468 1.7792852787438669
-1.1079177877125903 0.9402211870067879
-0.1805551672597877 1.3143850150111946
-0.6904576140212114 2.174617248066149
-1.4565838742200126 1.5319271567828006
-1.3244813437841616 2.5231632141639095
-1.5390670174759453 1.5464580443986198
-1.4944878552280432 2.5454638993831016
-2.4231513077249818 2.916387330830167
-1.9291683657507277 3.7858589249828807
-0.9375813582084597 3.6564170211287963
-0.8664166213996276 2.6589524451989393
-1.8356956678469456 2.9049161216192143
-2.6062056837818033 3.542344011928436
-1.891127125988905 4.24138811367369
-1.8317732012568355 5.239625115401686
-1.5493410416464295 6.198912390006015
-2.2207732008625367 6.939978416464114
-1.6063602757483229 6.150993779444739
-0.7880084019972948 6.725711284596775
-1.2434653801269646 5.835453489869321
-0.8315314827157871 4.9242397585397075
-0.7372311427688282 5.919783552596949
0.083238865240433 6.491473123918031
-0.8114150902553825 6.938232902675801
0.1695042911927036 6.743817967294015
-0.7419545066888045 6.3324265967423266
-1.6819654203430607 6.673570968249304
-1.6130099894478667 5.675951226789634
-0.7488842195137921 6.179227148860065
-0.027809706278555946 6.872084671271828
0.024460666828333824 5.873451701610168
1.015246528614599 5.738013981293974
1.2797186918686725 4.773620661707141
2.0883632206530307 4.185323095787373
2.5751118942177276 5.05886515475363
2.2804203476425835 4.103272724699295
2.8520770434436016 3.282779810564223
2.6691962667942013 4.265914908875799
3.645335601732777 4.4830600188499234
4.388225545539739 5.1524735916063245
4.16836667815381 4.176941901484585
4.946651268127658 4.804853596716677
3.9477118625199363 4.758809444817743
3.064113979011236 4.290562949626434
2.07575810871616 4.1384029231632935
2.623820137009139 4.974840615489139
1.6509837325859742 5.206334309202399
0.8179817352830062 5.759604290756853
-0.10724599530273604 5.380192052478806
-0.8701823402130684 6.026665666491677
-1.3868525956173103 5.170481196193065
-0.7945539593994385 4.364762681118198
-1.6252270657043595 4.921523123733991
-2.550738398608005 5.300243036950759
-3.1252203266106298 6.118760302742011
-2.314368472658572 6.704011762323711
-3.2948677684749423 6.507489165903855
-3.457416566643721 7.494189671738267
-2.495227680668123 7.2218065817619665
-1.6858950006635616 7.8091570845085245
-1.3614675314989517 6.8632465087924865
-1.789273387408263 7.767117157530292
-1.551711715461912 8.738489615458791
-1.3762914371045925 7.753995976098413
-2.3558422412296607 7.955192949579458
-3.329131365838685 7.725610110678551
-3.0658259559309036 6.760897582972347
-2.5749746599973893 7.632140950396392
-1.5910795942681075 7.453393923474062
-1.3498895958176904 8.423871839063844
-1.72685701332764 9.35009835894755
-2.1646879771973904 10.249155669176929
-1.7654175296965389 11.165988865430462
-2.660730977878659 11.611425538263136
-3.538704512993707 11.132716365969994
-3.8999134439150884 12.065201276423045
-3.293578991514242 11.269991535642811
-2.7079086888035855 10.459442156195262
-3.683697806136268 10.24072864839315
-3.265556509666725 9.332346649349372
-3.9943097616868792 10.017123034507366
-3.2764625910396807 9.320922316615023
-4.274924900642561 9.26548752336672
-3.524747722731041 9.926724396008218
-4.238688142110945 10.626930849545777
-3.441570078269578 10.023107371782789
-4.09878178855661 10.776813393956948
-5.09877296184626 10.781014982083942
-5.482763786545603 9.857678073611895
-6.187396420038796 9.14810577157605
-5.207608639894472 8.948066010828697
-6.207403785495808 8.92782578276665
-5.969864082272821 9.899203613166714
-4.995887404463769 9.67255535907231
-5.995786787388679 9.68674070455215
-5.5991595486106736 8.768760947989222
-4.779386216381071 8.196072827137066
-4.941650971896992 9.182820084096697
-5.3678661533862915 10.087441894063737
-4.3779555251399955 9.9457487464347
-3.879341060876196 10.812572613219023
-4.123787807132681 11.782235332026248
-3.345376135940909 12.409989479883857
-2.5862444810771628 11.759052362656831
-3.259358803242611 12.49859080607661
-2.3836875209280355 12.015683148931327
-3.1403767316449893 12.66945791013319
-2.7201000171623244 13.57685390046137
-1.8064692210951172 13.98339881615655
-2.4313522370890848 14.764117213738087
-2.808058891381977 15.690449819561426
-3.1670004518101913 16.623809855237564
-3.682874351325038 15.767145323580424
-2.8000957677895957 16.23693460874044
-2.3360148548871553 15.351141796464546
-1.33723831641101 15.301690545827084
-0.9201210833716835 14.392837854847068
-1.4743689851654158 13.560486208391529
-1.7522912557566572 14.521089774650477
-1.15810682440411 15.325418601398749
-2.1282050071007927 15.568131427447545
-1.1970551818519122 15.93276823708006
-0.6846893210267356 16.791535507451304
0.05689626623573052 17.46239377621199
-0.3038315008211249 16.529722624050535
0.6820979084894088 16.362560427796172
1.612250235317386 16.7297342951894
1.2112341710820198 17.645805316576485
0.7088296770445832 16.78117260590045
1.6368945850431593 17.153591088983116
2.0745040102632326 18.052756252319952
1.459977049413565 18.84165207205084
1.7585580088083848 19.796036381795542
2.6061636070687633 19.26540962992784
1.6063637523557563 19.285415891843805
2.0241852127210076 20.193945047819685
2.6713866045902237 20.956264113803574
3.634352921242233 20.686642391767567
4.609975775401019 20.467188418362973
4.004502497163166 19.671322783133064
3.0057772324675947 19.721798972160762
3.5309874524466176 20.57277148924318
3.9214283579065854 19.652143497411735
3.883989745992847 20.65144242683074
3.0408079313042546 21.189070948561547
2.3969847248181035 21.954245228572244
1.4813119088115854 21.55232074060629
0.6466769058410675 21.001517316673212
-0.09208405190436808 20.327549774939154
-0.031963897612784065 19.329358627388768
0.26894782686137375 20.28301062580013
-0.6480185763961982 20.681975054411094
-1.5424778745467882 20.234825678976044
-2.466061851300129 20.61822186816483
-1.8039802133795728 19.868790146973076
-1.7461229482026437 20.867115012368227
-1.6292021992330334 21.860256260358856
-1.5820076758547197 20.861370542689865
-1.7429271812121558 19.8744030088796
-0.7769871917300785 19.61563682731917
0.10367291452728133 19.141888183788897
-0.33439415350711094 18.242945892035
-0.9711504123980288 19.01401104282528
-1.9146221961850782 18.682558190676318
-1.4087746206491274 17.819935312284837
-2.400364296000702 17.690513846769417
-3.3963781465683907 17.7797125545926
-4.396177366025066 17.759674571315244
-4.1015596586887675 16.80405937338048
-4.07693216308783 17.80375607061441
-4.957153405903145 18.27831962136042
-5.954835066444317 18.210265935054608
-5.792383913125298 17.22354934819427
-5.215563715053966 16.40667820835828
-4.230455246811197 16.578612224179427
-4.1284032438236045 15.583833158916079
-4.637076887005855 16.444792579987535
-4.668361904026201 17.44430308403941
-4.9162117280659805 16.47550461958798
-4.437177889380401 15.597708184533612
-3.5806280533249324 16.113772500635154
-3.3695441157577686 15.136304561876475
-2.765508424988889 15.933261828157022
-3.742539888413128 16.146356923077317
-3.209941424777118 16.99272497335601
-2.815002371644425 16.074017650912868
-3.570582800697178 16.729073538019044
-3.7964512361944 17.70323135369679
-3.319348720663985 18.582079002424685
-3.7098663324264485 19.5026744591283
-3.1270916900752224 18.690040644773767
-4.077224487378042 18.378195062009606
-3.157959128803417 17.984556648583446
-2.723814530455061 18.88539984677331
-3.6963229423243114 18.652532097087896
-4.638908316259299 18.318566810203404
-4.959107052869392 19.26591720423578
-4.7995134915125055 18.278734396862482
-3.824534984552312 18.056435249392973
-4.746851018364088 18.442871704419815
-5.668850671583998 18.055681002746383
-5.220584598558747 17.161780825000275
-4.671363264911287 16.32610389779305
-5.64776495673782 16.110141548763682
-5.298779279301234 15.173013490841965
-5.3920000452234005 16.168658954247935
-5.576476320164764 17.151495921391398
-4.7306348306670465 17.68493024222601
-4.40818341191838 16.738344227884486
-5.329566286024181 16.349688082552223
-6.08500973595676 17.004901936155733
-5.210983693012379 17.490781011909142
-5.41713737714957 18.469300637934428
-5.224768692980813 17.48797791357145
-6.029971452644966 18.08097750533289
-6.927006875000904 17.63901885224563
-7.300350448686866 16.711325704708475
-6.9227256384563045 17.63728439854872
-7.3890715010652706 16.75268192487622
-7.308092077222302 17.74939769826102
-7.7334842846983545 16.844388598959444
-6.8528864280213995 17.318252941167163
-6.628988809221244 16.3436402712846
-7.290450816595436 15.593661596387435
-7.245481485284443 16.592649964308425
-6.8493500465171575 17.510843780025
-7.523940460663185 16.77265154683483
-7.330615028897956 17.7537862355666
-7.803654953995108 16.872745243748355
-6.810912135281123 16.99300203520652
-7.763890372883806 16.68996329402697
-7.063014558328228 17.403246612611568
-6.753277818871407 16.45242425684228
-5.786348533369582 16.707468874191736
-6.233340924544824 15.812931115217058
-7.176329048853038 15.480104737936536
-6.423897115273344 16.138774750408277
-5.425557376771286 16.196374807071805
-5.201096566724234 17.170857923781902
-6.1884752288075395 17.01248059692423
-7.014859444049391 16.44937392070816
-6.229889574214914 15.829839980191549
-5.483622737253555 15.164193070748045
-5.02039958488418 14.27795139315159
-5.834008833363497 14.85936345940832
-4.854954706550115 14.65576331999362
-5.516535897149643 13.905889778491513
-6.381126954774174 13.403413606841857
-7.3303636191353885 13.717976406664715
-8.281999563226597 14.025204383765814
-8.11274309764654 15.010776425201318
-9.107372802201025 14.907278836737344
-8.126911917222971 14.710564696350714
-9.09947078102391 14.477907746224083
-9.358704930047795 15.443722250142855
-10.271195728837696 15.852819478346332
-11.192487276139174 15.463946896552692
-10.369189288220085 14.896337503494069
-11.110956658659974 15.566994769279425
-10.114806297103204 15.47933373363465
-9.200014616179892 15.075407774437297
-8.43517389365927 14.431188348174683
-8.188034481928096 15.400168281490728
-7.234407864527189 15.701160431860977
-6.283917503146903 15.39040639259009
-7.281184942299673 15.3165304505949
-6.296487287347062 15.142259029154582
-6.198128545987996 14.147108006445837
-6.085246609081404 13.153499598510288
-7.008778064327963 12.769976911866888
-7.961784742013164 12.467027621906645
-8.488108609065643 13.317311802031693
-7.512530454227234 13.097659204045495
-7.3731655680948265 14.087900300200014
-6.526890513893604 14.620646518053052
-5.528002575375197 14.573499023077733
-5.481822984891141 15.572432176708508
-4.670688194192157 14.987572919008235
-5.316649349604829 15.750943199866697
-4.32247430104786 15.858720622487345
-4.9126556666928 16.66599130549613
-5.909739806072827 16.58968128651573
-5.232199042135431 15.85419606354852
-4.384587349538644 15.323579046696242
-4.947562718117026 14.497105372358073
-4.155119758534866 15.107051399321662
-3.23572703784369 15.500392250416583
-2.9100631952704883 16.44587787253913
-2.5244736512412294 15.523207452760046
-1.6445971134138104 15.998409807742462
-2.5036801645119344 16.510246023065232
-1.6459629506722628 15.9961242660046
-1.3804338536465661 15.03202141950288
-1.3293475516176572 16.030715661873895
-0.4106480038959154 15.635758523672967
-1.1408639233280544 16.31897496888479
-0.9509619298741029 15.337171916902255
-1.2628952627253538 14.387067924774914
-0.3364148019780917 14.763410794846264
0.3919947136360262 14.078268782149038
0.1287076057887398 15.042986304971866
-0.8232589915146915 14.736784414679649
-1.134379787534077 13.786414039360498
-0.37848339559608213 14.44110529839419
0.2642407496036202 13.675007606727316
-0.7356141549523082 13.657973234550587
-1.631761580584524 14.101729689751807
-1.3709820821615901 15.067128080677689
-2.2787892648926484 14.647740289985233
-3.2190380653439137 14.307252120954418
-2.986249230373712 15.27977942561646
-3.157952389779683 14.294630693165361
-4.1283895391713985 14.535984663674407
-3.5834862263142973 15.374483548370955
-2.870483376623614 16.075644682728075
-2.9313884385457163 17.07378824626604
-3.661762026822653 17.75683613737432
-3.257994898982699 18.671697933754448
-2.2875673996634247 18.430305165501256
-3.1875815225000315 17.99444443235975
-3.797386287795778 18.786996101478298
-2.861835705434732 19.140188836176943
-1.862645594052844 19.180427142759726
-2.061339773884219 18.20036560239548
-1.0692772903074186 18.326111491709725
-0.08780817376464045 18.517731880167577
-1.0318213326530192 18.187824081160667
-1.773550955751955 18.858523094293616
-2.769789900078054 18.945171613080838
-3.653535377659736 19.413139486822107
-4.005246333647125 20.34924813619911
-3.6271089471273075 21.274997625486556
-4.018795764620464 22.19509622726904
-4.29611525583771 21.234318469517017
-5.216261281430467 21.62589386658105
-6.215306142872045 21.66959014590982
-5.893660455821565 22.616450247509746
-5.822335145480719 21.618997140790047
-6.1309031148837505 20.667794844609844
-6.361061517285246 19.694641665606667
-5.45083125634805 19.280539175787776
-5.167378879781344 18.321552861902806
-5.218329515855873 19.320254034768645
-5.970186295962613 18.660927573743816
-6.8515341915571275 18.188459705067945
-6.050230453133064 18.786717441154675
-5.5379306906531305 17.927910738011875
-6.0228161664599975 18.802488393427076
-6.983088235098796 18.523422891811123
-7.111836471303168 17.531745579539503
-6.335996632182813 16.90081567532375
-6.848518454023056 16.042141475095537
-6.972009194058106 15.049795750498713
-7.233860211211546 14.084687443200663
-6.284973308459233 13.769071148017535
-5.39762908059139 13.307963545315497
-5.372865300731916 12.308270214735028
-5.368525473797514 11.30827963182828
-4.3690684032526415 11.2753317314724
-4.558806071974735 10.293496909790106
-5.053978007753858 11.16229191093638
-5.661670655526832 11.956464213300718
-4.671751681138826 11.814829386557438
-4.396741772227308 10.853387994687669
-3.7183105449652802 11.588051910962136
-2.789240386491074 11.21814835510911
-2.7159461159443863 10.220837997244002
-3.568428566412977 10.74359384048544
-2.6940512053409003 10.258347273836451
-2.333490170027105 11.191082895442833
-2.984693380445896 11.949986300851096
-2.423603257668205 12.77774101942497
-1.7532148157902951 13.519751354256305
-1.5439970980373228 14.49762043883677
-2.5235456845912676 14.296412669155355
-1.575278458108778 14.613885923429171
-0.9055049940852136 15.356451413396133
-0.14892517700530472 16.010352767108856
0.7241270173274104 16.49797953623749
1.364437886042277 17.2660954073179
0.3813847461411787 17.449416230277517
-0.1296308460199297 18.30898767266508
-1.1138394526705828 18.486000154131162
-1.9069226327006175 17.876886807081988
-1.4529645722154634 18.767909859152223
-0.5613491454342269 19.220703333846497
0.1996184690540428 18.571913468250532
-0.6795760697958781 18.09545049712216
-0.6480631317926582 17.095947153086534
-1.5289479936133619 17.569277756592285
-0.7974584415306193 16.887425107412284
-1.629813797863236 17.441667437791697
-1.1294264791943185 18.30746910752636
-0.20104449720777628 18.679096468632533
-1.1817515829476362 18.483613446403922
-2.047748763483101 17.983564565488642
-2.8960024647441145 17.453974480331272
-3.0039362848494897 18.448132561562552
-2.483400366381149 17.59429278878061
-2.623669913658653 18.58440614295101
-2.2110175623591792 19.495294740402432
-1.2568292548421254 19.196087999506208
-0.4497262354487733 18.605677366060185
-1.0205946098069378 17.784635772011708
-1.2963645047802717 18.745859453069553
-0.6351855756123547 19.49608770075446
-0.16510690694152957 18.613463179646722
0.788352159290657 18.914985664744677
0.32200503748603543 19.799587474591654
1.114854053452085 20.409005588764238
1.262705542102101 21.398015162683507
0.671702470758167 22.204684468943537
1.6219942559866887 22.516045229038944
2.620674547773181 22.567403527270546
3.257580710013181 23.33834486129066
4.0392772801235495 23.96200380035727
3.066870574621836 23.728711710702896
2.159807134226587 23.307717749821823
3.0235691509237235 22.80381778106682
3.7870502205510816 23.44964798810321
4.777115846180724 23.590254022634397
5.777066997724102 23.600138076816386
6.615462201164636 23.0550752521366
6.052305794106212 23.88142557808138
5.130921752208893 23.492772201231315
5.660461340740132 22.64448697550935
4.712318706930361 22.962332135850467
3.930087493944952 23.58532036160708
3.3321045517431265 22.783811533935392
4.032171188282719 23.497889053819712
3.955420201922091 24.49493934647935
3.2904957093328218 25.241849929584784
2.7474269800197875 24.40216168074339
3.7462800608520688 24.354281383001414
4.11114259356212 25.285342783889888
3.2187812180863205 24.834021196151234
4.112299203123401 25.28304860112255
3.1143967419741 25.347784047611842
4.0227911505646485 25.765898384177127
3.4504515282333448 26.58591506492799
3.1993265623241602 25.617960390629076
4.125713393795222 25.99453367496694
3.198888830427064 26.37002832038472
3.7073695664959896 27.23110168604342
2.929535414600732 26.602632090800036
2.033502457667293 26.158644545829326
2.5608644417521225 25.309003834856675
1.9372050029716272 26.090700006281352
2.2314499590692733 27.04643004442554
1.6049774415242446 27.82587355409176
2.5980363810807865 27.708255772413832
3.5885485200343537 27.845681034231408
3.3423471603447763 28.814899735292734
2.7739403307997152 27.99215209711531
2.9353487175174653 28.97903979726015
3.915401536083378 29.1777769926238
4.556135455489913 29.945540005878502
5.336040461437024 30.571437906257337
5.715613189371929 29.646276004637922
6.519250046258232 29.051156014842668
6.586059888044049 30.048921741373977
7.26269116737057 30.78524375777506
6.503841305668184 30.133978153436654
6.789098945889151 29.17552727900669
6.522449956769383 28.211733568401872
6.707174834272831 27.228943295947296
5.73499067336759 27.463161052073882
6.444382551010953 28.16797532827267
7.429028213149277 27.993410383245948
7.756049558937574 28.938427335156764
6.7632735532987 29.058409844830976
7.519444341784883 28.404035534026995
6.669406062743184 28.93075645079775
6.809637838358425 27.9406377462437
6.335316239817907 28.820989392552132
5.336323803056515 28.77611054125739
4.7264248621246345 27.983631341624886
4.3513636452131195 28.910631386699777
3.6770916355327508 28.17214830838207
3.40092647692391 27.21103811429892
4.102485559292811 27.923649406621532
3.522329951261478 27.109143746438747
3.448974338958609 28.10644959428266
3.0128349219620705 29.006328702242126
2.244101287118371 28.36675962961588
3.1963712426719386 28.67201678637065
3.4036782917543627 27.693740860365754
3.700263613740362 28.648747219916547
4.12431120507227 29.554387126438787
3.481081819942554 28.788713594112085
4.395095172362751 29.194397697322444
4.000617281764908 30.113303129796034
3.385513666777523 30.901749413844257
3.8649780727494445 30.024188086411243
2.8865169975744474 29.8177566828715
2.421264131370601 30.70293450144193
1.5508040129852911 31.195173449820288
1.9137632504888369 32.126978468003195
0.9574029748025127 31.834788421818903
1.2167538962605282 32.800571575295336
1.7057877949647597 33.672836355002815
2.684578228064545 33.877700427188095
3.6020718183559817 33.479949862419005
4.130832082469683 34.32872108194427
3.6486130186714245 33.4526704130275
4.341384993208643 34.173827116730514
4.959813459335482 34.95966821535288
5.060104592847363 35.954626349416266
5.43639538108128 35.028124734366244
5.675456791155538 35.99912918451738
4.798058425724054 36.478891738639895
4.068609798899216 37.162927337730586
3.5513700997488207 36.30708676050676
3.9141391025856307 37.238965857053515
4.098765989970872 36.25615717147201
4.651757352178184 35.42297018566144
5.251640111161305 36.22305810300228
4.291785043375183 36.503554535858925
3.3045555907452124 36.344249771774706
2.9862193316975896 37.29222763342315
3.6676525320839195 36.56034731983954
4.37883337925034 37.263356425487295
4.642448239717005 38.22798443946011
4.344668117509077 37.27334995505373
4.575502558809319 36.30035691257624
4.2415554261752755 37.24294871850577
4.63499014188188 38.16230127573116
4.597644018999514 37.16299888550803
3.7912391852363405 36.571635000845305
2.8041448643199303 36.73177494468997
2.0790359307519743 36.043140764257465
1.0847671569005937 35.93623143190489
1.7314550727391405 36.698986136582874
1.4325834694125876 35.74469280394085
2.1689635050102827 36.42126094032708
2.7937586190608856 35.640472194597166
1.842396224089126 35.94854620102029
1.4691151119958015 36.87626448334223
0.7750740740371994 36.156329043438525
1.6987812554303592 36.539428303477884
2.563886184518582 37.04101923408495
1.9947077511334077 37.863233263987865
2.3800169692201503 38.78602078365714
3.3572285083419096 38.57375300982587
3.287590822430198 37.576180660218654
2.8550129115107237 36.67458410355678
3.2976195935453947 37.571299958785325
2.3921724311883894 37.99575895112692
2.655807530751233 37.03113646835012
3.646829146151684 37.16483821781168
4.504379886856337 36.65043883297835
3.5607679654676367 36.981492517164355
4.522611661540879 37.2550920499201
5.370271337100837 37.78563241071237
5.920937476409978 36.950906825254265
5.027505174721615 37.400104690676436
