0 0
0.20822807609063132 0.9780802974846157
0.6893901958814963 1.8547119273488142
-0.3064050301688882 1.7631047891156857
0.6103295841773664 1.3636080471271885
-0.14254946816092073 0.7054491510008787
-1.0934083390187679 0.3958245271239333
-0.2699263535216768 0.9631669453880436
-1.2642831117962547 0.8570790701445814
-0.6119463187041863 0.09914984628634027
0.2997559702033301 -0.31170163101512394
0.9909997465057997 0.41092001391609545
1.752958291739156 1.0585458127736356
2.0431773189504785 0.10158556477766278
2.720388649089727 -0.6342030015449117
1.8801186713505342 -0.09203479470299791
0.8831965322492257 -0.013636780890968786
1.809865129359903 -0.3895161646418327
2.71201775793302 -0.8209331726035213
3.258682789347692 0.01641821327244153
3.1279206434076805 -0.9749955556399955
3.7548574863720106 -1.7540656390945708
4.742524988549959 -1.5974996621341442
3.844450447251616 -1.1576563738236696
4.809832386536581 -1.4184967681309932
5.012872391326049 -2.3976672111362407
4.993617601820413 -3.397481820491942
4.5960583574953615 -4.315058328065939
3.631567928803458 -4.050940526769419
3.4444585554002183 -3.068601439496268
4.036811050453632 -3.874280359168364
4.964493000429364 -3.5009089627154175
3.9647358915535236 -3.478869832691285
4.550969605610013 -2.6687278497626536
4.010699274215871 -1.8272363352390286
3.0354290914551982 -2.0482523315333325
3.3772413691591363 -2.988020583184156
2.688977654437514 -2.2625599991428222
1.8779114199396671 -2.8475143249303008
1.3931443076058694 -1.9728710566205567
0.7745307589576738 -1.1871756465353975
-0.009684873074317646 -1.807664036818942
-0.8244921210336831 -1.2279320740353767
0.17378955073508784 -1.286529888077779
0.5676687344697304 -2.205692109135918
-0.11320620772133738 -1.473292414231346
0.42457063216717583 -2.31637964013358
-0.5742786395217784 -2.2684199440706796
0.31059845228915894 -2.7342445166172746
0.08910483929056723 -1.7590826944560345
0.6356813910088694 -0.9216735512579619
1.6256307245959787 -0.780251074506781
2.4367225364882525 -0.19533221459430694
2.2369726165434822 0.784514696653597
3.2110809674906964 0.5584330286331681
2.615591877739182 -0.2449303660935972
3.5815183341770522 -0.5037470594373215
2.6180523565531524 -0.23591631071488145
1.9725230441674113 0.5278191846307208
2.8112454289251296 -0.016740051179605198
3.587910933684719 -0.646653294187349
4.574962581695085 -0.8070560502734581
5.340058723402644 -0.16313998901686377
4.735793221988334 0.6336430453158911
4.140018246523304 1.4367944498528211
3.5099133022888167 0.6602844632774691
4.292787657931505 1.2824642952208105
3.3634395528782157 0.9132596099392454
4.363352612040742 0.9000734764560343
3.6006850663265952 1.5468641804046606
2.703203180366815 1.9879154975709012
1.7176279073131226 2.1571531445208025
2.376596056478089 2.9093239884027615
2.6182326036827326 3.8796908154609717
2.76634598717202 4.868661202091105
3.737162290219363 5.108485524747272
3.192523192503296 4.269814997520383
4.080009016304858 3.808979980891588
3.407895019565893 3.0685322951044194
2.7182975168061434 3.7927251452400155
3.562926136034853 3.2573724618809017
4.391962399184749 2.6981776171420964
4.530935448744167 3.688473780669026
4.999144719988732 4.572091389321453
5.647200107954341 5.333684597096275
6.044805478324887 6.251241118217727
6.2541093366441745 5.273390467610663
5.792205810002897 4.386460294442363
6.091934685581906 5.340484718209462
5.6565639842254 4.440233446396784
4.658434236408428 4.379102386183282
3.661049778026009 4.306823466869211
3.238888554907096 3.4003026994872703
2.2847596375479995 3.100906625599922
1.4261710051638956 3.6135717798095617
2.1453193673465676 2.918715223986721
1.157131961478699 3.071965512352298
0.22000024805632978 3.4209413735491068
-0.6344227473963462 2.9013633285532885
0.12806228960706945 2.254357479780729
0.684446282128146 3.085282778990175
0.610149001804193 2.0880466413896244
-0.08499696347714114 2.8069152573084737
-1.0549418512884725 2.5635905470781646
-0.7563134942075582 1.6092210670825216
0.22137660657514047 1.819273600586682
1.0794855258229235 2.332741304252065
1.6618960144398918 1.5198464631139603
2.3611790635785432 2.234691353413493
1.379008909628622 2.046697234649133
0.44641232549236565 1.6857767291948342
-0.5522188446741656 1.633471987805315
0.40685072616706 1.3503014415148729
1.3800495794546532 1.580266638794186
0.538499639997992 2.1204459603166685
0.3992757341560172 1.130185033064611
0.8831630327041196 2.005315356104454
0.05751354732325531 2.569498772459733
-0.6578069357256351 3.2682953140444075
0.32620712345590197 3.0902045188497245
-0.6737928166926827 3.0905504998133613
0.2877704161505792 3.365134092265669
-0.3856790018819446 4.104367398706644
0.6143199821715323 4.1029419542096255
0.31514685251334446 5.057140800619809
0.5729424323100782 4.090941318609357
0.27665006087956195 3.135844030040239
-0.6570734723346134 2.777849108956103
-1.297630681271359 3.5457595608182757
-2.2387790859074372 3.883753170892438
-3.1449526078304793 4.306659245766741
-3.1757852365408303 5.306183807249254
-3.2263708014747885 4.307464076483754
-2.9705269807268775 3.340745948286547
-1.9840572538694357 3.1768024275429565
-1.0779772269964236 2.7536960757804216
-2.077976997261667 2.7543739175469386
-2.9900033312509087 3.164505562400325
-3.70712568710516 3.8614528536168478
-4.690821581490816 3.6816129599091263
-5.582848458521365 4.133595316484165
-5.802017182455722 3.157908342886082
-4.994729199585886 2.567750641323227
-3.9952232549052207 2.5363202969406013
-3.0134200389352253 2.726221442568991
-3.567041567844881 1.8934530457576475
-2.5724512782660054 1.7895773706676241
-3.235036948573827 1.0405912362814562
-3.8858655893885805 0.2813665789531917
-4.666714579699378 0.9060863996173102
-4.779856121952875 -0.0874924807019628
-4.402021724451205 0.8383807115142013
-3.4530662387035687 1.1537907400000862
-4.401956847402449 0.8381855868053555
-4.613525480116025 -0.13917755637721185
-4.062181365819046 -0.9734554882620722
-4.468031017358821 -1.8873953442400482
-4.272497187373536 -2.8680923011698054
-4.975712093152542 -2.1571149483024845
-5.922956353306171 -1.836602371940801
-5.6773285341118305 -0.8672381604919605
-5.849109383449178 0.11789702809940217
-6.298267180219866 -0.7755554180890344
-7.166871824476667 -0.28004964418168965
-7.152580583711953 0.7198482308222555
-7.584596100409019 -0.1820179418070137
-6.627054392710411 0.10627683445095648
-7.444700666894456 0.6819977480132046
-8.067808360365381 -0.10013830302737003
-9.063555243322245 -0.19226943284618053
-8.558791324400978 -1.0555268603585333
-9.214796387491255 -1.8102833490354593
-8.738233243003165 -0.9311431046400478
-9.134276816790466 -1.849374822487881
-8.660390913748893 -0.9687885683943519
-8.122499665249887 -1.8118028059895308
-9.011481101299193 -2.2697460408557237
-8.035292754375718 -2.0528213734460112
-7.1723048702247825 -1.547596758241356
-6.407987254193044 -0.9027567921850015
-7.306937227082185 -1.3408080976762802
-6.482078867118702 -0.775468654511067
-7.476204314129705 -0.8837026399554394
-7.939276331942838 0.0026180166460380017
-8.847415724549265 -0.4160499228912896
-9.342952757881571 0.45253688831195227
-8.553699946871212 -0.161531512041173
-7.8326955176468465 0.5313989412070924
-7.592898458371886 1.5022219788216111
-7.982043222801462 0.5810453658330649
-7.145772696839784 1.1293624341500916
-7.051518851267175 0.13381423712757956
-6.518151573431648 -0.7120695296715712
-6.964986111101176 0.18254708986199164
-6.264195381633813 0.8959140035134463
-6.267977316597285 1.89590685197184
-5.499566072759247 1.2559504781905644
-4.539615781857585 0.9757801032437925
-3.5438981413743083 1.0682267388257087
-2.7057879373539633 0.5227257893150999
-3.596086124696826 0.9781038054884905
-4.4262408540047495 1.535636876622112
-3.9136386910304815 2.3942631180765073
-4.768676279484564 2.9128291431211757
-4.443161502613457 3.8583660964120314
-5.4210281324146585 4.067595287303842
-5.048121958465326 3.139726231116241
-4.048239187478782 3.1550378046562813
-4.1934177958181555 2.1656323409152307
-4.998207408450385 2.759192514275326
-4.52604044912058 3.6407016534890073
-5.523160697712716 3.5648649219695367
-4.529367257857934 3.6761060964581214
-5.109916765326921 4.490331046565594
-4.292971255795731 5.067045910650806
-3.913081565841863 4.142014114728766
-3.126598648471908 3.5244020838507684
-3.932594617004838 2.932481059803924
-3.0661338675813354 2.4332358598185237
-3.752815078045587 3.160194534844381
-4.744395927666399 3.289683602588607
-5.629503800344978 2.8242976834608373
-6.225765651379583 3.62708769647843
-5.225766623849494 3.6284823071322942
-5.580025110322448 2.693334765424628
-6.3238082631834915 2.0249137741922416
-5.960670215766611 1.093178426296577
-5.1184696716406215 1.6323428200336698
-5.071281937213778 2.631228858438283
-4.079867721954374 2.761987620215762
-3.095131197831249 2.587935966796708
-2.8149066641207283 1.6280014842893227
-2.6928511440972667 0.6354782099870007
-3.668543269837604 0.8546239965499685
-3.916360161121483 -0.11418289256384972
-3.935753386926999 -1.1139948262758135
-4.907924299114948 -1.3482675679587726
-5.58488338305591 -2.0842882189393097
-4.853642975413537 -1.402168386189216
-5.086720727816052 -2.3746264888008364
-4.9019405169003365 -3.3574063591960046
-3.9214191048656994 -3.5538185801538713
-4.787626925137367 -3.0541346679651693
-3.7974042009703464 -3.193630031842413
-4.627768890767227 -2.6364097146082592
-4.718474076589025 -1.6405319262903186
-5.677756604950842 -1.9229802061217953
-6.0440341791077135 -0.9924745700992309
-6.922011433043016 -0.5137722183479319
-6.470181154039794 -1.4058761354875613
-6.427882585281619 -2.404981150529028
-6.520377085473653 -3.400694345899174
-7.083888154229073 -2.5745858328150124
-6.126013606041443 -2.287398872918947
-6.93460315407502 -2.875772005217539
-6.478417298485841 -3.7656565287150365
-5.789783927613512 -3.0405468263106257
-4.9093882883402795 -2.566306888780395
-4.898053624124989 -3.56624264941061
-5.667945152999484 -2.928067881993962
-4.693849125770131 -3.1542026421171956
-3.9062747485095755 -3.770422246059368
-3.9027296085036247 -2.770428530087943
-4.899239545013105 -2.853902756277058
-5.129158696793536 -3.8271124888858967
-5.994663868078627 -3.326212500386431
-5.942524814538614 -2.3275726658635176
-6.6355373034173795 -1.6066470870011367
-6.698625226354113 -2.604655059904925
-6.743744200767238 -3.603636680430502
-7.581981311398603 -3.058330760454952
-6.999616792972021 -2.2454029852634685
-6.459379657334792 -1.4038901586954577
-5.562874232296303 -1.8469229146814656
-5.98966559082764 -2.7512730328784922
-6.679324830423111 -3.475407090384833
-7.322053740717862 -2.7093133964600478
-6.669940439144761 -3.4674349183227573
-5.698011407020055 -3.2321607027505164
-5.883620411296739 -2.2495370222240303
-5.011398298740583 -2.7386470163644856
-5.541407998236901 -3.58663859559144
-4.7635021440929926 -4.215019437190415
-5.570269785743644 -4.8058882655994335
-6.120534704291898 -5.640878396927393
-6.4137609829304285 -6.596921465787682
-6.529998646856365 -7.590142894012548
-6.484735089737931 -8.589117973980505
-5.518029090334208 -8.333228328397004
-6.143789681367531 -7.553213147320619
-5.573827095147514 -8.374883793205813
-5.011250549847242 -9.201628996202487
-5.322885521200163 -10.151830892974886
-6.166768320799197 -9.615303334930664
-5.917074491389104 -10.583628172758612
-6.62928028636681 -11.285598902632852
-7.392301880615145 -11.931971896120922
-6.427947700358688 -12.19658673890548
-6.558192582071255 -13.188068594910764
-5.582529102917194 -13.40734188431235
-6.473824948873006 -13.860764110258446
-6.502918485598622 -12.861187416792259
-6.363892981062271 -11.87089861594252
-7.307220933504583 -12.202760596502204
-8.260703345657387 -12.504209248373911
-7.262551180567724 -12.443445317240236
-7.8449295841358255 -13.256363145226231
-7.57241276545378 -12.294212126136495
-8.240388049158637 -13.038395584941792
-7.647370263712531 -13.84358494536864
-6.769560451112062 -13.364575620926695
-5.770114177806391 -13.39784943608827
-5.256157060902923 -12.540033557251633
-6.227151781130855 -12.779134484245818
-5.857111681504968 -13.708150267033636
-4.94283223047405 -13.303066219677284
-4.302830644423858 -12.534692632251714
-4.10883304225244 -11.553690629016378
-4.490311077618911 -12.478068532545523
-3.515856867653108 -12.702654802562021
-4.158415858747636 -13.468891021337654
-3.8492758100392703 -12.517874496620765
-3.5500129369793116 -13.472045200849259
-3.053914458495889 -14.340311461650883
-2.4495953620099202 -15.137053847634196
-2.38634301325417 -14.139056282318087
-1.7002551743815948 -13.411537569602627
-2.3675712548094063 -12.6667629400653
-2.9152349532659767 -13.503461495934062
-2.902530712507675 -14.503380793811022
-2.9156721990632968 -13.503467146873893
-3.306072634550792 -12.582821992663447
-2.76427397542155 -13.42333029896729
-2.6547518721670063 -12.429345938477297
-1.8252054649862068 -11.870908154714927
-2.8244005924440962 -11.911021709336923
-2.2696652224070677 -11.078994865280867
-3.2632842013309036 -10.96620601511227
-2.519089833043055 -11.63416914449042
-2.579110037716659 -12.63236630689419
-1.7111426529472356 -13.12898750959956
-1.2389562634805895 -12.24748877811865
-0.6793223621185163 -13.076228723123272
-0.39959465157817975 -12.11614934726112
0.5741653355421422 -11.888571915419933
-0.4226738821966527 -11.968017330504175
-0.13389345487505144 -11.010621976015782
-0.5135873085556776 -11.935734173253044
0.4548589495139753 -11.686511691861643
-0.3807922914019377 -11.137251276798173
0.2949033967747017 -10.400070608997193
1.1625546835478358 -9.90289735492883
1.8814515311427407 -9.207780585948173
0.8826708378660423 -9.257147849774697
1.1793031313497417 -8.302156078887323
1.3842235386638815 -9.28093471916622
2.2893381607093577 -8.855767080511214
2.5272846434272704 -9.8270453472104
2.921235558022305 -10.746176826863739
3.906941113255823 -10.914654001524825
4.788186982080497 -11.387312142975329
5.783152782249104 -11.487527194214376
5.034607983965769 -12.150611415835552
5.589902254256284 -11.318957477359623
6.3450923418405845 -10.663451618030802
5.345398749524384 -10.638698406483003
6.286183185654797 -10.977703782155398
6.2186396631790695 -11.9754201108639
7.133402793422343 -11.571429497671554
7.919177370994381 -12.189942483179122
8.063352988509331 -11.20039036665661
7.065449503912406 -11.265110034681975
6.641262101190256 -10.359535605177786
7.585816555208336 -10.031180791912307
6.699208185525844 -9.568659874754008
6.079720469634555 -10.353666224957491
7.05960640964015 -10.154107851093219
6.071195408478435 -10.002306359722093
5.076002545517957 -10.100240855751464
4.526169524727881 -9.264966260633871
4.031428483899912 -10.134006709934397
3.0735537588474644 -9.846820339948463
2.8716661514506745 -10.826229036039937
1.8730913546176644 -10.87959920682768
2.870132720147428 -10.956466074999508
3.8668699809100655 -11.037180590468498
3.491020148923845 -11.963861173946931
4.41333616646315 -12.350297667811624
4.891805966781123 -13.228401676562113
5.191730009148483 -12.274438590897882
5.744807368152008 -11.441308688086991
4.885343454971813 -11.952505110160724
5.012108341214892 -10.960572318276224
5.314279292126071 -10.00731856589681
4.314975532156225 -10.044628019258248
4.324684607684067 -9.044675153442865
4.762370939013721 -8.145547423158014
5.683433890910003 -8.53496113458085
6.134847248982638 -9.427276090273955
6.5455915993581915 -10.339026647517855
5.976947923939735 -11.161610607005633
6.8644696106343766 -11.622376551544397
6.0762994752463095 -11.006919130042018
6.538955484031868 -10.120381247301175
5.800392483280958 -9.446196781504305
5.49046656922381 -8.49543607144323
4.863438087998272 -9.27443240245641
4.004617357988522 -9.786708649910379
3.1036188615236977 -10.22053085930972
3.622414565120648 -11.075429109354335
2.629147344014141 -11.191274814822242
2.1101327287064113 -10.336509449884606
2.944125239379223 -10.888285212438253
3.8346214167648727 -11.343275935488236
2.924522417375 -11.757666827412217
3.268386961588489 -12.696686089851944
3.0118583676319166 -13.663222731931624
3.751335707700395 -14.336404181115459
2.9523995616828884 -13.734988322838763
3.089427502176621 -12.744421140097458
2.529548194019801 -11.915846967015868
2.4170270074682243 -12.90949629277271
2.70117186033696 -13.86827765606061
1.7125811300863671 -13.717651071213846
1.7922640845910167 -14.71447132921496
1.6098425838274113 -13.731250908322904
1.0626959214959788 -12.89421415291752
0.9925147169366833 -11.896679893592756
0.3602603834021568 -11.121918990005842
1.039328569709602 -10.387843790625617
1.8461712882074428 -10.978610096034966
2.703082383471485 -10.463145863703197
3.20533505524227 -9.598424952831309
4.150856116241424 -9.2728640165889
5.013812508862347 -9.778142419486434
5.012292080777981 -10.778141263634986
5.875927509757614 -11.282258160605485
5.405058168952981 -12.16446112131816
5.897010525414009 -13.03508324312098
6.8796799722833315 -13.220449794012827
7.491490503187566 -12.429445448718392
6.624595146922878 -12.927935610393343
7.217582322925323 -12.122723707167463
7.901430943138371 -12.852347627165095
7.73281616336975 -11.866665601335477
8.72369924218712 -12.001390224598671
7.724124173354772 -11.972240923255297
6.999090161405508 -12.660953985071867
7.9071895195160575 -12.242199216980554
7.339514513248133 -13.065451965083293
6.3539943898581 -13.235010469421155
5.7152966459856485 -12.465552743504883
6.713770612620543 -12.52077717607218
7.086539972721736 -13.448701205381555
7.88901388334362 -14.045388412191976
8.43225346530367 -14.884966137356162
7.559507398114331 -15.373140596136565
8.300774047862186 -14.701929933250769
8.086256448109724 -13.725209809880495
8.816822320766061 -14.408052035954633
8.252434883245643 -13.58254199945045
8.27145851683925 -12.582722965142294
7.27574597688957 -12.675224520734387
6.829775813908582 -11.780176693112471
6.039394707247036 -11.167561229520123
6.02786427421109 -12.167494751867485
6.676618139260317 -12.928493058425186
6.389749402847651 -11.970523159070828
7.176594251819905 -12.58767401878491
8.150380654457308 -12.815138394102243
7.649588831509959 -11.949570632416846
7.154633760796112 -12.818489200508616
6.2969716211985896 -13.33270282761412
5.441715486791782 -13.8509083317913
5.096848997864927 -12.91225658336952
5.638040218649357 -12.071357027806634
5.197447134633925 -11.173650096610395
5.792316904219216 -11.977472189634431
5.267078444960559 -11.126517102150027
4.509687947984607 -10.473554901796499
5.1387623719259485 -9.696209824534883
4.15662039137689 -9.884351074778346
4.853643745124821 -9.167302649405284
5.365568340918859 -10.026333037820683
6.001806488558469 -9.254840316216573
6.197066530628175 -10.235591821936007
5.896283358432634 -9.281899270154256
5.10797410528653 -9.897178492462494
6.107435901167753 -9.929982738740721
6.974853026481343 -9.432401056287773
7.9052252903765785 -9.799017273297405
6.925101280528264 -9.997403072483893
6.769767722324641 -9.009540994207882
6.655766004242391 -10.003021546747435
5.678664187876771 -9.79024927304852
6.021785349201881 -8.850958120822062
5.021786332904635 -8.852360762807978
4.517295632334964 -7.988943637057786
5.0650761830461475 -7.152321578860327
5.445369927115726 -6.227455821995288
4.485302124759904 -5.94768839201163
5.015522948157212 -6.795547978521023
4.157800282779123 -6.281435316454909
5.1574264691735925 -6.308775533616597
5.589940613648948 -7.210402682070297
5.530908873587473 -6.212146575820346
6.330765143279193 -6.812338168426278
7.116638156747624 -6.193950258856526
7.2981052090124905 -5.210553233773421
6.599550239330126 -4.494996838838632
6.723632384723338 -5.487268788051456
6.5088863222109214 -6.463938706005016
6.958436970871746 -7.357193548862659
5.959443021846613 -7.312348372854887
4.969654136556567 -7.169807282090542
5.305362592770713 -8.11177322225309
6.250883584174236 -7.786212083885349
5.475159221186596 -7.155140207893859
5.723365697914978 -8.123847359157894
4.989153341832353 -7.444927469792735
4.119188715907211 -7.938041604287914
3.677963291064603 -8.835437907195644
2.9986656489420005 -8.101575036213147
3.686208841012821 -8.827718519993775
2.6904105331239263 -8.73614488838721
1.7684396018490962 -9.1234039772208
2.5827133975651795 -9.703884972267256
1.73455123338966 -10.233621645776934
1.6593935626384373 -11.2307933082941
1.6549648956416998 -10.230803114887868
2.3593134686211195 -9.520948842701065
1.3863092874703804 -9.290161357201569
2.19436880087407 -9.879262216815432
3.140175357072617 -9.554531623474052
3.656114669316363 -10.41115676090667
2.6562943812065543 -10.392199137531918
1.7031659566615578 -10.08963310122848
2.3633935367955545 -10.84069870583996
3.3633831172356548 -10.836133729253733
2.6834045392755446 -10.102901751285405
2.167173451692602 -10.959351086747189
3.0150608266370567 -11.489527471934046
3.547107439808987 -12.336242537001556
3.3491473865374592 -11.35603244864869
2.6830130716319553 -10.61020064823698
1.7209546184632505 -10.883044069793444
0.7426260117956878 -11.090102364425427
1.4192935648597658 -11.826391046010492
2.3955011471517094 -12.043229133706632
1.4007673905843685 -12.145721833668269
2.260176853366417 -11.63443387636762
1.4857078483676553 -11.001822020411515
1.6437842614993847 -10.014395138251926
1.740195923839281 -9.01905359317061
2.0733878016581717 -9.961912634891865
1.8918218056597804 -8.978533873123485
2.3018020803097534 -9.890628262097527
2.5820942731228875 -8.930713533255426
2.0637838471693453 -8.075520980465203
2.666230707741782 -8.873679974767976
1.8731143920746625 -8.26460977370523
1.3605951826727773 -7.40593401418126
2.3032409156180127 -7.072139133812882
1.8507378851632437 -6.180376268792561
1.295764025070541 -7.0122440555314185
1.7875390452826867 -7.882966358849385
2.458970259508489 -8.62403324150119
2.1807418257005162 -9.584548175596835
2.9719153735109716 -8.972956467637172
2.1513173923110913 -9.54446233221835
2.8116037913226672 -10.295476227749136
2.523701517387793 -9.337816433948054
3.3946774758621654 -9.829142069102224
3.6067991488246887 -10.80638533250166
3.6881082459705308 -11.803074266282572
4.644803993840097 -12.094164022214125
5.179914949888159 -11.249382236948055
4.211596557262461 -11.499101059832482
4.922497022653573 -10.795808426352862
4.749523045907681 -11.780734821251846
4.914573403440968 -10.794449680190635
5.18324478227021 -9.831217781737312
5.03369069329462 -8.842464235867219
5.185147837772104 -7.854000410840361
4.494012330681428 -8.57672560815848
5.456900296567094 -8.84662700710366
6.003452543192799 -9.684052013721203
6.8417287907948445 -9.138806259307438
7.803791279262053 -9.411635451814915
8.5827938298098 -8.78461469758097
7.903126277874837 -8.051094405532595
8.25133184611175 -8.98851260582999
7.315611321755409 -8.635770348227796
8.192347844011884 -9.116741314650533
7.368623128929426 -8.549751373150402
7.636028999610964 -9.513335360317607
8.388081554841103 -10.17243850412123
7.921029183858919 -9.288208849133387
8.58282878528599 -10.037889639570869
8.079246443279535 -10.901836874544912
7.143552267094468 -10.549024730970817
6.6115471561030175 -11.39576587316185
5.690380992937568 -11.784935373301627
6.565878981362154 -12.268157136330263
5.726028521189848 -12.81097497368306
6.509943074298949 -13.431843698474184
7.356056173435126 -13.964847097591088
6.392433878805474 -14.23211489081108
6.3548293348191365 -13.232822191812643
5.890612704171158 -14.118543886155644
6.416510664422213 -14.969091554075426
7.216946832118942 -15.568509556343438
7.423031616417966 -14.589975417092065
6.889808566163646 -13.74400072558086
7.136106804351111 -14.713194812369338
7.453463213271809 -13.764888474882891
7.395013201333304 -14.763178811460577
8.309504058186516 -15.167785376819912
8.750543638568283 -16.06527303051587
9.560316383212635 -16.652016673030342
10.37065705781898 -17.23797570835494
11.304637087112484 -17.595300917206632
10.482569136192556 -18.164690313024916
11.467217094058233 -18.339242308347085
11.143628403313409 -19.285440151941145
10.706629483786255 -20.184902182452774
9.86821628044529 -19.63986704554549
8.871511930733373 -19.720986952259835
9.349005543932114 -20.599622171992355
9.226854406525414 -19.60711066091037
9.497351745374761 -18.644389938335323
8.777825162183596 -17.949925039235843
8.778556550536223 -16.94992530670034
8.217761207209673 -16.12197084967794
7.824279021654294 -17.041303090845712
6.839133370184322 -16.86958225521473
6.958064482606704 -15.876679747161711
7.957040248111751 -15.831431322508411
7.250776671058038 -15.123482341488385
8.25072893875478 -15.113711858995433
8.060213562196704 -16.095396070590454
7.804329368891157 -17.06210351321018
8.803079094814727 -17.112093361855617
8.35374749130898 -18.005458410472897
7.710745650496421 -17.239593779672088
7.623329422857796 -18.235765653971615
8.260071825538482 -19.00684224720242
7.455688574890496 -18.41273149483635
6.654972209725483 -19.01177515147327
7.079098476721134 -18.10617208740804
6.967142286628583 -19.09988523087549
6.177606398423436 -18.486180838487662
7.087074474602767 -18.070407079803125
6.280466376059406 -18.661493685440796
5.363747581273507 -18.261960643895684
4.387974317009181 -18.043176419722773
3.3997562109870523 -17.89012422297266
2.3998597911834687 -17.8757315281598
3.395475256288875 -17.96927213775235
2.71393441509087 -18.70105221522038
2.972401916691361 -19.6670721687495
2.9752730150119433 -18.667076290360775
3.8004323211965145 -18.102176193514442
2.80044169445327 -18.106505907783646
1.981691362275713 -18.680655621324583
2.5066363262605176 -17.829519448443303
2.411649535628192 -16.834040915472666
2.753900720960406 -17.77364941167664
3.6000236301053743 -17.24066158571806
4.597688483051575 -17.30896122843919
3.6613876225023194 -17.660160172820753
3.1662569551312187 -16.79134165193814
3.6861526345989555 -17.64557141170467
3.4114431670001086 -16.684044132626454
2.823786780859401 -15.874933527191052
3.48861456023496 -15.127936858008008
2.854946452639852 -14.354331836426041
2.8980968817768016 -15.353400422893106
2.4765509347639716 -16.260207466622397
3.304097496456377 -15.698810380567368
3.5951588769755496 -16.655514761643506
4.076035493626682 -17.532303036860597
3.38628151677721 -16.80825921814495
2.439849504165899 -16.485356066248745
2.4642252221106387 -17.485058934292383
1.8290895902658026 -16.712658306922712
2.7302808881967353 -17.1460798621476
3.5918832332198543 -17.653663745905412
4.107780015300727 -16.797012994292714
3.997032210691763 -15.803164452625376
4.992816964547083 -15.711443549940649
5.962758951469648 -15.46810727643276
5.1355899761022235 -14.906153998846797
5.668207257802302 -15.75251020709154
5.367835540118341 -16.70633242910966
5.446958831108327 -15.709467591319244
4.456339166879166 -15.572819573249076
4.885193664580413 -14.669445996149651
4.674479448085113 -15.646993702896882
5.6613494347677245 -15.808510356481156
6.585662936047066 -15.426876302244999
6.2717297221667865 -14.477431234206412
7.22454287960903 -14.780988620881391
7.832371476889871 -13.986920364163113
8.08774286702452 -14.953763398528412
8.34100077431997 -13.986364601551525
9.170557742711095 -13.427942506542989
8.88190124061635 -14.38537523201169
7.940333288350981 -14.048552146005397
7.652167075006422 -13.090971740250007
6.6522693311712935 -13.076671325101493
6.742941676739853 -12.08079054621825
7.3717530054994125 -11.30323263016078
8.115190571569752 -10.634427288259708
9.106989913345434 -10.50662249314887
8.573561588417785 -11.352467763966697
8.004698557005826 -10.53003548621199
7.064734857962289 -10.188761044625176
8.05465107389286 -10.04710693971572
7.161928865630185 -10.49771437293738
6.742950555334309 -9.589718130928851
7.622959881682377 -10.064674534760213
6.663922633870415 -9.781394536685415
6.0974051101143925 -8.957344844447535
5.169074934589539 -8.585588089014637
5.984725484777885 -9.16413297057306
6.261166481905409 -10.125163862431975
6.547007699394396 -11.083440857034482
5.984259336293714 -11.910069116790645
6.700778824993225 -11.2125020430882
7.10839530057522 -12.125655266175166
8.087522285948685 -11.922405797508038
9.071593869565314 -11.744633138422737
9.460104309109287 -12.66607746032469
8.977944962279706 -11.789993923060765
8.701346566335705 -12.750979525117948
7.7071025614611655 -12.643840089002962
7.379585302109242 -13.588685285226452
7.350374469317253 -12.5891120126508
6.5948520790376 -11.933989186162423
6.191393489957412 -12.848987091568453
6.195056980013153 -13.848980380966243
7.191946668030904 -13.77017080081337
7.679926831501343 -12.897316082054651
6.7186026880527905 -13.172735564341046
7.7088930692774955 -13.03372131739553
8.499526062526806 -12.421430969614647
8.099780857430561 -13.338057268060508
7.764901701244956 -12.395796183884569
8.234247261395831 -11.512781605767842
9.190870700643737 -11.804108905349445
9.54274365893139 -10.868061138819394
9.87000256027461 -11.812995851639084
10.146923357088328 -10.852103104090194
9.95567224655518 -9.870561962456366
9.816680009605388 -8.880268491778258
10.750923732571344 -8.52363329147028
11.744566301726604 -8.411052454901464
11.817064711961658 -7.413683926967385
11.450006210287958 -8.343881785677594
11.07295175654706 -7.4176906936700355
11.585612433433065 -6.5590993878820125
11.401249137088973 -5.576241221633627
10.487202407426773 -5.981850116991995
9.929191460761697 -5.152016529215539
9.22753147892758 -5.864528472899676
9.559145309814273 -6.807943687513395
9.574290242383244 -5.808058378581675
8.653743554255064 -6.1986909360781555
9.543919184410827 -6.6543084812591875
10.490236090720893 -6.977548814187715
9.606704382060443 -7.44592016236301
9.001729280268322 -8.242164550859163
8.279649334999885 -7.550354929184868
8.548141047429738 -8.51363692338827
7.679074877614303 -8.018941064822291
7.629302564970053 -9.017701655201208
8.37692231148995 -9.681828687186448
8.508404153223305 -10.67314726629934
9.262599056643529 -10.016496637993116
8.327106027759262 -10.369841784993808
7.425818616289883 -9.936620130494838
7.7626639448791135 -8.995060135270098
8.139370670342252 -8.068727558389181
7.7250313719139125 -7.158605068952781
6.807351464840414 -7.55592557956553
7.250859946427054 -8.452195754658238
6.582008572867255 -9.19559190751832
6.637050537056386 -8.19710786549351
6.217815768814444 -7.289230005262783
5.236431775035133 -7.481285874097265
5.115869479484585 -8.473991637600017
5.864116567012116 -7.810571487162477
5.343453939779583 -8.664334000162032
5.39238848361323 -7.665532012569
6.3922579853758235 -7.649377154320711
6.5761724327431565 -8.632319409007918
7.4899937253224795 -8.226202867571034
7.335235197866417 -7.238250541707265
7.373020848510469 -6.2389646743973115
6.454318211203813 -6.633914625917495
7.453789515043275 -6.666427897076311
7.9458536550598815 -7.536986845172141
7.64096108023687 -6.584600097144957
8.312880520284017 -7.325224337962614
9.291770175781636 -7.52961377594744
8.293380837342946 -7.586347618510358
8.364416257794225 -8.583821412171782
7.41157772485674 -8.887299138124677
8.254320609861285 -8.348982846550461
7.29177937855984 -8.620118196596703
7.856148211852713 -7.794595441000201
8.55008749188996 -8.51462896495682
8.41519893262755 -7.523768189378277
8.935906823032077 -6.670033281534825
8.065101315226173 -6.178405609841193
7.153414943333778 -6.58929240605845
6.339864737863468 -7.17078708632579
5.339909700083861 -7.161304343094838
5.167023244732773 -8.146246104599618
4.646701582390097 -7.292275749319673
5.6363789678895095 -7.43558894700589
6.411360787321609 -8.067572474916004
5.4170683383237295 -7.96088355390825
4.436349991647411 -7.765457034488624
4.814724606575515 -6.839804480460922
4.028275684743527 -6.222149161250197
3.952306395617268 -7.219259319211519
2.958809707578787 -7.333120334737331
1.9817608368997057 -7.12010506696356
2.9602179075564687 -6.91365468338003
2.1611052195662026 -6.3124734196226076
1.7307234128568436 -7.215120360820321
2.1190204237352344 -8.136654641974802
3.023600517211864 -8.562958353530087
2.0471088494309173 -8.347403203384271
3.0470858569008135 -8.354184392922368
3.1893566793610097 -7.364356623521803
2.3877900301135933 -7.962262056524606
1.7023480697018158 -7.234134788180082
0.7161262991050621 -7.399563380633152
0.4674563071124733 -8.368151649756006
0.06002971356780634 -7.454913690146032
-0.8991558817442848 -7.737690976620369
0.012663391508793143 -8.148282760420567
0.689529204553806 -7.412176333923071
1.0767862755572186 -8.334148112752477
2.015408735222551 -8.679094308863988
2.6502096984069214 -7.906418609013012
1.7329327754132735 -8.304668588979496
2.6429975929747265 -8.719134543958718
3.583912956160853 -9.057776359628786
4.57776317446006 -9.16850911714263
4.055336370576224 -8.315824981847665
3.1796343192878984 -8.798676840464175
2.359431105066793 -8.22660456585076
2.8551039008246386 -9.095113909234929
2.77108445183826 -8.098649794380798
3.731770670214206 -7.82101335977157
4.138078060793715 -8.734749812125568
5.138054375903273 -8.727867282074099
4.515100676713223 -9.510125991623205
5.257598635012517 -8.84027766407332
4.428567259016316 -8.28107557393609
3.841142096556407 -7.4717970813830314
4.815989079033114 -7.248921867965166
3.825370467529408 -7.385577517473222
4.790662620725772 -7.1244050476807
3.790664213533205 -7.126189876055757
4.410468976624201 -6.3414338275606115
4.335217537546165 -5.34426923687526
3.4123880111338765 -4.959060637306569
2.429067638844763 -5.140942591994767
1.8172794911371104 -4.349920934690468
2.655116025490317 -4.895842121037919
2.0243427152199827 -4.119874962550781
1.072040583808873 -3.8147181987229777
1.9695493409545346 -4.255714832323338
1.2353286805886272 -4.9346257409791425
0.9842212869468956 -3.9666665079230925
1.984006021753121 -3.9459183984081103
1.5993945272184895 -3.0228398544738266
1.463244937110405 -4.013528145064464
0.8141659858271684 -4.774249194465001
1.5208864876867372 -5.481742044076472
0.6647471953275245 -4.964996930815914
1.651795236420695 -5.125421880789834
2.451406459263735 -4.52490386082419
3.1039525110126607 -3.767154792631501
3.344112568650224 -4.7378880962301375
2.3808341781012836 -5.006392737347275
1.776544278729834 -4.209628206561897
2.2550715293470063 -3.331555504323198
2.9501136857454364 -4.050524488931728
2.6764287349090674 -3.088705094406075
3.5253282711074654 -2.5601508611980295
2.572463955009099 -2.863547623056808
3.398623498253599 -3.4269838742033234
4.384823658459457 -3.5925412479742946
4.568311184355185 -2.609519209645212
3.697305431427839 -2.1182463950427075
2.7000897547225726 -2.043674992124044
2.0148277017014893 -2.771971579160761
2.1668259249302086 -3.7603523459380757
2.8361793662420776 -4.503296469411677
1.8715081983158623 -4.766753368679607
1.0364061240527631 -5.316848383710164
0.3269921564594579 -6.021640425793164
0.9610190849638741 -5.248329457339169
-0.026765023320253656 -5.092500848215779
0.30152876329351247 -4.147925181754486
-0.34005442478367737 -4.91497864323987
-0.9090034874824298 -5.737351407899675
0.08772526288710292 -5.818170948771854
0.6242662033695309 -4.974296657667882
1.1470471811235776 -5.8267636947423505
0.1537566194883918 -5.711118287715278
-0.597269507675092 -5.05084580129939
0.4012600995483143 -5.1050548734024055
1.0090121114740427 -5.8991817473968755
1.0073197909559068 -4.899183179372269
1.4080501093272102 -3.9829871239681682
1.8746578731480006 -3.098522769264056
1.9447975289931054 -2.1009855876623225
2.0499163349757246 -1.10652591697236
2.2854817073406783 -0.13466741114830705
3.0714155537473706 0.4836431815738147
2.7729655327605736 -0.4707820826417656
1.8119598307865648 -0.7473106359114828
0.951040217384256 -0.2385696219768686
0.23782144853225218 0.4623718789754091
0.001391795967180004 -0.5092767300329912
0.42892364831167995 0.39472355493979605
-0.1324399571763969 1.2222928284350285
-0.8529686737231059 1.915717927945821
-0.6036481064685192 2.884138939047837
-1.417501869555566 3.465208687278678
-1.6791652046346761 4.430367896464022
-2.6021672999016547 4.045572974287588
-1.9558353596162292 4.808629343743265
-2.3516955707879488 5.7269401262189366
-1.4786387918504533 5.239321565506483
-1.7021034261708203 4.264609527411095
-2.038766331236209 5.206234765153231
-3.0316369217746795 5.087037489832908
-3.893951541222984 4.5806646063905525
-4.232669164871222 5.521552682322058
-3.7378379747926185 4.652563560799013
-2.894516190875239 4.11515462081903
-3.8927252735766054 4.174976249119306
-3.5698804593088993 5.121428163323324
-3.1033235808539956 6.005919361225494
-3.745047027036496 5.238983237014582
-3.733744958645822 4.239047107429251
-3.4817003622677927 5.206762727555658
-2.8715726974401568 4.414459608407452
-2.977256299067192 3.4200598013141796
-2.1730054707293753 2.82576980045775
-2.9860327431802167 2.2435441962018525
-2.0085003846044254 2.0327587888861403
-1.676307083420619 2.9759701176182567
-2.001596351145592 2.030355559617508
-1.9920924122084402 1.030400723065037
-1.9935357576381247 0.030401764688594124
-1.0194929838555482 0.2567657963763698
-0.8769311672103144 -0.7330201039247057
-1.7219470111638828 -1.2677613717051515
-1.3082659044745752 -0.3573395233467601
-2.1668276731341827 0.1553706183474397
-1.1710988424573512 0.06304458865402048
-0.485664050150461 -0.6650894275100441
-0.37843911349265447 0.3291453601325577
-0.20795790164367947 1.3145062871062758
0.48926076452002765 2.031364802821128
-0.2019569599948633 1.308718238229241
-1.1962089527366304 1.415783521720319
-2.173388028824227 1.628200689709611
-1.7937554349554132 0.7030633519740529
-1.298266004940054 1.5716773195931872
-1.0354710380150172 2.5365290208192715
-0.28302365547992026 3.1951813847534503
-1.0613783386205051 3.823006190916061
-1.1494812540442443 4.819117568370328
-1.5841570479352787 5.719704573720282
-1.7195107819989681 4.728907234868882
-0.95729659837248 4.081582325508362
-0.8359786723820161 3.0889686237928493
-0.1437761384610906 2.3672653246224424
-0.10425194046949687 1.3680467110182315
-0.40458512235847177 2.3218810676318125
0.45182295101820524 1.8055815306813634
1.2931924665175276 1.265121228357099
1.392373053455668 0.2700517779293381
0.9362864218159123 -0.6198836042414697
0.45697079982128325 0.25775899642915745
-0.5075714911031266 0.5216873371171005
-0.33209003961976347 1.5061700744900277
0.41596243778090614 0.842530495309641
-0.5840168124256615 0.8489724791896895
-1.5435914607277783 1.1304267282886662
-1.8621844756973087 2.0783183311698314
