0 0
0.07208075005739163 0.9973987996138575
0.07558370322967196 -0.0025950650268575792
0.8810889931848641 0.589993517257852
0.030513676185515703 0.06414027716946191
-0.9250915124996378 0.3587904483182536
0.041291571227380586 0.6158969155380778
-0.9292319696005789 0.374890573922841
-1.1174337017374922 1.3570209664984223
-1.371705486067122 0.38988816295289774
-1.9231446665444119 1.2241032612546099
-0.934835719416016 1.07163875710377
0.03922129534621721 1.2979415012154722
0.749998564415366 2.0013586418756946
-0.24182702312557003 2.1289595975895015
0.6582468031694808 1.6932221683748578
1.0424528569559375 2.616469539469863
1.876636901779441 3.167955694655919
1.7131620559422953 2.181408192110542
0.9959777869181865 2.878291772247393
0.8043403248334688 1.8968259892851298
1.7804694566261572 2.1140169607034935
2.756014605048493 2.3338161039903653
3.0038804861313353 3.302610460391674
3.2048175713491576 4.28221460890482
3.9988456825224388 4.8900956488020935
4.672264746993389 4.15083469108346
5.318424019944015 4.914037281474713
4.547724182600728 4.276838913053205
5.322960191254774 3.6451672175608834
5.717203210216166 4.564173442784743
4.965526359192709 3.9046418577674222
4.767561669477824 4.884851009747799
5.571007513247111 5.4802288529111625
6.523186162304832 5.785770699928251
5.91077373197537 6.576309133641604
5.102539868178939 7.165170765447151
4.137513354155288 6.903018467667099
5.034297445587785 7.345486877108487
4.040832519886817 7.459624694688689
3.471328156952809 6.637636385404956
4.470542850917877 6.677259552419922
5.41987707200099 6.991527808342341
6.2396316009995 7.5642428441030845
6.961856774627096 8.255900851053477
7.589582541660981 9.034335409254563
6.7634233495526335 9.597772175267291
7.446903463801077 10.32774130709886
8.38813380973861 9.989975950843498
7.3962607507138385 9.862744528699277
6.483891752446718 10.27211332453141
7.2718768948785355 9.656419069802078
8.038663193687713 10.298321532765513
8.216115042184175 9.314192048670463
9.019351501200644 9.909852346916606
9.984282661798193 10.17235540462807
10.25784377652813 11.134210028002991
10.126185011877814 12.125505125181805
9.364188437261772 11.47792407212866
9.19486794325502 10.49236302870755
10.176561555378191 10.301896097413529
10.875662367954659 11.016919211623778
9.959865830882642 11.418561717699644
9.087823439599168 10.92913136738961
8.678334038103765 10.016816492983336
8.182593482473212 9.148345824795221
9.059878158848116 8.668375412584448
9.909379130990239 9.195962465429368
9.0530009739949 8.679613308151787
9.113301894599623 7.681433064421115
8.224715746159998 8.140142838462646
8.50368071294233 9.100444117909952
7.687398389644063 9.6780972739394
8.367647170989228 10.41107858030295
7.372365543615809 10.50810683501733
8.313791928968431 10.170888269452066
9.256366542041821 10.504883926294411
9.274135672345338 11.504726042834946
8.35176721259424 11.118414737724176
8.094323385878374 10.152121471636757
8.675358600929517 9.338243053892146
7.723081699694834 9.033007565498561
6.901163732192035 8.46340168886449
7.839445413828752 8.809273754670583
6.859583493526886 9.008950035541245
5.898943603892731 8.731153342897723
4.921153400438934 8.521567279358704
4.909382900717896 7.52163655409004
3.978731504149833 7.887543616150768
4.688726761774271 7.1833371591008435
4.73236919008373 6.184289943774534
4.7023271561621485 7.183838580008836
4.855188775948703 8.172086183191475
3.8802892198306065 7.949441049670126
2.889942394959116 8.088052616528586
3.8393329140104697 8.40215075777651
3.0812431416686628 9.054300968288436
3.992715148407279 9.465663072682945
3.644871821059386 10.403215748333517
3.947516628230476 9.45011233280487
3.5063269235130754 8.552698468163047
2.8300755797181205 9.289369439503385
3.829468103295816 9.254518559787018
3.486647455214499 8.315117685160478
3.7702466680078874 7.356174784616879
4.767566629754256 7.283011310791335
5.765183122402254 7.214008893466234
4.794974429357493 7.456279593181198
4.8115614285719825 8.45614201944646
5.6465328815148075 7.905848758747633
6.482271773690443 7.356721720526931
5.948547300226897 6.511063286863515
6.245069503953547 5.556037327689059
7.199022202608916 5.256080249545968
6.691136474132922 6.117504701724108
5.7583205873550565 6.477858030243253
4.851926188800584 6.900290503271873
3.8714956967859537 6.7034249391730425
4.851489504375623 6.902452919833809
4.805103194449297 7.9013764956149695
4.066039601198792 8.575012157624972
4.0131861138847 9.573614435250423
3.386497740460231 8.794344467514856
2.4018807597446057 8.969071114842748
1.4773975877040724 8.587848260577852
1.4463739088854524 9.587366910405137
0.5807042605288701 10.087982591256418
1.3883529913269739 9.498318680507072
1.1463657789669317 10.468598119150506
1.1336826502456354 9.46867855326241
0.3364490833508941 10.07234952309307
-0.40329359555067334 10.745239387046698
0.5916565123854727 10.845610113445641
0.3247614488927593 9.881884517083678
0.9983519708921436 10.620989251659637
1.9105019333469946 11.030845868043482
2.758619999448194 11.560653140504668
1.793797905625063 11.823556786867265
2.778882407185071 11.995628065081473
1.9791258001249283 11.395303678217463
2.3190405051902325 12.335759946887286
2.307724903867273 13.335695923421135
2.845781258507407 12.492787055730581
2.206273011330103 11.724002819554908
3.104146275439753 12.164256838954032
3.8696880296730267 11.520870623275266
4.359059283959728 10.648795067214978
3.457383422719536 10.216382485001235
3.8000210750749264 9.276914848949632
3.863461357166165 8.278929212475747
4.694641305089707 8.834932714415993
5.0253564078337005 9.778663354385381
4.3838563525218905 9.011540366178833
5.379883406534871 8.922489214169312
4.91097439680965 9.80573569199898
5.573490982938828 9.056688448426359
6.549286561766676 9.275373126307603
6.813985757500628 10.239704156492673
5.98781773908158 10.80312798039573
6.982051010484781 10.695888985459707
6.938025316256358 11.694919384520569
7.695065279283955 12.348287959200416
7.371680369750808 13.294555469097189
8.30106862121493 12.925451854863375
8.850427193896424 12.089865139661805
9.179555134472427 11.145579802101066
9.34676770053938 10.15965893420684
10.209121543908386 9.65335285205228
9.669638402074977 10.49534925327829
10.669144181750486 10.463913662059879
11.6609492749456 10.336153507425378
10.754517203392535 9.913801877074528
11.50111457516129 10.579078033620053
10.810804515640635 11.302591697433385
11.164217740271546 12.23805900987994
11.710145505961146 11.400226762560012
11.515922757585509 10.419269309857086
11.57334846499209 9.420919527401631
12.469705802237296 8.977587232202328
13.02089816042371 8.143209030020069
13.986031227895174 8.40496877114373
14.288916004619873 7.451941587885861
13.848852912229516 6.553974731751495
13.769214797288178 5.557150890419141
14.290282628199822 4.703635620732046
13.31878829619384 4.940698403302931
12.32173131651965 5.01736247104642
13.110509019565889 4.402683908562662
12.85373957443956 3.4362112229426716
12.108472788576828 4.102977612234928
11.433485549787035 3.3651482095469274
10.503318894533997 3.7322857770272635
9.519020212581134 3.5557748575184176
9.929769684047097 4.46752310768972
10.861884030830067 4.1053589949985865
11.847645112178247 4.273510981306414
11.762025421016013 5.269838873360673
11.858754673047718 6.265149604640802
12.4957018442623 5.494242151646773
12.762104489575965 6.458103983326958
12.864118012801272 7.452886995384945
13.858221138135386 7.561325808551386
14.80818096640567 7.873697901851493
15.61008554144877 7.27624576776463
15.166213457281547 8.172335926675578
15.366928059483685 9.151985684733445
15.525217314264808 8.164592899758368
15.683135881798917 7.177140761157223
16.129520872178166 8.071981775172627
15.136175167124604 8.187152562491473
14.679835047452347 7.297347137031777
15.558493402491909 6.819896097532258
14.79769327324861 6.170909839323827
15.598762899078281 5.572338661790936
14.683821234051084 5.168752550041213
15.663162761354823 4.96653936328431
15.96156303316582 4.012098543860119
15.238951709518734 4.70335310980309
16.22944037245958 4.840947472280802
15.750627175068502 3.9630306641468356
16.738915182468403 3.810430485806402
16.18195103359531 2.979893950264424
15.676648603575341 3.842836274070548
14.734104103266784 4.1769169004739535
14.873340238720052 5.167176108249392
15.79836354023193 4.787265735055837
14.798901835794886 4.820072767286737
13.842312237932425 4.528634366829052
12.856746908120979 4.697929909220615
12.85180284248381 5.697917687253414
13.01490265324262 4.711308113140918
13.857230517820167 4.172342651764931
13.819620162385245 5.171635132054891
13.792407466462619 6.171264798071572
12.84351077226556 6.486851654169691
12.940678304402601 5.491583614544989
13.671201419008636 4.808695644943607
13.474897066706811 3.8281526314723155
14.330086628840782 4.346467991863177
13.822788386119989 5.2082385488749585
14.626196405263139 4.61280966581966
13.744724616639953 4.140572981664944
14.457518531070756 4.841946516630738
13.570976901757275 5.304595346191778
14.033379134277308 6.19126562051053
14.57119301874765 5.348202025239733
14.829456675761802 4.382127554266777
14.256757771850149 5.201893353418212
15.221936573698045 4.940302297639424
16.220434104670147 4.885505576545746
15.222785099896115 4.816974829625969
16.20787934113708 4.644959319064013
15.56355001583735 3.8802111771513985
14.704113563096932 3.368968589233524
13.924941443154736 3.9957786142848013
14.308615305177897 4.919247275150037
14.352915198889685 3.920228997330695
14.102372398373722 2.9521234735836095
15.09768524588477 2.8554159993148267
14.872937089481576 3.8298328845304748
15.849854143115913 3.6162139005463523
16.849335855383135 3.6484056206522846
16.668523831602435 2.6648879481845613
16.510963512508763 1.6773785832430943
15.518475695368698 1.7997220866609307
16.32315475137923 1.2060120422638394
17.31328254404828 1.0658444490608587
16.37063921289417 1.399646112074505
16.363459073862085 0.39967188960500555
15.542367812631214 -0.17112504515402005
14.70340166105247 0.37305856035532436
14.106691657598333 -0.42939839909967636
15.099187649004863 -0.5516755721205205
15.986762013886374 -0.0910111098432767
14.988611819357972 -0.1518074021883999
15.273094750755536 -1.1104885075323243
15.342441235564335 -2.108081142351098
14.351983285642522 -2.2458964152227123
15.237752189682563 -2.7100229589968245
14.897529973844946 -3.650368025369027
15.864638485108044 -3.396003862322276
14.940729379090984 -3.0133918345202804
14.743155660504245 -3.993679866541384
14.765455072259131 -2.993928529340285
14.32929141796373 -2.094061168741134
15.212130026247051 -1.624384693149296
14.862432969058155 -0.6875218599696328
15.801322752988613 -0.3433039440631297
16.0552918948256 0.6239083775057095
16.698473853863582 -0.14180499417331727
15.79756882560777 0.2922112843962703
16.791249070815127 0.40445909187885754
16.200952877855126 1.2116458141290005
16.556441506466406 2.146326419966134
16.356186191534256 1.1665826734479814
15.398696399782557 0.87811551987363
14.557421211163575 0.3375084009655487
13.813885170962212 1.0062042637624382
14.455635644931569 0.23929075549693257
14.055877975507032 -0.6773301070936282
15.039159417493906 -0.8594224074366579
15.859505898558547 -0.2875555951412939
16.164815312441625 -1.2398087977058063
16.42349389520809 -2.2057722498187387
17.221688321264686 -1.6033723343039843
16.734150500020938 -2.4764742028490585
17.71628536091465 -2.2882957901198386
17.174644450150744 -3.1289057613828777
18.17196130454376 -3.0556999423271742
17.1887374513059 -3.238102942368552
16.511507173080048 -2.5023318160975268
15.51553772210124 -2.592024919048474
16.514523373085016 -2.637054566265831
15.905136970154087 -3.4299279558577025
16.800318445940146 -2.98422612120869
17.655852415866455 -2.4664794396141803
18.652193849970416 -2.381017479142514
18.13172464799593 -1.5271370368111281
18.802885585441924 -0.7858253641345044
18.307852078364004 0.08304852019516873
19.30719813324941 0.11920737229217646
20.304820424370995 0.18812590577426852
19.812834161516843 1.0587288676132482
20.625348102367823 1.6416706279313842
21.61331956735717 1.796306924986124
20.615196438245125 1.7350678922408296
19.705333574515848 2.1499770018134643
18.866312771187616 1.6058776620027586
19.104412080797896 0.6346368480111371
18.669764019177233 -0.26596354202286654
17.734458464092157 0.08787755031520628
18.060680284223906 1.0331707979743272
17.749907832629475 1.9836551394181967
17.899750014842418 2.9723650667627455
17.27095047112995 2.1947976202817383
18.266452136103055 2.2895416704156566
18.794763029089783 1.4404906705625453
17.827233830122182 1.187731399426725
16.850176329186688 0.9747557203793651
16.497567253945686 1.9105264401914814
17.151953251747354 2.666687114837496
18.01727591951825 2.1654719109162075
17.11507626854715 2.596790574768838
16.364153156362278 1.936400932522241
17.360991888866618 2.015852435838032
17.369884005100268 3.015812900190942
16.55019612103831 2.443002484152589
17.28192688582477 3.124596269236507
17.939804558529048 2.3714714669910872
17.33063267662919 1.578433247040381
16.464778431893414 2.0787295860965878
15.697727826952704 1.437142982854211
15.343133752513543 2.372163326147679
16.25477459928512 2.7831511197591188
15.366998097114458 2.322876329885046
14.369598797685445 2.25080249622459
15.088891074369574 2.945510075499902
14.094364583425355 2.8410253454663725
13.120796222817763 3.0694211580896495
12.332017551926945 3.684098478598318
12.554027416137323 2.7090540589982215
11.556230812750053 2.6427069545487694
12.534129802921669 2.85178484678354
13.398388425747864 3.3548325909098473
13.004014976846115 2.435882329578289
12.530011352872958 3.3164052222166998
12.86257704226621 4.259485315442292
12.044642638219772 3.6841738253109035
13.033218530298193 3.834897763692817
14.025631837536471 3.9578442057575747
13.186790474200915 4.502220148610808
12.756694650097895 5.405003390640225
13.660767702660257 5.832381344716676
12.88581071197362 6.464395318127006
12.264613259774162 7.248049403410112
11.51867993689194 6.582028774740183
10.724390027391138 5.9744898544517735
11.26722933872091 5.134653273874921
10.754522027624803 5.9932167328857275
10.544738637673499 5.015468846515964
11.13246187162854 5.824530896218846
12.098172814550825 5.564911223004063
11.118385755757728 5.364867929136027
10.416823563852832 6.077476160136483
9.419642202681706 6.002447279477775
10.364889841130022 6.32880123151127
9.36693398035375 6.26489426833598
8.914652205578001 5.373019167099434
8.041975445387399 4.884720823642042
8.166476892410412 5.876940249822146
7.453321420260073 6.577946150326577
8.087046658467857 5.8043879285627025
8.909306023897662 5.235274990770057
9.014019537339617 4.240772562365459
8.200696697895607 4.822585211625279
8.818658058786523 5.60879368044627
9.41793800007714 6.409333218487156
8.59452464504469 6.976775239097371
9.348412312674949 6.3197719022755505
10.34032319152738 6.446708139868276
9.340387461865967 6.458045535799308
10.260713766770223 6.849197031388009
10.45493423814364 5.868239127857237
10.117942594783509 6.809746765800466
10.890714575384834 6.1750630130562305
11.818853151353178 5.802828162727227
12.376853794708913 4.972987646715514
13.360567630943143 5.152729373649839
12.36290435542267 5.221052054201462
12.103440810098784 6.18680495668116
11.516068440208882 6.996121766768482
11.228095837746304 6.038483118722712
10.398899603984981 6.597440725269074
9.402429401374167 6.513493507871682
9.868696989172793 5.628849773610002
9.689401166669363 6.612644979957755
9.55461000562111 7.603519009743208
10.244804636325776 6.879895231978514
11.2415362829567 6.960679045978638
11.710305478419349 7.8439997359804625
11.312070531326036 8.761283185582377
11.852442868985197 9.602709199378465
10.874234627640586 9.395083005064057
10.164584221657323 8.690529031767625
10.57795508417906 7.779966277193271
11.558997387353315 7.5861725740382155
10.559009992659782 7.5911935753364785
11.543306914777897 7.767714308138053
10.920569548673685 8.550145246213475
11.61821676789947 7.833703791866695
10.715090399205195 7.404328941451476
11.585658209750804 6.9122804811939265
12.5213308279847 7.265149793386595
13.070948997571701 6.429733808586308
13.955646039087956 5.963567374002706
13.448741553752305 6.82556960297117
12.82730012839804 6.0421089754641715
13.674139905050103 5.510260883731312
13.639741878658644 4.51085267094718
14.632639901472075 4.391884119248939
15.257758752232352 3.6113545410623393
15.283809923672921 2.611693930421621
16.05605411383817 3.2470197608079063
16.740904960935513 3.9757030371564523
15.918099628779258 3.40737972655303
15.45236890275939 2.522453237605497
16.129119646036006 1.7862410185581972
15.521853203800525 2.580739267854356
14.990633173542298 3.427973166758577
15.989873833578212 3.3890103212389215
16.590783529714916 4.188327240294745
17.573215011328514 4.001703597809373
18.01485121202794 4.898897816600253
17.228550080789585 4.281054364734581
17.642737749007882 3.370862859887448
18.628448924035105 3.2024185681276682
18.73806857410753 2.208444960672219
18.027671993778696 1.50464335605832
18.710501821679504 2.2352208167898664
17.71915324603999 2.3664762988753982
17.824013392437397 3.3609632770191618
18.160142975880948 2.419147529043973
18.917331486549703 1.7659511119447733
19.804697840327496 2.227016133588258
18.815965990229632 2.376713590487346
19.12401354223662 3.328084551628425
19.1502775705684 2.3284295107189186
18.212496749523066 2.675657291404076
19.05188125887061 3.219195372376684
18.855677033405392 2.2386323188663066
19.526975559755027 1.4974452382174255
18.68998575605161 0.9502267548887681
19.036544215093 0.012198378736502424
19.23226477453058 0.9928580865931271
20.10955951150118 0.5129060634869711
19.969708766698158 -0.47726653216392867
19.099862933985772 0.01605712154922262
19.675573397548334 0.8337107536848478
19.30116133243279 -0.09355167168130263
20.091825926044095 0.518697869281751
20.73702280477044 1.2827142223016212
21.71650402055612 1.4842496978958928
22.699168931590727 1.2988591031470085
23.20668215826268 0.43721513679372304
22.52302210235302 1.167015745147541
23.517796920673486 1.2691091378597148
24.339394960991715 0.699041896084458
23.484221220396883 0.18070043199245245
22.847568592079867 0.9518511506311854
23.369398552042288 0.09880162517230584
22.371874125079994 0.16912244437651092
22.11858920835255 -0.7982692813263562
22.79591431727081 -1.533953110718349
21.891699964521727 -1.1068741902802646
22.853043458428175 -1.3822261227662103
22.065904021467468 -1.999001208823667
22.548709744362643 -2.8747286972238344
22.51206455155548 -3.8740570365818883
22.883024842335256 -2.9454083071558563
21.935365912694824 -2.6261238680224244
21.259919048756917 -3.363532529482571
22.06686176017038 -2.7729028142660987
23.06655704643725 -2.797587518351799
23.700882615067403 -3.57065353945351
22.707470394687427 -3.6852491781127883
23.158035864209726 -2.7925057896331262
23.43988383844615 -1.833046713164086
24.069741364205107 -1.056336022337184
24.132752820395865 -0.05832321861735179
23.272686430947836 0.45185891135372946
24.214357095615085 0.7883947330802485
24.62697637581859 -0.12250884557357544
23.75162216091708 0.3609733138223618
23.761478661627017 1.360924737339402
23.005767035991468 2.0158292638768804
23.610807574839246 2.8120239299923915
24.402287157723283 3.4232195368791816
23.844630858063827 4.253291492465034
24.392237521618075 5.090027377933672
24.89654182948342 4.226501370758177
25.747398519756374 3.701103528530251
26.42389571409603 2.9646583194002214
27.130380480646544 2.2569300702593047
26.165434912937243 2.51938016334021
25.183545099328864 2.3299272828339976
24.94633919274149 3.301386678732798
25.90860153020147 3.029263188555892
24.923303205448608 3.200105839083236
25.095099786637164 2.2149733938293377
25.874993621294355 2.8408852140274425
26.326610537773213 3.733097162361541
25.342092735644457 3.9083817803163536
25.619255708294695 2.9475588587581285
25.451094377184713 3.9333183460162116
24.68722790809993 3.287944022535686
25.164449486716954 4.166727024705322
25.199505349516553 3.1673416703582733
25.743240167502528 4.006598751180211
26.001417881087242 4.9726961935783205
26.77266015894448 4.336154483361637
27.711792894839945 4.679708997768739
26.796652669994536 5.082844668318862
26.35313994953804 5.97911274584549
26.367081522881683 6.979015557389044
26.000247838199286 7.90930209807548
26.946316400488957 7.585335625354681
26.227317607943156 8.280346946354332
25.780038588533397 7.385952470300368
26.775239496090144 7.288099756499314
26.68022568242669 6.292623802388354
25.888197838640558 5.682138835605804
24.914516045504215 5.910050585445061
25.58700774754507 6.650155247426184
24.589769761010864 6.5758827881077675
25.589686375293482 6.58879652039508
26.37324032678924 5.96747276815686
26.11406991678643 5.001641158310207
25.114321033632717 5.024050322348576
24.310166091791626 5.618470064208274
23.54532191420179 4.974254739951758
24.453121506193813 4.554850518729425
23.45689854490601 4.468018431325295
22.457086981384233 4.487430732789568
22.32517699423731 3.4961690340990064
21.406010800841585 3.102299120398541
20.40617820440461 3.0840021506466933
20.87565915899152 2.2010595515610203
21.30777628442353 3.102877044132759
21.697592754926035 2.1819844774752966
22.14126163261844 1.2857936903282958
22.418046921578256 2.2467254796949665
23.41560036336601 2.176817463148914
22.709120067700322 1.4690847510067364
21.973445605963555 2.1464200345615785
22.28611721046191 1.196558745877581
23.002953345229187 0.49931706905962714
23.297660812173763 -0.4562704512267728
22.342982858168323 -0.15862972125859925
22.84363489008322 -1.024278346821816
22.447065853654543 -1.942283248413323
21.49287120958333 -2.241469780907372
21.857306725329746 -3.1726984074339857
22.113961042913747 -2.2061951424289
21.726251918440227 -1.284413370641252
20.733874594571457 -1.1611768213912037
21.732444015095858 -1.2146474899260282
22.274388683985816 -2.0550616591674524
23.2050097057749 -1.6890773510280939
22.26275821221825 -2.0239834914469728
22.306643392219815 -3.023020072847389
21.539134282904893 -3.66405811159284
20.61723277256594 -3.276633789647558
21.552089802905652 -3.6316582012369825
22.477006542541016 -3.251488469745522
21.559730636799628 -3.649740792709645
22.09827440393756 -4.492338330610679
22.472168740828934 -3.564867023862833
22.268932261033694 -4.543996705406825
21.30190580938456 -4.798672659927248
21.669339106148705 -5.728722536239821
21.660705478137494 -6.728685265778959
22.583405717362925 -6.343167083933623
23.027619733486336 -5.447246379920422
23.913296503212376 -4.982944043540721
23.95688386276402 -3.983894424108675
23.110695052813092 -3.451011230609544
24.100700447466675 -3.3099817352661765
24.466649322605388 -2.379346779558671
24.179230937257408 -3.337151912017231
25.14822236417752 -3.584246255447681
24.235961446339598 -3.1746366635366616
24.74562887822266 -2.31426516884514
23.906431128367895 -1.770438784197705
23.03702875274245 -1.2763340288503842
22.157045845178914 -1.7513393787108105
21.750110415563334 -0.8378824524556175
21.1561364979718 -0.033398154771090094
20.15629856278025 -0.0514010254282696
19.175979823241043 0.1460202725825023
19.72593621879124 -0.6891730960414558
18.969917920533483 -0.03462261464262173
17.98338294809981 -0.19817305996542758
18.074317753209566 0.7976837877891333
18.202963761117598 -0.1940067912975728
17.203401285287285 -0.1644288111099669
16.212672371419877 -0.30028247954444465
15.86751806972519 -1.238828433678632
15.998657581778597 -2.2301923569572604
16.991363879612525 -2.1096344611525497
17.972837108399688 -1.9180351365866777
18.972370057773695 -1.88747563535219
18.238194208442724 -1.2085162681886237
18.13295088060364 -2.2029627684818047
17.478552126112927 -2.9591124032241627
18.462614381814582 -3.136936689820141
18.497409445756425 -2.137542221391741
18.173072765555975 -3.0834839309471196
18.93956098224044 -3.72574230082942
18.272755183114786 -2.980510775562007
18.899366379887926 -2.2011787487091814
18.615971150875577 -1.2421755452875045
19.606488200323863 -1.379565409368751
19.063154886198298 -2.2190824787374037
19.470496061654988 -3.132358541479422
18.470651851532484 -3.1500094758599397
17.761209642996846 -2.4452458610584396
17.800936164402437 -1.4460352708938782
18.574441119827668 -0.8122450185764332
17.576800498674068 -0.8808977026044884
16.606327900691554 -1.1221090965415699
16.475497122750557 -2.113513810845145
15.515243420812569 -1.83438511666558
16.186748176403054 -2.5753853617528297
15.827524379324053 -1.642133914600378
16.426625042890617 -2.44280762774082
17.24742486737301 -3.0140235660073142
18.229960127662835 -2.827947070212704
18.044554355426868 -3.810609117725268
17.716081794050165 -2.8660956046283785
16.78659409633306 -2.4972424905130737
17.778750307770494 -2.6222466988667157
16.79013274611914 -2.7726970787084873
16.963759112324837 -1.787885479996223
16.343651037709964 -1.0033690838658202
15.884373547180191 -1.8916619334895657
14.973109244181014 -2.303483946110825
15.067652322940582 -3.299004717495663
14.103954227612242 -3.032010371000219
13.833352313854645 -3.9947017048506526
13.243493729934743 -4.802208268895805
12.97065280322628 -5.764267429609359
12.430099385940963 -4.922957734514167
11.880727991225324 -5.758536019696468
12.880723033803147 -5.76168480037796
12.46218766602319 -4.853484301634816
11.48417168604155 -4.6449543447927555
12.443649478523033 -4.363170090912484
13.019858086569474 -3.545867429707235
13.362013525347841 -2.6062240634696057
12.874963234458178 -3.479597989199184
13.29925071039898 -4.3851255358590215
13.83510360988968 -3.5408141773499646
14.666929636813936 -2.985777727257354
13.82920181769965 -2.439689729694672
13.85755774226941 -3.4392876196193125
13.803615476133936 -4.437831675695042
13.503649309588688 -5.391781516581945
12.969718523005854 -6.237309703657359
13.837383558233192 -5.7401604437323925
12.893788753464904 -5.409057975583489
13.038099050393626 -6.39859046024498
13.975174423292088 -6.747717579654524
14.644757160829643 -7.49045505520811
14.305335458422629 -6.549820743727222
14.988431519632947 -5.819492207273283
15.4268090238313 -4.920701261717632
14.703963806903499 -5.611711241648891
13.715693210350823 -5.4589983476634165
14.043550425781962 -6.403725634392099
14.639881284945012 -7.206464387916469
15.12498399687502 -6.33200720835983
15.950000575022894 -6.897115734026514
15.033418131544035 -7.296961484668338
14.465252151485807 -6.474047504288571
13.520517547513629 -6.146211374404243
14.381636803347556 -5.637808357859275
15.360123110897018 -5.84412012664191
15.663383443354151 -6.7970278717872565
14.684584818651464 -6.592202940980171
13.736116987065714 -6.275329508128778
13.365900789798523 -7.2042751294011005
13.381764419235326 -6.204400964687815
13.033295129099388 -7.141721162822985
12.071897285926608 -7.416883273482733
12.894491933643952 -7.985511487298033
11.89629670662415 -7.925459103874152
11.11434866394281 -7.30211549193382
10.425741420791148 -6.57698097704774
11.18875913979023 -7.223358545109503
12.128127505874103 -6.880448829876882
13.103643209102998 -7.100378620387026
13.363355330471475 -6.134692535774493
12.369464796324309 -6.024322222135999
13.367947906546707 -5.969263357267504
12.428495819194683 -5.626583075415854
11.45943615293691 -5.379756490072275
12.21622454284752 -6.033416442108886
11.21735264912173 -5.985930234378064
11.581349379027676 -6.917330460176715
10.626376371309787 -6.620637766417251
10.443565193417054 -7.6037858087981895
10.050663085268043 -6.684205505936029
10.49396103312496 -7.58057983032615
11.066023860353337 -6.760370026859089
12.064269472106613 -6.8195789671918385
12.26257167542249 -7.799719893875379
13.254190332079823 -7.928919118985701
14.153646077838768 -8.36593097399792
13.496048053717955 -7.612561981622734
13.332338845068358 -6.626053342530646
12.497752609860072 -6.075176027694704
11.735711671287989 -6.722704874882362
12.26315675693654 -7.572294000062994
13.259892433921454 -7.491559929030823
13.573088492327106 -8.441248419536612
14.135555915749611 -9.268067866325598
13.897918523734699 -8.296713929845001
13.920659078146773 -9.296455330000578
14.819863120389238 -8.858925799094594
13.81992724751498 -8.847601041295983
14.746957392460555 -9.222587854880391
14.73766504070597 -10.222544680047793
15.286138803556682 -11.058712445190878
14.7728950739966 -11.916955344414202
13.781621855725486 -11.785131952186454
13.017731949253827 -12.430478534102496
12.628875554471398 -11.5091801545116
12.521033417827347 -10.515012123661661
12.531088659055321 -9.515062678877651
13.245550215653436 -8.815387980075846
13.014393503938193 -9.788304510220645
12.359906610391393 -10.544377857307724
12.78539004545938 -9.639411644412046
13.47322547892204 -10.365278310180104
13.279961446146997 -11.346425095139178
14.167987805385081 -10.886632549203132
13.259520856098836 -11.304589247982493
14.224834605541435 -11.043496610903098
15.079528993187715 -11.562628100726197
16.001403233639877 -11.950117306757473
15.134201764844093 -11.452159866288476
14.178577627426932 -11.746748576163291
15.045051477504371 -12.245971038730813
15.021455098654524 -13.245692605420846
15.565713758788293 -12.406775141739587
14.99267491097734 -13.226303346806073
14.046154316615196 -13.548946748177201
13.825664174342235 -12.57355754526359
14.706102648903691 -13.047717953260605
14.907424835486966 -12.06819287589437
14.737267128015443 -13.053609718955233
15.727903473769553 -13.190136750970668
16.696124530884134 -12.940040800263905
15.70035563134786 -12.84814793483727
15.122139122994243 -12.032264567273405
15.557207019308372 -11.13186691867763
16.430131949628148 -11.619721472849482
16.407562841134677 -10.619976187618384
17.303008087146548 -10.174804522533169
16.45077297302998 -9.651645550263053
15.496083789254662 -9.354040841996506
15.94469559845216 -10.247767558979135
14.998972890707133 -10.57274226577247
14.89604246875788 -9.578053707359663
14.741509231957206 -8.590066116990277
14.317059245847886 -9.495517501268747
13.440257041641438 -9.014666282388404
13.216003482773601 -8.04013545099562
12.455642910835252 -7.390634257277253
12.015647029204896 -6.492634466548811
12.67797745173994 -5.7434226064020635
13.670899158166957 -5.624651882290176
13.57005331529959 -6.619553945800133
14.476198700894688 -6.196587587605166
14.234486866828174 -5.226239511257198
13.786860070427503 -4.332019040039908
13.047192836602617 -5.004991835333924
12.332389875158082 -5.704317743841625
12.511811572124026 -6.68809000135749
11.545949548405227 -6.42903295911037
11.033176138695584 -5.570508975581228
10.739244980293064 -4.614682383504949
10.516219015602616 -3.6398698789309183
9.845644736909636 -4.381712272405024
9.058592306465432 -4.998598381611474
9.669277796592578 -5.790471624086662
10.012698415848904 -4.851289917349567
9.411589139959476 -4.052123077171818
8.66532000900388 -4.7177674147747
7.666077242713778 -4.678858623776959
8.665128277758788 -4.7224135244827865
7.952401863671731 -4.020971396675648
8.098044419047 -3.031634120483266
7.5089619516420845 -2.2235611988999864
7.464707897640102 -3.2225815083553995
6.542018016204282 -2.8370385370850713
5.547986812760037 -2.9461346716599754
5.738672917735176 -1.9644836087209034
4.898426168162718 -1.4222794038009128
5.885703314295165 -1.2632704835336164
6.569958823052458 -0.5340281378519501
7.029426558488063 0.35416632289055927
7.28252629746595 1.321606513356784
8.068200811361038 0.7029664255709067
9.045904211831273 0.9129570460970182
8.86341947639188 -0.07025164046530807
8.027349075306905 0.4783705286361697
8.9620273133903 0.122875674589983
7.9677760155969555 0.015803937720481886
8.033399830872092 1.0136483719228955
7.0612832606568485 0.7791502399197778
6.198072191959102 0.27430704557355956
6.770306635113343 1.0943971272523683
7.770305753515781 1.0930692739672432
7.991464308190985 2.0683071391539753
7.746008372595651 3.037714888081649
8.723941230546348 2.828795465000926
9.17856127490349 3.719480939940711
8.18549074988549 3.8370008631047123
8.117065761786645 4.834657127057219
8.215341603902678 3.8394979142392978
9.200593719031701 3.6683889734039754
8.427452278573078 3.0341553310878613
7.652145298929307 2.402570746637249
7.796237202531278 1.4130064367935882
8.617525090771453 1.9835204196458873
9.193540994657356 1.1660819335990737
10.192414940279892 1.2135249600251694
10.550353824654607 0.27977994394605565
9.557768391080133 0.40132893429880645
10.499895919217897 0.736583644519299
9.720314430348047 0.11028283643146874
8.972891868753912 0.7746317766880647
9.930707442591261 1.0620153644494894
9.13319331314343 1.665315632418158
9.552832968195343 2.573006416720781
9.48682253420452 3.570825349495833
8.957677682009367 2.722293838357107
8.878363760263882 3.7191435270350697
9.055622499516502 4.703307811775464
8.668357529758294 5.625276272840253
9.516456118370124 6.155114723686001
10.45251039926609 6.506970352056977
9.79837590527937 5.750592097625548
9.396035182562725 4.83510209612698
9.612747140336545 3.858866506037253
10.540717112971327 3.4862115317135483
9.571378683594883 3.7319410768114194
9.53116164975585 2.732750108983352
8.732888649108851 3.3350458971456436
7.83792274474064 3.7811804396531588
6.853392415328626 3.956394681277154
6.472959906361061 3.031585995050298
7.36344096490298 3.4866063071002795
8.037784921310584 2.7481889261722974
8.133359007695562 3.7436112455984176
8.037531791402895 2.7482132625697204
7.690017908935972 3.6858881003961206
8.288185470448353 4.487259155747093
8.741131600376262 5.378797042425685
8.153355218800451 4.569773603172132
9.119776259520815 4.826737359474394
10.117025718351684 4.900855622146551
10.636901858422208 4.046613970747269
9.881039234999749 3.391883725140028
10.713411882484635 3.946100086969052
9.999337904404841 3.246029837758804
10.902511131650675 3.675306114282846
11.720851533399303 4.250039954304377
11.759350651822357 3.2507813201757307
11.800434406963781 2.2516256140600728
11.057297913647153 1.582485754015055
10.061940050106056 1.678728797851494
9.564250262555577 2.546083901236468
10.533730328071043 2.3009137509976396
10.606006186707672 1.3035290708173504
9.952886512063532 0.5462743642669499
10.256009350928332 1.4992258554555329
11.23459664577891 1.2933936267909474
11.125416485230716 2.287415604688152
10.61075541299848 3.1448093186426953
10.074174526320327 3.988658210359505
9.871969033184762 3.009315094518176
9.200627417790647 3.7504631468262293
10.118847662704512 4.146533319687455
10.545420168724451 5.050986688915449
9.568658038278476 4.83666044104403
9.580251556954941 3.8367276481400774
8.58081462658227 3.803174373974148
8.90926773992424 4.747694650271045
9.482798100713902 5.5668789550843645
8.48943781501623 5.681923914985429
8.274778875183738 6.658612985032796
9.051541311166414 7.288406695739929
8.860352215326667 8.269959918765547
8.771217075465252 7.273940377369955
9.68199500209318 7.686836936289176
9.681716405290585 6.6868369750972665
8.722500123457953 6.96951015151693
7.730098615476975 7.092551798763221
8.331732919189815 6.293780138902929
9.198701152155193 5.795416734318594
8.627582393931098 6.616284180380726
7.643637763910174 6.794758170230752
6.795278961802946 7.3241798763282535
7.174015630118968 6.398675399800517
6.87563022257986 5.444229933276777
6.834298942515335 4.445084435719876
5.851942766679379 4.258064800929951
5.039927744247231 3.674428267336896
5.78536413750025 3.0078515023548498
6.721871951747592 3.358498210386831
7.266837098730971 4.196956908578569
7.699069688634611 5.098719065815826
6.700959771109308 5.0372650786576925
5.712999148921165 5.191970634490757
4.72807027808776 5.364930512493817
4.791464181256445 6.362919096116415
5.379595711143701 7.171684391831109
4.483474498189806 7.615493778498448
4.55596431141484 8.612862931309282
4.728589390304137 9.597850536377724
5.372249947417047 8.832539431520948
5.7760150546478215 7.917676743363363
4.790006412140766 7.7509825416003935
4.223874373251937 6.926667969035054
5.222628994592044 6.976559915797838
5.415790072530763 5.995392856643511
6.241280330414805 5.430976490705617
7.219385176155998 5.639089226350498
6.836862860726719 4.7151429734771915
7.8253996076565215 4.866123435688184
6.845980508456656 5.0679605683534215
6.303382434820602 5.907953026942451
6.5056666871912565 6.887279878020703
5.941598844560772 6.061551430581599
5.91763664038545 5.061838565419277
6.0006210269474884 4.065287717952414
6.786963821459629 3.4474972927119145
6.091111315389618 2.729312574275157
5.947011679834668 3.7188757582270107
6.9158160500840085 3.4710490199888224
6.241151937744238 2.732924141989991
6.057915802716765 3.7159930708145135
6.717721408794676 2.964556738056933
5.717926418819288 2.944308824087529
6.33347001995802 2.1562059912686378
6.986793202382305 1.3991268545154156
7.9858220879882715 1.443186878629139
8.014444914956044 0.44359659567498144
7.74446096109514 1.4064614172660668
6.762917245423509 1.2152235177128423
6.710872906828903 0.21657874261999177
6.164559912759829 1.0541598506395577
5.177891259486378 1.2169018816197386
4.18365439462514 1.1096962075586305
5.17913069043527 1.2047064411134603
5.929204684641894 0.5433525243526075
5.224547611508656 -0.16619550734313304
6.144893432595986 -0.5573010808230938
5.597750834739275 0.2797383313975068
6.536242559502924 0.6250400582251479
7.100125691742325 1.4508946538870489
6.131245126673055 1.2033659674059622
5.890391477328097 2.173927412960656
6.860318885769617 1.9305330367850417
6.038897157491986 2.5008543009102624
6.552888054353332 1.6430586621106298
7.508608605118056 1.3487828920479674
8.47156544270298 1.079127317381985
7.608576922451493 1.5843508460444466
