0 0
-0.6944919144162175 0.719500507859791
-1.325434422664717 1.4953300969353123
-0.5694003036601083 0.8407978892473137
0.12861681916058698 0.1247168210370736
0.9266366593379123 -0.4779143552916624
1.471106807113523 0.3608658651363139
1.7297512049233665 -0.6051067408321904
1.903101028625345 0.37975357343704286
1.850200189499339 -0.6188461968512166
1.7618071771094395 -1.614931873568154
1.2116188270069836 -0.7798912880805158
2.1491138511771783 -0.4318926104161796
2.811852411711678 -1.180743463644417
3.381214261479373 -0.35865643417058535
3.6246006709877285 -1.3285858417393173
3.4733038515642125 -0.34009746424956244
2.7600195421987426 0.36077734198406497
2.1633213937490687 1.1632431167288395
1.777255516956236 0.2407719037491708
0.9578704086747524 0.8140153462119182
1.837565221362686 1.2895540265839163
2.2730333143518076 2.189758192308791
2.240016206594113 3.189212978977661
2.5041382578483082 4.153702243843412
2.021283951728985 3.278001542083943
3.0205545840464807 3.3161879714508267
3.951678669080982 3.6808905053996086
3.1707209881720577 4.305474447419698
3.5709319726725957 5.221897476312529
3.43827140420127 4.230735948824267
2.4535438687918596 4.404838450260945
1.6356310426764118 3.8294962834803052
2.4793888600273264 4.366220370567163
2.66548853064353 5.348751241632566
3.630606681970546 5.610565973798507
4.609405351280342 5.405741256155906
3.960791982295004 4.644623198576473
2.9676566716372736 4.527652028090864
2.80069895394008 5.513616084485084
2.8061302578469554 4.513630834124924
3.7684025109290458 4.78571925899507
2.809804264119512 5.070481267018766
2.14249331212929 5.815260491590655
2.9409417231642863 5.213197259931645
3.407622471069122 4.3287714125396874
4.078097462011393 5.070703543209981
3.222979681398815 4.55226976606943
4.160881521012456 4.8991705288955565
4.924905081966376 5.5443588721778045
4.222689923335751 6.256323668350597
5.195163385101779 6.489337329239391
5.550326240645964 5.554532886566112
6.4844614531943385 5.9114522117324615
6.086689273730308 6.828936431348492
6.576146397278877 7.700963795717043
7.474338744596284 8.14056646543192
7.598505976969602 7.14830515992578
8.22695216678823 7.926158222208399
8.048485394105985 8.910104161296713
7.079586998495687 9.157563044717357
7.9143989623416875 9.708098225264052
8.325426110909568 8.796475121596666
8.026810517029793 9.750848595186449
9.025714754146966 9.704047686334619
8.039111702313201 9.86718694620882
7.116629475732858 10.25322650589587
6.1455168389603365 10.491848061294206
5.789507203976928 11.426330345662926
5.391171763131893 10.509090531564786
6.2597377338262135 10.01351697037348
6.077047393372917 9.030346466592443
5.658274526304639 8.122255454739879
6.334879422498589 7.385909194855051
5.517843088563403 7.962495380112512
5.899495330023974 8.886801371972416
6.872333582566991 9.118287298950817
5.968568860489963 9.546316885695743
5.0537497027106575 9.142453160461645
4.164577807053051 8.684879843961811
4.857534776495411 9.40585878852348
4.741208373668472 10.39906982753047
4.948820913523559 11.377280966955349
5.9440825101597525 11.28004746315561
6.388189879733205 10.38407388972247
7.167907420553967 9.757942468584366
6.194045788179814 9.530800396326605
7.096667410741291 9.961235300213925
7.184568627095707 10.957364496735849
7.137728639429155 9.95846209131508
6.247149966863027 10.413291320774176
7.186903007343427 10.755145416709627
6.333993629833969 10.233086422192313
5.341177815803169 10.352739083718747
5.795668447851284 9.46198756652638
5.380875134810927 8.552071906996881
5.15998455218604 7.576773311433636
5.668447734624554 8.437857042614581
5.406977959253738 7.472645378487207
4.520384140351801 7.010096569943848
3.6442235874363433 6.528077187019387
2.644782353578182 6.494652344999169
2.771369389716743 5.502696840814806
2.5686934573474427 6.481942706998694
1.6553615255454042 6.889158598573123
0.9571637935321377 7.605063569230214
0.2504316250413601 8.312544764754394
1.0256365913536691 7.6808349736281745
0.13787600578507597 7.220529485163277
-0.8569659952922313 7.119092840441071
-0.6985461858713302 6.131720993575339
-1.6615899383419057 5.862375990229458
-1.4535513510054723 4.884255370786712
-1.9877460708521908 5.729616832699831
-1.4179920612461732 4.907801544123458
-0.7862099603219997 4.132655508236131
-0.20110745313064293 3.321696165187179
0.6160409452398928 2.745268810665841
1.4350098872080543 3.319106655436949
0.6518117528773244 2.697334444429683
1.1971954611931237 1.8591479432834839
0.23461933991527628 2.130159401981626
-0.02580550947790622 1.1646652809127622
0.4032992246036273 2.067920021940351
0.45270294071823763 3.0666989128036226
0.5694444532010576 2.0735365800184815
0.7030669793640923 3.0645688804516253
0.5188388556346546 4.047452392586777
0.7557476332383956 5.018984291751339
1.465971124100913 5.722960564808222
0.7024793038438008 6.3687780625585395
1.6863299335613786 6.547769510411015
2.6543315158769696 6.296825419756319
2.248920375680628 7.2109598778119715
1.552518562758564 6.493307792913681
1.2165229732065068 5.551444233898064
0.2542677311482322 5.279295654751724
0.8714021568200923 6.066153393260194
1.2127629744384127 5.126221059421767
0.2601758633863499 5.430487054658641
-0.5142432564949597 4.797814132239593
0.4610042803245925 4.5766982306689545
-0.25454581349474703 5.275259654765028
0.5652743764870066 4.702638614199558
-0.43324589636643596 4.648257875875345
-1.066960890272155 5.4218244900069745
-1.9110412960234042 4.885607865286325
-1.1002656690909218 5.4709649210841
-0.12373394747170885 5.255591299970892
0.4529727685854269 6.07254256146364
-0.15662225275530495 5.2798295554163115
-1.1350626570182298 5.07330019840912
-2.124780813946009 4.930268838744605
-1.2918291546560654 5.4836146016145575
-1.432477031365665 4.493554919182695
-2.2051247553230837 5.128389932917303
-1.5407328391710564 4.3810055727974
-2.456950292804525 4.781686964500836
-1.4572012188528964 4.759286314223196
-2.373058895717147 5.160789384857553
-3.2182574122278256 5.695241878245084
-3.5004580019837923 4.735886455504698
-3.0689411409456575 3.833781584306346
-4.029249278877557 3.554840228064988
-4.4682781906254165 2.656367293219708
-3.567893472570228 3.091461949004721
-2.845410800864933 2.4000729202476987
-3.0770224295845714 1.4272645868942901
-4.036023788551898 1.7106660574247394
-4.672274941048772 2.482148053939499
-5.302030638460805 1.705354798576733
-6.240315552495608 1.3594915017458868
-6.545146295917823 2.3118980419715722
-7.426394638863419 1.8392445134164157
-7.089219498652263 2.780686452583982
-8.052277562234659 2.5113926238969366
-8.764604339245086 1.809544661191382
-8.753838936481266 0.8096026098187372
-8.580404507388613 1.7944480285547466
-9.109103271958194 0.9456384996599548
-8.126317129567553 0.7608916503636188
-8.537498075448516 1.6724453952105347
-7.739802195037543 1.0693854625542842
-8.663809876583912 1.4517593691474318
-9.47223581477954 2.040357281522695
-9.901159036692153 1.1370163327640872
-9.525675435026265 2.0638453703325124
-10.042559868864846 2.9199005566700347
-9.983204599525367 3.918137478448446
-10.019124883378916 2.9187828200774146
-10.823353828148742 3.5131024347582818
-11.034118816916083 2.5355656735518797
-11.740509942252062 3.24338738701267
-10.761125043031837 3.0413843692644456
-11.748513725219606 3.1996992147069996
-12.71303547378473 2.9356958121818146
-12.552117928167512 3.9226636655147034
-13.466018081356603 4.328602712664585
-14.43490786346578 4.081110106463041
-15.332378031327806 3.640034945296934
-14.632915969690758 2.9253652143509186
-13.637235530759954 2.8325187629886837
-12.86982413469887 2.19136375115802
-12.52038436887757 1.254404920652242
-13.507278329970266 1.0930348194600779
-13.979622378912785 1.9744490804228714
-13.043930349980263 2.327266918679586
-12.883445849124449 3.3143052791221073
-12.14116351326016 3.9843925375175
-12.88138552501257 4.656755068684441
-12.420258271887583 5.544089084951937
-13.420197517524628 5.533066152727735
-13.426941305687757 6.533043413129796
-12.666012997632379 5.884207447727154
-11.95503172928856 5.180996500667727
-10.98211192227424 5.412139419917313
-10.045878684023718 5.060760246381175
-10.180673526168647 4.069886717351802
-9.839166970791887 5.009766109952097
-10.461000441114221 5.792915607294005
-9.624577996322168 6.34100090526147
-8.67602435575178 6.024384432284047
-9.15017042699286 6.904830627759187
-8.65000983964615 6.038897958976565
-8.355802563044598 5.083156321087592
-9.260518274479082 4.6571404980439
-9.95512981018266 5.3765255232338305
-9.35092195623588 6.173352273054031
-10.173453331205465 5.604632537867495
-10.694680777061654 4.751214732987474
-11.54601963799853 5.275830920174549
-12.087385508868627 4.435043792622598
-13.086817929333314 4.401356451912847
-13.42653043289295 5.3418857789012435
-12.431204544511766 5.438458942452046
-13.382234294772127 5.129359582828451
-12.419199866384727 5.398737922233374
-11.82923582436377 4.5913084026328725
-12.655284134496956 4.02770908633972
-12.111771122455371 3.1883083442972295
-11.114994312836279 3.108083710888392
-11.956237287903685 2.567426465584363
-12.627270916400503 3.308853380004384
-11.663909202826195 3.577058914658637
-11.13681846400116 2.7272499049129895
-10.85751800873127 3.6874536622926577
-10.557367422801049 4.6413454935637635
-9.775391157904838 4.018037286382941
-10.611427061953039 3.4693625492733244
-10.48407757768622 2.47750464167921
-11.07818909607899 1.6731219568127105
-11.194062539747103 2.666385942393831
-10.297753177739652 3.109815223765502
-9.958262974396991 4.050424814315353
-10.94770019345353 3.9054627863712597
-10.363313970377002 4.716938443602177
-11.194933978860224 4.161593360351803
-10.588893998792889 4.957027545284777
-10.817092527573614 3.9834129236493414
-9.915843211474328 4.416713823983707
-9.719277232547192 5.3972044235961745
-8.811396780521978 4.977975268085144
-8.761604261948644 5.9767348513153244
-8.240182621258995 6.830034020786686
-8.003736380701946 5.858389448256978
-7.371243395649639 6.632955535727648
-6.377706799779514 6.746467793509803
-6.114758507115912 5.781657866433337
-5.4462966801191195 5.037911413770797
-5.268867843207033 6.022045046887777
-4.51406960266406 6.678002069926049
-3.5141853090293287 6.66279025403923
-4.063426066166331 5.827126092608591
-3.1174224209094903 6.151282078456099
-2.8005515407924193 7.099750762880541
-3.7567289034740687 7.392538828032053
-3.992279128169658 6.4206766507425685
-4.1178366541125 7.412762991581466
-4.166786987117143 6.413961777676149
-4.8777433845661085 7.117197869558803
-4.881498041092959 8.117190820811143
-5.219230853219487 7.175948796880471
-6.2147312821546095 7.270705833505655
-5.45243636773851 6.623475995306463
-6.117519389471966 5.876706570248169
-5.984693364260977 4.885567202133548
-4.991104187338277 4.998618285728854
-5.971270680830923 5.196794078989111
-6.459824618263824 6.069327774738913
-7.425658836786348 6.328488462982686
-8.4256580070185 6.329776692391326
-8.679072788135219 7.297134407361113
-8.770753909525066 8.29292282463694
-9.200110791832902 9.196057735718831
-10.157962087463853 9.483322240066494
-9.178007715444663 9.682544298986876
-8.193331430197556 9.856936424015386
-8.36831881786688 10.84150709905942
-7.779918008965793 11.650076507387825
-6.786002117365607 11.760218236194882
-6.796961358509547 10.760278290481367
-7.421583195187093 9.979350917964839
-6.429183867923935 10.10241015267573
-6.301897084108953 9.110544196678632
-7.248887600650839 9.43180571254963
-6.341942688892724 9.853054958289093
-6.534349049937698 10.83437029610331
-6.394963846151134 9.844132059634239
-6.439745245963292 8.845135249713975
-6.132440895658468 7.893523965478794
-5.574146152963756 7.063881283187529
-4.579228456243804 6.963189790232737
-3.5842453454977874 6.863146752842923
-4.36098494606248 7.492968626799839
-5.10121043677731 6.820609925736196
-5.227633843903625 7.812586297496418
-5.264401381371149 6.813262451994584
-6.201985230989928 6.465503160337222
-5.492971860181934 5.760308123474734
-4.49786258632258 5.859088349629103
-4.584994277933616 4.862891547628114
-4.044593460918212 4.021483824244804
-3.32772601335652 4.718693306844105
-4.024175560877364 4.0010875461662705
-3.175547458232935 3.4720976186609187
-3.3304892247212345 4.4600212234996155
-3.9877690719507726 3.7063746203586505
-3.41970453458982 2.883390609947217
-4.419695456492353 2.8791296109421274
-3.9058946627453044 2.0212200910363842
-4.098395647749125 1.0399233108661041
-4.896022268855376 0.43677177658750777
-5.2053335113495605 1.3877326355437023
-6.009969217752905 0.7939638421730925
-6.179578393431642 1.7794752462296763
-6.560296659713645 0.8547841617483636
-7.5148035178506625 0.5565951985565669
-6.571196703686243 0.22552695746045276
-7.381859720101455 -0.3599860430925577
-6.448292624632344 -0.0015833669622463131
-6.377843541479712 0.9959320097026718
-7.1479028255307115 1.6339043437790506
-7.873866012635765 0.9461707827481282
-7.272715684219217 0.14703482269835233
-7.56142858100884 -0.8103808985154495
-8.426301685777858 -1.3123714488719267
-7.469724804667551 -1.6038515863174763
-6.96719502188675 -2.4684114844264977
-7.223224688927887 -3.435080408926921
-6.775379505542275 -4.329191527143392
-6.456578425772428 -3.3813698817176396
-5.4640202640572255 -3.259598392392195
-4.466611744900999 -3.331544524425702
-5.15148125796267 -2.6028787916794247
-5.558666230141935 -1.6895330748605573
-6.0322009340341225 -2.5703082358464577
-5.8204084068699276 -1.5929935856762047
-6.419080626129265 -2.393987701688988
-6.589131495473044 -1.4085524162260485
-6.0652513289595795 -2.260344392669725
-5.984485912829687 -3.257077530253384
-5.130460950428492 -2.736845501639577
-4.152605626379303 -2.52756347845398
-3.985100331383576 -3.513434654697811
-4.903100043692736 -3.910015703413327
-5.389958648019487 -4.783496498504443
-4.834244357129337 -3.9521231606468605
-5.541324017028811 -4.659257062080276
-4.826612398202542 -5.358676322549084
-5.59492493574755 -4.718601448295181
-6.375945004112539 -4.094095521332796
-6.837749609859084 -3.2071138382573903
-6.815752621619246 -4.2068718752385275
-6.167932545285452 -3.4450784985943894
-7.1238528771555805 -3.73870465396428
-7.563586124751279 -2.840576227201748
-8.563287378585462 -2.8650180577870223
-7.636182497944026 -2.4902160563371516
-7.620316126432057 -3.490090177541938
-8.592252586903706 -3.2548466509448355
-8.948436502377065 -4.189262521078722
-8.48388816263137 -5.074810283788063
-9.168574145104223 -4.345972095021047
-8.274887482920983 -3.897280497333083
-7.633375092812774 -4.6643931705028425
-8.207697463152439 -3.8457639412864477
-7.809928089660856 -2.9282785051556535
-7.975037334715415 -1.9420032204620172
-7.884483640409334 -0.9461116458177085
-7.028842115383245 -1.4636805597325893
-7.1662053496907285 -2.4542013025040808
-7.960392951191599 -1.8465286491599513
-7.638979112112379 -2.793467477199206
-8.197971923832764 -3.622639978217504
-7.871820603715443 -2.677322403861812
-8.0291230231555 -1.6897719247275536
-7.305212609908093 -2.379665911940058
-7.110877764271124 -1.3987306603707936
-6.346316117728323 -2.043281270203537
-5.982737465752109 -2.9748447751924125
-5.79609924869719 -3.9572734880945553
-5.602578874080693 -2.9761772315487
-5.4112690603220095 -3.957706933167361
-5.850918873274713 -3.0595376607188696
-6.782468495526529 -2.6959234403114447
-5.892514470397998 -3.1519736931976006
-4.91397333830631 -2.945922115177154
-5.801878903077913 -2.4858963462819537
-4.932673870950555 -2.9803481762153425
-4.776314334538509 -3.9680483814259166
-5.15444622711577 -4.89380011478424
-4.958134383262651 -5.8743416284199395
-4.029696301812242 -6.245828813814918
-4.941066728024159 -6.6574159203018795
-5.940868236028052 -6.637492451900477
-5.068703777976016 -6.1482796575964045
-4.095078578096213 -6.376433049328837
-4.227036389874326 -7.367688382686863
-5.092444842787738 -6.866621311701336
-4.342119274898055 -6.20555282646624
-3.8377496884184397 -5.342064945697563
-3.0918104843135836 -4.676050903969152
-2.881778843113097 -5.653745493140346
-2.909040890306521 -6.653373814459237
-2.712630247400182 -7.633895542598455
-2.401545941003848 -8.584277862674913
-3.25400327445079 -8.061481062137142
-2.5485238910511305 -8.770211504264497
-1.5977331232634264 -9.08004519495947
-2.41422154477665 -9.657407003130778
-2.0989926320496877 -10.606422668218018
-1.7594999034674985 -11.547031347340116
-1.445304958355043 -10.597672860536642
-0.4516446650293998 -10.485248568375221
0.298889940337257 -11.146079716360179
-0.3215039921708941 -10.361789356539868
0.6030871693386207 -9.980828487081485
-0.08377058370332091 -10.707620360375467
-0.996337939024473 -11.116546786523445
-1.9883065193220644 -10.990062259001771
-2.3404247140601364 -11.926017801180139
-2.9897918188856427 -12.6864928916141
-2.630704826575322 -11.753188797573188
-3.542653180877945 -11.342883790188758
-3.9032479824532325 -10.410161222070627
-3.692727298212389 -11.3877506254025
-3.0555555603899167 -12.158472479588749
-3.060606036732748 -13.158459725851776
-4.038826316283595 -13.36602919536852
-4.662168306220178 -14.147978531055879
-5.3784028720861174 -14.84583814921617
-4.4102640381500215 -14.595424095647173
-4.169556923776222 -13.624826297849426
-5.0598471372501095 -13.16943269250058
-4.381385677990212 -13.904068689644017
-5.35213606735156 -14.144159675636395
-4.738739340979683 -14.933934615778373
-3.7393022202621693 -14.967482219744754
-2.940643891240285 -14.365697479589297
-1.9429939576093669 -14.29718025601577
-2.8000650868747723 -13.781982158795174
-2.0150201242991375 -13.162543375108989
-1.05051670433773 -12.898473019175672
-0.05086497358132669 -12.924862736789308
0.38510771304664443 -12.024902839619223
0.07948603902207241 -12.977055869529027
1.021765962129229 -12.642229725822817
0.1303781267859404 -12.188988369587525
-0.6598600198880757 -12.801788232137458
0.3361363515026411 -12.891181901804417
1.2197386099370175 -12.422943662347548
2.2192216996476626 -12.390794737288344
2.447022329414513 -13.36450253384634
3.1359544136301882 -12.639676635207055
2.1733465173621656 -12.910575210401632
2.725355062301709 -13.744413663768785
3.42567037238029 -14.458247304380897
4.369407958448233 -14.12755202373321
3.7951213462385334 -14.946206338469722
3.58179973211113 -13.969224307444545
4.515108356899 -13.610149091234103
4.577716745795943 -12.612110920801864
3.7462049322480153 -12.05660385160271
3.668080754240036 -13.053547487326703
2.8073651899265206 -13.56263364638867
2.6537252770233777 -12.574506743018908
3.6507866022777735 -12.49789921282802
3.1071271323416045 -11.658593320588055
2.2790235021893563 -12.219168362601762
1.3769911877916188 -12.650836874057324
1.2463842022821374 -11.65940265267089
1.5613481841990624 -10.710299028141389
0.5897875381624098 -10.473508168789001
-0.09482147142054353 -11.202418659863076
0.31190625970842406 -12.115968085307962
0.9347034586274416 -12.898351398664417
0.5835155753153554 -11.96204638927123
-0.4034744867115012 -12.122827661377846
0.5284256080252522 -11.760112603199074
1.1769041573991887 -12.521345531416104
2.1769041573412045 -12.521356300273768
1.5384801688096974 -11.751671422633883
0.651543986384355 -11.289779434930308
1.634366135940443 -11.474334636271127
2.634058328644463 -11.449524963830157
1.7101651837485354 -11.066874396322003
1.7313406998078917 -12.06665016994308
1.1812667075004502 -12.90176609182875
1.5674046213628303 -13.824207153077657
2.53476520697788 -14.077610975855666
1.633619215696944 -13.64409522943081
0.8798708341502636 -14.301258357821137
-0.08921064670002676 -14.054517434030599
-0.8544861962465052 -14.698220263965604
-1.3389286184038052 -13.823397116344116
-1.0247143489775434 -12.874045025237281
-1.530735362711415 -12.011523875548914
-0.6649190588223499 -11.511161878670775
0.11685489058537624 -10.887599939463893
0.6180071675449881 -10.02224082597505
-0.3296618122056345 -9.702986217835381
0.5483771953922668 -10.181575291192152
-0.44754052779929554 -10.271840947080394
-0.8138159592353591 -11.202347426545382
-1.7792532169738469 -11.46298299850437
-1.0959533086906497 -10.732845179089312
-1.9632258075157831 -10.235011459076686
-2.933401080050822 -10.477415956892967
-2.005986228894918 -10.85145030538983
-1.0417333271080866 -11.116433967896928
-0.4297106118195445 -11.907274151480717
-1.04887830963549 -12.692532938111787
-1.76739744709168 -13.388040126506855
-1.2941870784163156 -14.268989584181996
-0.35950817894802434 -13.913496469074623
-1.3560519431700229 -13.996565873732717
-0.3940404120037131 -14.269574690262608
-1.3839163558143621 -14.411509942631344
-1.5365230596920145 -15.39979694241005
-0.9833620412857933 -14.566722583354515
-0.9753919039117528 -15.56669082130522
-1.0198028747291026 -14.567677475212657
-0.08012086835732846 -14.225628170431728
-0.7280247850273379 -14.98735024229499
-1.4934263481544154 -15.63090322936181
-2.491132140048146 -15.698602216220586
-3.403562365064622 -16.10783452735496
-2.8850554283315177 -15.252761105618761
-3.8668561759448066 -15.442675012392296
-3.5561669447126647 -16.39318655971636
-2.8590515453437417 -15.676227620890216
-3.78786121253514 -15.305670469924534
-2.791393085842096 -15.221698614610654
-3.3907222889051294 -14.421195956054277
-2.766188108215925 -15.202193431818996
-3.7261370174220616 -15.482368540838246
-2.901090485767796 -14.917303747557629
-3.8458347715179957 -15.245111975859398
-2.959194864715804 -14.782651517370457
-2.6937414204574988 -13.818527838099275
-1.783097346963117 -13.405336149642743
-2.1682862504695968 -14.328173897361959
-2.6500873401698826 -13.451893285934537
-1.7978494791308242 -13.975047783393528
-2.3529105527482113 -14.806857379728358
-3.2011128276085086 -14.277184932906913
-2.2357989390427706 -14.538277055618599
-3.2243136948071682 -14.387152677584963
-4.22407610419668 -14.365355320596597
-3.7672227956692783 -13.475813272974582
-2.870816314418003 -13.032580354103807
-3.4240856202007848 -13.865582800245857
-2.462314102921036 -13.591729648813542
-1.881293616130261 -14.40561858099619
-2.8724741817854884 -14.273100332187271
-3.3481011790589057 -13.39345326690218
-4.112732246207049 -12.74898501232955
-3.2495107947238857 -13.253810453149741
-3.5494807900381837 -14.207759090085263
-2.6243224902247366 -13.828177583309325
-1.977754814097496 -13.065320951832991
-2.7756778877564643 -12.46256165615799
-2.0028894615443615 -13.097225384688793
-1.0301404964156973 -12.865364540989145
-2.0185647096423933 -13.01707998089948
-1.131281657808327 -13.478305290187711
-0.7417278124150757 -14.399308982655516
-1.3893512934517651 -13.637348467399036
-1.224785913449164 -14.623714644690512
-0.2820052798426065 -14.29030097236075
-1.2229035388171323 -13.951611636451416
-0.2689768913555355 -13.65157172033578
-0.9871325172470309 -12.955689189300264
-0.6100507213012792 -12.0295092288356
-1.5421505322661293 -11.667307707028623
-2.4540854129959997 -12.07764265960785
-2.6836416358420276 -11.104347257094993
-2.998705306648687 -10.155276720549983
-3.410407774711181 -9.243958401963523
-2.429146843175341 -9.051274764252858
-1.8650269066025955 -9.876967623106053
-1.6450237268507006 -8.901468468365744
-2.5401841682154105 -8.455724389082869
-2.5359547726810083 -9.455715445149579
-1.5417723288884164 -9.34800626051526
-2.3675205520358595 -8.783967368266827
-3.2255000856454954 -8.27028349670087
-4.169669898031914 -7.940824295314422
-4.920206413794625 -8.601653273573373
-4.713943179430328 -9.580149813245118
-3.804374587959597 -9.164595993132789
-3.452474024907089 -10.100633382195495
-2.5945131846861904 -10.61434847507038
-1.6742045294387498 -10.223155454840407
-1.0215521191362096 -9.465497991783199
-2.0035846398985804 -9.654209751260725
-2.934329240103446 -9.28853983290609
-3.9286911416140398 -9.18250017605906
-3.090520045442723 -8.637092792956325
-3.85879107955473 -9.277217482485224
-3.5005842552495663 -10.210859743215323
-2.537238299735755 -10.47912187247546
-3.12401867255573 -11.288868001872354
-3.9929219323088594 -10.793886057564901
-4.6302358380624264 -10.023281758632477
-4.249321422065843 -9.098671458189106
-3.2829783275553694 -9.35592818539351
-4.273841628612787 -9.490798191761115
-4.279818178326882 -8.490816051493843
-4.492628055363919 -9.467909678653227
-4.1368069823692455 -8.533355579623684
-3.1538485504130245 -8.717183545521607
-2.2599781020648315 -9.165508897882814
-1.5137557803972186 -8.499812085028045
-0.883163605011789 -7.723697719523404
-1.0721359275479374 -6.741715305569216
-0.25402638586796855 -6.166652893467546
0.48486732318414305 -5.492830894180484
0.17300509259102337 -6.442958227294043
1.0663488184581826 -5.993584232214464
0.07337173445951861 -5.8752773826515154
-0.8954364407773335 -6.123089245955597
-0.15628391053500867 -6.7966273198878495
-1.1365936373708214 -6.994093366263154
-0.16643274672247144 -6.751631315095554
-0.6130591270507436 -5.856910757382217
0.17892545358454726 -6.467451848575874
0.7656970200436498 -7.277204359405653
0.3256832271516044 -6.379213344937938
0.7621850074831009 -5.479509951720243
0.768263360041146 -6.479491478364701
0.7898961652515961 -7.4792574618522005
1.2150159161254215 -8.384394577109871
1.9911676227036814 -9.014940791415892
1.0811609913168079 -9.429534485087075
0.11805028224714198 -9.160429000053185
-0.5277335253668514 -8.39690868347767
-1.0821646668297449 -7.564679082119877
-0.7722349147337018 -6.613919623178928
0.21025003943855858 -6.800261553042101
0.9330934043077082 -7.491273470352248
0.22011228614052492 -6.79009023813896
0.9723632790396474 -7.448966890997661
0.3465881851275019 -8.228970437040399
1.1613943504062705 -7.649236952563516
0.324300147201504 -7.102178185189318
1.1701054815043315 -6.568686539083325
0.5748168670523149 -7.372198496370706
0.4294391296451808 -6.382822271941201
0.8812462624964028 -7.2749379117014055
1.8455486088167863 -7.5397415840343305
2.1800880521961505 -6.597359835047528
2.746051030535413 -5.7729291786856045
1.9755134922343278 -5.1355345583216545
2.663488006391023 -4.409799711514048
2.5057181244390243 -5.397275617219526
3.1710536769040347 -4.650731176060074
2.318257307171369 -5.172974751196031
1.4348667113403417 -5.641612196560038
2.41245525900204 -5.852136854214887
2.906685664083815 -4.982805900726686
3.4496295161944137 -4.143036900670537
2.6412454236580767 -4.731692282820571
3.238483834477254 -3.929628519368946
2.2413539893745336 -3.853918070912839
1.3678425694467076 -3.367114415158619
2.2450406649447916 -2.8869857852535334
3.0307058895824976 -3.5056376702381207
2.3838215204333535 -2.743049568475109
2.4821092674443377 -3.7382076055664566
3.4811798751292664 -3.781311211680876
2.7276713575060225 -4.4387493562003595
3.693422701563982 -4.179280010322576
4.650688479044329 -4.468489676939974
4.209408821718287 -5.36585931317145
4.3765698632810945 -4.379929708086159
4.924872485179467 -3.5436497102269673
5.895091203557051 -3.301419161968169
6.633315567179003 -2.6268639092609027
6.373163115486184 -1.661296354980926
7.161202674184328 -2.2769209596929487
6.266156263338057 -1.8309479532999524
7.061642442792708 -2.4369196839084375
7.137539062694882 -3.4340353758356206
7.087617445598188 -2.435282237093894
6.857471911070343 -1.462126014826938
7.447105458419304 -2.2697969130526205
7.240941018127058 -1.2912795531866932
6.596212979567147 -0.5268675201216126
5.947582846084696 0.23423625068663823
5.127977144699724 -0.3386917502499951
5.8115000509705155 -1.0686208129698809
6.8101403587967955 -1.1207508003536566
7.782408638890076 -1.3546191212619259
8.025335582743924 -0.3845745346836442
8.560778420240592 -1.2291460045862905
9.33689581225812 -0.5985575541624751
10.13596412630018 -1.1997977969057385
9.438111446255727 -1.9160391228251332
8.557194323265986 -2.3893096822554423
8.057163752846193 -3.2553174354803525
7.142257889346396 -3.658984700605592
8.06406341297574 -3.2713320511803197
9.060373904891682 -3.1855101210096755
10.019908983540182 -2.903921000404817
9.100023129901416 -2.511734799378723
10.075238379189223 -2.732993059239277
9.501484574360212 -1.9139652383172803
9.657518885534351 -2.9017168739709054
10.657217495753551 -2.877167154506105
11.140673716084425 -3.7525356957636626
11.087390328035847 -2.7539562644923867
11.47129273243262 -1.8305825893757652
11.812483682679273 -0.8905885811662528
10.81430321325891 -0.8302913965906656
11.0620660830646 -1.799112102575859
11.288649211766822 -0.8251202721237179
10.786687064096775 0.03976931753872759
10.821494635729472 -0.9596247153417148
11.095498967046305 -1.9213531730778968
12.040980634082185 -1.5956778481006217
11.250863609227116 -0.9827218243646816
12.040856942737001 -1.5958372564082244
13.014456828681462 -1.8240986462421878
13.516234809723802 -0.9591021966881602
14.455074113371111 -1.303457771533457
13.455284379642066 -1.323963583636497
12.550958646639302 -1.750806609383683
11.860700492467513 -2.4743697929408324
12.331103742373514 -1.5919182177947095
11.556239580545984 -2.2240459981645633
10.595020619596148 -1.9482596513115706
10.753036419196274 -0.9608230674861925
9.767422726290818 -1.129836819462969
10.486345951610076 -0.43474733162952794
10.584138432918857 0.5604594964215418
10.328561186124208 1.5272481346051245
9.359651793598536 1.2798323124038533
9.819933853312167 2.167605045430599
9.117927009825593 2.8797752439772792
9.554498953575617 1.9801058947548416
8.575748384356196 1.775051455025635
9.06291495213899 2.6483605270240504
10.062706212801714 2.668791755632215
9.596813003444263 3.5536327116659043
8.9825093778642 2.7645629710224098
8.627785174754145 1.829591987660928
8.39928345249742 2.80313549615231
9.299972112575663 2.368670379478418
8.446112043688531 1.8481677543552952
8.974581404894145 2.697120128912861
8.236460105339892 2.022452101551002
8.060826993460847 1.037996409296809
7.835019929113759 2.0121684524652377
8.361653730478093 1.1620761990829642
8.937010107786202 0.3441733692242529
9.936434918041098 0.3780857363926863
10.909711300930356 0.1484488871937819
11.6559772725934 -0.5171989923475044
12.65597093860117 -0.513639786770226
11.678225713489379 -0.3038439937449781
12.168280928400497 -1.1755353877247612
13.07387685557945 -0.7513938822376236
13.848270259545927 -0.1186894837281679
14.387392667877828 0.7235379373609406
15.379887269663667 0.8458263890886847
15.999885512254245 0.06122319053250003
15.25675630095369 -0.6079247567196858
14.365947144925858 -1.0623024053083725
15.347843854578857 -0.8728852688802918
15.223248093582525 -1.8650928562035016
14.429200258233703 -2.472948131065742
14.92939316424562 -3.3388621318622143
15.806299262397232 -2.858200405671625
16.79979154862296 -2.7443009885968443
15.802156431100256 -2.813033603020144
15.172221582059324 -3.589681583744859
15.244200042971709 -4.5870877703933495
16.197640130200725 -4.8886702633612416
16.192786108729027 -3.8886820441928593
15.615739339660635 -3.071970940859661
16.607978949874706 -3.1963114247023428
16.27767333631341 -2.2524373856219713
16.752387829663594 -1.3722975388911927
17.26955365566176 -2.2281827580763567
18.19186923246563 -1.8417452123009224
17.488595979711068 -2.55266485048798
18.371664751227645 -3.0219084383740618
18.756356643368537 -3.9449534795941856
19.739833062033743 -3.7639172016566884
20.155023638709064 -2.854182743124962
20.333338652266836 -3.8381561959883466
20.091984057717283 -4.808593190176955
20.82041796216211 -5.493709272936122
19.824536680939296 -5.403042444878652
19.68837045126181 -6.393728448562674
20.14756715978177 -7.2820630605667525
19.428384900563927 -6.587241588513449
20.426115998256755 -6.519916580554586
21.273201583617798 -5.988460080854434
20.31010853654567 -6.257628769006159
20.187007939050186 -7.250022966337166
19.98745781696689 -8.229910586820527
19.374584967056848 -9.020092129153136
18.79140221952854 -9.832433118507565
18.73397980780686 -10.83078309052743
19.277359735676786 -11.670269989762954
20.125677406482662 -11.140782379522172
19.345832489111707 -11.766755146382431
18.710848405705036 -12.539280365271878
19.704137559062264 -12.423622863038426
19.818844851514733 -13.417022197172603
19.991075623346983 -14.40207882561285
20.897377428505003 -13.979447735929051
21.394580604578017 -14.847081876395473
20.47248644184414 -15.234047449866953
19.573592585945995 -14.795881002237099
19.456037572576427 -15.788947374053041
18.67165649001395 -15.168668148769688
17.944668449441163 -15.855318269911553
17.336113386938493 -16.648829918157734
17.33315540795171 -17.64882554332832
16.365006492049815 -17.39845047141024
16.426303139449743 -18.3965700639529
15.529378228669927 -18.838752949671715
15.985279303234174 -19.72878340432547
15.094758739819039 -19.27384041214426
14.456989446805622 -18.503612959446574
13.69110727239306 -17.86063201500336
14.57617422244706 -17.395168274286522
14.72700070573313 -16.406608022233286
15.47186582628868 -15.739392950326359
15.94362935958091 -14.85766784086444
15.858243974670717 -15.854015840332366
14.89883597027537 -15.571994066169207
15.411820367858619 -14.713596135232656
16.319651784402545 -14.294260805054227
17.24347646820198 -14.677076627092552
17.432830048030034 -13.69516765890543
18.323777102759152 -14.149274855137238
19.184729605268785 -13.640589502072693
18.187116482545928 -13.70964062350564
18.883438172706573 -12.991910797030648
19.867776519467213 -12.815621208295152
20.75057846441414 -13.285366592517207
20.494235490524726 -14.251952480960407
19.513568864283002 -14.056266589349205
18.727739302509114 -14.674709715143536
18.78248128446593 -15.673210248649372
18.602887175494747 -16.656951045822513
19.459055294054174 -17.173648397047007
19.287408298370366 -18.158806916714134
19.12287078098513 -19.14517774220154
18.699810333387944 -20.05127920323053
18.816020970850296 -19.058054612445247
18.11913286258502 -18.340874743403702
17.125554547453817 -18.227728237929426
17.729347178835077 -17.430586808639934
18.34257344663241 -16.64067950744355
17.3452964052514 -16.71442571232444
17.465359486439404 -17.70719197712983
17.78630277312807 -16.760093562639828
18.78015024193194 -16.64933613059961
19.27708955423845 -17.51712142655958
18.848256411026043 -18.420505140870706
19.740304869138036 -18.872444902763828
19.874017953943707 -19.863464988812417
20.48847185438814 -20.652417715044237
19.532359505993973 -20.359417412573077
18.928744074609853 -21.156693030533994
18.91462807483109 -20.156792666222508
19.474186878790597 -19.32800201418099
20.328707758950774 -18.808584970399906
19.57453326870024 -19.465259043479808
20.523050587437297 -19.781984312531492
20.209420555896187 -18.832439051200826
20.221036415997364 -19.832371584822024
19.277145343137864 -19.502114650638745
19.511026291544674 -20.474379893240954
18.757751627565998 -19.816673818608972
19.354068674751293 -20.619422832458387
18.44758962384485 -21.04167362318323
18.309544839830426 -22.032099611133066
19.23042021690262 -22.421956687383002
20.22962745753736 -22.382146007118777
21.22379985155584 -22.48994791327802
22.16433809367855 -22.15026009320682
21.65026163920414 -23.008004460110516
22.612782225460613 -22.736795830025674
21.87407219252651 -23.41081918810942
21.012768184607616 -23.918909146623513
21.84199526315312 -24.47782099316721
20.91636965873573 -24.099380455635966
21.48778217585395 -24.920043440837944
22.417992190291738 -25.28707113603226
22.718480256912898 -26.240856710371837
21.736602334037887 -26.05134221337846
21.40705664983697 -25.10720258280227
22.40692162301259 -25.09076982842218
23.215626537685218 -25.678984381952045
24.198529814552543 -25.863107026739357
23.245166455592575 -25.561282067876505
22.458921615829112 -24.94336698313967
21.841133654931042 -24.15702225252249
20.870489124374703 -24.39754084910301
21.75963755309438 -24.85515976447401
21.642834664725573 -23.86200464805528
22.154444202384834 -24.721222711748123
22.118142845487252 -23.72188182321839
23.10465415952007 -23.558188734527253
22.128555146135696 -23.77551502394032
22.94931421197858 -23.20424052263931
22.939062152496206 -24.204187968896548
23.63916548922627 -24.918229506833544
22.641023595731212 -24.85729708155682
21.95647603019659 -25.58626527737926
22.23490437007644 -24.62580827180756
21.339281077900527 -25.07062162425101
22.237014850065663 -24.630083232831883
23.236160281320483 -24.588750350006965
22.311847748053594 -24.207113951263675
23.30895461913378 -24.283126368964247
22.372631905290692 -24.634267046672655
22.60946433151312 -25.60581756099993
22.917561286721075 -26.55717252429785
23.0310191894288 -27.550715328767375
23.126431167558852 -28.54615319947017
24.100099347208428 -28.77412310085603
23.553606479836052 -27.936659342887292
23.746160448673447 -28.91794572773372
24.335992180564116 -28.110419549795907
24.768021673452587 -27.208560072230508
24.411732280180072 -26.27418441531221
24.850026650842047 -25.375352926852877
25.468195534346503 -24.58930761552098
26.30222379835197 -25.141029334179965
26.615570064532996 -24.191390393597594
27.46178233934192 -24.72423632439064
28.445043628969493 -24.542035236798057
27.806443299704824 -25.3115738124803
26.90145766590369 -24.88613168643546
27.430396042083295 -24.037471451592044
26.574743097519033 -24.555021486331206
26.98464277852133 -25.467152097326263
26.82055083718421 -24.480707048279832
26.918876782352935 -25.475861311952897
26.97088966736968 -26.474507725751213
27.66432051006426 -27.19503091510731
26.738270230360087 -26.817630756840494
25.91535318767917 -27.385792301531172
26.29603010303917 -28.310500410131933
26.63062738233378 -27.36813919452051
27.287382915882123 -28.122242747856276
27.29786144150472 -27.122297649112962
27.434160331621655 -26.131629888179514
28.399655655663402 -26.392050277653006
28.89492200868509 -25.523309096653396
28.53209893905674 -24.591451049445848
28.073662650296207 -25.480178324343758
27.540295304703697 -26.326062048419118
28.022072170319213 -25.449768118417495
27.024603841438438 -25.378656003557985
27.50932617595457 -24.503987918841712
27.25330572328222 -23.537316553892154
28.194583840193435 -23.87494876003381
28.23059548975117 -24.87430013022156
28.868575155840784 -25.64435333984813
28.263893874567874 -26.440820883492034
28.00704701498185 -25.474368768423318
27.75598405972925 -26.442339528570457
28.06661396153089 -27.39287046657653
29.029081368041226 -27.1214731721809
28.60751743438433 -28.02827185427066
28.326682681224177 -27.06851571783939
29.01187475222028 -27.796878145373974
28.067961254662396 -27.46668530909789
29.0666173283977 -27.51851239074044
28.627079056035583 -26.620288528260197
28.669670398352537 -27.619381105331833
29.30236878256943 -26.844982787533215
30.191562952586196 -27.302512817157716
