0 0
-0.022211966517851973 0.9997532838372725
-0.8418207030245112 1.5726769428372807
-1.6743388778613189 1.0186792094787491
-0.9798279439410367 0.29919706052355965
-1.9026156479417256 0.6845058371497055
-1.1399279886545588 0.03773885100163177
-0.35557184770767336 0.6580496151827071
-0.11292175172690894 -0.3120642600507759
0.49607011925148 -1.1052407228144168
1.1953801338838579 -1.820059233651163
0.5059925025137362 -1.095666595840774
-0.442682800967626 -0.7794148471269602
-0.5672779309724199 -1.771622513686279
-0.3232087331376833 -2.741380332251465
0.0516171689212776 -3.668475550201426
1.038451768186603 -3.506742827189524
0.04989555704666859 -3.657595793407154
-0.6243299787745112 -2.9190702848113825
-1.6243055614096698 -2.912082142463422
-0.8703539405671985 -2.255152196861145
0.12618058037121138 -2.3383324143293267
0.5699987229176724 -1.4422155378301675
0.23579376399777552 -2.38471595981063
-0.5199856482969768 -1.7298896622695197
-1.440046781858928 -2.1216644834470646
-2.074028345915169 -1.3483163235366642
-3.0697732613680038 -1.440468715528555
-3.4855833252052038 -2.349920193514986
-4.427670933031048 -2.0145533209992617
-3.436741323207642 -1.8801713714106643
-3.270747712679501 -0.8940445432268693
-4.0745170041759 -0.2991034318155158
-3.520824731061663 0.5336179301619404
-3.318994163795996 1.5130383823259836
-4.3075753422955145 1.3623491208754661
-3.415152035344976 1.8135482356922668
-3.046172033425784 2.7429855698809216
-2.970874244615871 1.7458244780806358
-2.1309701877082903 2.288559381316265
-1.7987467681477007 3.23176010199849
-1.0043372469203684 2.6243775927151223
-0.14880698156472116 2.1066247896705654
0.2596473773616506 3.019403534314659
0.8639572870808803 2.2226541803675492
-0.07516525270552687 2.566236565342577
0.6619471816630119 1.8904664423722828
1.6619327644420137 1.8850966905958735
1.9761920201515322 0.9357594901234073
2.28275753644706 1.8876090497800038
3.0870148682647276 2.4818902493964194
2.453248858258248 3.2554150677186673
2.899635728713781 4.150255143869102
3.3180827564884567 5.058496348036002
2.734675296642192 5.870675968437627
2.4952654837659862 4.899757361396553
2.937721440749287 4.002967126096239
3.7202274139898286 3.3803240486892285
4.687191102092342 3.6352382026532366
4.554734953423528 4.626427068954622
3.894086598332539 3.8757315575016964
3.9476017817736127 4.874298593379242
4.441207165977183 5.74398458538167
3.5921629190110926 6.272306330811276
3.156116759852658 5.372382030059719
2.3303221217064523 5.936352965134371
3.3302651149877947 5.925675409817305
3.3704771628023686 4.926484241316222
2.836000377924714 5.771667396867045
3.5001138811612886 5.0240356326817315
3.75450839806656 4.056935105451737
4.27027872926675 3.2002082146320046
3.4486367880075104 3.77021217984957
2.6596543103279964 3.1557964818773456
2.3415960000248583 4.103867634928166
1.362149847586673 4.305573446629353
0.6303527072916307 4.987095966767901
-0.31865984118997714 5.30233426206916
0.2000048674697773 4.447356531370347
-0.693324069560599 3.9979531376757977
0.26672111454184133 4.27779817422587
1.0905349955142252 4.844658553435089
1.3231892745184417 3.872099050648227
2.1130004155064745 3.2587489372780722
1.722426855984058 2.338177215682199
0.8425712622219954 2.8134183482934327
1.3447966284989334 3.6781551183385113
0.9704430857411631 4.6054411718434185
1.9013278472199004 4.240128208965458
1.0745888354506103 3.677542565335319
1.433637992978749 4.610861215357022
2.2579069038448294 5.1770597340584095
1.3677416664142075 5.632697583748363
1.379978063271057 4.6327724512549535
0.46138895476716646 5.027986380333911
0.7121174789476812 4.05992894032208
1.5684324944803665 4.576382804837834
1.7339975009179909 5.562581683686979
1.506885884713282 6.53645041908456
1.0696087597277097 5.637123606427252
1.4829729487019947 6.547689390582154
0.604677611567635 7.025807891341162
-0.028129672491870816 6.251498559587223
0.23726698328712825 5.287359246468354
1.0326891585633708 5.893414989019161
0.8580872981918805 4.908775872207923
1.4948228015470204 5.679858162736681
1.5750514775394318 4.683081678489333
2.4940211076399192 4.288753364830558
2.262049205271368 3.316030877935392
3.1153407647517177 3.8374649720638767
3.123915871669469 4.837428205158648
3.262263115246289 3.8470444208635417
3.942736202524444 3.114271347197392
3.2061674089652294 3.7906339809632765
3.713158271285721 4.652585409712904
4.204261005833642 3.7814837485277386
3.2118664894827935 3.904581774168957
2.4056696232201693 4.496229146197536
3.0748107086454515 5.239364536147359
3.930729357814595 5.756475033047652
3.11712041445746 5.175062539813042
3.1692856649217336 6.173701006248217
4.082088712387952 6.582101050979342
3.6338365543686986 5.6881938953803495
4.006292566445174 6.616243742677405
4.059470154115838 5.617658671604575
3.1015469413330847 5.330634076121943
2.1925430665267465 4.9138464136521165
1.2963691567488973 4.470143446078669
2.2508566146781654 4.7683945024988
2.3568337375590622 3.77402593429791
3.2900586042478706 4.133318778915856
3.5979638929465714 5.084735792213059
3.41957184012812 6.068695280958007
2.989573530501025 5.165865588425778
1.9918890539106262 5.23387797825691
1.704284274463845 6.191627157760275
2.141685451525124 7.090893642349469
1.3201666998529777 6.520712144358664
1.5174797309912504 5.540371607737319
1.4445309029854516 6.53770729269629
0.5047356377517023 6.195969294451689
0.07238007043362366 7.097672495848391
0.9001609505760282 7.658724021530896
1.4295609362255732 8.507096377984276
1.9975861363873588 9.330107539501034
2.9962818713685753 9.381164653895873
2.3272475416884766 8.63793315179878
2.3742410017314834 7.639037954736953
2.0619824357756165 8.589035106304886
1.6031502914340492 7.700512139061541
0.6192239454159489 7.879086901028258
-0.379943046630985 7.91989525806309
-0.5452503547793915 6.9336531509348625
-1.4994931608178574 7.23268603729326
-2.310300223311581 6.647372525224473
-2.9687133444120137 7.400029261036215
-2.999197103369546 8.399564523265527
-3.027411248693984 9.399166425026229
-2.826091161441169 8.419640916186097
-2.135721276878695 7.696184336639545
-3.106348030101395 7.455594008637027
-3.362773188277111 6.489029919580042
-2.495485829169292 6.98683775070746
-2.884265553670764 7.908168487097254
-2.871922209178818 6.908244669075724
-3.853607437744218 7.098754805332298
-2.9598327317856032 6.650238612772217
-3.959696578878892 6.633737483240921
-3.8044613976536223 5.64585994097672
-2.898956142156612 6.070194988159125
-2.2456165084317035 6.827259927912778
-3.0760451287274644 6.2701348911448385
-3.8490670570530625 5.635755589521769
-3.0876655357976546 4.987474999476108
-2.3611154102689826 4.30036153352287
-2.4718136333463767 3.3065074680748747
-3.3180888434568816 3.8392534382636887
-2.5358567610779708 4.462240572398217
-3.535613334648861 4.440177172800857
-3.898076372953858 3.508179025880645
-4.89408215841636 3.4188903069670857
-5.588837465737709 4.138136483841748
-4.666913423907697 3.7507657814185866
-3.8813287738800795 3.132011583339102
-4.881217999224378 3.117127462929158
-4.441420665863592 4.01522450978364
-5.39818118499509 4.306101303342747
-4.453585820110233 4.6343384076409135
-3.8153877389546293 5.404210610807975
-4.395965634744176 4.5900059025677304
-3.493704850432579 5.021196669042875
-3.9808815399908584 4.147893243450695
-3.0965940210670904 3.6809504376643263
-4.0540398788588154 3.969563378118264
-3.178285936776289 3.4868056408142265
-2.5622128687575447 2.699116631837986
-1.578111422690396 2.521509357638569
-2.406409344746184 1.9612214385129967
-3.3102772960495086 2.389032993530777
-3.486252000155224 1.4046383046407436
-3.4078862958230727 0.4077136252468959
-3.5107703663930536 1.4024069790112361
-4.357450846383812 1.9345086279493116
-4.071013979321393 2.8926077466147375
-4.601818629315981 2.045113543953668
-4.07000966330947 1.1982491960944106
-3.5039119355179533 0.3739110600183938
-2.564628843688318 0.7170542858045958
-1.77408895439727 0.10464373442611263
-0.8838383655129444 0.5601147971634851
-1.8791577189835094 0.46347430561394537
-0.8808659536544111 0.4050487009862428
-0.3953105446452268 1.279254594801838
-1.370975071409263 1.4985232227774548
-1.114997545994898 2.465205955882137
-0.15867495138177223 2.1728926051223416
0.7320674813131873 2.627401041344009
0.8920680292163147 3.6145179668754777
1.5147074070131012 4.397026883896127
0.5945809608012932 4.005405481286887
-0.1252196355642844 3.311224596018675
0.13751063065322772 2.346355274704501
-0.8172585848107083 2.0490074225138724
0.1705942308954418 2.204399875681428
-0.691595377940045 2.7109855825624156
0.2853668065647087 2.4975730945311394
-0.555067098496164 1.9556590319491356
-1.5291677571616917 2.181773840812653
-2.5289977577037357 2.1633355649687434
-3.500594481988939 1.9266927849008468
-4.5005885843129425 1.9232583537674022
-4.874375529231688 0.9957437609936225
-5.65925676069218 0.37609752926049744
-6.632982967111022 0.14837560468323494
-7.600184631368374 0.40238533020138934
-7.962544316391197 -0.5296530052066347
-8.241170715771396 0.4307465624569631
-7.758018459543201 1.3062829108181284
-7.886160019798047 2.2980387983909996
-8.67901547386622 1.6886290602391136
-8.035441175172835 0.9232454165274675
-7.196630677636174 0.3788219148100096
-7.381637222677936 1.3615592033524309
-7.085552758275729 0.4063974422147385
-7.601485302468926 1.2630266559602978
-6.818286816902639 1.8847984245431721
-5.81906404921448 1.9242174622484984
-6.116825133453522 2.8788578849799
-6.918268296928038 2.280786939589672
-5.92142975893071 2.201332995928264
-5.661970967920622 1.2355788161456533
-5.259587257742209 0.32010770803625244
-5.157830476525355 -0.6747015990555064
-5.694560505936338 -1.5184556363960602
-6.6225131763003695 -1.8911536932252622
-6.48833677781472 -0.9001962299154488
-5.550816446740269 -1.2481267241553946
-6.4335139760712154 -1.7180682861745922
-7.411049928879926 -1.9288370242890647
-7.511285116469191 -0.9338732525018981
-7.001208333387278 -1.7940021238699084
-7.947230921419141 -2.1181028226249348
-7.091047015740766 -2.634774013671351
-6.341924713514734 -3.2972057281201455
-7.243727456557399 -3.729353634097631
-7.099596352095221 -2.7397950331413696
-6.607879446128173 -3.61055015623063
-6.157527115259354 -4.503401083362938
-6.160967470725287 -5.50339516532256
-5.161065202302621 -5.489414693112813
-6.020469329251846 -4.9781177670682295
-5.088738515576107 -5.341267448118821
-4.490609237529046 -6.142667077980791
-4.1605990162870325 -7.086644436753658
-3.5580063803506077 -6.28859549394677
-3.7715898736961613 -5.311670680375986
-3.436775944415987 -6.25395494362141
-3.515548721268807 -7.250847540457647
-2.515619414671651 -7.262737948698357
-3.3568584298763726 -7.803401355354836
-3.3699003344185545 -8.803316306101104
-3.5249366305126313 -9.791225080681748
-4.515393075280718 -9.65339899092599
-5.509450642856764 -9.762254640043503
-4.518837994510613 -9.625555770492122
-3.7376782264829065 -9.001224594901075
-3.659801271562655 -8.004261616705621
-4.216921376986546 -7.173829688048929
-3.277063536906939 -7.515395553499351
-3.251592476582159 -6.515719993587071
-2.754428687843904 -5.6480632831494555
-2.5243366782324657 -4.674894404119217
-2.1610102126960666 -3.7432325129586808
-2.3633336106026466 -4.7225512775392104
-3.194221554234559 -5.278991054269031
-2.632338341770783 -6.106207625398615
-1.6752140085360239 -5.81653020009606
-2.113502220023405 -6.715364691908203
-1.808755352424621 -7.667798073667121
-2.2264566510994257 -6.759213666423974
-1.9671129717612579 -7.724998764666508
-1.4994511229703693 -8.608906223162865
-2.4880948802176714 -8.759184369464773
-1.79142926208304 -8.041788372466538
-2.282991243565975 -8.912630963501549
-1.28319650100218 -8.932891090396382
-1.3911171064722962 -7.938731574566571
-2.3270459917217634 -7.586542531926556
-1.9988297499991226 -8.531145146082087
-1.0130414951383462 -8.699137754784212
-1.716397851917568 -7.9883003363978
-0.8279514758522172 -7.529319904509528
-0.9756517003144909 -6.540287729252427
-1.7080776142576308 -7.221134467207861
-1.2712644216508293 -6.32158222594299
-1.771616617005843 -5.45576025775125
-2.295701835418928 -4.604094429012707
-1.3149931262948837 -4.799569306805867
-0.8638358821071095 -5.692013781838848
0.12149909631248279 -5.8626449053270955
-0.8429427075527289 -6.126940207890755
-0.7205367476222054 -5.134460091730492
-1.7154919000695514 -5.2347808005521435
-1.0931194018042172 -6.017501998299442
-0.3242828029062099 -5.3780567041616685
-0.06544907800450434 -6.3439785968908415
0.8094968048259261 -6.828199313215617
1.8016372443061766 -6.953328639705994
0.9169753694804724 -6.487095471398686
1.611190198289751 -5.767327611973647
2.0260365071176496 -4.857436112919024
1.2029018993671987 -5.425282410365359
0.20344718548566298 -5.392263099349265
-0.049940732638595886 -6.359627851109765
-0.13441971780377232 -7.356053112263586
-1.0903461450760203 -7.649659422894873
-0.9812282282579675 -6.655630610319861
-1.7644823102778489 -7.277332341859346
-1.4845400999747795 -6.317315488418411
-1.0378830876911862 -5.422610222211771
-2.0151930964732867 -5.21079627853872
-1.249636220658834 -4.567428055906288
-1.169697185651173 -5.564227810461857
-1.2749017923661996 -4.56977721303334
-2.2712276436688525 -4.484133777639588
-2.7083807758100984 -5.3835208684181355
-2.6419815671387368 -4.385727730995445
-2.5654606422209625 -5.382795706636889
-1.9109727636824743 -4.6267232121985655
-2.723042915382523 -5.210283036653488
-3.600012903416835 -5.690828185507473
-4.487663981045603 -6.151344813203463
-5.479533449914089 -6.024085405981255
-6.449607595043737 -6.266894287513588
-7.444489969787929 -6.367934182720171
-7.994537341469524 -7.203067638466119
-8.084896114197647 -6.207158359369339
-8.71217402454682 -5.42836286426939
-7.808312317735377 -5.000538116317729
-8.319969720208963 -4.141348554873933
-8.371368566513722 -3.1426703491447103
-7.865755604476895 -4.005430763524245
-7.245531510887428 -3.221006086623318
-7.908370962367433 -2.4722445347513715
-8.703628218826465 -3.078516665109723
-9.594115171787337 -2.6235078887037493
-8.71193060638109 -2.152604084770301
-8.656705628781763 -1.1541301482806432
-8.367598175195578 -0.19683349609757395
-8.356335915892517 -1.1967700748441414
-7.481631022055843 -0.7121141673198728
-8.263404683084559 -0.08855186656576364
-7.692243130205215 -0.9093895365788154
-6.693647028547902 -0.8564194907527325
-6.515892407186145 0.12765535121028526
-5.971438072236465 -0.7111351334487275
-6.66551441056858 -1.4310365409813728
-7.351430359022542 -0.7033557650524619
-7.941540234834209 -1.5106787081610666
-8.363124711147176 -2.41746783984049
-8.301778259101843 -1.4193513071543262
-8.528341126876033 -2.393347850754936
-7.78260542065785 -3.059589741115539
-7.046614004715165 -3.736580609339536
-6.485206818307465 -2.909040899688217
-5.60283316136151 -3.379590290855417
-5.388372717726482 -2.4028576160073465
-6.324909699608036 -2.7534264132044015
-7.094129524629455 -2.1144421717758526
-7.691242396132874 -2.916599399933115
-8.016320735220823 -1.9709123092652658
-8.719664072834087 -2.681762609564165
-9.249643699308828 -1.8337522349096482
-9.201590892816386 -0.834907438262942
-10.164782733181127 -1.1037223907019444
-9.542838937100129 -0.32066050648310584
-9.255413014418547 -1.2784633771045306
-8.82635388627705 -0.3751869717011469
-8.114583135901128 -1.07759881592738
-8.60595034762901 -1.9485513193618478
-8.600522256651287 -2.9485365871674976
-8.819025268390213 -1.9727003130615293
-9.418246582838446 -1.172116890605798
-10.33522426906242 -1.5710553858244558
-10.661903343417684 -2.516190710726868
-11.653797675397879 -2.389125238683656
-12.638231703745916 -2.2133707399348204
-12.373364988407978 -3.1776557720213354
-12.57238929500221 -4.157650325773899
-12.654259667860135 -5.154293312027304
-11.675786432232854 -5.360667068016476
-11.495649553751518 -4.3770255149032495
-10.851088493057748 -5.141578350904347
-11.46854584254566 -5.928182712425031
-12.380691419551288 -5.518316336213138
-12.874018104838239 -6.38816044959426
-12.264941464788611 -5.595049078760468
-12.206337388587702 -4.59676777459183
-13.120421666136401 -4.191243504617426
-12.645070586466035 -5.071039703209019
-11.654849498202584 -5.2105466792293855
-11.634809659864693 -6.210345861505202
-12.629174440140265 -6.3163585199357675
-12.919132610787406 -5.359319200328175
-11.962614817940807 -5.0676452179988125
-11.548675334728935 -4.157340816033026
-11.644625023551862 -5.152727000995819
-12.571289242429097 -4.776836823613324
-11.573044042573255 -4.717620939217578
-10.932946570605228 -3.9493272282058696
-11.190225970963377 -4.915664286457984
-10.190399789732567 -4.934308516809851
-9.239804953020707 -5.244742819709439
-9.620298461837205 -4.319959228944275
-10.585819746877856 -4.059635107638837
-10.180667819094577 -4.973884480301182
-10.28797050862974 -3.979658081125159
-9.403515556221873 -3.513032495498742
-8.472068261154293 -3.149156230112706
-7.886141513794726 -2.3387922089909394
-8.787094803957554 -1.9048761238491525
-9.552456482560464 -1.2612757036145648
-8.58864226367628 -1.5278505551603705
-7.62415159544544 -1.791967481720616
-7.067574895288597 -2.6227637123587426
-7.880695562454745 -2.0406685477788624
-7.697024830668339 -1.0576807237011447
-8.173112363559031 -1.9370786205749395
-9.090300215403353 -2.3355336926084123
-9.878809973211965 -2.9505559376049684
-10.867175627017199 -3.1026524016603623
-10.403621762939567 -2.2165836599147255
-9.59912984151569 -2.81054725169769
-9.530371885955216 -3.808180623005579
-10.162817016016467 -3.033575460705581
-11.041803899786764 -3.5104214087430803
-10.120538691321642 -3.899356384891685
-9.19587615344558 -4.280143977978172
-10.025898914547705 -4.837873496698855
-10.1229551380833 -5.833152397044385
-10.437781504727743 -4.884003115389777
-9.439375249045856 -4.940438464376667
-10.013636191429958 -4.1217661428388475
-10.63534137457826 -3.338514800518557
-11.389643703360965 -2.681987575802789
-10.78349793709787 -3.4773411512906502
-11.649801582392215 -2.977823389694797
-12.130538248314005 -3.8546884066947915
-11.231540189022876 -4.292641017590973
-11.862918834401992 -3.517166320286649
-12.1162356726087 -2.5497829529079477
-11.725150922720045 -1.6294282830091487
-10.940294840231992 -1.0097501974021887
-11.319205526684536 -0.08431695200192635
-11.477279561856 -1.071744214844416
-10.591173263329258 -1.5352262832259642
-9.945736220661855 -0.7714128086441412
-10.184845076743079 -1.7424055763533186
-11.14961058806427 -2.0055167850943363
-11.654777466500972 -2.8685384678639627
-11.59785895603942 -3.8669172953472173
-11.809176592159819 -4.844334737725083
-12.036649305964742 -3.870550282892175
-11.977255119232119 -4.868784889877111
-12.423938722567868 -3.974092899016016
-13.144999254812461 -3.281220826524171
-13.545259594474503 -2.3648193531001995
-13.6135742475497 -1.3671555278688667
-12.621627029431068 -1.2405035777587017
-12.897040834165201 -2.201829347808516
-12.424822575782354 -1.3203476880731184
-11.490565729426336 -1.6769485083706999
-10.718913600870296 -1.0409037045282883
-11.697232123112098 -1.2480096412819641
-10.763260917749983 -1.6053579133561948
-11.631024595528958 -1.1083808519866514
-11.473420132623813 -2.0958831726281684
-11.93587799360593 -1.2092419110032395
-11.107551770699597 -0.6489958325290297
-11.06533769167204 -1.6481044209876892
-11.529729561101059 -2.5337342486291377
-10.534847003843192 -2.634772346711239
-10.0880754347464 -1.740124279007077
-9.090202872404296 -1.6749295758111744
-8.3392651446159 -1.0145565532065253
-7.562001751571308 -0.3853812057613102
-8.177973070829859 0.40238737310616457
-9.00918254293246 -0.15357199005531275
-8.034672042114314 -0.37791388047073293
-7.415263058117259 -1.1629823555375487
-7.375210880993676 -0.16378476591492497
-7.424657271870066 -1.162561544994865
-6.627835883709162 -1.7667764698099764
-6.96650534714939 -2.707681881917436
-6.871142135568434 -3.7031244256521134
-7.826174218632617 -3.9996269050988924
-7.497342494206588 -3.0552383743494955
-8.006586267600879 -3.9158606952656716
-8.401538870464835 -4.834562192756008
-7.52449146726064 -5.314966035926292
-7.422391242082387 -4.320191918843148
-8.42228094525157 -4.305339932570443
-9.211298816643904 -4.919710178125607
-9.309015107410376 -5.914924489979512
-8.721142835415803 -6.723878253689119
-8.421433058768866 -5.769847829760068
-9.328309249555758 -5.348450660116209
-9.192566631330568 -4.357706524833356
-8.304838203530819 -3.897339021119
-7.72265500150851 -3.0842813852265305
-6.7686404852205655 -3.3840417940731284
-6.43371703249931 -4.3262871341079165
-7.324633074300891 -3.8721190964163563
-6.3761595351699984 -3.555262747941975
-5.523797637684394 -4.078215131734936
-6.480575135749666 -3.7873941916429974
-7.4472218702996225 -3.5312807586022745
-6.890650829901295 -2.700480736340645
-6.47884787198261 -3.6117536503732204
-5.542300765749503 -3.9622953993937813
-6.516633038200453 -4.187410087631947
-5.530989947146818 -4.018567862290549
-6.246123020665044 -4.71755619349528
-7.036834675156604 -5.329744954786452
-6.87494967542081 -6.316554585293037
-7.42683138319501 -5.482632178456386
-7.566527870983234 -6.47282654892091
-7.548085537606372 -5.472996623213734
-8.091949859597149 -4.633823459161455
-8.349200850378034 -5.600168080785776
-7.9111758047872325 -4.701205312126709
-7.049493032726469 -4.193757974628839
-7.885030795610134 -4.7431909976583615
-8.520223584889075 -3.9708373736958418
-8.941033815133146 -3.063688681296447
-9.050810202108496 -2.0697323719635676
-8.275093798358466 -1.4386507124668575
-9.19029044160275 -1.0356431390958423
-10.18970743886839 -1.0015012941467305
-9.190953182259184 -1.0514005416860503
-8.192647872469319 -1.1095942565130228
-8.506554445618038 -2.059048132872495
-9.080259629670056 -1.2399862537743165
-8.798462236530527 -2.1994601873544664
-8.120641632136252 -1.4642328563482137
-7.655980272545017 -2.3497213209274115
-8.003855267084322 -1.4121803947944354
-7.355151732227535 -2.173221605153184
-6.967489251829904 -3.095022994440462
-7.224124209246279 -4.061531400317977
-8.121282877542171 -4.503239815340309
-9.119421306909217 -4.442250670234901
-8.56492506192149 -5.2744368959647625
-7.914723861225941 -6.0341989630713435
-7.006646396737124 -5.6153967203749104
-6.8292858321933805 -4.631250780920439
-7.7758450107220884 -4.953780967946486
-6.837348262256251 -4.608492895289681
-5.934307699684025 -4.178937610897511
-5.722471609857869 -5.1562428196461205
-4.728135646908145 -5.2625254277475655
-4.763748557549866 -6.2618910868511914
-5.763377928058806 -6.234667537929336
-5.147678464093602 -7.022648610083331
-4.152637369930471 -7.1221132818348565
-3.1745476561279053 -7.330297123075276
-3.0637216672296135 -8.324136949297145
-3.4983071271083985 -9.224767549522312
-3.2593589309439968 -10.195799865951471
-3.225599795751312 -9.196369868007123
-3.5089311757988164 -8.237347798876085
-4.425761175453182 -7.8380700111971615
-4.780997439161881 -6.90329346199073
-4.4955815119721025 -7.8616972122475826
-3.872651687282051 -8.64397493371971
-3.3983175416709765 -9.524319819720311
-2.4658232092187196 -9.885504426181356
-3.0614360433914642 -10.688776081207669
-2.0960887658551366 -10.949744726361068
-1.1040226759611227 -10.824027292079252
-0.2151763128676154 -11.282232642130346
0.3185147954895975 -12.127912132753389
-0.66952504303679 -12.282110957277931
-0.8746624255476979 -13.260844145790804
-1.8691441993786393 -13.365753637821147
-1.5256662937163474 -14.304914395264646
-2.069979331628051 -15.143796578148114
-1.1943667631284138 -15.626810687554318
-2.082011781406318 -15.166282380578059
-3.0610509413412172 -14.962610283043892
-3.8617942126483724 -15.561617973692615
-4.757416337600421 -15.116802271073679
-3.929761176655818 -15.678039239351575
-3.3024117621771785 -16.456777136306197
-2.5704112054940134 -15.775473103575187
-3.363603867566164 -16.38444387531624
-2.5488392533205513 -16.964235754677443
-3.536498226131613 -17.120855528096378
-4.484652804969145 -16.803046002390456
-4.409484076066942 -17.80021683138378
-4.013387601960729 -16.88200793184042
-4.394149857479696 -17.806680903637535
-5.3546271383978965 -17.52832251443401
-4.865934328654693 -18.400778437507086
-3.869258065920194 -18.31931416741527
-3.3068756433565776 -17.49243690276744
-4.284486430576699 -17.282015542846793
-3.4517334352844085 -16.72837084736808
-2.7564698611458334 -16.009615977836017
-3.5662733044528183 -16.596317250382917
-3.170624367348211 -17.51471907886977
-3.766936339616799 -18.317471862564194
-3.1465897731050703 -17.533144037342424
-2.1624151987806006 -17.710345637936914
-1.2349001147789989 -18.08413136392107
-1.2990888703963404 -19.082069139362154
-0.627332011345813 -19.822840846650283
-1.6140312303824136 -19.985397455720978
-0.6152982545735727 -19.935074071176444
-1.1438404515341851 -20.783981101440684
-0.2752413251484379 -21.2794965478618
-1.0154686266147772 -21.95185325539424
-0.8390010618181554 -22.93615971101401
-1.829049535308015 -22.795432953997448
-2.203245209693112 -21.868083183268258
-2.9357208370717087 -21.18728992882435
-2.5125529985946553 -22.09334124110123
-1.521648730020033 -22.227909924384498
-0.5474448394550271 -22.453579549296684
-0.3411035083615256 -21.47509947536438
-0.7046194118699856 -22.40668746793214
-0.034987439017762245 -23.149380554566207
-0.7526353776736281 -22.452974468907136
0.10878227671356255 -21.94507721088139
0.560735639969727 -21.053035643777346
-0.397827400723633 -21.337916139804538
0.548324562977824 -21.661638955781225
0.7136746558949376 -20.67540402090399
-0.09267569096843664 -20.083965843142934
-0.8029305265985474 -20.787910491864725
-1.743313592105797 -21.128027663009007
-0.7594053204375775 -21.306701983891603
-1.5499483076017455 -21.919108536310464
-0.9758584113975773 -21.100316260408764
0.017816865216039868 -20.98802447688543
0.8017018849823315 -20.36711846484657
-0.18917786348517607 -20.232369349536047
-1.0568216985749055 -19.73518309124768
-0.12528598603388919 -19.37153323732127
0.20166854895282726 -20.316573306340366
1.1542705717037829 -20.62079261251732
0.15526535233427408 -20.665386016429554
1.0937373256264968 -20.320030612034312
1.399191991249198 -21.272237232075007
0.40110246083729073 -21.210453016597764
1.1458836976871034 -20.543144310498057
0.16909477214074697 -20.75734840693413
1.0693056391676714 -20.32189416721814
1.0233129852630776 -21.32083594519462
0.6856012981952244 -20.379586341519918
1.2504240942324545 -21.20479856214967
0.27310917727238704 -20.99300726608834
-0.263350788702138 -20.149081496303694
-1.111624332776168 -19.619523195052466
-1.5395325523523393 -18.71570100257258
-1.1763981870914493 -19.647437785557223
-2.01945147339348 -19.109607741346835
-2.258892994872887 -18.13869695358535
-1.736328116997618 -17.28609742953481
-2.5150691491561776 -16.658751906850043
-2.112380560286977 -17.57408894881575
-3.085282553674193 -17.80530683580372
-2.209140697145953 -18.28736020135493
-2.803571101460506 -17.48321314115609
-2.890072339599163 -16.486961397970422
-3.5030740402236082 -17.27704298554954
-2.6626098146554753 -16.735175948777457
-1.7390938500705708 -17.118735935163958
-1.2533964277414973 -16.24460893412641
-1.6983355434501197 -15.349048113571811
-1.467775173803985 -14.375990090662263
-2.360152630235165 -14.82727988143247
-3.0787422641197963 -15.522714233527298
-2.188637315207597 -15.066958619275525
-3.1885646922323936 -15.079010203250649
-4.1661009973763665 -14.86824309925795
-3.797826966762189 -15.797960388747175
-3.020881409664992 -15.168392599460805
-2.7530420454314486 -14.204929016876092
-1.7587157520727335 -14.098555983002283
-1.8697670384735783 -13.104741306219577
-2.5991026475759145 -13.788897406313206
-1.60553926337167 -13.902174948520868
-2.5961246774931377 -13.765278866291315
-3.4516862226740566 -13.247577753285327
-2.7891469630471817 -12.498550564557794
-3.4973098252730814 -11.792501444054114
-4.40465201248741 -12.212894302343976
-4.9384716271897755 -11.36729592311243
-5.227325605809899 -12.324669089142962
-5.810962494537032 -13.136683856322051
-6.091126597715194 -14.096635977675183
-5.3481044005617395 -14.765902751493556
-5.246030735190356 -13.771125908760649
-5.812056303015239 -14.595513594603007
-5.1730491686050115 -15.364714402047221
-4.823021011026223 -16.301453580742123
-5.599009639523033 -16.932200478034247
-5.349021009730918 -15.963951705778552
-4.45784911725964 -15.510285905801123
-4.576256522689005 -14.517320807552707
-4.997824066344789 -15.424117811372211
-4.9836795400078415 -14.424217850188741
-5.016787778075622 -13.424766078179683
-4.232934547528216 -12.803819934814259
-4.8606601709156365 -12.025385260777398
-5.031414653427992 -11.040071652477007
-4.058378861361815 -10.80941747983288
-4.504421850523402 -11.704429017088014
-5.489629165622392 -11.53306231590182
-4.886510271315048 -12.33071361774335
-4.864336370352245 -11.330959488911619
-5.7240844478922535 -11.841677848838358
-5.880798454871216 -12.829321873786922
-4.8922730303538 -12.980376450290455
-4.311246046346237 -13.794260744189211
-4.0084188763110395 -12.84121525467233
-4.632270306554799 -13.622758211254254
-3.7775420878408443 -14.141833997757603
-3.234345085700412 -13.302228723318688
-3.594941925966832 -14.23495050326696
-4.2879580350727196 -13.514028404479763
-5.27331469649539 -13.684534268865622
-6.259747404717654 -13.848700380317684
-7.253775881446172 -13.957821356544901
-6.649492915487768 -13.161051567300532
-6.4558146398447604 -14.142116664806274
-6.981298410408459 -14.992920288960613
-7.9031170712401115 -15.380541697737964
-8.204590938692096 -16.33401613748113
-8.877174376025502 -15.593994840608682
-8.744813336261647 -16.585196412012113
-8.323487276861512 -15.678287181895694
-9.059761036062731 -16.354970971794422
-10.002937757472997 -16.68726251876753
-10.215603036276834 -17.664387628050516
-9.287294468793506 -18.036198337332877
-10.070414431656603 -18.65806900215419
-10.49082553823848 -19.565402734285097
-11.285548020861015 -18.958429773096316
-11.126566626626113 -17.971148194068768
-10.153210017422584 -18.20044475165263
-10.539023941549896 -19.12302136958172
-11.506936969313953 -18.87173593290738
-11.269722209831249 -17.900278698705296
-11.351739149470488 -16.903647763196965
-10.441943777268742 -17.3187048444765
-10.520230163943427 -18.31563575565411
-9.621623591909064 -17.87688043808331
-8.95858690507871 -18.62546734146663
-7.959455834712811 -18.667145923850086
-8.575179610160802 -19.455107999300466
-8.977613830654487 -20.370556904578986
-7.991553890323114 -20.536947391307308
-8.841748431672803 -20.010478739002927
-9.683274736245545 -19.470262598266515
-8.787468642377302 -19.025817503582683
-8.30094193038562 -19.89948320539234
-9.297922854178006 -19.821836327837094
-9.802339196124297 -18.95837575897623
-9.342966877275224 -19.846619572731907
-10.297523382083298 -20.144649569760045
-9.927988408352823 -19.215432747274562
-10.519200769163984 -18.408916817844712
-11.494105537635532 -18.18629450896387
-11.185803594993425 -17.23500595538872
-12.036090516257458 -17.761325394063878
-11.242505079285044 -18.369784229339775
-11.920212753747752 -17.634452802040254
-12.532671793209714 -16.8439504775773
-13.071434962764966 -17.68640774482044
-13.544980988199258 -16.8056386707747
-14.271249943961822 -17.493049322347364
-13.939291212897816 -16.54975541222689
-13.04762243090557 -16.097067016947683
-13.671723583963738 -15.315723462068355
-14.49924763913055 -14.75429320093143
-13.88354151942053 -13.96631732937721
-14.831443330902163 -13.647754689085165
-14.061385282181158 -13.009780863916767
-15.0170014753214 -12.71516638462535
-15.044540939663483 -11.715545667601262
-14.265191577353045 -11.088956031981335
-14.492496836851014 -10.115132475578758
-15.062256452699339 -10.936943877390858
-15.815048423906042 -10.278685380987866
-15.0193592748601 -10.88439057172883
-14.690118747949166 -11.828636660118615
-15.296482611797842 -11.033449345947606
-15.046031266159465 -10.065320158561994
-15.009758380008282 -11.064662080894017
-14.670167010077558 -10.12408901011824
-14.642735640972067 -11.123712699307827
-15.636768435236238 -11.014631060489181
-16.22221026529585 -11.825345476061308
-15.274434758763906 -12.144283697693831
-16.24992523072212 -11.924242021825963
-17.027922682439172 -11.295974590613925
-16.76201048514003 -12.25997184337326
-16.041993315538406 -11.566015594407329
-17.039393593829086 -11.638075880735322
-16.165631477134262 -12.124429418225267
-15.562076289276312 -11.327108193617672
-14.564724640320373 -11.399838437154102
-15.11755864294293 -10.566547032215636
-16.1011165318101 -10.385953900432732
-16.5931760883136 -11.25651543924178
-17.346785701929416 -10.599193181695433
-17.670579061496905 -11.545321006199078
-17.91395291592567 -12.515253564153747
-18.281961606796592 -13.44507591462908
-17.677113847267325 -14.241417039896653
-16.683824137391603 -14.357069762540792
-17.665147464106376 -14.549435373930809
-17.618119795941798 -15.5483289610696
-16.62443726589309 -15.436101382123983
-16.844208118158186 -16.4116529043383
-16.408200742093026 -15.511709812794855
-16.6010268925667 -14.530476876284109
-16.73925252763688 -15.520877640525255
-15.788015424370311 -15.829338291774373
-15.189796302095065 -15.028005725517247
-15.723169505654539 -15.8738857558553
-16.642710266655026 -15.480891113578023
-17.038188444930206 -14.562415740740981
-17.84008840199438 -13.964957408419405
-18.688528544917073 -14.494248749626985
-18.123617830491597 -15.31940078696756
-17.128246920041356 -15.223292771539805
-17.89716530560091 -14.583945826330487
-16.9075195139882 -14.727477032495724
-17.24101614549102 -13.784725741445813
-18.15537825623988 -14.189623173429382
-17.841071835720303 -13.240301587232075
-18.625308949374165 -13.86076282660796
-18.634768155701046 -14.860718087314991
-17.78437804215874 -15.386870778830964
-18.44756308147061 -16.135326257555594
-17.57261622393852 -15.651107302438461
-16.85696168722245 -14.95265287724115
-15.94965535941076 -15.37312312293383
-16.726286060779337 -14.743166970736114
-17.1901917026688 -13.85728235329255
-17.95208733372524 -14.504982165996793
-17.827856097102657 -15.497235460195016
-18.704126190981825 -15.979055678298195
-18.65899508031014 -16.978036750616155
-19.617438825153076 -17.26331834478488
-19.715920292661004 -16.26817945972537
-18.915715107770417 -16.867905782371146
-17.97645649355709 -16.52469556162289
-17.235778654880047 -15.852835204634403
-16.73232669413476 -14.988811985489383
-15.804021418153964 -15.360630912638364
-15.911991068859754 -14.366476722119373
-16.903901200328235 -14.493418799816967
-16.7977659905753 -15.487770506835515
-17.744155150748256 -15.164741781321629
-16.88988021120815 -15.68456321958072
-16.620529598986664 -16.64760540333796
-15.77490823718696 -17.18138861070591
-16.643069057650916 -16.68510563718037
-16.74883045977433 -15.6907141017071
-15.801559071097504 -15.370281712279501
-14.91747562889152 -15.837610790357488
-15.366525494986584 -16.73111748745606
-15.983681163146132 -15.944276409945143
-15.84415529886272 -16.934494836958077
-14.84914299557532 -16.834742562263685
-15.626270232206538 -17.464086075844246
-16.58175196684941 -17.169035817813775
-15.837174168678215 -17.836571511593917
-15.74262095443909 -16.841051702812067
-16.286328138051694 -16.001776718978967
-16.950616193535975 -15.254300044198468
-17.9505938470548 -15.247614802020351
-18.893947892478746 -15.579402603155772
-19.845646292851132 -15.88643705517808
-18.845773902686584 -15.870461968742081
-19.62894337224948 -15.248653652663425
-20.205478700179782 -16.065725874470225
-20.028814348341065 -15.081454719356246
-20.179953303519753 -16.069967246453142
-19.289212263154724 -15.615456081563405
-19.200878659325294 -16.61154702843247
-19.552205531759338 -17.547799894225527
-18.65961393958504 -17.096933783745097
-18.88085683753098 -16.12171504925089
-19.865839997830204 -16.29436548778772
-20.021090251914185 -15.306490314191956
-20.94980560350393 -15.677283781935847
-20.96651740317859 -16.67714413006034
-20.581566119602716 -17.60008102350067
-20.0886777186821 -18.470173561244742
-20.949390657368774 -17.961082963043058
-19.95234011901081 -18.037830757539684
-19.1993581585314 -18.695871916733076
-20.199260311595182 -18.68188319633362
-20.980482787501238 -18.05763048857881
-20.02595922011846 -17.75949501717218
-20.44505102399581 -16.85155115331119
-19.613413029288612 -17.406869301546404
-20.609441605739526 -17.317835179474205
-19.902628143809707 -18.025235158294382
-20.886761124416314 -17.847802702181202
-21.886731008777865 -17.855563524943317
-22.728430191410663 -18.395510268572053
-23.078072976595593 -17.458627179404505
-22.13953367554491 -17.803799571671465
-21.81153944956006 -16.859119844080894
-20.812527221507747 -16.903555957794335
-20.641011220835104 -15.918374623463816
-20.319205123213003 -14.971569028036098
-20.80954856733678 -15.843098320030826
-19.81743897269527 -15.968471970453317
-20.154933006849642 -16.9097996375864
-21.144788259718656 -17.05187911663817
-20.96284557025737 -16.068569980226027
-20.282437546476128 -16.801403468253223
-20.631888812753175 -15.864448926934719
-21.05045007162518 -16.772637493572443
-21.29824416755134 -15.803824773783868
-22.137243543336627 -15.25969239335435
-21.658764167433457 -16.137791184399703
-22.599033351176132 -16.478223060263115
-21.817452814116674 -17.102027407867276
-22.341106534882236 -17.953958614437607
-23.175326583954245 -17.40252692353991
-22.196658189592796 -17.607973203326093
-22.561967639561136 -16.677087063261784
-22.802232077939014 -15.706379589482497
-22.04244101042921 -15.056212277375593
-23.035238192541293 -14.936405119032244
-23.730683857890284 -14.217826434024609
-23.13795552063911 -13.412423976727974
-23.72444885419969 -14.222378030788448
-23.505667846088876 -15.198152016140599
-24.369574849029902 -15.701803373995864
-24.386951952978634 -16.70165238072556
-25.305734055312396 -16.306887326001668
-26.15663113337896 -16.832219756504287
-26.154972286235235 -15.832221132392156
-25.214632976121205 -16.1724592576137
-25.940079456657454 -15.484180677475127
-25.676807612821836 -14.51945898898492
-26.173018525145757 -15.38766099917072
-25.25774256336595 -14.98483359967057
-24.29081866863437 -15.23989865371974
-24.758609437901033 -14.356059417099809
-25.25903650239005 -13.49028071955239
-25.82766911572365 -12.667689113071143
-25.967123931303448 -13.657917548540254
-25.371101462952023 -14.460885304568027
-24.94455264832534 -13.556420762012282
-24.217843351019887 -12.869475642508682
-23.23738365794003 -12.67275556156687
-22.893170573949668 -13.611647116971351
-23.53498282290593 -12.844785306023836
-24.29815166281796 -12.198586171246228
-24.99959858210017 -12.911307869687844
-24.44013119632256 -13.740160235463058
-23.440385124813655 -13.717625983700284
-23.566642100852178 -12.725628415154066
-22.869505171166306 -12.008690411371203
-22.230131178090666 -12.77758630613103
-23.226613096780753 -12.693778277137852
-23.82919855467899 -13.49183263990368
-22.829718752498174 -13.524083609386789
-22.698536151704594 -12.532725386921754
