0 0
-0.4030244881013795 -0.9151891946426275
-1.0884532068664563 -1.6433289281361823
-1.2791824474120543 -0.661686245282131
-2.277533799673179 -0.7190846550021257
-3.277362427333183 -0.7375972267173719
-2.2775655700757795 -0.717441725775475
-2.8835349556892416 -1.512929691554495
-1.9495583823729885 -1.1555954495674863
-1.4828000502115155 -2.0399803540959613
-2.437540849488198 -2.3374194339031074
-1.4486245940807427 -2.1889450597138316
-1.788496422554731 -3.1294168244201135
-1.6793979966757744 -2.1353858724519497
-2.000354934782701 -1.1882920841284137
-1.0071358796050467 -1.072034144907011
-0.48300248904708853 -1.9236703283223346
0.25590530631063024 -2.597476880649926
-0.19395289105327024 -1.7043768849806273
0.6407220673124432 -2.2551197595393404
-0.028053692208841796 -2.9985839372081293
-0.9651638004025946 -2.6495500633203752
-1.7826973869224005 -3.225430984094855
-1.1925690390651547 -4.0327404248022445
-2.058718459222375 -4.532525560596929
-1.2925242754323536 -5.175134674075988
-2.0928159289669903 -5.774745605666463
-2.5253770248953344 -4.873140981516126
-1.647242515845031 -5.3515548024023785
-0.8711586963506259 -5.982184571061436
-1.3474465171960501 -6.8614740067504565
-2.344251710818889 -6.7816028231700525
-2.186455896865048 -7.76907458534791
-1.5311983665886686 -8.524480151263399
-1.5437997765773612 -7.524559552182503
-1.6289022627256722 -6.528187349212461
-1.7690810694375914 -7.518313554374622
-1.0098288851408834 -8.169110082208535
-0.07179216576969838 -8.51564595785685
-0.23883464142244162 -7.529696257655161
0.6895864924432821 -7.1581667188678875
0.3098028954759222 -8.083242077676312
1.3011599009009287 -8.214433875418258
1.274271911437236 -7.2147954227652
0.948281450874167 -8.160168481203973
0.22455684189517078 -7.470079580874313
-0.5152608675896879 -8.142886950581703
-1.003906137523943 -9.015369500648395
-0.008076783884073624 -9.106604901832364
-0.1714362485300462 -8.120038287096907
0.7512830917240076 -7.734565824888355
-0.09754441255964874 -7.2058959203433925
-1.094914827369908 -7.133423472742865
-0.17922755118364808 -7.535315015613063
-0.737398650049186 -8.36504088865261
-1.7373960338819963 -8.362753460503953
-2.681027016792102 -8.031754112933436
-1.8229691098532146 -7.518201166938912
-2.254091487675147 -8.420494631029815
-1.8591432232146965 -9.33919799360104
-0.8598383747367405 -9.376478280730424
-1.8441455917388225 -9.552941598611554
-0.9756809079787948 -10.04869263800693
-0.7594207418574628 -9.072356865565311
-0.01871705529516765 -9.744188726013315
0.9758423571309808 -9.640017832023897
1.2879765171076438 -8.689979797955964
2.0708265169808193 -9.312190274964001
1.286524307005457 -8.6918113234934
2.1064260478717394 -8.1193070568504
2.9276770730310466 -7.548740011118888
3.2152022691298687 -6.590966936947174
2.2262190726687665 -6.442939111462975
2.5435385679754607 -7.391257801513057
2.4600409858966334 -8.387765781303981
3.4367644979915877 -8.60226795127179
3.407478374646414 -7.602696881772771
4.1363812134486455 -6.918079724825877
3.634330256692936 -6.05324168402247
2.6396764267223323 -5.949976208064582
2.793693922874126 -4.961908087498427
3.6756712179506272 -4.490616191780351
2.6846300022392366 -4.62417257972675
2.1916088832898164 -5.494189922237727
2.657580277700442 -6.378989707268791
1.9011649995885822 -5.724898026356277
1.574909853965851 -4.779616280020989
1.1299589469413716 -3.8840613178114705
2.121184249430165 -4.016244522894418
2.46390424403796 -3.0768069223609746
1.5964674352107278 -2.5792595550765847
2.2548412203453125 -3.331950699602385
1.88375301988992 -2.4033530755031314
1.18791294126643 -3.121549834742029
2.169971674005337 -3.3101251391995636
1.5046789576236996 -2.5635425238584735
1.6919475974020965 -3.5458512617589104
1.8143194499564523 -4.5383355839033035
2.8134006575390096 -4.581192796311246
3.8051962737932863 -4.453359093482927
4.432119007772272 -3.6742776563915824
4.29413374012089 -2.6838433749214907
5.043773442323901 -3.345689517828572
6.03759226254085 -3.234675317914364
5.981494839986461 -2.2362500181634237
5.629041647214691 -3.1720794614408754
6.628959748109488 -3.184877566884299
7.5499515540448865 -2.7952956199208217
8.548545340116261 -2.7422819384825647
9.020749226759735 -3.6237712971470915
8.103932443769144 -4.0230794318335565
9.053252742923927 -3.708769123996425
10.026762631154927 -3.480124208206756
10.90482323560677 -3.00157475944554
10.887281225647573 -2.0017286323406784
11.626535974050784 -1.3283027515168824
10.666849204261938 -1.6093744574786397
11.66535127107693 -1.6640884645169909
12.478617513496996 -2.245980223300311
13.046816703064987 -1.423089172811683
12.486013931319777 -2.251038598322015
12.529091228160834 -1.251966855904651
13.000354287263582 -0.3699741523491623
13.247885393787042 -1.3388540991450857
12.489732002507601 -1.990930348744381
13.277571183751569 -1.375049333858522
13.929871674833404 -2.1330098007262843
13.137222009360542 -1.523332420609751
12.146701720705343 -1.3859659117277823
13.085225177340774 -1.731181382622526
12.089458045015622 -1.6392693693656024
12.407036724711908 -0.6910374450968804
11.407418391124192 -0.663411602932018
11.856789465669875 -1.5567567978939978
12.695512143157082 -2.1013155828462664
12.54223045780242 -1.1131330466036782
13.504540518932028 -0.8411783697754784
12.893037234671436 -1.63242026283885
11.963089472530125 -2.0001119267209253
11.026967589673458 -1.6484361947790038
10.083243739791872 -1.9791706731217957
9.477026175790114 -1.183871820428185
10.064846624078953 -1.9928632422451953
10.659471398786845 -2.796866586332512
11.541420722558845 -3.2682108239106444
12.518331490013562 -3.481858553669324
11.99222331531765 -4.3322762090117655
11.589711193350086 -3.4168615534216507
11.773673060973312 -4.399794934307952
12.663758071948997 -4.855589485873034
11.723824378537214 -5.196946559901515
11.282749142251069 -4.299476428958362
10.283056871391999 -4.324282951984325
9.521192093841123 -3.6765468477510086
8.52298405291957 -3.6167078384046274
7.869306628035114 -4.373481136160584
7.701874038467247 -3.3875976095964173
8.569285246461435 -3.885189607367747
7.776056062331689 -3.2762664090538247
7.996838000262403 -2.3009432134496404
7.474098617445879 -1.4484506694044739
8.445598536080464 -1.2114107822694282
9.227329398215842 -1.835026737152784
9.993210678160368 -2.478008747033724
9.167641097200317 -1.9137084129974538
9.78052321154291 -2.703882769654864
8.937081542137976 -3.2411035346215766
8.692026912876674 -2.2715942625268712
8.669064807781705 -3.2713305986323507
7.720267354112167 -2.9554455057422286
8.638548068126468 -3.3513754620089715
8.891641022594518 -2.3839334966184715
7.955684377621331 -2.7360487600344943
7.849414286367625 -1.7417114592633078
7.083909323459581 -1.0982814694717575
8.039737052569537 -0.8043540085830109
8.812227246922237 -0.16932731652280608
8.83191666961223 0.8304788280042891
9.3962437199607 0.004927509039200584
8.939348674412146 -0.884593101937963
8.151797691841034 -1.5008426048596895
7.281531725806254 -1.993424728329016
7.979644499930552 -2.7094125456866007
8.88128761876042 -3.141893396438108
9.831491875722623 -3.453521171276784
8.855584897676795 -3.235334163869236
7.877107350673091 -3.4416874774108717
7.183674201453403 -2.7211665078594884
7.250260009855946 -3.7189472102783014
8.194448621635209 -3.3895418894555354
8.2100630100264 -2.3896638014492178
8.436653413433312 -1.4156736633657299
7.764830517795483 -0.6749618456546832
7.792301395300334 -1.6745844498854567
6.979168266895334 -1.0925066926310694
7.503393875990044 -1.9440861139238106
8.286984172195409 -1.3228081989028526
7.36500580570048 -0.9355668120195004
8.317652631930008 -0.631487834655385
7.737731729226675 -1.4461606196480785
6.836617501330493 -1.8797423861962905
6.620410000805575 -2.8560898226740883
6.8708163851402695 -3.824230640264394
7.134608854143037 -4.788810099561254
7.867651466766395 -5.468992816247235
8.704680475671848 -6.016151329158031
7.9098098976446085 -5.409372321457006
6.912921258725226 -5.330549472019414
6.368790628192837 -6.169549982696508
7.3630095428792295 -6.276921998044135
7.617167908976349 -7.244084613607228
6.7048850040382355 -6.834523993725777
5.95243420626796 -7.493172456059726
4.952630128932788 -7.512966569931394
4.124702944096948 -6.952130964241277
4.913445420888727 -6.3374072008284985
5.155233992120164 -7.307736158874099
4.222618139363267 -7.668606871438206
4.057700484272084 -6.68229953240071
3.902350542578478 -7.670159034362296
4.827051949145024 -8.050852229328862
3.8270519799074667 -8.050604187226396
4.409933660713023 -7.238047145424844
3.5290327357789257 -6.764746437153398
2.6056099353169664 -6.380962211856171
1.6135785638261342 -6.254971109082924
1.2560843838144073 -7.188886475300732
0.39395429644410174 -6.682199478772432
-0.5651202230199385 -6.399045693498739
-1.5323139736378508 -6.145005836850898
-2.5042936809595537 -5.909941061619013
-3.123940480898771 -5.125060278744895
-4.009788590756823 -5.589035629664442
-5.008367677045993 -5.64232548259993
-4.13153431439126 -5.1615310835730766
-5.124803559290271 -5.277359435619315
-4.771361191950293 -6.212815737628721
-5.0171500133908 -5.243492336871839
-5.017541949642498 -6.243492260064823
-5.602809279166182 -5.432651860854094
-6.406978003463484 -4.8382507649078885
-5.827614837129513 -4.023181245483027
-6.082127839475159 -4.99025059751369
-5.137259021356389 -5.317699702790891
-5.498664371621516 -6.250108504122014
-4.730763426680155 -6.890677109938882
-5.535137604173208 -7.484800146508223
-4.53809453240538 -7.407955413183324
-3.5775047546784196 -7.129985488683445
-2.9050510002642667 -6.38984634759286
-1.9829560977066119 -6.776810158145202
-2.190893470706792 -5.798668016680177
-1.916268586084629 -6.760219457189869
-2.4522709720364575 -5.916002990722917
-2.407771144331575 -4.916993598707889
-2.040408860262253 -5.847071526756594
-1.7061983115962753 -6.789569966628186
-0.7339953350761685 -7.023709609673623
-0.2694222265356438 -6.138174840835609
-1.1921866275254307 -6.523539421805319
-1.7230786685005506 -7.370978883259217
-2.1430532590612605 -6.463443019899887
-1.1488289494432122 -6.570765068727307
-0.9758250702526599 -7.555686211654507
-1.8873916416313794 -7.96683872100456
-1.5066543091762647 -8.891521955239378
-1.7391464434249815 -9.8641202317711
-0.9686308198527485 -10.501541343620318
-1.0027186181813144 -9.502122501489996
-0.03354015079963135 -9.748482194548117
0.16017935840931719 -8.767425238122119
0.8056200657752945 -8.003614860295981
0.03496452832795349 -7.366362914357995
1.0347355151230746 -7.344962588128947
0.8936130921196765 -6.3549704357733585
1.0127669098783398 -7.347846242565696
0.5066901736178826 -6.48535778640181
1.203479002894126 -5.768081460711465
0.8436029748308664 -6.701081591700422
0.7425817186401396 -5.706197324160902
0.9372722716052548 -4.725332609439174
-0.05310276074858622 -4.586922727963434
0.47378695539991256 -3.736989067601077
0.22135653073596223 -2.769374019814005
0.17879914389115614 -3.768468043830234
0.08637882898656256 -4.7641881276856
0.9503471722569495 -5.267734254496861
1.3486611007657168 -6.184983410591274
0.36624951352545 -5.998255069796258
0.564494468586037 -6.978407577211827
1.237514929653528 -6.238783714032371
1.0830998797752414 -5.250777645037303
1.1999718488330087 -6.243924634585457
0.5091259722026963 -5.5209225773664645
1.1664133124080986 -4.767282509160356
0.2684550199807706 -5.207363075717205
0.7489195673770368 -6.08437722537233
0.037021842871361454 -5.3820940703389475
0.6205101493782332 -6.19421561060847
1.5537747722940407 -5.835026045596044
2.357579107298675 -6.42991981008493
1.4932454968252071 -6.932838699972653
1.2534378236323993 -5.962018284098608
2.1952346634711333 -5.625835725851196
1.6247776977373711 -4.804508233162787
0.8534319007181271 -5.440924497427574
-0.02805676993432271 -5.913129668419354
0.0737424641933033 -4.918324704654583
0.8968158240940795 -5.486259775082222
1.004982059656452 -6.480392595928745
1.5440376818944466 -7.322662764065791
1.3954367622833144 -6.333765516273724
2.200966483135596 -5.741210144326389
1.2494754552393181 -6.048886636494517
2.2386673630402085 -5.902260003370673
3.238349035243133 -5.927490030353712
3.0720614874845213 -6.913567335366066
2.1636646584789525 -7.331676413302228
1.5841281749770098 -8.14662270864334
0.6167355756150659 -7.8933411287767
1.5589587912081777 -7.558355439534045
0.7756597951345012 -6.936710297391062
1.6958417001362516 -6.545219222515338
1.9706715809056732 -5.583726353776175
1.4968302098226292 -6.464336571210734
0.8033128648146939 -5.743896641603037
1.6387655862069477 -6.293458967748377
0.6446002817109521 -6.185591700533599
0.6691749625972201 -5.185893703606858
1.5075606114460576 -4.640816182694178
2.199548401064008 -5.362725386832526
3.1995438441410347 -5.359706475574999
3.6085025742166557 -4.447153596507197
3.5934406200129274 -5.447040158840927
2.6127980975493195 -5.251233511517064
2.8679381154669814 -4.284329394628024
3.186039147362954 -3.3362725748610242
4.181195521155866 -3.4345771612206724
5.174882406904834 -3.5467661673242925
5.885707804600293 -2.843397662206888
6.466848459520537 -2.0295945292571123
5.7526748825550555 -1.3296258856991816
4.752726865070759 -1.3194296938009733
5.278641304809969 -0.46889221545343274
6.053994478000275 0.16263565948458036
5.976297213890518 1.1596126577898866
5.103557243148645 0.6714273000931671
5.798595531876893 1.3904000236381617
6.19318814798938 2.3092561969914804
7.192607349271078 2.2751789302370313
7.135003162034308 3.273518430413595
6.389409002029716 3.9399187219554332
6.776312000772864 3.0177983016395404
7.768883806057335 3.1394585307792453
7.2454942997613285 3.9915520847386814
7.842292810130819 4.793943222539166
8.200792618564947 3.860413422611658
8.196354411208304 4.8604035737208875
8.84449417878993 5.6219249730782765
9.827877399071685 5.803466819681986
10.054316519099379 4.829441499209729
11.029645952425335 5.05019587966019
11.859891724086403 5.607593366772321
12.798987778276404 5.263938596683543
13.172642626751017 6.19150641318615
12.60756813527032 5.366466523800289
13.21446354000815 4.571684813072052
13.864542830215782 5.331551193722717
14.659653639032284 4.725087013656681
15.438459377875526 4.097821821616799
16.110123619148577 4.838677507290531
15.872332645264521 3.8673611567953525
16.549897578271878 4.602824114094179
15.600586715679473 4.917162922013381
16.48464808602969 4.449792091243537
15.864131125545939 3.665599065418896
14.985973425610158 3.1872278141469366
14.896348572497926 4.183203409081175
15.61198007809522 4.881681431782355
15.308768091786574 3.928758301955628
15.138440837159417 4.9141458532932605
14.425284065337406 5.615150431598145
15.050871067886277 6.395304840828727
14.166348165531794 6.861801609531791
13.394517220928268 7.497629410868307
12.639045138202993 8.152810250196454
11.641220647839353 8.086883878913481
11.973700679523276 7.143773583915352
11.838795416074772 8.13463208536442
12.760271285709468 8.523067693517149
12.70828222783514 7.524420039005639
11.867419652663687 6.983171362632171
12.655836314486365 7.5983129458147625
12.796546450994915 8.588363781622574
13.796294909332506 8.565935673106427
14.109102611744408 7.616119195405715
15.091689184130818 7.80192454453734
14.236990540422475 8.321049027145433
14.390187273080643 7.332853317226157
13.729802555324103 6.581925874290681
13.441013168450262 5.624533222329621
13.322069308405029 4.631632241285922
13.570009823435331 3.6628569830311974
12.971861312468649 2.861471708130079
12.013624751102588 3.147448442256035
11.467774327896372 2.309565804003162
10.47546377639137 2.4333388599234222
9.490175782120287 2.604241078590316
9.203416095196694 1.6462385306002374
8.597699840944161 0.8505578035907908
7.910262069628189 0.12431451751639977
7.15636923790442 0.781311928679882
6.2269207905232795 1.150263935939344
6.5416297397964 0.20107571580204775
6.998897405918364 -0.6882534029832147
7.336176743667865 0.25315121158336895
8.332491218423417 0.33892689224267364
9.205672121423452 0.8263231485229647
9.141069241779121 1.8242342006421703
8.687807528006118 2.715611684555445
8.968740708645646 3.675339014590262
8.561137292169297 2.7621799622468006
8.160311380947077 1.8460257236532787
8.408056434961841 2.814850985612948
8.892980581187542 1.9402947710633778
9.484473832514999 2.7466047199255224
9.101972746013983 1.822649678364764
10.024014333341281 1.4355588476299648
9.764256159728179 2.4012325457501866
9.474222824561366 1.4442160022714363
10.437160300464132 1.713940709152379
10.454354094915818 0.714088533362201
9.845049642890366 1.5070249020211015
8.903557205975618 1.169990792126675
7.991555661471121 0.7598040263462407
8.378977634104293 -0.16209847127540122
9.306759417029141 0.21102478352492593
10.265923846543572 -0.07182428780863437
10.673213353546995 -0.9851233940629376
9.813461947811085 -1.4958361512319032
8.84825617259251 -1.2343446380145306
7.967020775129392 -1.7070223022403972
7.101227232801863 -1.2066209212831214
7.081769308490221 -0.20681024461404196
6.906318334169262 -1.191298413974053
6.092229767137314 -0.6105576757544318
5.092249197896265 -0.6043238053396752
4.623161643188182 0.2788278611468864
4.508809262154234 1.2722681124714774
4.593074102684192 2.268711506072168
5.576089736950953 2.0851896741634883
5.923858250550542 1.147609245107542
5.779666645256137 2.137159032113038
6.717702897896639 1.7906218930757276
7.712890181529643 1.8886130686741605
7.111773403391693 1.0894518715173849
6.181147112500108 0.723480961879239
7.1716828021642645 0.586225552144128
7.15833624331803 -0.4136853785726854
7.8467416143212185 -1.139011543255831
7.339157941978851 -2.000614012827173
7.922731539326634 -1.1885537586104262
8.52028443809028 -1.9903832499483052
7.725413620068664 -1.3836045566361181
8.599382946187445 -1.8695856437202585
9.179995168537463 -1.0554054135145785
9.99040311576116 -0.4695394227994021
10.69214977115853 -1.181966002622617
10.381985837659673 -2.1326490909104634
9.968546879996548 -3.0431809290613483
10.787460126649973 -3.617098252772305
11.76282594963708 -3.8376917960791896
12.714449506858033 -4.144958138756254
12.845753676884407 -5.136300266850125
11.911799632283087 -4.778907146361168
12.889954758738044 -4.571030864429139
12.302497493059843 -3.761775675380659
13.300588186625168 -3.7000102528670142
12.83688435238586 -4.586000520370988
11.839394234769921 -4.656806348228171
11.71080702200411 -3.6651081437762723
12.108657467107033 -2.7476578599290193
12.938152150631701 -3.306172470305784
13.893986365158607 -3.600078840328163
14.89159133445631 -3.6692476572367214
14.271647178628767 -4.453893592455451
15.13989491022721 -3.9577626857643233
14.98265924521496 -2.9702015759345795
15.71015370422265 -2.2840880196531805
15.774668836659881 -1.286171290819253
16.774370000710633 -1.261725788255987
16.257473354359412 -0.40567797592839205
16.64260042814177 -1.3285415287030369
16.00007172920865 -2.094803149200444
15.197265658000296 -1.4985629190658047
15.478568335992579 -0.5389438262199143
15.847080500618645 0.3906790997681501
16.33077098840073 1.2659182168265288
16.533472735071022 0.2866776938206572
15.65544028763746 -0.19192341488452347
16.588575076802986 0.16760330908604265
17.367795616745465 0.7943531396657959
17.822292232727655 1.685101603633452
16.86122694775394 1.9614230071084569
17.630799116103514 1.3228631604991241
18.427161347176323 1.9276831311686908
18.353596512751004 2.924973567870044
18.811477970101738 3.8139868248096502
19.641985389000286 3.2569792600903984
19.36621690456609 2.295755174357594
18.41052935511312 2.590138101546956
18.40919955055812 1.590138985737424
17.635099035911658 0.9570762769762148
17.515344770385244 1.9498798405718685
18.027496294914204 1.0909847271135016
18.552222707450916 0.2397137996254597
19.4342279006415 -0.23152588374685584
18.595832617864218 0.31353681890009993
19.56471191184183 0.5610704806543085
18.77442906827546 1.1738126998335086
19.359145770353464 0.3625751401069991
18.37303051579255 0.19651278819585832
17.78132926377932 -0.6096445341463606
17.538354549545048 0.3603880881106305
18.538351550817286 0.35793911964794073
17.57936331018206 0.6413849774821276
18.227342057339985 -0.12027343889075526
17.44938047703481 -0.7485852878710796
17.519311193503544 -1.7461371386007394
16.731617064574 -1.130070616827377
15.734653035738958 -1.2079341205310044
16.13929958008361 -2.122407288070616
17.134010015608634 -2.2251260763112137
16.227707764184526 -1.802495943614085
15.264723709822375 -1.5329375806493368
14.544426300523995 -2.226602948213584
15.516695970881276 -2.460465489257126
16.47813363939649 -2.185442563739935
16.12990046224277 -1.248034619283826
16.412649684350857 -0.28884075076856564
17.298538439699687 -0.7527384907355774
18.13898971856273 -1.2946256080003065
19.095114451775768 -1.587585493544898
18.23695282168832 -2.100965096417526
18.546317006350964 -3.0519087336789656
18.34425358295434 -2.072536295366943
17.939767491436438 -2.9870804450768254
17.068781441566493 -3.4783881907230256
17.049017772990123 -2.478583511095848
16.3736500395618 -1.741102375985338
15.408200757949174 -2.001693405442736
14.737223766226148 -2.7431715754371857
13.740568791743408 -2.6614472715930413
14.378822778082936 -1.8916214153620996
14.937045163427582 -2.7213127847881853
15.727245309782464 -3.3341616476416
16.725482598827792 -3.3935107399635
17.24870047007846 -4.2457096951399995
17.814358438925005 -5.070349654322432
18.482831288566338 -5.814086199943526
17.657854979876145 -5.24891888834465
18.573720725269386 -5.650403553575197
19.35923107193777 -5.031555029882273
19.968188105782538 -4.23835182077947
19.29748150644298 -4.980074584082828
20.296797287415668 -5.0170606611788315
20.565909346883583 -5.9801695332431155
20.6955055140428 -4.988602675458105
21.56879401316375 -4.501399229962199
20.82057621562354 -5.164852414025759
21.79249050621596 -4.929517308819936
20.792582446604975 -4.943077261806574
20.596222395228022 -5.92360912269802
20.066133905080456 -6.771551451287101
19.774533038824654 -7.728091536593966
20.764417404377813 -7.869968042166306
20.003600801131636 -8.518934987568729
20.150870777120982 -9.508031319667932
21.071067494037816 -9.116575061351014
20.429456941126837 -9.883605633357938
21.420784988120413 -9.752195195249312
21.903082086505858 -10.628202905768449
22.18327053263384 -9.668257889292825
22.697595508625895 -8.810662519044842
21.9559005855752 -9.481399905151225
21.03457297094775 -9.092612782775896
21.729422493394832 -9.811767940690418
21.00958730824813 -9.117622922538725
20.174860514581358 -9.66828723038407
20.725352361575112 -8.833446690883617
20.679295755621716 -9.832385522368336
20.96885560583102 -10.789545432282434
21.96840656847789 -10.759580902055498
20.968875671063536 -10.728954359415823
20.21455246887316 -10.07245111750665
20.64009231630956 -10.977390805134398
20.750109454621775 -11.97132049544332
20.546683540306763 -10.992230153654013
19.56129974130687 -11.162579115108239
20.290489390995962 -10.47826745015849
20.334406085838687 -11.477302646692673
20.638338864769167 -10.524609167187542
19.64247974726871 -10.433699222235365
18.649726960468463 -10.553873696647965
17.772639038890198 -10.073543833094263
17.568235655897976 -11.052430576809456
17.861297839132007 -10.096337193944528
17.23991536081212 -10.879844574660902
17.578071484295922 -11.820934600190027
16.917524839970106 -12.571719609809895
16.147893015648307 -11.93323166552974
15.546996753814648 -12.732558684036142
14.549683619297081 -12.659302205013843
15.350586146766112 -12.06050746431072
15.998713371370847 -12.822039538964287
16.391283108885286 -13.741761780289266
15.863595230733003 -14.591200126051419
16.392160998093836 -13.742307771524501
16.06871027051922 -12.796062757359856
15.28225748716755 -12.178412354981283
14.412575119206913 -11.684800585613516
15.406405613412037 -11.795710228061765
14.408646530116368 -11.728801247341783
13.451434047670604 -12.01818725849301
14.295898136972454 -12.553799433372928
13.496714739112921 -13.154886695412054
14.114877753005299 -12.368836768082058
15.093767894678518 -12.573223877594833
15.471032772327721 -13.499329277693727
16.40234622125833 -13.863547975512734
15.601630979339136 -13.264502817483487
16.423241144523352 -13.834552584140718
17.322794712439578 -13.397742123586953
18.051738031225124 -12.713168067696786
17.991066524055285 -11.715010280461852
17.020566818954347 -11.956112587375312
17.979397387905028 -11.672133820482932
18.107151761323763 -10.680327982593083
18.640473007276086 -9.834415192397863
17.653607964082013 -9.672868336899018
16.88949360698303 -9.027787528569387
16.201822441626888 -8.301765236668011
15.208014086269202 -8.412873079871133
15.619134078038023 -9.32445431726471
15.091611934759564 -8.47491303613065
14.248933250164853 -9.013329821279227
15.193597114389961 -9.341369732916954
15.390805082531024 -8.361008056135535
15.907550962625832 -7.504869226619526
15.319558763214555 -8.31373582466366
16.05031095290386 -7.631092991796949
15.626298269578381 -6.7254367411261295
15.570513858841071 -7.723879578507765
14.782745171843759 -8.33985075947854
13.831153086392135 -8.032486963780624
14.376968141996617 -8.870392641691614
14.23515510909761 -9.860286102474129
14.178379196078438 -10.858673049354366
14.971811080118306 -11.467332104482068
15.616039278688387 -10.70249877089419
15.239381360217912 -9.776146347432421
15.672477089130583 -10.67749427670147
14.796278797610714 -10.195543497121578
15.020122584275079 -11.170168532287287
15.309150447797878 -12.127489217380555
15.907066962006677 -11.325930833957115
14.923267673068597 -11.505204253863488
14.435363063403162 -10.632307300112807
14.008081963396226 -11.536426131670286
13.010490686347678 -11.605792146091249
13.843710055734281 -12.15873471316218
13.105398989748332 -12.833195067699563
12.71045304226063 -11.914490709071043
12.312602810895749 -10.997040332536752
11.414833021347336 -11.437505319765249
10.56270696237549 -10.91416873627322
11.33281873196211 -11.552077712808403
12.111342920077643 -10.924463110907642
13.071687636263436 -10.645647713029353
12.144838466695166 -11.02108161782567
11.19383659269479 -10.71189650232401
11.778503981388752 -9.900623401205907
11.845644935316292 -10.898366901463213
10.84588037858615 -10.876668258506049
9.86763386302435 -11.084114046101739
8.931645388503377 -11.436144691875512
9.556074319949914 -10.655063063892536
9.322597469397826 -11.627425424464086
9.072767902620836 -12.595715250685565
8.442636957132239 -11.81922636374793
7.66593059786035 -11.189363496556501
8.136461748943878 -10.306980112839417
8.322898719019319 -11.289447036551909
9.075839853962766 -11.947534908579705
8.230662094751445 -11.413049590414154
7.86706239773014 -10.4814942993412
7.044264718096834 -11.049828688930681
7.8655504960582014 -10.479311668221928
8.40338246173476 -9.636259607731896
8.782787568711154 -10.561490262650025
8.827789270531058 -11.560477172891252
8.504846182538344 -10.614058786595988
7.526230319070376 -10.819755144776789
7.755670761631605 -9.846432442217505
7.29189276516109 -10.732383891220099
6.32407424782442 -10.984033086530257
5.654045501513889 -11.72636823935379
6.627889528432084 -11.499150697698758
7.6212635698335305 -11.614076821229299
6.811061327537379 -11.027926391238594
7.452737165612891 -10.26095043409907
6.612969958895018 -9.718003808249659
5.790395548110484 -10.286661296305937
4.892686158667626 -10.727249371616798
5.105708823484278 -9.750202113663319
6.012343638865687 -9.328285876077802
6.119336151428312 -8.334026049746909
6.92493411475657 -8.926488640533334
7.7518151880862165 -9.48886546310803
7.817744613315953 -8.491041174523675
8.695854424500874 -8.969500325863454
9.54493753637987 -8.441241043766224
9.750851775888913 -7.462671002344859
10.7447142705968 -7.352048483782784
10.233844941697043 -8.211706862901789
11.031342368611517 -8.815029209632618
10.494216914957091 -7.971526840319687
9.539553067973532 -7.673840866074085
9.516493091723254 -8.673574949465932
8.61580083283935 -9.108032605384908
9.139707120379475 -9.95980851598342
9.614925171703756 -9.0799404555928
8.754484920078154 -8.570389110405221
9.746943194257984 -8.69297203748723
10.645363671794339 -9.132108286894344
11.39268638346148 -8.467647027958602
11.966374275425201 -9.286721018886297
12.20075164557981 -10.25886671185593
12.908614714607838 -10.96521639544489
12.658607954787676 -9.996972304296266
13.361921011379488 -9.286092044036154
13.100595622238563 -10.251342809894615
13.86354324763642 -9.604882508793478
13.786424955461536 -8.607860558678022
12.83670449080068 -8.920959646834417
12.50497704496503 -9.864334917699281
11.513833157527609 -9.997127215651524
10.65314790386033 -9.487989813647221
9.665529446062967 -9.644864865258237
8.666193718597487 -9.60842170662676
7.669531990869531 -9.690063610587448
8.611400193497744 -10.026046182870447
9.439226269692448 -10.587031020073807
10.4219257685721 -10.772238187596235
11.411031684733207 -10.91944378061191
11.35473809355878 -11.917858039120215
12.34440844879138 -11.774496300940962
12.935930449495645 -10.968207442849257
12.327174977794058 -11.761565354307496
12.9289295764268 -10.962884314702606
12.120384383757017 -10.374450230534649
11.960367458713463 -11.361564501376483
11.814750752721302 -12.35090558256941
12.607506785841895 -11.741366517413697
13.002599192753976 -10.82272513471835
13.972876610187475 -11.064720451240346
13.296428125652906 -10.328230500344283
14.076449452431179 -9.702477570050656
13.958745572155248 -10.69552630831479
14.528174670891506 -11.517566758361143
15.030602013912347 -10.652947324745973
14.29751807792803 -9.97280914554873
13.556212031836216 -10.643976297626153
14.240100972784608 -11.373562424446343
14.975204889814338 -12.051516870679679
15.634685503393143 -11.299795299675013
15.781196633816217 -10.310586277950001
14.886099457983377 -10.756457386922172
15.061723505407794 -9.772000077555093
15.028340336764732 -10.771442704248265
15.331490294621629 -9.818499839722085
14.79308235086286 -10.661184173323615
15.281630094038935 -11.533721337367398
14.919612608668057 -12.465892641520098
14.945351828976644 -13.465561332906352
15.487871758729854 -14.305604263845344
14.83431815509714 -15.062484496893276
14.639331646224747 -14.081678572483275
14.201979411797254 -14.980968861011556
13.59399719336816 -15.774919503100874
14.37012457800578 -16.405495654581063
13.86480564489206 -15.542562994498708
12.86987384329331 -15.442010967331345
13.541912527055274 -16.182527008702152
12.698272544712742 -15.645617723819601
13.309103697025982 -14.853856836074014
12.39981625884013 -15.270025497505182
13.075103785495335 -16.007580076057778
12.918995160813225 -15.019840182512995
13.000239692994903 -14.023145983678377
13.463211760297048 -13.136773113550925
13.186525993564626 -12.175812663538704
12.694864485555776 -13.046599067625529
12.53058583349353 -12.06018509546343
13.368020992047216 -11.513648403906345
13.512623080066865 -12.503138290737109
14.029962641807565 -13.358918506597432
14.731998346477104 -12.646776758509915
15.729609469823524 -12.715856759780129
15.889282934775686 -13.703026646167558
16.000862362489592 -14.696782165050868
16.504459232195007 -13.83284339822598
15.621266769770415 -13.363832658139588
16.511121883786053 -13.82007587842918
15.851130909770447 -14.571349406658367
14.863882717326616 -14.412160818762153
15.495289482949046 -15.187612620182604
14.699835522699011 -14.581598596316375
15.510640458592986 -15.166915054251712
15.16192291935356 -16.10414292292976
14.738813132905733 -17.010221345921984
14.282138130315444 -17.899854945787208
15.051124729999747 -17.260590048028877
14.105978176731988 -16.933943460956435
14.049221025421447 -15.935555447318896
13.292507359992985 -15.281808991455598
14.21262872228331 -14.890175644232718
13.215255034309033 -14.962603032260938
14.124955385306775 -14.547337729840201
13.901212819034352 -15.521986006931908
12.905084471725333 -15.609896846351186
11.927675567299652 -15.821253969603255
12.539682006743476 -15.030401190586016
13.515684856187573 -15.248158941026736
13.55521656468195 -14.248940624529528
13.40040355476156 -15.236884414407974
13.141898790388638 -16.202894397170315
13.458783420588087 -15.254430306577868
14.420704989857041 -15.527755926626837
13.502730314447463 -15.131116927905483
12.760462101117964 -14.461014025747438
12.559440825107846 -15.440600901216513
12.437816602462265 -14.44802468325345
11.472633560311282 -14.186449273200871
10.49363260071031 -13.982593635308817
10.552807855186316 -14.980841244500894
9.68912609378436 -15.484878758007197
10.361744231498877 -14.744889000768994
10.27637957968931 -15.741238776812242
10.260082178207742 -16.741105965345273
10.016618790254768 -17.711016053305215
9.166208364995098 -17.18489619185759
10.108157409468012 -16.849140331720246
11.103834909293958 -16.756262366947357
10.24120263300543 -16.25043081800515
9.298645346497182 -15.916386267607743
10.211461114535675 -16.324757879770363
10.76638278342315 -17.156660483083478
11.097489042121685 -18.10025395775923
11.375803490453622 -17.13976394331364
11.471915913400426 -18.135134428186127
12.335728735172363 -18.63894729914359
13.087954279062034 -17.980041591837995
13.943247323708635 -18.49818617376388
12.946000058739145 -18.4240383989431
12.051290356245454 -18.870686524724068
12.682485514785778 -18.09506247156735
13.566019557969883 -18.563429415890653
14.18785474253276 -19.34657755209456
13.213245309357974 -19.57048925961947
13.952422169449942 -18.89697788666087
14.872396371259619 -18.50499897395682
15.857796980738298 -18.675250666574097
16.174756430115877 -17.726811576568704
15.732818646465494 -18.62385728074558
16.631231723583127 -18.18470589128629
16.48316711348264 -19.17368358124486
15.841116508065205 -18.407021321783038
16.832545644671775 -18.276375743642976
16.39347913932944 -17.37792117946821
16.242879592250333 -18.36651602894881
16.433696782303038 -17.384890438420328
16.728499529307072 -18.340448568708002
15.98793446174083 -17.668463910623753
15.374981454083406 -16.878344545968186
15.99206158479527 -17.66524486511962
16.41899241456694 -16.760960580953146
15.515495919304396 -16.332365103785808
14.696096189772064 -15.759142561275185
13.707927314407069 -15.605772832319696
13.116039926153123 -16.411793501797796
12.130422628738255 -16.242800771076585
13.110953665991955 -16.04643660687602
14.110953578296405 -16.046855404073668
14.068043736082299 -17.045934352626364
13.075711598439907 -16.92233447964066
13.605217862678087 -17.770640507046178
13.553882798919986 -16.771959020670792
13.438432218079205 -15.778645795457553
14.398153354915758 -15.497691458404084
13.860638787891423 -16.340945921918298
13.876831356053772 -15.341077030144827
13.35305712591482 -16.19293415187496
13.116350103012584 -15.221353076869503
12.492428530738735 -14.439866114949263
12.588650332823084 -13.444506197731556
12.862585239124664 -14.406254432515247
11.872578570802647 -14.547274986612656
12.042393801709542 -13.561799067397967
12.974432183960745 -13.19943950286219
13.313676842591278 -14.140137680595437
13.841178083492261 -13.290583420499049
14.00529387372065 -14.277024502063332
13.046785493291718 -14.562088853828872
13.945199567203208 -14.122939503609881
14.93546122069418 -14.26215824381868
15.85733169173249 -13.874660070109947
16.72127089038849 -13.37106394122726
16.59073180213326 -12.379620777734015
16.354910065417332 -13.351417108501057
17.307372031023473 -13.656074627813625
16.7111107806303 -14.458865086949487
15.926750609667891 -13.838559418582816
15.655092068328369 -14.800953120202523
16.153751423740495 -15.667751163151378
15.166564162493705 -15.827317172163522
15.252937805909621 -16.823579985743883
15.223523070789476 -17.82314727880514
14.281274427132256 -17.488233120361325
14.587833687867269 -16.536381545977168
14.23795096360647 -17.473175055382438
13.946584061551018 -16.516563677451668
14.841120287946069 -16.069568219234355
13.843723620123853 -15.997457977124515
14.753820483306695 -16.41185356062505
15.724506816309361 -16.171503726171526
16.471050164974134 -16.83684050447586
17.156298655825996 -16.108531156887043
17.959238631568546 -16.704591049309403
18.024057339558514 -15.706693992948122
17.59428531265867 -14.80375656161946
17.701061247082865 -15.798039670109109
17.072013035879824 -16.575405959564893
16.916410667613498 -17.56322573208917
15.917168216478759 -17.602142615960304
16.820615056768144 -17.173442479768198
17.009706254701396 -18.155402009924185
16.427488830831322 -18.968435140455835
17.419042943725355 -18.838741496806932
16.82746570297136 -19.644989825935053
15.929735749741596 -20.0855359995356
14.935620953660404 -20.193867768709982
15.05109072571054 -19.2005567742361
14.219061456685797 -18.64582504133618
14.834224580513826 -19.434224896157414
14.484121981316468 -20.370936255133728
14.645150667742369 -19.383986528882208
14.225212885165767 -20.291539424731614
15.208904164124936 -20.471404562264365
14.434247898154394 -21.10378709648916
14.822353273103694 -20.182172091220984
15.237820243696245 -21.091780356545485
14.704965206153414 -20.24557381617533
13.738728135016398 -20.50322847334372
14.537122122290352 -19.90109307238743
13.872289871569611 -19.15410038273003
14.77620211504159 -19.581818345997245
14.919889797260469 -20.571441430802043
14.141539672706005 -19.943610973109802
14.408364719223327 -20.907355957299618
13.60592232159933 -20.310626371561277
13.554950641037502 -21.30932647058035
14.122629936936649 -22.132576260745793
14.84332300914679 -21.439321981517523
15.060309193748694 -22.41549665630268
14.779708552892718 -21.4556720471416
14.076135622746705 -22.166295106129805
13.112682662271522 -22.434172676955747
13.197827826414795 -21.437804120134018
13.52906460056549 -20.49425645337296
14.229635612884328 -21.207839144235454
14.525849108947332 -20.25271739034743
15.496967074777405 -20.49131725715808
14.499600571392333 -20.41879100035798
14.357352417570972 -19.428959972993
13.939080208989505 -20.337281699876367
12.939128908503662 -20.347150674325096
13.78192543552368 -19.808918369420425
13.67320423785037 -18.81484608775451
14.537366809051106 -19.318058816663203
14.204879074442125 -18.374951237256386
15.145352729566639 -18.714817834639444
15.100733034265396 -19.713821880072306
14.219153663398275 -19.241786062722042
14.717876701268448 -18.37502465870272
14.817820143785001 -19.370017778426643
15.406080985734313 -18.56134653383519
16.310854921668867 -18.135454382165904
17.161309719253232 -17.60940625008507
16.204233041944693 -17.89924108883302
17.109892561274158 -17.475235387163895
