0 0
-0.6326454699874261 -0.7744415467318296
0.3638738236890192 -0.8578039922969555
-0.201497308705211 -1.6826406322780283
-0.09075206819291903 -0.6887918048883319
0.7873110935104116 -0.2102470482985741
0.14849284288553166 0.5591106335819463
0.5062872620492772 1.4929110156847156
-0.47777168437722484 1.3150684168565303
-0.9578371569680884 0.4378357555709903
-1.2590030061967892 1.3914075311906107
-2.1512028687471916 0.9397667388954027
-1.345948263787893 1.5326959262288011
-1.4422421879432301 0.5373429837150583
-2.3648845449928824 0.9229996716874856
-2.0917918580709243 1.8849873973626865
-2.6290998757099393 1.0416013089187097
-1.6416495089442202 0.8836716626383267
-1.8263906550822278 -0.09911555183061171
-1.8782740738606416 0.8995375965927354
-0.9087177830982138 1.1444061307963005
-0.4122858622966381 2.0124817887946445
0.15073065917426987 1.1860361483857917
0.6218119674259517 2.068125940309428
1.327938124431888 1.3600398930015971
2.1059299642289844 1.9883142735147048
3.0887767409473184 1.8038902688559264
2.44430868936845 2.5685215070970386
2.8754434278047527 3.4708090650925265
1.903727059835793 3.706960076568686
1.0925996764875472 3.1220905458333026
1.3907967043114646 2.167586207133377
0.4444389849552519 1.844465382959342
0.7683836301967398 0.8983893464700086
-0.014343013305518681 0.2760236970711296
-0.5104817868792116 1.144266933357363
0.4844197638573192 1.2451178349004142
0.09877797851628534 0.3224692488184867
-0.20886965036363736 -0.6290311118985029
0.7806755639539078 -0.7732540948840297
1.2997603565036082 -1.6279768441680502
0.44542150430768457 -1.1082604545587251
0.43274027503199247 -2.108180044537868
-0.3499870840762003 -1.48581529513161
-0.008143544178524253 -2.4255721755162263
0.8743339159876125 -1.955217487755251
0.8194102237039584 -2.953708042555811
-0.17677646207499031 -3.0409553180247566
-0.8783844879989468 -3.7535184225699534
-0.16922279555153164 -4.458564303321779
-0.3847193522669303 -3.4820597032077774
-1.264571230222752 -3.0068116912628415
-2.1859372609620378 -2.6181156179616902
-1.6444965723982579 -3.458854567200739
-0.9227993492908989 -4.151063436082905
-0.025276247348380854 -4.592030874199916
0.22102197953435682 -5.561224963861228
1.1638688564116264 -5.894451263487742
1.0736251703192536 -6.890370977681844
2.00085109410436 -7.264873429290451
1.4596392245131278 -6.423987163370045
0.5141545304690026 -6.098320626359736
-0.05533448960713838 -6.920319565539536
-0.850959110443674 -6.314529616201716
0.1489478641249401 -6.300889887133988
-0.8433760939611537 -6.4245554126791
-0.04548484234983874 -7.027356831557762
-0.33800513835476337 -7.9836161459830866
-0.6597898869095277 -7.036803294571813
0.2860841196272371 -6.712269222773353
-0.711945822117203 -6.7750086472334905
0.0745579093175428 -7.392594172030843
-0.726456450686017 -6.793949039194963
-0.5287822084477087 -5.8136812727374965
0.14658356116744964 -5.076198339218269
1.143323850967854 -5.156875440607733
2.1430327154554956 -5.132746904290116
1.1434880268907035 -5.10257381094666
0.40404543697518946 -4.429354191343193
-0.5632143364203475 -4.683142549568732
0.31830398923514025 -4.210992741209621
0.1707006222865853 -5.200039376139163
1.112200848559268 -5.537051725955141
0.9363983885431038 -4.55262626150785
0.08907627806863538 -5.083705578654633
-0.5191117783624942 -4.28991260311597
-0.8145271211882058 -3.334543682110494
-0.5638082069550339 -4.302603611064141
-0.8612812634473316 -3.3478733975162873
-1.247815876896169 -4.270148298294769
-0.6684668746033826 -5.085227885539078
-1.6626064312644107 -5.1933321957298135
-2.4603189654452198 -4.59029429243448
-1.4634127980551448 -4.668895141155291
-2.2258112827420704 -4.021787305824054
-2.351098222159544 -3.029666757296103
-3.3494874632648757 -3.0864023126835307
-3.891801011255901 -2.2462261313588128
-4.181786116642246 -1.2891949726946494
-3.4799996900678525 -2.001582375359761
-2.7728316720114234 -1.2945368363467908
-3.1300194247954236 -0.36050423024510025
-2.2152473053666135 0.04346602796176613
-1.412613339840755 -0.5530058635672774
-2.1010691617677253 -1.278284142061029
-1.5345874679881824 -2.1023584655371703
-1.1954425932441954 -3.043092622424697
-0.9792681394053037 -2.0667378685019964
-1.5798315331091672 -1.2671607239168736
-1.5453287941566294 -0.2677561206631298
-0.7855492825132846 0.3824246954849634
-0.6750134064330257 -0.6114474391979493
0.24718979020213772 -0.2247417835425321
0.2483910819392452 -1.224741061991353
0.512636950970164 -0.26028571273971735
1.4968671526048705 -0.08339334379717331
1.76125505817548 -1.0478097659862535
1.9081008849155814 -0.05865037379052851
1.4092078905582786 0.8080132173341963
0.7612823366477774 1.5697168845104614
0.9527182020386167 2.5512220090218216
1.8446369236569211 2.0990262615553403
1.7536345449824071 3.094876936644523
2.7050764326890735 3.4027053536517498
3.7037892310782405 3.351983106721249
3.9034015046086887 4.331858068262774
3.580764450783441 5.2783808263087515
2.6191743308412367 5.003891407151041
2.612939151124556 4.003910846073027
2.6096370935569917 3.003916297879978
2.6093589384478686 4.0039162591948445
2.21391638308317 4.922406969766616
1.5746463761491376 4.153424617410879
0.8092723888549092 4.797010400017467
0.39343670350777554 5.706450163163922
-0.605839328597624 5.668405299388525
-1.5535793014919408 5.987449095407629
-2.532326913957987 6.192517647584736
-3.5308074805836744 6.247622620779953
-2.764762268882586 5.604835927055016
-1.8709440646813393 5.156406425529461
-2.634383967753613 4.510527555773686
-3.515661936182062 4.983125844347213
-3.906231359572569 5.903699320780467
-2.989140265528464 6.302377041784521
-2.040664816748233 6.619227673882895
-1.0449198443555092 6.527075897152255
-0.2598979479355802 7.146543912582638
-0.9436791012842939 7.8762310608353
-1.4612002481010344 7.020560643795254
-2.0275014107251987 7.844759038121838
-1.4074882999445957 7.060167588729124
-2.3379876369844945 6.693874012798139
-2.8031875412243368 7.579079666358509
-1.9350499872421687 8.075403338336642
-2.5210186831614694 7.265069649414212
-2.3206201341396158 8.244784108606243
-2.0372022715769917 9.203780623292523
-1.6717250230478486 8.272960350195957
-2.570365144016788 8.711646950156487
-1.5801805323549567 8.57188130763978
-1.3041202964942764 7.610740971280648
-2.228781077578323 7.991532830338901
-3.213665401720091 7.8183194704043615
-3.0462504362931515 8.804205989914136
-2.1925993346089854 8.28336071865461
-2.1283095999983908 9.281291993855312
-2.870634287049713 9.95133233517377
-3.354858626533996 10.826276212831651
-2.4636156074030042 10.372750159720836
-1.8560712416543372 9.578464415390087
-1.2829695921586488 8.7589801267394
-1.902986899079445 9.543568260169089
-2.7374414080221796 10.094645090116728
-1.819584898639798 9.697732721722407
-1.2595350357903388 10.526191623009792
-0.5713229256386007 11.25170116218932
-0.5821799472269718 10.25176010138512
-0.9083348776360727 11.197076430118436
-1.7738687500342225 11.697926822682387
-0.8900588768803182 11.230080578585376
0.01444617911647672 11.656543476943762
-0.3378062688182538 12.592448500396458
0.6349046002939902 12.360427886849077
0.9200258227084366 13.318919351875705
1.8879573949954553 13.067705356704298
1.8579406208558873 12.068155961591554
0.9062714668518136 11.761030870924623
0.9137552976571016 10.761058875178502
0.5886018658200279 11.706720149506987
-0.25995374306705976 11.177613942185372
0.7314499601359696 11.046775502591652
-0.23465841634135287 10.788638707654641
0.7393602477221969 10.562170957067814
-0.03293729750167729 9.926909985780282
-0.6121832057258122 10.742062841265435
0.3517936866096094 10.476076843432198
0.020272668825260298 9.53262900980957
-0.6580216056397932 10.26741937258519
0.19571553042036938 9.746715135506413
1.1880813699225443 9.870044128809463
0.8934663841509285 10.825660165802768
0.534457767369518 11.758994410902934
1.4228808064565706 12.218020013260064
0.7605453712120361 12.967227441960176
0.1257295192827288 12.194563974375958
-0.7472615220625679 11.706827732406126
0.01869993240458956 12.349714231152644
0.6967944449123916 13.08468894643665
0.8195453927994716 14.07712645318094
-0.16767164835986903 14.23650811349541
0.8316324834285601 14.273807606663196
-0.03890414909198736 13.781703988062615
0.2714194854298213 12.831073017676538
0.3756970249312588 11.836524781161321
0.7986121443929426 10.930355480351198
1.3035850601490138 11.793490669271689
1.960235128477876 11.039295278299495
2.9547373022869743 10.934579346899453
3.779378109599154 10.368922614494085
4.6854185754299245 10.792113675691224
4.9506887659632435 11.756287791717172
5.948607021264197 11.82077930850118
5.8016530894209986 10.831635971104712
6.645651965683236 10.295291029049618
7.344596793333459 11.01046662140509
6.344873106866707 11.033973018775345
5.774093622849386 11.855076410940375
5.371554648089166 12.770479258761481
6.361338791016827 12.627905241461853
7.35283470459685 12.758043065917759
6.35994443189606 12.639009850485467
7.193036755732561 12.08587588844309
8.041161221330505 11.5560788604652
8.274050325142086 12.528582158827648
7.813916828290906 13.416431901225259
8.772362220685356 13.131155842296629
8.033012252850307 13.804477180932434
7.819338115636269 14.781382172774443
7.15110282372517 14.037432178054038
7.9605383160011325 13.450223370351045
7.642106022421203 14.398168977654242
8.259169327701688 15.185082490866668
7.903102748332637 14.250621902582484
8.656190930050862 14.908541495356813
8.829010017170512 13.923587911106708
7.9197235057432325 13.507417224805513
8.167534615923834 12.53860885692719
7.963903210704305 11.559561232545047
7.625363995335211 12.500513515956527
7.6022963237382815 11.500779610096025
6.732367891572817 11.007601627101916
5.732460547331772 10.993989025116292
6.4979508333797815 10.350541574296775
5.697823787115745 9.750711006688897
4.764148655210677 10.108832142705824
5.630347696881514 9.609133013020244
5.979995046479271 8.672251627294568
6.979524986221471 8.641593845917674
6.404315861937801 9.459600241577764
6.376586320925248 10.459215703920776
6.748075252402912 9.530778321115893
7.580920442648273 8.977272323781474
7.718901922227301 7.986837514572315
7.415204248623867 7.034069062613571
6.440424773156123 7.257239343356393
6.323660542850848 8.250399005506049
5.981960420946272 9.190208042859062
6.370938015862028 8.26896082812593
6.236763719178654 7.278003080232751
6.044577626877267 8.259361580438421
5.507031959119914 7.416126942229517
6.449307907149873 7.081289611926812
7.026608094921509 7.897821603461028
6.066621265993417 7.617776449450847
6.381320394455757 8.566967925679455
5.49538000284845 9.030767044392173
6.31031619566967 8.451216354952452
6.971225578328532 7.700750640936493
6.516030090830039 8.59114216614381
7.340695492752056 8.025521290580683
8.317899424026319 8.237824085433052
7.325506905221313 8.360938213866213
8.246247808051278 7.97076365055402
8.161633226813498 8.967177406301078
9.069460407106341 9.386521907542653
9.054751480306106 8.386630089658144
8.554845011210771 7.5205506925145365
8.263324868348697 6.563986002435671
8.653058508082122 7.484913627203294
8.750282802462415 6.489651130882724
7.869556807869587 6.016024988816565
8.809835750539555 6.3564299094206085
8.4449474772062 5.425378596128048
9.369672262331793 5.80601499976599
10.021357998764325 5.04752590892131
10.998981414892986 4.837163231060131
10.608038873795865 3.9167481455902524
10.68529416030015 2.919736801268062
11.536493289829707 3.4445796747912976
11.887867074926577 4.380814935367772
12.868138425636294 4.578471402445747
12.45923795657584 5.491050388836592
12.37721008290032 4.4944203531963485
12.864475236528994 3.6211662836042144
13.73447119513262 3.12810743111969
12.783206256366284 2.8197326327429773
11.840928105805071 3.1545637647706584
11.354991106748127 2.2805699244333644
11.262576602538902 1.2848493012604971
10.88105608769162 0.3604889295706105
10.581127073978287 1.3144504522396057
10.049517289726612 0.46746105603213994
10.72567974618194 1.204213614548428
9.846432553601518 1.6805794134251393
10.483412409022513 2.451459860568436
11.23403726492867 1.7907312281512673
10.424756830961392 2.3781537159722017
9.997283308839007 3.2821815849476463
10.460178837969949 2.3957687414539475
11.437017429625685 2.6097462305784718
11.728668036692428 1.653221310151617
12.679872237568626 1.344659212292087
12.727899680861833 2.3435052287984943
12.015440480337599 3.045218765498742
13.00537057452626 2.903661679418151
12.024773188559504 2.7076291141766466
12.377572590595108 1.7719301337757272
13.141276556540452 2.4174967472242175
13.51181336852515 1.488678965867607
12.942523660014613 2.3108159543214706
13.823913230317102 1.8384258344396138
14.639584663129783 2.4169412738993623
15.63842716498173 2.3688407905946764
14.669602505931852 2.1210933788687654
13.69703604531035 2.353718570269364
12.700385311870392 2.4354945785700353
12.431870092837611 3.398770020563538
12.920130245397333 4.271468149026271
13.808536478270124 3.8124100204708835
12.813521142938312 3.9121320463955493
12.9485378179949 4.902975372788105
13.883623054713448 4.548552461464616
14.399309140519478 5.405330064408377
13.443290023530576 5.112025703800218
13.158664133399142 6.070664375389722
12.396000229217218 6.717459373250703
11.743493709458736 7.475242483165851
11.44033237108255 6.522303239082599
10.440460835472352 6.506274755794848
9.463439341960903 6.293133954406059
8.521926618102011 5.956156520722722
9.409013809106243 5.494554619127612
10.311184419933873 5.925934021694426
11.309695354871176 5.871382094041635
11.286328118109756 4.871655145197034
11.688591867229237 5.7871789712902375
12.346130094890125 6.540600154404024
12.245415565851076 7.53551551946803
13.191246710461568 7.860174488056307
13.171029177732702 8.859970092852786
13.187625526275736 9.859832363975682
12.388185160603955 9.259086908949538
12.485663609282044 8.263849272983478
11.533218882961524 8.568560682852276
11.214195037253097 7.620813994190477
11.353296674509178 8.611092103871124
11.249933573452099 9.605735793510718
12.02424640315462 10.238538797421155
11.377544762419813 11.001281865479402
12.158163966009779 10.376274938328537
12.420572079247771 9.411317953739651
12.023182285749758 10.328967860852165
12.443529056515635 9.421604321631694
12.944746730611943 8.556283084648868
13.474060755533623 9.404709076130276
14.447404556206164 9.634059998719072
15.39033563940293 9.301072052478707
14.391258801587297 9.258113093688765
15.318488613061895 9.632605919671828
14.363449794518857 9.929086703325536
14.255682224071357 10.92326281989636
14.465290083383474 11.901048351244922
15.45583418462993 11.763853659343782
14.591332952469084 11.261222960328709
14.960238918083594 12.190689682989627
15.960235796816963 12.188191178733465
15.18072214461114 12.81457641644644
15.075407789070532 13.809015397237653
15.80262904102465 13.122612271730283
15.85024012466377 14.121478221052167
16.704178507443903 13.601104087937488
16.45973766021576 12.631439882036089
15.796608575060475 13.379944936408545
16.353118873262456 12.549104224842758
16.6420179959559 11.59174468062389
17.606778820244177 11.854873074984141
16.63328849945791 12.08360128779458
16.038805159181127 12.8877092147132
16.74904347247235 13.591670533489479
15.836179391064372 13.183406931297018
15.504841941869012 14.126919249584763
14.791311266205236 14.827543239244548
15.51413644157544 15.518574183451125
16.513826326545217 15.493671695842165
17.475323877779232 15.218858197318173
16.475630901506527 15.194080118477773
15.681344183244123 15.801623210934547
16.288815111562823 15.007281300138184
15.960940883495478 15.952002682646933
14.996749418476906 16.21720980695799
14.956655753455184 17.21640573270285
13.959357928587949 17.289870339930275
14.513532181170207 16.457469656500177
14.698198769934194 15.47466842990638
14.21093884054687 14.601411445271582
13.614332565066363 13.798877363716613
12.83437284297855 14.42470707851186
12.668888032389798 13.438494739578502
11.671608887321273 13.512212490570988
10.67747624359168 13.620380353964924
11.452283854536512 14.25257744824958
10.973401042182955 13.374698611488864
10.169765372673389 13.969820204688029
10.495856185643008 14.915158652915336
10.340301401890622 13.927331386004896
11.243391697666164 14.356782102241397
10.28752078181556 14.65056908668919
11.220696333753862 15.00998999490774
10.373947314333257 15.541982568267787
10.777028858056003 14.626818501496103
11.133871260482099 15.56098310146271
12.097362248161737 15.293242337550831
12.064843061580303 16.292713448941292
11.129464393804579 16.64636122267967
10.440708404792526 15.921367989883645
9.452822550532458 15.766185713341324
10.388493864090456 16.119058485009315
9.479999891355634 15.701160529158248
9.213750212393414 14.737256432034206
9.760678056217756 15.574436181938404
8.87820936063306 15.10406505047619
9.534596704391848 15.858489105602537
8.554564688290991 16.057328858713653
8.35894397991646 15.07664922781728
9.179774246101035 15.647821420868869
8.346473024367064 15.095002215471053
8.996127709241277 14.33477278272
9.974644329179528 14.128604830543573
9.743264740482593 13.155741281049382
10.224405913753461 12.279098154467343
10.170081358665403 11.280574823385647
11.015865180214737 11.814100574596782
11.666593414720511 12.573411291508508
12.664317946440576 12.64083353415866
12.744994192897266 13.63757389315776
11.806716001920858 13.983455428279308
12.532055750169224 13.29506436964258
11.868049196519744 14.04279112234743
12.121760619822279 13.075511166137336
11.983280092820436 14.065876322855448
11.610873638202161 14.993946057605292
12.523364562151698 14.584849108570323
13.521725450762554 14.642081407948742
13.013486598704 13.780865250844034
14.007221720002393 13.669104306422165
14.280655418764853 14.630995159056226
14.603028649501104 15.577607804283762
13.831568822716086 16.21388583758118
14.357753028949888 15.363515223607425
14.36630708738985 14.363551810234613
14.468919710502862 15.358273203177314
14.572101591953654 16.352935708422322
14.92951563638204 15.41898967098475
14.48887357200748 16.31667256104322
13.621853901755461 15.818398649026864
14.327571306324819 16.52689208222712
13.3326769825606 16.627814252941665
12.705595470889994 15.848860610084204
11.710328767883428 15.751679388202405
12.677237347126951 16.00680249453594
11.94863407203446 15.321866535832868
11.774527688092281 14.337139686868863
12.394960983374068 15.121398908112567
12.603059719265195 16.099506732496216
12.804264600490372 17.07905591235967
12.49462282747066 16.128202625884196
12.073073419841226 15.221397190894269
11.179723813474544 14.772034886284175
10.311033744719758 15.267390883973519
11.222967648485819 14.857053760181394
11.581466324567648 13.923523525401837
11.192227017754094 14.844660193888824
10.659743572504379 15.691100611481813
10.044756438032165 16.479637753557984
10.900108332012044 16.997685181372304
9.90710776936352 16.87957556034287
9.460743647138264 17.774426983982615
8.571636147136093 17.31672855331031
8.051853478460707 16.462430023904638
7.327036004053606 17.151370971152012
6.638898412636293 17.87695119089231
5.7896232393550005 17.349000738626163
6.506685923117371 16.65199205320287
5.5075595369112245 16.61020133190441
5.078386448702771 15.706979066701864
5.012695508224828 14.709139049294704
4.041363012933475 14.471414032539897
4.925625620882336 14.938404011215543
4.032057258240001 15.387331155955863
4.953661232482126 15.775462724706873
4.141479938084483 15.192057595289443
3.7847493954869913 16.12626491702167
3.9069217158167016 17.118773820833244
4.903310036123262 17.03386024620191
4.653995210181928 18.002282735390303
3.6588705959821763 18.100908301111346
2.792613715576965 18.600507157345657
1.9462581964861623 19.13312553414516
1.0386356578998073 19.55291277483985
1.8574196966841834 20.12701441900397
2.2246102123609224 21.057160173817188
2.8159161738379472 21.86360748140878
2.055265215450392 22.512768570433757
2.9539126900622703 22.074097034573846
3.07279862615071 23.067004952862533
2.0869740947422604 23.234784550171952
3.0566447932135965 23.47919964079876
3.441397860960539 22.55618009774492
2.5632944920053635 23.03465107223509
1.5681247854310918 22.936481549892978
1.747458084283252 21.952693174314774
0.77495741403058 22.185593252369944
1.6897848848088965 22.589438146740726
1.9799728326420607 23.54640781968359
1.144747812392187 24.096316144360166
2.1028609363492827 23.809926127597755
2.098289724613055 22.809936575640705
3.095532167139271 22.735723970078393
3.500786841078085 23.64992780361375
3.459247887447182 22.65079091843172
3.078812302177252 21.72598349768926
2.0961654672881282 21.9114698796217
2.9104682852866697 22.491910161304176
2.5350420536116283 23.41876243894624
3.263034356335929 22.733177136322144
3.15574716500559 23.727405208032277
2.4885313006029226 22.982540797357824
2.6848631849891884 22.00200329620178
2.563383482032714 21.009409380358246
3.519198238768177 20.71543973769641
4.302268501461233 21.337372984665752
4.561566612302011 22.303170318330743
3.777207308421242 21.682863553563763
4.192761047236595 20.773294924950957
5.129380531961312 21.123643238539028
4.372769953030302 20.46977747873073
5.366414105342956 20.582344341416274
6.354976780153895 20.43153373843809
5.807670003244993 19.594601667150588
6.125166895443038 18.646342354807924
5.125856256979488 18.683467115461326
6.119654582566282 18.79466463369301
5.125092444901642 18.690519761884833
4.551916464920153 17.87108746085426
3.5871867423076598 18.134329863039053
3.882433678180016 17.178908884172678
4.8816911141465384 17.140378679584444
4.19945362673978 17.871509318237287
3.91970772892026 16.911435241588432
3.4779775077134865 16.01428730971063
2.4995616092206645 16.22093272963685
3.008161812536532 17.08193553636111
3.196717028298218 18.063998126326265
2.940838102033391 19.030706963098517
2.4115084067264996 19.879123177975575
1.4265128599272092 19.706543420224072
2.2596265775285684 20.25964515909717
1.263463818840847 20.17212511451498
1.9183281269032 19.416378637165586
2.4650450131627446 20.25369616730494
1.5229274264618715 20.588978813484136
2.2135868913342946 21.312158945665697
1.6348172313338831 20.49666787847795
0.9563404536538458 19.762046028715154
1.5596131234498054 18.96451102266385
2.3191797532361162 19.61494052300579
2.710963348929675 18.694883125804164
2.831184637127237 17.702136007015035
3.1163193232552895 16.74364854712489
4.078884718724188 17.014698098767767
4.986250854587985 17.435039264355435
4.885449145361907 16.44013272833454
5.021882038867343 15.449483413203431
4.0759428122750965 15.125139491425848
4.609343217431605 14.279276613780262
5.608317739856487 14.324552474301944
5.643006663716871 15.323950632475857
6.394275879080747 14.6639547491201
5.39475803221952 14.632905211186408
6.3781213225086955 14.814554982206488
7.356017528981392 15.02364589393225
7.012919816222572 14.084346176323612
6.4725461330736564 13.242921026616239
5.717015298638586 12.587807938502555
6.6075492185451985 12.13289109170991
7.560831501236625 11.830810159662514
7.0281006294016874 10.984525445045744
6.118168743348776 11.399283160759618
5.2375299788355125 11.873071474710642
5.724352190047193 10.999570395907089
4.758757936468291 11.259623731696887
3.876677989475006 11.730723473909006
3.481365102272452 10.812176947481747
4.438819781349371 10.523593272417278
4.394751626284368 11.522621799391942
5.394726321765791 11.515507841503783
4.465356835826759 11.146356979923564
5.458230236808447 11.02718311692057
6.388608807506647 11.393783328575685
7.165097731574982 10.763652428841988
6.271251850666903 11.212026760381672
5.5601971677801405 10.508890046829602
4.6760945649650765 10.041597218192537
3.9369582931987885 9.36804130235523
2.9820905691003854 9.665072663452229
2.74399348847972 10.63631402387708
2.6307893518535628 11.629885774406818
1.7486332851648347 11.158928585265095
2.3472915088372925 10.357924008980204
2.320812290291399 9.3582746449604
1.471349751131406 9.885923576129464
0.7746390921772341 10.603275831091867
1.6588234276788245 10.13613767074355
0.8571896304235611 10.733953072935654
0.6120666072605994 11.703445055117792
-0.38017950411373325 11.827733648570753
0.21020831600336687 12.634853355836892
0.8726986022710568 13.383923860262847
1.1083638059034344 14.355758162907547
2.108293731044129 14.343919885662748
1.4557151524503071 15.101640941698852
0.5299275268501322 14.7235969333009
-0.031852893651551195 15.550883316085574
0.9620336289455866 15.661289747962385
1.6763273333529267 16.36113580520929
0.9502614377171964 15.67351067827261
-0.037454925289064356 15.517253242450552
-0.9393159800757511 15.085227042019323
-1.6786004122748108 15.758620335948
-2.342718173415326 16.506248317859935
-1.9595931768203512 15.58255181089236
-2.354780643134783 16.501152304288688
-1.8234455942649592 15.653990533525569
-1.047030472357945 16.28421236627505
-1.6194124632857312 17.1041994737722
-0.8524721961485083 17.74591796863072
-1.8355037796339628 17.929354349619008
-2.2243707239072767 17.00806042276855
-3.1764175548608584 17.314012758388404
-4.001646894572692 17.878810542448125
-3.7525337662580136 16.910336149755537
-4.549528727897333 16.306350197003702
-4.177066629553705 17.2343976016644
-3.2979743992889556 16.757745893718077
-4.2931150611095035 16.856209405697708
-5.099587483949532 16.26493769895153
-4.121431755852775 16.057064248045688
-3.188596660451281 15.696760647193177
-2.7820032159524644 16.61036984750291
-3.1476271082182046 15.679607165932332
-3.8496146603738386 14.967417951875744
-3.6516954521920715 15.947636288284883
-4.518847524790138 15.449592833364655
-4.079592127895953 14.551230603359778
-3.2027924481457983 14.070374781319506
-4.1783797993696075 13.850763032699101
-4.381929372269952 14.829827673758151
-4.054512710832602 15.7747077348311
-4.364593012661631 14.823997365466372
-5.3501129937133065 14.654438033821354
-5.944890136000114 13.85054740008245
-6.152363951682311 12.872306828542774
-5.436938841307832 12.173617404373735
-5.600209613065932 13.160198701119986
-4.960360375295136 12.391698243784969
-3.986203181461422 12.617569361243628
-3.0057766270107367 12.81445453419466
-4.005110372167141 12.777957057683594
-4.418710849594104 13.688415538380099
-5.391704765993505 13.919246295970494
-5.157228757957225 12.947124389183402
-5.7267462295370715 12.125145162216382
-4.7555862614488476 11.886716312487833
-5.693911058635695 12.232471391965
-4.923366231118232 11.595085583536477
-4.913469104751925 10.595134561291042
-4.867227437487275 11.594064843246988
-4.689041994328934 10.610067918533062
-3.838655801396863 10.083908890414664
-3.440717686057984 9.166496629563229
-3.8798428638120668 8.268070740431329
-3.033410975569756 8.800567743771776
-3.3513998858523752 9.748662176271658
-3.1761572134131617 10.733187445503669
-4.170878690784806 10.835799250163625
-5.042911578385792 10.34635196705513
-5.721364017903003 11.080996294136709
-5.704598816549069 10.081136840001498
-6.644513196488639 10.422547089383112
-6.842748235207586 9.44239257634749
-6.545679090163716 8.487536606547383
-6.738154496650474 7.506234808985718
-5.752544784098298 7.675271770987573
-6.722498490265882 7.918561326644546
-6.987774201239549 6.95438872945698
-7.285940899116656 5.999874915896871
-7.569974985937023 5.041060732895743
-7.839621499131444 6.00402010790701
-7.892288693148395 7.002632228139076
-7.16562264340981 6.315641360545248
-8.070537666922116 6.741233653969041
-8.87159625865241 6.142647709751271
-9.827246410917732 6.437152016129404
-9.340048184674757 5.563860605232847
-9.760820626315503 4.656694384325298
-10.5053234557701 5.324313689718799
-11.256030279520632 5.984949190410662
-10.302973467977209 5.682157654910272
-10.068948452424 4.7099270793288825
-10.676619374329029 5.50411600563741
-9.709677287651939 5.249119925250757
-8.711222572910678 5.304691344262234
-8.502051071138421 4.326812372790641
-9.42680659518414 3.9462506553952506
-8.603219613817968 3.3790606659524194
-8.248521225179358 2.4440798890927167
-7.253745999003984 2.546169307681192
-7.850058227607731 1.7434167144012744
-8.284214694861518 2.644254192496913
-8.084135538512129 3.624033928557277
-9.08385389091114 3.6477660982138493
-9.798550482454688 4.347200714197383
-9.619157988112748 3.3634231311158325
-9.622859703270034 2.363429982486856
-9.770723836515387 3.352437666026069
-9.770109822059645 2.3524378545329627
-9.155680593630525 3.141409795258357
-8.171338383898828 3.3176778131757314
-7.639770274271654 4.164693364879118
-8.365432906720084 4.852744048962793
-7.952125178169632 5.763335462012832
-8.316614719973613 4.83212798034426
-9.188857871671246 4.34305550686351
-9.844746682225987 5.097913022020568
-9.499366842765188 4.15945004113425
-8.603726267390499 3.714671489782572
-9.381333643019916 3.085921325276247
-8.481181174703169 2.650346379046249
-7.62323953257503 3.16409353349333
-8.507420553811757 2.6969491000631782
-9.15879181534548 1.938189929016155
-8.210977543383645 2.2570129298574635
-7.999471772347057 3.234389678515942
-7.428992961262697 2.4130773590516745
-6.543521257527603 2.8777706577815683
-5.958581209020832 2.0666941264647654
-6.376555951645735 1.1582354787940825
-5.536016816696726 0.6164846480432922
-6.521254914537797 0.445295014704976
-7.313895888741084 1.0549836942899466
-7.779698002435916 1.9398726087178688
-6.788450086961814 2.0718861310110324
-7.784434903582335 2.161408447007587
-8.544879929151183 1.5120061348099831
-7.988211068683013 2.342740616931118
-7.093421676176586 1.8962521590086547
-6.3325084689829065 2.5451058336674555
-7.331596787557395 2.502414714122488
-7.460381199142208 1.510742099126615
-8.460069540775292 1.485777732463398
-7.501571540409343 1.7708769841188128
-6.517805431260338 1.5914215788231592
-6.9783783895181575 0.7037997279645625
-5.978449416997348 0.7157181973914228
-6.9121575506101625 1.0737532811824881
-7.84239112171001 1.4407212677955232
-7.909999142261491 2.438433228011051
-8.597560446327837 3.164559562164128
-8.09525016317885 4.029247008264038
-7.135242910502365 4.309222140746455
-6.142768891539467 4.186766754243312
-5.149535874239739 4.070628158825263
-4.152130126242752 4.142612697877556
-5.0878996649499255 3.790000488180042
-5.660099745701913 2.969886430510367
-6.183187404421527 2.117607543469726
-7.108820555197567 1.7391854640604762
-7.477318842500883 0.8095570370776721
-7.124099100345167 -0.12598334887659013
-6.130354412888506 -0.23765920191413903
-5.29709106006433 0.3152170815708859
-5.100091808029994 -0.6651865570891875
-5.6798318708400855 0.14961492767440254
-6.678876559841875 0.10591470596652866
-5.802265750347604 -0.37528534461306007
-5.233929637632733 -1.1980818340222879
-4.912947823492154 -2.1451671918391124
-4.839317771375991 -1.1478815680455219
-4.250914527538765 -1.956449204450684
-4.5395289805122365 -2.913894606306489
-5.427294603380029 -3.3741903795373105
-5.375356770218532 -4.372840699462403
-4.772848484724484 -3.5747280721277486
-3.8934638829665853 -3.098615982183478
-4.792047553226366 -3.537418201346578
-5.671916489926011 -4.0126346301777325
-6.377381872893942 -3.303890252116142
-7.281003142226538 -2.8755579026376705
-7.803375296396118 -3.728275518585783
-8.561170507239545 -3.0757830524049345
-8.748203675710048 -2.0934294531893136
-9.41333135609838 -2.840159102246613
-9.725079615597986 -1.8899943677405555
-8.825545323084203 -2.32684452121624
-8.334345380572046 -3.197891372123844
-9.12149835086774 -3.814649186305933
-9.216411151876297 -4.81013477646016
-8.237563366499925 -5.014724641956406
-7.908931652205104 -4.070266492349106
-7.448333508917269 -4.95787527463993
-6.521133003589759 -4.583309895940284
-7.344221062864129 -4.01539612900031
-6.749704814550016 -3.211312532295022
-6.293731132412815 -4.10130579136963
-5.301253071967343 -3.9788831646440386
-4.7674463749256795 -3.1332766307327464
-5.441885911921127 -2.3949465480885634
-6.440182902832968 -2.3366102991830604
-7.279373477493794 -1.7927728423998488
-6.295902520192808 -1.6117068982096698
-6.327927682761303 -2.611193961138681
-7.26293167749079 -2.256556780572539
-6.316072051718235 -2.578203868359539
-5.322927143881106 -2.461314210830824
-6.270297798353434 -2.781452997991444
-5.44890667532756 -2.211087656289922
-4.814707513008017 -1.4379179320293365
-5.385162310835835 -0.6165889336156536
-6.348238648634699 -0.885817400854776
-7.341319211845182 -0.7683823338025975
-7.569088448669714 -1.7420974742602007
-6.647938326542585 -1.3528900070846912
-7.232150127641287 -0.5412887678932943
-8.19646546461794 -0.8060451292363278
-7.5842876441126315 -1.5967652542371837
-8.283816914549652 -2.3113692003512876
-9.28378871888077 -2.318878564024067
-9.005977405516438 -1.3582429025130103
-9.955946376984425 -1.04589861611088
-9.11771700136144 -0.5005808061663475
-9.28314472123008 0.4856411107971029
-8.864644988045354 -0.42257580895517377
-8.675076259521337 -1.4044432629253047
-9.42465739636927 -2.0663557339377197
-10.37268773983591 -1.7481758039193078
-10.61715050696647 -0.7785171240288681
-10.258805129571149 0.15507196679182356
-10.992479055664585 -0.5244297404691984
-11.734799298346077 0.1456155246474875
-11.322529698584308 -0.7654463706770128
-11.844174560049145 -1.618609097539439
-12.646248307644557 -1.0213840952009132
-12.90600846797712 -0.05571093149385409
-13.583474721412017 0.6798429247647367
-14.391319996009894 0.09044830966388684
-15.16540586661867 -0.5426323052058581
-15.88788561914355 0.14875977400216178
-15.03479548374475 -0.37300379399129047
-14.064282991803374 -0.6140546247007918
-13.146072512728999 -1.0101474372056476
-13.508272738972991 -0.07804712280338266
-14.051246367867792 0.761702624636181
-14.495277439880212 1.6577140124474639
-15.46227803444176 1.402939896576928
-15.3290335194261 2.394023091479476
-16.274374042645118 2.720107888978516
-16.661486848136096 1.798075527385441
-16.699498932001262 0.7987982478077316
-16.975279645948593 1.7600188248943336
-16.80247153760944 2.7449743354085103
-16.996217903268743 3.726025988377818
-17.080827969657765 4.722440127511565
-18.00997907837976 4.3527399555334
-17.019620096195673 4.214215277561207
-16.978661964039368 3.2150544139309973
-17.95921695668146 3.4112989206176088
-18.53054608235426 4.232019963456133
-17.65276742862639 4.711086383756793
-18.521913373159755 4.216530697204508
-17.785013651556774 4.892532768430216
-17.552233903602314 5.865062248159369
-17.62772896910391 6.862208423544357
-18.46395262663126 6.313819880090379
-19.441262345293673 6.525635162371902
-20.23853264737229 7.129257615088393
-21.191618910108733 7.431956435342245
-21.927602363778792 8.108955959658099
-20.941335085759608 8.274113025230927
-21.239492654775805 9.228629690375309
-22.07573472020753 8.680269217691071
-21.143150829126448 9.041222519512877
-21.689312176772834 9.878902519475323
-21.992007311033447 10.831989952870051
-21.149057131409645 11.369981583541195
-22.14091246314663 11.497351128193404
-21.816014358771138 12.443100155035733
-22.81505930480103 12.486794500346479
-21.82803279312596 12.647351858479158
-21.853643519106562 13.647023850041764
-20.9902355856453 13.142517417539509
-21.321421957313152 14.086082776813303
-22.261795362181555 13.74593889635063
-22.54082783777786 12.785657230607399
-22.429278533361803 13.779416131289196
-22.923497064505472 12.910078427359249
-23.33179981445051 13.822924999564743
-23.798523190481337 12.938521646865091
-24.74373732074443 12.612070658275709
-23.88300590929309 12.103011293033322
-22.970489501685144 11.69397119005283
-22.790678710002812 10.710269975661705
-21.842106085455598 11.026829568723755
-22.4294783589598 11.836146448764264
-21.77383713769583 12.591219020759493
-21.18970976690908 13.402881028431258
-22.189044298136228 13.36640508160301
-21.626291395930163 12.53977991197735
-21.62939803482821 11.539784737591615
-20.640653418625167 11.39017162342879
-19.800182590949767 11.932028419848864
-20.157974503542984 12.865829762363902
-20.232883779388533 13.863020115502305
-19.290026314530877 14.196216455461482
-19.203829606846412 15.192494593124032
-18.215478686718363 15.344686769933608
-18.767795224154256 14.511052292194817
-18.158825618399 13.717858734942688
-17.920436167671305 12.746689094878837
-17.375283158078055 11.908352529929282
-17.407546547199665 10.908873128579565
-17.08778021526656 11.856369562853619
-18.055151139503945 11.603005210704172
-18.168351766614798 12.596577361089693
-18.87072013140279 13.308391016581801
-19.56535888906631 12.589032276903412
-19.874204950423774 13.540144315721122
-20.496654455175698 14.32280427638992
-19.82588944468883 13.581134335845912
-20.1436179705697 14.529316060960655
-21.05997978591924 14.929667186061229
-20.455504884049017 15.72629137161486
-19.70660205584854 16.388971199218904
-20.07090664720591 17.320251052279165
-19.31026219172773 16.671082343582952
-20.184110953211352 16.184884501081015
-19.686630777408364 15.31740915579273
-19.250240758888037 14.41765154858075
-20.23301883961075 14.602441277870502
-19.261196843828632 14.366725329080314
-20.261181307309233 14.361151031149877
-20.30930019084735 13.362309415553568
-19.67525498964345 12.589013428993242
-18.70894846779693 12.846407496207076
-18.963512161634767 11.8793514865677
-18.85500904030408 12.873447594930216
-17.97882760307199 13.355429014748358
-17.169821177966693 12.767629215379266
-17.162904988413278 13.767605298254281
-16.275148369918533 14.227918437670024
-16.267707631209483 15.22789075499059
-17.26061450036407 15.108996057103631
-17.01865260619866 14.138710304465839
-17.483043498614283 15.02434064441667
-17.45960653699856 16.02406596110632
-17.988422752989514 15.17532960056495
-17.9517296552335 14.176003019022627
-17.793926750281035 15.163473648048404
-17.52794971853778 14.199494281783208
-16.761228987841932 13.5575135023815
-16.47015597009303 12.600812661816098
-15.60488925663691 12.099500868034175
-16.1935150153763 11.291095204924074
-16.83266414236195 12.06017803107057
-17.529098504963642 11.342557533462278
-17.119254142385863 12.254713001824559
-18.091489521524906 12.488718060638172
-17.093382507657413 12.550219189640117
-18.093382211806475 12.549449968094722
-17.523154601258874 13.370936713069451
-18.521541107279713 13.427720377934431
