0 0
-0.10263406083418825 0.9947191812550334
-0.25667718592005195 1.9827833065089466
0.18540314783572143 1.0858078450238602
-0.6884582487800049 1.5719829775685144
-0.5634542606360663 2.564139216750686
0.3613662725115607 2.1837355082139016
1.2304100377784877 1.6890002921127205
0.31055910177448376 1.296732200710223
1.0338973886117349 0.6062383753972442
0.9952275399945383 1.6054904170803839
1.5970365370675683 0.8068503660924851
0.8130374916531046 1.4276123952060655
1.7641300592848876 1.7365184129454132
0.7694103037160895 1.8391469074347637
0.2272436070533398 0.9988759552831367
-0.13850065616082807 1.9295913435334469
0.6951538508942231 2.4818776486930076
1.6760335357994292 2.6764927656296527
2.2767599819420585 3.4759474153158285
1.4545009952429 4.045060900301444
2.4072537633249196 4.348807773391603
2.107694161400598 5.302885361900495
2.0872362263614614 4.303094647353729
2.8842462267251525 4.907060755111663
3.851989792452769 4.655123479201966
3.965078397251044 3.661538572178525
3.7194278365738525 2.692180123492498
3.296251557239771 1.786132753533861
3.8522798366126185 0.9549693805814247
2.9013980355605455 1.2645235768507788
2.496191727972251 0.35029830467183687
1.9201435811734844 -0.46711746014415123
2.4312299719900756 0.3924118884659301
3.4236022326276325 0.5156892031556366
3.6253171787032104 1.4951334744287532
3.0376120683533485 2.3042086892689166
2.9134920553160075 3.296475902454765
2.0099710234779624 3.7250196517106775
1.158176994894717 3.201142821845178
1.9146577557866733 3.8551587684400044
1.0148194501708114 4.291382362192537
0.1050964908621086 4.706598134179363
0.2744076958141416 3.7210354949332873
0.0628547251642739 2.7436689615338588
-0.37005580226455415 3.6451058562975986
-1.2515557010339595 4.117290066611252
-2.1981075695990726 3.794738427155036
-2.5707680380861393 2.866770660889957
-2.2629369098598575 3.818211671407653
-2.0696419920848053 4.799352372205625
-2.0515413244071405 5.79918854170022
-3.0505492308401907 5.754655375584904
-3.862006887119948 5.170244157293397
-4.74335910004156 5.642703972281062
-5.727975609299506 5.81743327633936
-6.573645436806441 6.351139696428524
-6.548451467145533 5.351457114859391
-7.512883192237659 5.087125036526426
-7.067017765607244 4.192025030194352
-7.998057410025323 4.556943076503188
-7.153871619042183 4.020892378992057
-7.525691067061272 4.949197446345877
-7.324429911831439 3.969659827162442
-7.53369272390765 2.9918003917209486
-7.668954700998766 3.9826102612486003
-6.670127114053945 4.031019470682203
-6.3537625965301885 4.97965717394513
-5.635226246505224 4.284167768064061
-4.641987415937184 4.1680788992960665
-4.254050599432286 5.089764868810654
-4.059299816447203 4.10891211098882
-4.27369918311974 5.085658194456993
-3.275012340992403 5.034427428683614
-4.171423400772488 5.477651087691055
-4.345716613098187 4.4929572895298255
-4.797477614217585 5.385096290957069
-3.9907144133867773 5.975971182778705
-3.3180994993611854 6.715963870195511
-2.7044171112055735 7.5055168617468215
-2.300883239625983 8.42048156843664
-3.1860712269267775 7.955248049504085
-3.199625115485647 8.955156191337592
-2.7753371634970065 9.860683514943723
-3.7541246722020336 9.65580547121281
-4.300572986072604 10.49329830119287
-4.7031869163044915 9.577928417930792
-4.061005824795577 10.344481381338031
-4.331905255987332 11.307089036709618
-5.330195515626774 11.365540362691284
-6.330003290813029 11.345933917906207
-7.042981538937054 12.047120068441139
-8.023588937392862 12.243102542386472
-7.984799589258451 13.242349952426302
-7.33805720071197 14.005058470050953
-8.254402053821707 13.604668522400798
-8.579103203708192 14.550485187120973
-8.647116950773789 13.5528008030545
-9.600457921888571 13.854696468465457
-9.90928746880669 12.903579067220821
-9.064552956131298 13.438764645403817
-10.060241536274349 13.531523749392122
-10.447554777592996 14.453471932913974
-9.485398993608898 14.725971928044148
-10.403521019498207 14.329674128937324
-11.264790948323226 13.821526404646693
-10.931546087798557 12.878686087873012
-11.6016035130836 13.620995354163268
-12.395518507038618 13.012966586444666
-12.148109167310261 13.981877634278872
-11.500750693291169 13.219691957349903
-11.588219578407434 14.215859209439891
-10.664532054707944 13.83271255532178
-10.005813106443153 14.5851016482763
-9.177572549615526 15.145474363552358
-10.094207988308808 15.545198609166226
-9.871340984118511 14.570349749884315
-10.078592249654543 15.54863749535275
-10.057241150568471 14.548865456051882
-9.585553108595276 15.43063095268888
-9.067918348053986 14.575029261082696
-8.577894327046415 13.703320330971518
-9.065599632127435 12.830312006042238
-8.612959802334268 13.722005442423157
-9.567536998532246 13.424041725674273
-8.601381912276288 13.166079811233901
-9.58101541454742 12.965285883965178
-10.408490419910986 12.403783332324881
-9.411132047521356 12.476421318422432
-10.408701440216161 12.546101349697675
-11.206140319187345 13.149501079814604
-11.270098221433068 12.151548482373059
-11.949604665217144 11.417878943100835
-12.007351413682617 10.419547678919619
-12.582902068017123 9.601781548357145
-13.473253766681927 10.057054930716248
-14.397833475411062 9.676066266572093
-13.49467591251432 9.246757034686247
-13.0886889853795 10.160635918891167
-13.512697817889046 9.254977865344525
-13.627142070708764 8.261548193451977
-14.4378703498995 8.846970824822193
-13.975361171195333 9.733585318057218
-14.69498115011377 9.03921719815148
-15.653906910126587 8.75556003398346
-16.584581190728038 8.389711180729867
-17.582360266465567 8.32310100117478
-16.587441135980946 8.222423676042814
-17.566270960930126 8.42709945328564
-17.54935796120853 9.426956418276342
-17.190385638731172 10.360304623232677
-18.018049328667995 9.79908023285022
-18.221101271462842 8.819912265376182
-17.956274951793688 7.8556161384470675
-17.054821316122794 8.28849180504861
-17.58796378656242 9.134517281150561
-18.04406245850921 8.244588069668898
-17.098209490254522 8.56918345232829
-16.598031371139204 9.435105994567643
-16.1456059435366 8.543303756143338
-17.130508756745844 8.716411955061007
-16.132661392827966 8.781991207284136
-17.0250025259091 9.233352816430818
-16.31762457595155 8.526517308045834
-16.345350648897465 7.526901749503953
-15.946740564931641 8.44402224374708
-16.855781483589748 8.860729104987962
-16.52818761980691 9.805547743887423
-16.059793623645618 10.689067446191823
-15.132806386439452 10.313974574949407
-16.11161103925254 10.109178452839023
-15.552586851818802 9.280027104854803
-16.450670897218156 8.840203222602907
-15.732969554163857 9.536554270694353
-15.68984108935251 10.53562380557319
-14.697055574116577 10.415720007727908
-13.714712133463403 10.602806524093156
-13.963603002800449 11.571338059542905
-14.694480724182739 10.888829630007391
-14.217036238436842 10.010167713778609
-13.224221931725936 10.129832881601752
-14.203896689795746 9.929240338368317
-14.349719006352622 10.918551134829158
-15.19450494498454 11.453655533885817
-14.23795519976898 11.162086356968834
-15.192734482334995 11.459401882265992
-14.958611095332731 12.431608773652073
-15.60151679944286 11.665663439034347
-14.602048857722952 11.698279899206643
-14.883930708004359 12.657729023695238
-13.945071954567078 13.002031566663188
-14.921148687533668 13.219457902145502
-13.939880994752063 13.412107104331923
-13.400412712506622 12.57010118246964
-14.14517577605417 11.902772193757723
-14.56823525617522 12.808874106502481
-15.173007562609975 12.012475677718504
-15.017631694137117 13.00033110210828
-16.01739485543216 13.022093944692449
-16.771826831842723 12.365715705436113
-15.790724111276733 12.172228104546521
-15.2817454913619 13.033007265812401
-16.28170475285737 13.042033635483447
-15.54261455122233 12.368427167397607
-14.551857720144557 12.504077090629174
-14.971093906163643 13.411954296165348
-15.914172489751408 13.744524266514592
-14.921103767480373 13.86205942230627
-14.829788018324258 12.866237433215822
-15.66336724691287 13.418637351450444
-14.673382453539789 13.277463313858332
-15.213457785021198 12.435846633697318
-16.104211379514535 11.981360072952997
-17.06884467445152 12.244955608383732
-18.052235417938455 12.426456698254315
-18.993001250563566 12.765513696656035
-18.725312182216918 11.80200834499072
-17.953691821134857 11.165925002681249
-16.964935430711915 11.315460284129443
-17.461756696278478 10.447607399084497
-16.512571923158568 10.76232674465656
-17.171277633052224 10.009926061673422
-18.13317860340595 9.73652795774334
-18.900545728375324 9.095319960665766
-19.852712180784906 9.400899814232309
-18.867817648217386 9.574055119431453
-18.126311205701843 10.245000866647977
-17.552122183535133 11.063723632193945
-17.6358233011313 10.067232727612698
-18.57596012437612 9.726435495260182
-17.821466279719655 10.382742617250722
-18.625556797301673 9.788235729540679
-17.627234989787667 9.730325724861293
-16.776357021231565 9.204962343356794
-17.66170314175373 9.669894861983263
-18.632488848975836 9.429946720391632
-17.865062955108847 10.071084379106553
-17.088732053735445 10.701409954958242
-17.927774162376405 10.157343470117162
-17.83048297037988 9.162087511099635
-17.584256957969586 8.192875072667004
-16.820042523757117 7.547912826840696
-17.377977589550113 8.377797434698056
-16.651213241904767 9.06468431256925
-15.752518943243704 8.626108711841052
-15.787435296514847 9.625498950073467
-14.814360504774227 9.395009363152607
-13.854338800316084 9.67493493713484
-14.316138616822187 10.561919113698846
-14.095337866655491 11.537238050624518
-15.083072113498261 11.381093701978953
-15.801187468180558 12.077017790777091
-16.69060828501335 12.534107071535773
-15.773573028515914 12.13530093023316
-15.267416287993433 12.997742437828695
-16.11116859420283 13.53447518861471
-15.849104576342823 12.569424697426259
-15.256684911543278 11.763795166712052
-15.822506920890886 10.939267754349167
-16.03765629822373 9.962686602865436
-15.082001054592729 10.257174387536669
-16.011641643848577 10.625641991008177
-15.011819654955914 10.606774279787112
-14.075200523634324 10.957123538159939
-13.871554056098352 9.978079046698943
-13.065997890824208 9.385559625423305
-12.292099798377887 10.018869772592875
-11.50649388056839 9.400142577536203
-11.384980843569613 8.40755274188437
-10.448685200789406 8.758765596590456
-11.129565628049908 8.026371000915724
-10.149499508298762 8.225042591526794
-10.019810296525533 9.216597284092785
-10.628440890795215 8.423143567913364
-10.124444436110137 7.559437846232147
-10.198128508937815 8.556719480180917
-10.218407185796043 9.556513846670786
-10.75782891627411 8.714478101177729
-10.573221688383056 9.697290479717184
-11.413126301402063 10.240024522347083
-10.434929138475496 10.447702904569253
-11.395969145163189 10.724112212563247
-11.287382391183732 9.73002523605656
-10.352281257450663 9.375644269170456
-9.357911468321024 9.269678602720052
-9.494425974690124 10.260316674646829
-9.813625502376995 9.312629140949946
-10.072737734114284 8.34678192147674
-9.489851010811417 9.159335346057086
-9.944489764892651 8.268659421106005
-10.373637881673691 7.365425290958518
-11.36849322357072 7.466731009942915
-11.184714601429446 6.483763351246122
-11.48240107490673 7.438427042557706
-12.181759273621497 6.72365567359387
-12.747973624213959 7.547913709152612
-13.747965040772915 7.5520569938895665
-14.229988383026686 8.42821536856991
-13.422157022285893 9.017629054026635
-14.149055228921789 9.70437427402421
-13.671632895356002 10.583048226871679
-12.819540590997946 11.106439767550144
-12.190119699641272 10.32937520039773
-11.190186870375719 10.31778481830804
-10.196545996400415 10.430380615590158
-10.725364425011918 11.279115597525545
-11.096211054248252 12.207809722404155
-10.097543443782136 12.2594140226697
-11.085810006450798 12.106675025975772
-10.844255508816213 13.077062280978899
-10.318356275892093 13.927609161997118
-11.068515859216392 14.588865995267456
-11.695878889789062 13.810139067602389
-11.977876032966043 12.850723823174814
-11.913658643476428 13.848659756432625
-12.73056410915555 14.425431340461845
-11.745265661020179 14.596273279405503
-12.608179088479668 14.090921504193307
-11.60900797328877 14.050214225136862
-12.602825191504584 14.161242765511771
-11.857531166127007 13.494506823975327
-11.149390994188575 12.78843494598626
-11.16537029856649 13.788307268751321
-10.539446879115523 14.568191794166982
-11.461136894068247 14.18026458922197
-12.325814619350739 14.682591605616963
-12.807684172415108 13.806348640549885
-12.051390838928745 14.460581316074492
-11.221900278571056 13.902060582101718
-10.271780521342045 14.213945892629617
-9.286259798007228 14.044390875370858
-10.249071632232548 13.774218019821536
-11.249064772416382 13.770514023969028
-11.766450972321453 14.626266044210752
-12.718499941553643 14.320320362456748
-12.386055760749581 13.377197429510296
-12.810688095959078 14.282563311292092
-13.525011108391455 14.98237945422503
-13.141838556282723 14.058702673467563
-13.348351860232457 13.080258880860258
-14.326793759011654 12.873736604305499
-13.663295073907598 13.621914053086996
-14.228377486129034 12.796879588717173
-15.221039515116697 12.675957728798899
-15.627699502527364 11.762378145708757
-16.61315483413234 11.932312807891961
-17.606927090015827 12.043743070550944
-17.788871567350462 11.060434264952505
-17.91596894853896 12.052324508726999
-18.665015490992303 11.38980712990687
-19.51265171001852 10.859229293774472
-18.61555469912026 10.417395667804913
-18.434466725202398 9.433928766632167
-17.650818717524803 8.812723647478327
-18.646506951628094 8.905486465828513
-19.443470814122563 9.509513453535105
-18.787048851181556 10.263907386814445
-18.88054685056082 9.268287919290795
-18.02274865432425 8.754301290541283
-18.694529341141774 8.013551191777214
-18.10871913770139 7.203102917335757
-17.117465970625833 7.335077001013881
-16.574411865897023 6.495379293897093
-17.38470344462514 5.9093523683703735
-18.24902212155086 5.406407814053126
-19.17569185312383 5.030531227143968
-19.54869157478342 4.102699772815184
-18.55841127597412 4.241785824560742
-19.131777834724268 3.422486862455325
-18.134489266409346 3.348896703409601
-19.07670214727915 3.013881946834571
-19.116766823652753 2.0146848583144537
-18.748591852331188 1.0849283361580526
-19.25223226876959 0.22101495454520026
-19.202074079320365 -0.777726331289713
-18.255375236502907 -1.0998463415468926
-17.653128185604867 -0.3015365710413489
-17.006561119134954 0.46132057715645847
-16.00656415183544 0.45885777554450163
-17.006405519370958 0.4410465497385576
-17.852184595112416 -0.09248672479820985
-18.432780827755682 0.7217049078291753
-18.207719305170667 1.6960494624153413
-18.048622545450517 0.708786467541863
-18.91886685886908 0.21616609142791193
-19.787618159164342 0.711414693884591
-18.806798204958437 0.5164987698775269
-19.800479176572065 0.6287401466197723
-20.665934958505737 1.12972546528448
-19.92661687621067 1.8030818146208067
-19.330329322149304 2.6058527364107746
-18.944031240138653 1.683478738601376
-18.03933468808363 1.2574222297909212
-17.50548730504478 0.41184138112973456
-16.705773929013645 1.0122233563728975
-16.961387831329443 1.9790023036731008
-16.594387973369816 2.909223301209501
-15.625876465114525 2.660254511243646
-15.576146599968782 1.6614918064370507
-15.374800668200194 0.6819716097283564
-15.604811444755434 1.6551596915853302
-14.662621258013148 1.3200811157161232
-14.983183793377087 2.267308470114761
-15.978692456764444 2.17263798305191
-16.85780062491653 1.6960156706406186
-17.662024626407344 1.1016893668090426
-16.843026011907106 0.5278938723629041
-16.199745739323507 1.293524652115631
-16.94967384631233 1.9550439899646168
-17.829346590486445 1.4794644875076899
-18.828798467050074 1.5125695691937604
-19.82116582680651 1.3892528092215612
-20.57827231391025 2.0425442963736833
-20.00865327038557 1.2206354539501283
-19.016497126061623 1.3456401949811914
-19.430866930693483 0.43553159431347266
-19.86108579655426 1.3382562076133793
-19.193862511714386 0.5933984438977219
-18.481117203975906 -0.10802448579361623
-18.781882518477136 0.8456736979065395
-18.230734558672694 1.680081228075942
-17.92101903225994 0.7292519622774649
-16.99113229803306 1.0970979375291545
-17.944094319812447 1.4001876685431716
-17.218117819334605 2.0879071758671572
-17.933498897117975 1.3891726672378037
-18.66114071707318 2.0751299413097946
-19.313146996343686 2.833343507392485
-18.928899046222437 1.910113572420911
-19.18927126037596 2.875621889369446
-19.631601069454494 3.77247435215279
-19.31971887172463 2.822353573125623
-19.860485190631287 3.6635264378425862
-20.542160098984258 2.931871246292655
-20.663363996506245 1.939243614587049
-21.50818744333494 1.404198435477392
-20.90984106678051 0.6029608841455901
-21.909380740076834 0.6332996630708218
-21.128705664302654 0.008362525380175567
-22.10497485793185 -0.20819800096429739
-21.450947148077486 -0.9646685917625474
-22.340640142240144 -1.42122787174477
-21.837952113729216 -0.5567599741385048
-22.29007392455074 -1.4487161771997683
-21.7906252014136 -0.5823727274313285
-21.979363628724837 -1.5644001232080864
-21.003069553695212 -1.3479517943578765
-20.608996099868744 -2.2670307425387595
-19.736521639675114 -2.7556904567672147
-20.56074924347628 -3.321949105383012
-20.067394891157207 -2.452120683768825
-20.436770498761 -1.5228404996976646
-21.42995327837748 -1.639407931998827
-21.371770867870755 -2.6377139006815886
-22.190618774694453 -3.2117244454370355
-22.098682626744313 -4.207489349769424
-21.725158028471107 -3.279869074826687
-22.198049096159984 -4.1609899735120335
-22.42641043103177 -5.1345664218382945
-23.20302851630029 -5.7645381272615275
-23.039571891605057 -6.751088648949718
-23.11993482124662 -7.747854318271965
-23.613304945291627 -6.8780348423461755
-24.549872947629854 -7.228520757892268
-25.545669061416316 -7.136923270111308
-26.1317426148131 -7.947181124136105
-25.229416770503462 -7.516126521224938
-24.527947422882836 -8.22882614543467
-25.523293227947832 -8.132458472745554
-24.57485409337859 -8.449417788774518
-24.40550688424237 -7.463861335415415
-24.693584875723996 -8.421468285486222
-23.868949746717547 -8.987133295901852
-23.23658187846823 -9.76180153405662
-24.04384483882908 -10.351993462864048
-24.0894806500401 -11.350951606499262
-24.43655555108535 -12.288789019414972
-24.11922767694101 -13.23710490575825
-24.618130858351094 -12.370447178867815
-25.58155528538626 -12.102467005362449
-24.70343748476762 -11.624022517217082
-24.679779747463957 -12.623742633782548
-24.940977563147474 -11.658457338606993
-24.44009962392616 -10.792939406960626
-23.9660983865031 -11.673463584323978
-23.878719528394182 -10.677288431474047
-22.95870250492774 -10.285410036392166
-22.35902213509099 -11.085649659275498
-21.359971737746978 -11.129219184941661
-20.63738906269235 -11.820503697795013
-21.605548522956624 -12.070837993289642
-21.6941304708235 -11.07476910083686
-20.935128239721973 -11.725857123444332
-21.86779700027572 -11.365123172883614
-21.724487858633612 -10.375445200045073
-20.953561386111637 -11.012369350917705
-19.96527298422303 -10.859771727435357
-19.90840893705448 -11.858153658431512
-19.651607647321214 -12.824617883114106
-18.954435633157424 -12.107713996482987
-19.93725846531476 -12.292265562692092
-20.934895809272337 -12.360965853384846
-20.40176644853431 -13.206999590725776
-21.10014346104736 -13.922729671407977
-20.106043396560754 -14.031196540947615
-19.98557670432531 -15.023913910626343
-19.45180875843621 -14.178282915486422
-19.329188479165325 -13.185829255554872
-18.649411404372163 -13.91924805036835
-18.753716736808393 -12.924702728311397
-18.8428145982216 -11.928679851520108
-18.235990122627637 -11.133843984299642
-17.27149858873547 -10.869730218944005
-16.37513252920395 -10.426415559452648
-17.308589372609166 -10.067725830717675
-17.24165877468098 -11.065483464144238
-17.878937439407935 -10.294850021135286
-18.195264345944704 -9.34619977568079
-17.977602756050768 -8.370175476657018
-18.966126432565375 -8.219109461385397
-19.478836183159235 -7.360547459171239
-18.5161328796715 -7.631106786221333
-19.23449683734246 -8.326774252989269
-19.18709433356158 -7.3278983835063265
-18.426916029831602 -6.678183871941271
-17.5135769969084 -7.085383836257222
-16.518058679366654 -7.179952749959578
-15.762187346329826 -7.83467294049377
-16.465082704299956 -8.545966210350896
-15.479024234358306 -8.37956701006336
-14.520593027244852 -8.094243297009143
-14.543305550800726 -9.093985334373645
-15.494084995935223 -9.403853768890194
-15.505497488804828 -8.403918893507552
-16.48604227869868 -8.600214372344997
-16.858278503229958 -9.52835239718112
-17.68137592973473 -8.960452206583142
-18.59805298504698 -8.560823408491633
-19.571428032838554 -8.790041680749217
-20.09845488812458 -9.639890310687116
-19.5814406847455 -10.495867129008907
-20.534808861243388 -10.797676870470465
-21.26245561654647 -10.11172483169742
-20.489322188019766 -9.477481422827811
-21.217452841401315 -10.162919787384508
-21.454379084098026 -9.191392147262201
-21.142531306946886 -10.141524224336695
-22.009133975784998 -10.640523036321918
-21.92098558004047 -9.644415682505239
-20.971144637668814 -9.957149090049947
-20.308592354983794 -9.208133420848782
-19.30861898940356 -9.215431922759475
-18.583744786145214 -9.90431318208548
-19.233424579660984 -10.664521157508856
-20.216299727459987 -10.48024841443737
-20.46835378655047 -9.512535258953777
-19.77373556545215 -10.231913828914132
-19.70457703815809 -11.229519511587661
-19.479971960788678 -10.25506963641712
-20.47941620213425 -10.28840442966941
-21.333968045672286 -10.807770530513256
-22.27287542833787 -10.463600620765082
-21.280170872139212 -10.343028384730296
-20.750541046117792 -9.494799496169833
-19.772643506822934 -9.703884174329332
-19.0314233611629 -9.032622157179754
-18.036287192498047 -9.131131069543226
-18.189542169419227 -10.119317748288132
-18.96993848888102 -9.494032545704155
-19.622056433809824 -10.252150073467385
-20.598631369491773 -10.036972484026025
-19.90678838013339 -10.759020458938812
-18.96600622059993 -11.098032152400208
-19.533937372256318 -10.274956088492232
-19.291579587035397 -11.245143031273265
-18.498092770282867 -11.853730470874128
-19.46422333672326 -11.595676738892665
-18.695151706332556 -12.234839337398071
-19.69481786863443 -12.260676596320879
-18.808707754813497 -11.797201822267045
-19.651290208436684 -12.335769189312554
-19.954114487792673 -13.288815597328727
-19.20751501363854 -12.623541800164903
-19.911390240212597 -11.913218165885905
-20.911072445652145 -11.888009276034863
-21.74567499287033 -12.438861877169607
-22.305570067474488 -13.267425396420851
-22.420978115099473 -14.26074356425198
-22.078297261411556 -15.200195443017316
-22.65339772915332 -14.382112652583974
-23.534423312159962 -13.909044029562107
-22.985779043893913 -13.072988130175702
-21.98579750845884 -13.06691122397992
-22.83316493242101 -12.535904210083004
-23.79547089664794 -12.263935036805453
-24.057623064672082 -11.298908487533236
-23.267833827142457 -10.68553017011211
-23.701891699838605 -11.586415158970562
-23.68015943337301 -12.586178985378712
-24.370855264569393 -13.309324384844087
-23.641525025741917 -13.993486209803546
-23.817478385932912 -13.009087705620663
-24.812725570220586 -13.10646861836774
-25.471022478191866 -12.353710236843195
-25.815883075431493 -11.41505632379988
-26.45825499572538 -12.18144937962564
-26.191031024599436 -11.217814931686132
-26.493557671847135 -10.264674004170653
-25.810107560344633 -10.994671226827846
-26.315590810902435 -10.131834809303923
-25.65336235485331 -9.382532819450171
-25.15506512366232 -8.515526551083331
-24.972851098443872 -9.498785443244337
-25.924533495970962 -9.805869494013978
-25.21808373368619 -10.513632684189751
-24.333955587821208 -10.046388185357124
-24.477275204422863 -9.056711729389239
-24.657053380474256 -10.040418905034326
-24.99047874646434 -10.983195403104986
-25.883281237754154 -11.43364374814213
-26.13377679891966 -12.401761496061452
-25.368688209385635 -11.757836461476806
-25.894094481305373 -12.608687946418451
-25.20428674796107 -11.884695342161752
-26.197640037379763 -11.999800695647423
-25.92242357867841 -12.961182982180665
-24.932653415651302 -13.103854017718007
-24.257872744549918 -13.841872341276417
-24.254017458951548 -14.84186490963528
-23.30519173611747 -15.157665080136168
-22.353712167845124 -14.849953151280191
-22.393517398324715 -15.849160609031816
-21.5225703648942 -15.357783701802157
-22.025538491679605 -16.222088661546103
-21.71570375386157 -15.271298234984481
-22.554168943189723 -15.816253394869127
-23.269583841896228 -16.514953275153047
-22.64728006217529 -15.732177441503952
-22.449012405275884 -14.752029526019959
-23.349623834062836 -14.3174043376814
-23.128707732124695 -15.292697153149893
-23.969182824127138 -14.750846971159074
-24.629590412359796 -15.50175430059775
-25.447856908546452 -16.07659335739401
-26.439218504727243 -15.945436254582626
-25.68689478522731 -16.604229864962832
-26.220923249625606 -17.44969636294628
-25.221429942064713 -17.417866689039958
-24.90396655097055 -18.366137217589166
-24.190048915759668 -17.665907533746143
-24.897268370615375 -16.958913444185562
-23.897590675823807 -16.933526310904814
-22.94917080243438 -17.250543256445564
-23.947284150801963 -17.189145016971995
-24.872584749618177 -17.5683795114874
-25.280820990247324 -16.65550319355765
-26.095904340704468 -17.23484690139226
-27.087981636758375 -17.109217929198852
-26.971635027710313 -18.102426601413818
-27.942588370511658 -18.341695500568925
-27.851081972348638 -19.3374999889577
-27.629686599858122 -20.31268411979648
-27.080860832222857 -19.476747353779118
-26.596464881200625 -18.6018984738957
-25.822884661646988 -19.235596859498305
-25.776369961820226 -20.23451446505946
-25.116023989555853 -19.483552950123958
-24.479391739030312 -18.712385408281857
-25.38224292174866 -18.28243222261616
-26.368832955525225 -18.119214254080966
-26.18118903614864 -19.101451373885034
-26.89204583260309 -18.398114601823085
-26.361422149132455 -17.550507082661028
-25.98789228602669 -18.478125237597737
-26.97725945312766 -18.62356460181045
-26.767372564320585 -17.645838927652875
-26.32368645409894 -16.7496566718609
-26.40267682519454 -15.75278129285198
-26.45501422047529 -16.75141075218874
-27.217583452010604 -16.104504138282493
-27.740979341206092 -16.95659377158011
-27.241123900566343 -17.82270262066482
-27.893690026177502 -18.58043440151134
-28.85794625354267 -18.31546284079682
-29.536093438863166 -17.580536725434268
-29.05731232443566 -18.458471030759874
-29.613417563010877 -17.627359146818126
-29.29697749196134 -16.67874664350913
-30.260050204536377 -16.409505208560205
-29.367458810026793 -16.860371710362497
-30.36566880760421 -16.80056535002767
-30.565989385976412 -15.820834945334306
-30.42455327483439 -14.830887559628874
-29.431630080367462 -14.949645843085609
-28.950778764994947 -15.826447994374325
-29.850531992852627 -15.390048946529708
-30.750027864916788 -14.953119688938123
-31.710193908157912 -15.232549768576458
-31.021437516494768 -14.507556918306081
-31.602074598354918 -15.321719420002719
-31.357746572155744 -16.291412059767307
-30.395783952966365 -16.564593170538732
-29.461610840214533 -16.92141328686004
-29.690130587290447 -15.947874009174564
-30.131192587082346 -16.84535064527133
-30.49023565599557 -17.77867163757
-31.023666390519033 -18.62451538878281
-30.21368714465741 -18.038056846962988
-31.149777012263815 -18.389817788178217
-31.771823234881392 -19.172798309600815
-31.188888005641537 -19.985316936163354
-30.32273628619638 -20.48509808717067
-29.853737773518006 -19.60189913160886
-30.619069590560574 -20.245535061170223
-29.684287048073035 -19.890314568714434
-28.702249305042372 -20.078999150128084
-29.700422635759278 -20.139414395269657
-30.68797960086772 -20.296676090115557
-31.686143031511257 -20.23609749879878
-31.309113617774784 -19.309896213344302
-30.309138132238605 -19.302894190302066
-30.621688457754562 -18.352992988060553
-29.697751542269646 -18.73553785628416
-29.001118713279983 -19.45296569347328
-28.08015653094137 -19.063313722219316
-29.04640910655264 -19.32091022864862
-30.019850240728 -19.091972773662786
-30.896067783947153 -19.573888551527542
-29.94254333897606 -19.87520422128696
-29.16174319839317 -20.499985095246576
-29.378664673820587 -19.523796039019047
-29.20700151364701 -18.538640335873996
-28.94810297541343 -19.50454485853683
-28.17166214457153 -18.874354699773985
-28.04206971079076 -17.882787354049665
-28.68224849210252 -17.1145613925265
-28.12972149462309 -17.948056393745084
-29.069659405317367 -17.60671093231388
-28.319313126738137 -18.26775590977177
-28.495818110563775 -19.252055656131947
-27.548625174772052 -19.57271987675261
-28.43869696344781 -20.02854024817488
-27.48875294453904 -19.71612008086897
-27.621992797872693 -20.70720390249236
-26.91562981670414 -19.99935410286346
-25.91697447729359 -19.947512873452876
-26.653755569194672 -20.62364423836435
-27.098113767122616 -19.727795036805166
-26.113968966105535 -19.55042815536715
-26.245657658036883 -20.541719277297236
-25.26583008165641 -20.741564018444887
-25.950489996916332 -20.012701342465192
-25.229452266196702 -19.319805541584074
-24.237790666663376 -19.190936336531028
-23.318217901853956 -19.583856086888222
-23.622986445466225 -18.63142964100148
-23.32022168383313 -17.678364323663125
-22.362023609605338 -17.392258660408874
-23.0364074840701 -18.130639585041884
-23.62851204338014 -17.324778436428637
-22.814193701351687 -16.744359934108086
-22.71795483365916 -15.74900166677654
-22.78541960655768 -16.74672332356151
-23.73932199364049 -16.44660628652809
-23.45958335671843 -15.486530094232403
-23.46929973380307 -16.486482889126417
-23.578859549476725 -15.49250268470102
-22.579111483293083 -15.514948266940397
-23.139634128817416 -14.686809170016213
-22.898359052324007 -15.657265937452609
-23.870414972176235 -15.892015354236205
-23.150330269802875 -15.198129181000372
-22.611399885284868 -14.355778873442244
-21.877907076381018 -15.035476084916837
-22.228997478695995 -14.099134518285137
-22.573746694642907 -13.160439691355752
-23.4623733515851 -12.701808396553773
-22.951553361848543 -13.561496094549705
-23.937706121956317 -13.395656612725217
-24.579780017494606 -14.16229936699104
-25.38759870407979 -13.572868311138203
-26.294612957576145 -13.993968232717926
-27.2370694297324 -14.328297109859557
-28.00457066808249 -14.969344572323203
-27.78468918912034 -13.99381797852403
-26.98550283550675 -14.594901310681738
-27.628687220971305 -15.360612644210624
-28.275619885982596 -14.598065513246652
-29.190124459183128 -14.19348995096525
-29.991332785636917 -14.79187546016573
-29.376424272411455 -15.580473913348877
-28.566364273339765 -14.994126918895956
-28.223219904222915 -14.054844244753928
-29.191213350061737 -14.305819719278997
-30.18574850978774 -14.201417535064422
-31.039098001041637 -13.680078254195701
-30.064738079348817 -13.455083269809908
-30.08481074909332 -14.454881793478215
-30.873502332200836 -15.069670852209226
-31.856554798921284 -14.886346419372673
-32.024956979516645 -13.90062804906058
-32.138251067505564 -14.894189546717751
-32.96558818058314 -14.332483839674945
-32.09186411868329 -14.818905738500677
-31.25019961537804 -15.358906538385202
-31.040244740974323 -14.381195461065262
-30.677306317771087 -13.44938233550695
-29.68000692615961 -13.375939000265575
-30.516509970034573 -13.92390127778833
-31.513559116722877 -13.847135405891239
-31.912903378432613 -12.930334358422646
-32.596929384472304 -12.200876735896577
-32.05847289430954 -11.358223421536755
-32.920232815170586 -11.865539731936453
-33.919162309143125 -11.819281045489797
-33.70229050082388 -12.795481137047025
-32.71318376915394 -12.648281023714123
-32.92948068934288 -13.624608654336539
-33.875172925442804 -13.949672024435863
-33.97443325136946 -14.94473352389051
-34.50637693215609 -14.097953788380044
-35.48689844897465 -14.294365486238966
-34.849707953339276 -15.065071832568066
-35.81906815024146 -14.819428170606765
-36.59146388259334 -14.18428658588363
-35.591481777835355 -14.178304097790173
-34.59151848933444 -14.186872741231818
-35.55228314980616 -14.464237604162694
-35.05263042331189 -15.330463413583564
-34.56974161367845 -16.206145089497138
-34.792690080352074 -15.231314857503957
-34.89419967591084 -16.22614941762413
-33.99035989262948 -16.654020480162718
-34.563352615122575 -15.834460024814886
-33.70311701713907 -15.324563254907517
-34.113267372397665 -14.412545335082884
-35.113129489550666 -14.395939713073362
-35.26782480945318 -13.407977488086871
-36.25210472024325 -13.584593051430232
-37.008561042508944 -14.23863726438855
-36.05461998050401 -13.938643180745402
-35.28292561230905 -13.302649625670991
-36.157526337544795 -13.787493488597097
-36.4718714628027 -14.736802259349053
-37.392903261852275 -15.126289647000455
-38.225370125232025 -14.572214813268877
-38.546797227423546 -15.519149139384876
-38.61393462423306 -14.521405399765507
-39.56617854443498 -14.826743763615301
-40.48645369685526 -15.218015592192108
-39.68102947906759 -14.625316824350364
-38.70518267431573 -14.84377280082064
-37.70579586939674 -14.808758315906417
-38.54460277010215 -14.264329272477449
-39.38026591264505 -14.813571579838534
-40.08562264425983 -14.104719069674598
-40.20179205713176 -13.11148965634
-41.18250178254078 -12.916019877376192
-40.97206518448064 -13.893627384608452
-40.30735929879789 -13.14652224773767
-39.85264744839865 -14.037160857447859
-40.68902379387944 -14.585316500235736
-41.56544475232172 -14.103770756195647
-42.50348270527356 -13.757238219740675
-42.936573793571284 -12.855888060680892
-42.586905898888745 -13.792761778653746
-43.42078853135978 -13.240819974417853
-42.42124537232403 -13.210596254844793
-42.20791739505393 -14.187576896471764
-41.32462675743172 -14.656402716461393
-42.16565291740513 -15.197397169520183
-43.06869273261616 -14.767840313977588
-42.07391189540043 -14.869875042910294
-43.0559993094258 -15.058300920148431
-43.998540189540996 -15.392391760058294
-43.0201370524149 -15.185685927383412
-43.985465222726205 -15.446725241670416
-43.23117137018019 -14.790188278498274
-42.444832621231114 -14.172392703974468
-42.15687241148768 -15.130035078561413
-41.181585658620925 -15.350977943761023
-41.82073354560988 -16.12006180040967
-40.82899589228403 -15.991779194512688
-39.830651015430064 -16.049290122686795
-40.817152715676094 -15.885539106165707
-41.713199225762445 -15.441578914524534
-42.37047706357703 -14.687930558911797
-41.82881065084588 -13.847337020203005
-41.35577968591882 -12.966291217636435
-42.28797548860888 -12.60433682072014
-43.25496451897456 -12.859154824700312
-44.24806521950986 -12.741890172753122
-43.70410083224861 -11.90278186902142
-44.087473802289715 -12.826375484115129
-44.27739391928131 -11.844575937791186
-43.86874721758031 -12.757268587695243
-44.17488514468273 -11.805281418879703
-45.17451411995891 -11.778043361160668
-44.48618786456201 -12.503444606080532
-45.293138900221805 -13.094062948199696
-44.30708771108459 -13.260505287768353
-45.12296194718077 -12.682275894815628
-44.27087776830203 -13.205680663713034
-44.45585338197356 -12.222937552647462
-43.45991746718759 -12.313002271818885
-43.224175858319725 -13.284818043376639
-44.03353116921217 -12.69749872585831
-44.8843388278947 -12.172021487600409
-43.89177609912614 -12.050287230057549
-43.266330704325235 -11.270019290102088
-43.66990981267421 -10.35507453586594
-44.64257229320163 -10.587297917492867
-45.576935654120746 -10.230976279401753
-46.57536879917445 -10.286933896025113
-46.42262114828351 -9.298668670922408
-45.94792120731885 -8.41852097533482
-45.519985990353454 -9.322330385598278
-45.01517808567418 -10.18556209225259
-44.928970824112476 -9.189284867754292
-45.9288276493912 -9.206206124904496
-45.20889742798486 -8.512159673789144
-45.750590912703046 -7.671583580497247
-46.53486373436661 -7.051167477224714
-47.53449410699328 -7.023980750274375
-47.68008879092266 -6.034636428002546
-47.490929864834904 -7.016582913653025
-48.47965454287942 -7.166327733348938
-47.77618302568515 -6.45560428185997
-46.857755857619864 -6.060014169547259
-46.421620701971484 -5.160132996276274
-47.12667611142383 -4.450980777354287
-47.75457925784993 -5.229272264335999
-47.1726061480328 -4.41606423470903
-46.28023953903384 -3.9647529949379505
-47.010870730863445 -4.64752532999969
-46.29035173605787 -5.340960531099525
-46.96672315473987 -6.077521257713499
-47.69279438016288 -5.389901758562459
-46.702435657136604 -5.5284282893273575
-46.93538029907243 -6.500918286084851
-46.0342942419115 -6.9345585950855035
-45.29045429991653 -6.266200801166018
-44.969481530799754 -5.319112377899476
-45.21132296037491 -6.289428163064824
-44.34068198654594 -6.781347155064671
-43.354678442985 -6.948071514668386
-42.79156844683389 -7.774453467662704
-43.11593101999744 -6.82852063646869
-43.25518374107205 -7.818777512068812
-42.32606614250448 -7.448993131609029
-41.64964088350226 -8.185504413928433
-41.259463168328395 -9.106243981114348
-41.83993483408074 -9.920524427434103
-41.89640604049771 -8.92212019925505
-41.015763153783084 -8.448339547392889
-40.86491283510414 -7.459782932244085
-40.655278219159285 -6.482003137097114
-40.234293689982145 -5.5749353192392075
-39.61947044838074 -4.786270383042134
-39.97214710211322 -5.722015635721548
-40.94733439651686 -5.9433970731405585
-41.01820323446554 -4.945911430232449
-41.783665131603186 -4.302430207483537
-40.92264512994859 -3.7938591143699707
-41.38840182179776 -2.9089462915463216
-42.201542351735064 -2.3268788739963697
-43.20101965761755 -2.2945506351658933
-43.32974892249144 -3.286230410277309
-43.28129968174664 -2.287404764295363
-42.90102887005428 -1.3625295782433002
-43.648211736935615 -0.6979110685409331
-44.558334904067976 -1.112248878363983
-43.83226932957603 -0.4246234123305662
-43.41353528986208 0.48348550403620816
-44.13986189353559 -0.2038642357586854
-43.7116642102438 0.6998208554227233
-44.378697641021766 -0.045206930787011324
-43.37896750695032 -0.06843749318839482
-43.97310252790616 0.7359278323160094
-44.377548667225376 1.650489651106723
-43.398107130192805 1.4487614291463962
-43.10541926245272 0.4925533910721691
-42.27767477480736 1.053658606849675
-43.27606009099672 0.9968540258947658
-44.224119513901876 1.3149472993865896
-45.18947571643616 1.575882927901727
-45.499133525809576 0.6250348637536982
-45.588085007378396 1.6210708239111176
-46.339312183778084 2.2811145568853437
-45.72352720246607 1.4932003123189896
-46.60610025020769 1.0230250094796427
-46.62563482009653 2.022834191563533
-46.209830791012 1.1133799544536753
-46.48906659738677 0.15315739460713995
-47.35225460928192 -0.35172522157259445
-47.08694529571483 -1.315888572947535
-47.90657473483961 -1.8887826142152004
-46.915181756761484 -1.7578629326642958
-46.516374563674766 -0.8408281335741565
-46.24137188907207 0.12061532756194338
-45.49094042875885 -0.5403329483055105
