0 0
0.5832322384896678 -0.8123054573166004
0.8212808737730124 0.15894777806526283
-0.16424542268143572 -0.010574842834660925
0.22050050254891113 -0.9335973631550724
-0.7417900438678302 -0.6615736430919698
-1.3347268439574655 -1.4668226425321826
-2.295596355212725 -1.189821230369576
-2.8965989133414416 -1.9890683292837594
-2.3464570653806045 -2.8241395520679213
-2.3763941885854396 -1.8245877681896578
-1.7599262714492236 -1.0372077410479128
-2.3511511890850465 -0.23070101648418395
-1.3681417162591838 -0.4142558484407941
-0.3736072865033173 -0.30984671076514086
-1.3686791834726009 -0.21069067281509302
-1.9421307173187397 0.6085488149597034
-2.219040957912149 -0.3523469747357767
-2.060346018205882 -1.339674638741817
-3.0577791639326484 -1.2680707295914941
-2.05866076626001 -1.3100520043703665
-1.2895660717470376 -0.6709171587610867
-0.9275589853913777 0.26125818388013855
-1.3799025900384467 -0.6305855599084783
-2.315820952592414 -0.9828025649413149
-1.3165485973521265 -1.0209438818106746
-0.32634995104905595 -1.1606100583158205
-0.0028590973466320335 -0.2143787612373118
0.18300007485895312 -1.196955154250626
0.3922598023053031 -2.1748152498006386
-0.03872983702560112 -1.2724583742855144
-0.015288803553461069 -0.2727331530623235
0.9744509973174036 -0.4156146654146957
0.021262580736324255 -0.11323767803692797
-0.8263013695784962 0.41745559507545704
-0.3748343072381613 1.3097433802780722
-1.3747740708987415 1.3207192196729913
-0.44667490680917654 1.6930523253945358
-1.445809070086036 1.6514479533520459
-2.275017559578772 2.210387378471777
-1.3080633881806218 1.9554371276075795
-1.8493924461254547 2.796247957119521
-1.8649611902941414 3.7961267568772765
-1.1830459132274131 4.527557925821427
-0.27666852149469057 4.105088963936904
0.1521847755622558 3.2017148168619576
-0.1132146196538627 4.165853375897389
0.33989511274021983 3.274398626395339
-0.5225841008272751 2.768306138638412
0.47737187146669935 2.7776898198783186
1.4562031744866624 2.9823585283518934
0.5531815282031033 2.552763479098145
0.24328165338318086 3.5035326769514388
0.4498984436799882 4.481954621700965
1.4038734441555145 4.18206847919398
2.122912112674905 3.4870984128070437
3.106932830274978 3.6651524139803864
3.398426701426413 4.621725110162517
3.0658514890882205 3.6786483751413384
2.5241501641204662 4.519219415879824
3.1771223908634747 3.7618375629797973
4.170716971499871 3.874841144029177
4.647079695892825 2.9955922857365302
5.377355359500675 2.312439700187655
4.553276397330372 1.7459647544854506
4.747065711311549 0.764921584290222
4.294871649707428 1.656841160625425
4.066864747274304 0.6831816449615293
4.969645108125229 0.2530797732359186
5.246782557139957 1.2139100570808903
4.672510808988354 2.0325747987638954
3.6759006031736585 2.11484324755194
4.253743410725128 1.2986951667718432
5.077803035357862 0.7321920908312467
4.0936152904533545 0.9093205266618044
3.2076031881685774 1.3729826392016469
2.570643207051332 2.143879508085623
3.231894784476561 1.3937152918285114
2.948201040743645 2.352630230583145
3.3307731824293785 1.4287046078158192
3.7098652402047425 0.5033456440986895
4.143104773817982 1.4046244613991865
3.17240106591542 1.6449041140213283
2.3821429139737225 1.0321300502019684
3.0239159032298693 1.7990247171942677
3.901174192865374 2.2790433556509306
4.4666104149447206 1.4542513341323926
5.198875628852153 0.7732317628269109
5.035721627094729 -0.21336885125689276
4.37748854685935 -0.9661830461840643
4.623963159152577 0.0029662021233899383
5.567236684751131 0.3349828521650333
5.031598066867892 1.1794301690724494
4.108397012791641 1.5637475037745125
4.102044031992372 2.5637273233883704
5.0474886108261945 2.2379443460035233
4.860644120607953 1.2555548425604717
4.637420864876023 2.2303221881873334
4.5779472588120695 1.2320923097616525
3.613631120522541 1.496845752485956
2.625511749875714 1.3431574010974472
2.967717548380919 0.4035323740417526
3.820050306613145 0.9265322490362368
3.758275707464879 -0.07155787660376323
2.762734464740138 0.022769394289011355
1.7660225450345761 -0.05825744766384862
0.7820028742242147 0.11980233852682347
1.614882801351285 0.6732560646763599
1.377119543525437 1.6445792000067398
0.3857593014423376 1.7757465374690002
0.6231759893427892 0.8043386332874564
1.4767859180382181 0.28342588662772583
2.345022283581612 0.7795766838134184
3.233632247544149 0.3209130467693434
2.9766821741652234 1.28733772556773
2.7193555618356897 0.32101323835496887
1.7269788590075756 0.19777168820243024
2.6871486591741363 0.47718885812601763
1.9505774584459692 1.1535488704403667
1.0865790592906441 0.6500543160934149
0.2909980059100057 1.255901481228116
0.06395007179190546 0.2820178970083681
-0.64995608722213 -0.41822348717413405
-1.13054391564066 0.4587231127827627
-0.16875632529037177 0.7325198093446207
-0.9237176005270602 0.07675043456946917
-1.8443074973649836 -0.3137802836076569
-2.4759501710807506 -1.0890399386531113
-3.268708402851543 -0.4795037330347357
-2.366541049953704 -0.04811751702255668
-3.3147152350462807 0.26963350929211655
-3.4590688020553313 1.259159682615371
-2.481924603251767 1.0465821326611469
-3.415842400277398 1.4040699623823731
-4.36782726438997 1.09792486851254
-4.718063178852399 0.1612633478869373
-5.114228469947749 -0.7569158623608966
-4.737489954381472 0.16940378597272132
-3.8291770137731227 -0.24888750239390695
-2.8705880423572556 0.03590572765180505
-2.5647537356110215 0.9879904806108315
-1.604333656705691 0.7094347913214567
-2.451375085185977 1.240961665936538
-3.3418436557764375 1.696006416253012
-3.9226314373654922 0.8819514102756121
-3.0947950416467673 1.4429210190098378
-2.601753754408093 2.3129269322529784
-2.694531544661059 3.308613771392563
-3.519922343032003 3.87317557488672
-3.9468106052607426 4.7774799548226605
-4.584320642608419 5.547922004740086
-5.389143702766992 6.141436824973743
-5.053605851914064 5.19941009995741
-4.079139966196669 5.4239457042009525
-4.0429232513798 4.424601744611526
-3.8493698368786053 3.4435120057318818
-4.745856765917078 3.886582187602844
-3.7467323632223906 3.9284203034780107
-3.7409605029560358 4.928403646153811
-3.3904902225259925 5.864977499373773
-2.474952980197517 6.267210712708488
-1.4826458229704345 6.143410447297198
-0.5433928037841945 5.800184915103666
-1.543130265432095 5.823097963303609
-2.0680158549196843 4.971925173590342
-3.000966226838087 5.331930178468488
-3.4685911950904673 4.448003208030906
-3.4664456230492213 5.4480009062885655
-2.5187770621132715 5.128745054950511
-3.423367618930675 5.555026563483053
-3.0904210554168174 6.497972259609989
-3.1315675717846725 5.498819136114501
-3.1716579492724883 6.498015193769296
-3.4792941926315972 7.449519235679731
-3.4022186570936563 8.446544492040642
-4.354844931368237 8.750687848965846
-3.5791999017139347 9.381857230330766
-4.487165839526821 8.962813252004425
-4.496941624189717 9.962765467879876
-5.275642756244018 9.335370419336018
-5.741915625134921 10.220011370081712
-6.735188721668362 10.104216051942897
-6.135087614186443 10.904140211347384
-5.410238440361167 10.215232615798595
-4.609752545036815 10.814584208260625
-3.6226579192697983 10.974722273010618
-2.6606437704823884 11.247721865561294
-3.5411115144439433 11.721827921041763
-2.8880038235887637 12.479092963246812
-1.8885046345052952 12.447448516317076
-2.8504259759634154 12.174122094529114
-2.008045183268601 12.713004827689916
-1.4888669279781148 11.858338846599334
-0.7592854454973005 11.174444951012383
-0.030186036355877466 10.490037140135252
-0.6487639450536605 11.275760609856679
-0.005320195062500255 12.041254006691238
-0.27645411536202535 13.003795640732598
0.4266609227129884 13.714871757075125
1.4266518602097364 13.719129094784911
0.939775419599468 12.84565824147687
1.3213724498768529 13.769987028480434
1.1676344736917794 12.781875377563132
1.5771560797201971 11.869574958733947
1.43349713307907 10.879947702111556
0.8992853632488412 11.725298389681427
0.9594625208987981 10.72711067702555
-0.03932300837159253 10.776380003386539
0.9261586313956851 11.036851121309983
0.5515588759540972 11.964037738568399
-0.4310311348627214 12.149824903472233
-1.430931272973302 12.135692889941176
-1.8662760587864486 11.235429085567532
-0.9552647703394247 11.647810501640192
-1.022318040870743 10.650061104791938
-1.996782659424385 10.874602208350074
-2.6279444302293085 11.650253430920111
-2.6055534291853664 12.650002721028512
-2.7770232434945727 11.664813346958345
-3.406930053967932 10.888142625146791
-2.6976540211687827 11.593073479413151
-2.3363474752779796 12.525520571690487
-3.33513835729805 12.476359876073257
-3.2406968480275067 13.47189028812841
-2.6907352265982385 14.307080215602928
-2.097737266478263 13.50187625430272
-1.6326693280739035 14.387151246984835
-2.4555257207192103 14.955400626291802
-3.3226771025396333 15.453445283935
-2.5974607640520953 14.764924214983056
-2.9873287933466073 15.685794954953662
-2.0558521570947113 15.321993805811918
-1.5531245426402873 14.457548928642202
-0.6531816839754966 14.893556785381326
0.2724389873380493 14.515104182223334
0.059455876379040484 13.538048301300332
-0.887838199303631 13.858413614929185
-0.7663691945239377 12.86581838983598
-1.2076626988515295 13.763181216700495
-0.8604518507254291 14.700968307112575
-0.09971043658573864 14.051913224078211
-0.14629713470326092 13.052998973725105
0.38777523971295635 12.207560212557022
-0.10293971987997669 11.336240048420034
0.8526412132859902 11.63096887322287
-0.07786918967313516 11.997234337039547
-0.7242983139992805 11.234260296050646
-0.7438463306438643 12.234069215317355
-0.31883463377875393 11.32888135772765
0.39672635803861417 12.027431618617547
1.3965013911232451 12.006221167876811
2.100299134112986 12.716621573959568
2.858324602865969 12.064396621414955
3.2702753181420374 12.975602749677675
3.934128130147611 12.227739497476918
3.230143205453528 11.517524582255147
4.21049728642268 11.320278857517884
5.178122339018683 11.572670928686103
4.400684859492293 12.20163115431858
4.968902528443443 11.378752863991437
4.360861206345743 12.1726582428759
5.319947258892011 11.889543524411428
5.358339510868747 10.890280778689286
4.358345310715257 10.893686605957658
4.021817359455707 9.95201312856698
4.102489722395161 10.948753801890671
3.1173287081443655 10.777121124348357
3.9968647457668216 11.252953404173285
3.1485632206582674 10.723439927009105
4.133223225621224 10.548955903023096
3.96848135226555 9.562619188121301
4.338424608433649 8.633564837065485
3.3412885605514706 8.709193548636616
2.352105858671368 8.855882274519624
1.4325639397706087 8.462890341543503
2.065458098280586 7.688652016398107
2.859990990189704 7.081430900432486
2.177572980223755 7.812393046972315
2.5751602446445205 6.894828680199928
3.024753978658436 7.78806183807945
2.598531219461934 6.883443598409853
3.453017759896661 7.402917132110937
3.324110761136394 8.394573819513699
3.605313282352392 7.434925372392689
4.604231160293289 7.481434222411315
3.786097282449534 8.056462011239246
4.768147826351268 8.245079956361938
4.951971316988731 9.228039225248425
5.855641909016364 8.79981094371575
4.927459846526602 9.171937345456142
4.409195927894604 10.027158083420444
5.270463626697248 9.519006579438415
4.37105023638622 9.956105599489046
5.3353466494099235 10.220930877417004
4.730675665021019 9.424455516443324
5.644037939463233 9.017307686256613
6.631137336180031 9.177416339993174
6.41998689576325 10.154869915111604
7.195853768880796 9.523973255428894
8.193055031287933 9.598737165530029
8.335418274435048 10.588551646632743
7.336409743046508 10.544032502291108
8.103932286110776 11.185054456586089
7.121950739698188 11.374031287190112
6.262171315689657 10.863365699890988
5.31933731299883 11.19662842413418
4.3304449431863095 11.345261801699841
3.3452930595375925 11.516946880094514
4.130006961155293 12.136805003061315
3.3413354397370902 11.521990208750136
2.7800594810891273 12.34961892879543
3.730004102621886 12.662037263758318
4.653530813678988 13.045571374319625
4.652676297221923 14.045571009220371
5.642372934240842 14.18875119874896
5.7969592324323544 13.200771909284123
5.120813378700387 13.937539704780825
6.066628107425862 14.26224649393984
6.117117081866968 13.263521875508971
5.160242180706297 13.554022174181377
6.156450728519825 13.641019468755763
5.490780040131105 12.894773842557466
5.070932116125353 11.9871793732552
4.9576476969708 10.993616773125337
5.885819090638805 10.621463761614757
6.855488855741908 10.86588255517387
6.627527948441331 9.89221226973701
7.31150270027285 9.162706588568582
8.16289003327778 9.687244107911816
7.328847061740133 10.238943592802505
7.678026241735078 11.175999567789088
8.57339502233589 10.730674128671337
9.228520869925594 11.486193899306011
8.405685928541383 12.054474339966466
8.725973254838776 13.001794786601746
7.847545076851967 12.52392039293875
8.429437659248457 13.337186046063204
7.705293180296101 14.026834343097875
8.679251365002644 14.25356205301251
7.812755855983343 14.752746921422384
7.997545563815631 15.7355250061797
8.169835044655503 16.720571367927167
7.170150805550055 16.695443254504944
7.978915591511202 16.10731102363401
6.985784173135108 15.990306810742824
6.917369562898396 16.9879637864144
7.894310791321891 16.774455387969766
7.394767971648088 15.908166191850857
6.435363487926082 15.626132441008673
7.045739393909048 16.41824433550053
7.073995641715311 15.41864362298582
6.58309664415153 14.547427131985522
7.184869857634325 13.748760117808406
8.139613399818282 14.046190393096632
8.101919730474487 15.045479734224315
7.945315885116264 16.03314123272419
8.823628366369206 16.511228238692038
9.70295028998834 16.035000399687693
10.413367041293483 15.331219155645876
11.409173140517732 15.239730288848945
11.064592918143035 14.300973413855102
10.330222293782143 14.979722105254059
11.318687758714514 15.131168546731006
10.467611688382446 15.656210947407489
11.15171671983076 16.385594458289866
12.102969132639346 16.69400789367465
11.884677158851625 17.669891398084815
10.89492809573561 17.81270873618131
11.335973763609859 16.915224074000747
12.321508392744668 16.745749902587775
11.405247297386264 16.345168318971382
12.367666234007059 16.61673744540828
11.745847222627996 17.39989842316928
11.483972776235632 16.434796472945006
10.792147739868646 17.156861649404735
10.130688235460491 16.406880766962978
11.129874491564848 16.366546840645825
10.892399572882518 17.33794051109917
10.257927745507214 18.11088649903561
10.75477810767681 18.978722726449483
9.789973507208236 19.24169056272357
9.765388912349449 20.24138831589481
8.794669975497179 20.001170194937217
8.364710455510401 19.09832202875824
9.355905780070078 19.230729840351966
9.777080118603084 18.32375014015946
10.292029697249562 19.18097060856407
10.071892259595833 20.15643947456813
9.345629757232224 20.843856944276713
9.470706235782295 21.83600404753989
9.244229441166377 22.81002060874432
9.641207353691259 23.72784877183771
10.058748920081811 24.636506595408346
10.35670508390995 23.681927041658728
10.1274615368435 22.708557946131037
11.125628769050705 22.64804202634287
10.719293009928379 21.73431818903836
9.865460107099569 21.213771001891093
9.018496141489669 21.745421301391012
9.359411138009355 22.685515427076297
10.322360255349983 22.95519856969538
11.30425073620086 22.765749147383165
10.73364154949681 21.944527401416252
11.726431781565946 22.064392138132725
12.26706582828982 21.223134254054976
11.2773579533069 21.08003176561821
10.982576681225103 22.035596520948708
11.923541568635349 21.697092339791336
12.835678762329735 21.287207307276937
13.247847032539493 20.37609956555135
12.30868390159666 20.032628149742617
11.348972463626428 19.751640684134077
11.001267093806117 18.814036836126764
10.483087694872038 19.669308787333115
11.392764855003325 19.253992685628067
10.515229716462844 19.733505021889336
9.566802779306528 20.050500833969384
8.893183964873463 19.31142188497828
8.652832719573402 18.340735901313785
7.680016413380604 18.10915776243751
8.489597907996291 17.522150263698496
7.540667365830965 17.206665198844675
7.187830864089288 18.142350190195234
6.414352899876297 18.77617338232134
7.031562362107627 17.989374500946873
7.999803764874772 17.739357329601564
8.471574190416485 16.85763590784513
8.750561918095038 15.897341240670121
9.622801582906211 15.408262548504851
8.679894911029614 15.74131961288061
9.638485660572826 15.456532367923637
8.725337651481173 15.864160523835311
8.959719784009787 14.892015979052315
9.37836936606329 13.983868123553869
8.9799572241458 14.901074624388178
7.980355350885557 14.92928977944029
7.886374116373034 15.92486374834441
7.781006890789247 14.930430368085695
7.125948057011746 15.686008242490484
7.930819914060087 16.27945688705171
7.097426734626081 16.83213745344868
8.08595401040668 16.68109499240613
8.210349136489038 17.673327753711135
9.089028575407392 17.195915517146
8.138731754535678 17.507260907735155
7.528294696666562 16.715196138678927
8.11091951257938 17.52793737910084
7.134784955559178 17.31077079191263
7.1504047982578 18.31064879472801
7.599441363173246 19.204162176479475
8.581307864324794 19.014588512917214
7.64443946514527 18.664906367792824
6.6643313787106795 18.466441915294332
7.575217393927772 18.879099966569147
8.400688928707195 19.44354371511182
8.03611141694325 20.374716759135328
7.407209793274687 19.597231873271273
8.403246815488979 19.686171461635997
7.450439008901226 19.38259728008323
8.284929197091774 19.93362007980544
7.323770399388962 20.209616031946922
7.613468643035971 19.252497999712737
7.432746547194471 18.26896379894763
6.573178300855076 18.779984767093772
7.537823095278864 18.516431317882635
8.507051652177884 18.762593874928672
9.250063143591301 19.431872534104063
8.954277026406585 18.476618341294216
9.504574229827051 17.64164948684058
9.789017976635401 16.68295675457355
10.773228214421735 16.85996016650837
11.597348854835149 16.293545856974628
10.61404821826107 16.475534477808488
11.600848187327003 16.31359059539401
11.303776124524132 17.268445657433297
10.319869944461614 17.08975981906108
10.555077316212662 18.061705029591984
9.7966288086422 18.713437997427846
8.850878866304567 19.038333436867003
8.471767069195947 18.112982560013755
9.46917422157448 18.184947637545473
10.435678823609505 18.441596920118243
11.248303591205577 17.858809662974238
10.952464693519794 16.903571814783504
10.792606309572667 15.916431856580102
11.789126364797893 15.833078515111916
11.005026069264359 16.45371264770875
11.737660642075701 15.773090445072409
10.738340211098256 15.736230219475523
11.715808274264361 15.525146858003565
12.391886729615344 16.261976500600976
13.14334754543079 15.602198778717323
14.09930846091803 15.895692778759573
13.106934026627098 15.772432963062185
13.436633332577784 16.716518958962787
12.73120761472234 16.007735101508253
13.420143508712947 15.282912824000613
12.839911575069676 14.468461534370231
12.336311421454457 15.332398386969267
12.77255254602322 16.232228193785524
11.90576993541735 16.730914373613352
12.490016881564644 15.919338433902494
13.211140475810723 16.612144872831593
12.279066029830503 16.974411662850585
12.780382023579762 16.109147382753925
13.527185221693795 15.44410228406764
13.519854993787016 14.444129150549125
13.325051042400936 13.463286950944944
12.682613455175208 14.229624961564008
11.743561629684411 14.573400570126344
12.741586395799557 14.510578868296408
13.478211775702174 13.834277863060334
13.484961927334226 14.834255080527285
14.46492609710418 15.033428939171142
13.466328861747796 14.98048027026828
12.477524731328273 14.831260996495448
13.100640110391572 15.613390924560345
12.169128481544423 15.249679383194756
12.674891240375613 14.387006773348203
13.671689921813726 14.30705435822996
12.689910220728382 14.49707703723637
12.808644584673457 13.504150982175592
13.293612215172494 12.629618880210117
13.22665577416472 13.6273747797204
12.4104930233315 14.205196866657502
11.547974000092317 13.69917222837343
10.660755309745925 14.160521332089946
9.662415328924176 14.21811718864951
9.090646838102746 15.038532201252146
9.89618670042669 14.445990616038818
9.12752399480549 13.806336299249587
10.10601961406332 14.012603899936748
9.416073852383942 14.736464968057327
8.626949054104555 14.12223207025673
7.8464517888712875 13.49707287536043
8.84383607686236 13.56935414588429
8.816602783221914 14.568983250961514
9.777385116315354 14.846286890345354
9.424105745043242 15.781804760743125
8.880057993419637 14.942750505075889
9.817268727362944 15.291514092884949
10.38950311364039 16.11160421425069
9.745560311876545 16.87667784995939
9.322021831525662 17.782555962986777
9.776099051517336 18.67351829568364
9.833676786653447 19.671859321794756
9.439679860483777 18.75274756462436
8.950227467701197 17.880717544957946
9.944693450601186 17.77565847179071
9.362148083088345 18.588456660020316
8.7531467749019 19.38162587691366
8.346201118169303 20.295078247027437
7.410475521186986 20.647807048165205
7.407751643795987 21.647803338404305
7.966585721168409 20.81852384754051
8.41910523686639 21.710278347339905
7.673179888398516 22.37630790712917
6.739948495926843 22.01703201299573
6.025130541026844 22.716342595893334
6.913280188040156 22.256788241643342
7.638636211362393 22.945162151252177
8.149386970581507 23.804890981731358
8.659838966636432 22.944984731187997
9.311250514025826 22.18626014615878
9.221351834830891 23.182211062358473
9.70826696066493 24.055660351232202
10.259869909759466 23.221553531604037
11.108757337137535 23.750127212030378
11.987484945722258 24.22745078143689
11.33947078510208 24.989079068487552
12.327055080797987 24.83198909778662
11.328505993914673 24.778140039442956
10.885083632127518 25.67445282472893
11.831740706670315 25.996695564318316
10.976941798202404 25.47773619588754
10.031050139585044 25.802218815080156
9.039068944717192 25.928604372121086
8.241904906306173 26.532367153239825
9.189753046500698 26.85108945106315
8.192730846449905 26.92820451188706
9.06405640366802 26.437499128445488
9.73038872383125 25.69184422226845
8.986226377004149 25.02384541870307
9.415539311470036 25.927001221596615
8.53656236009277 26.40386547790812
7.741649857781034 27.01058956154787
7.703933096048039 28.00987803135245
6.885660692344382 28.584708678880084
7.220088762359944 27.642287400477656
6.374845890190821 28.1766697421089
5.5527024509526 27.60738934958027
5.2905288100698655 28.57241006543371
4.34775549040199 28.905844418376557
4.070517519227384 29.866645702378086
4.257297633868264 28.884243957278485
4.608115257818052 29.820687759503812
3.612121947691877 29.910115530268296
3.389502240278352 28.935210167747854
3.131482578610155 27.96907050176129
2.152145903267208 27.76683381782827
1.5877910769597698 26.941301486527127
1.606458936334731 27.941127226857088
2.2897438887882284 28.671279042406855
3.237767185458603 28.35307811693643
2.5807844924891112 29.106983774919282
2.836499176304706 30.073736070226147
2.170546383371034 30.819729955981146
1.3887330901277624 31.44324256572381
2.2026603910918214 32.02420930207398
1.3785686795811802 31.457752903911274
0.6813530963346222 30.740891389755184
-0.30678926353069425 30.587350917436634
0.24553666312110778 31.42097917436428
-0.2197331810618673 32.30614806903577
0.7382852509406468 32.59285468553327
-0.24650652722861555 32.41911593438597
0.7353030477117776 32.229247668065966
-0.24075698467697038 32.44674896271332
-1.1516159225595515 32.859466778271866
-0.2511290922418551 32.42458349689123
0.07722789896757865 33.36913719378934
-0.9221871479560643 33.33493830517271
-1.5267448353381978 32.53837694367746
-0.551027661584194 32.31934270698945
0.2793802407687994 31.762186790113663
-0.20057389044529356 32.63948037377339
-0.9977013697983539 33.243291421751344
-0.37658711684554547 32.45957139216242
-0.6849250545153919 33.41084827940057
-1.386528367856825 32.69828053475567
-0.7053978579295207 31.966118511398697
-1.6508463013924044 32.29189027314856
-2.0419481120103717 31.371542853023232
-2.9496765454867786 31.79110106240361
-3.9463606459857523 31.709732740480693
-4.9421309955455 31.801609891816913
-5.642986523528091 32.51491314352424
-4.7371365692062275 32.09131444161986
-5.3239812131134965 31.28161488998521
-5.337371166247472 30.281704539426187
-5.652612011769491 29.332692838068105
-5.691016380499139 30.33195511818403
-4.948890447585713 29.66169464665272
-5.338074051335187 28.740534442034342
-4.338258366807567 28.759733321495542
-5.3070698576083775 29.007532222405757
-4.415900812694282 28.553860828788196
-3.4592489611680772 28.262626842152905
-3.203051586701048 27.29600235181749
-2.203512318440141 27.26565023155464
-3.1627019150556053 27.54841394518258
-2.1714594841831723 27.680468643085042
-2.6310672055668496 28.568590674364813
-2.04041996392841 29.375520557282098
-2.902841686248642 29.881711008466436
-2.88992266704529 28.88179446247731
-3.168603526063495 27.92141069605012
-4.063157769918113 27.474451296549795
-5.03027138881515 27.220106553840463
-4.808967010620704 26.244901769094216
-5.434264277558489 27.025288421953
-5.737274939882552 26.072301255975447
-6.367756892694491 25.296097347728107
-7.104685781932941 24.62012707308152
-6.203600603586119 24.1864849379474
-5.341628906466707 24.693441339785945
-5.263674854197839 25.690398292585243
-5.490795031208626 26.664265031515466
-5.0238223964531965 27.548536798784767
-4.173769714617482 28.075234471177485
-5.157187969095859 28.256586440449123
-6.149845587691115 28.135628380590365
-5.505268070707783 27.371089418470316
-4.590191213504322 26.967809930508633
-5.580030680761294 27.109999343125864
-4.877532519428377 27.82168490102617
-4.617240372763131 26.856154995541935
-5.1153060558292704 25.989015689921516
-4.704207719581732 25.077424686272124
-4.109897478456199 24.27318881459435
-3.2512554255302937 23.760613137306414
-2.4120288230292393 23.216831278787268
-2.7685033032705935 24.15113633867759
-3.151654059349336 25.074822160868386
-3.5737994501097234 24.168294020621346
-2.845283490610226 24.85332284976252
-3.7897675287554513 25.18188015327119
-3.242372317985955 26.018754387088087
-3.0621105544697187 25.035135712695407
-2.2548921384750873 24.444882861046963
-1.2987084034249743 24.15211560736989
-1.8456169375673654 24.98930797193267
-1.1795238758218116 25.73517661525697
-2.177392793723409 25.669926154064004
-2.9876379470545578 26.2560172660111
-3.7112351551616913 26.946239752184624
-3.1363509618258245 27.764474537715383
-3.3548215530386223 26.7886310047783
-3.9860906206804767 26.013067103968968
-4.256060628037754 26.975935836002318
-3.3549496810323047 27.409524421169113
-3.3091911374355982 28.408476950415576
-3.96732736200153 29.161375821389694
-3.5717844553369344 28.242928322080495
-3.317131652647722 27.27589577346461
-3.170404277332518 28.265072743138447
-4.138334584283558 28.51629161361928
-4.449862813311131 27.566054715514948
-3.4621222193671333 27.722158908524488
-2.6079644649752636 28.24217288007933
-3.384280360242969 27.61182882263554
-3.8731867566805427 26.73949257122647
-4.800234150493236 26.364548402549197
-3.9217293121899823 25.8868149527283
-2.9241914810464085 25.956945370076085
-2.1563370334975938 25.31632102821925
-1.5492559097176681 26.11096088950869
-1.694112479077755 27.100413553517043
-2.333697252995184 27.86913412496872
-3.3022207376943062 28.118056320817683
-2.3625567703334682 27.77595746311177
-1.9957264281071914 28.70624532179969
-1.3360430498548552 27.954701683374356
-0.40932489095511326 28.330458857577952
-1.3491414103590167 28.672138400213345
-0.7086797018697386 27.90414829613713
0.017016178459587472 28.592163913164132
0.9416351210552136 28.21127047531918
0.6505793448692816 29.167976561402465
1.4316550718768375 28.543540248653425
0.6885396659689158 29.212703527309916
1.400030224649902 29.915399183271884
0.8622553385809598 30.758487655446388
0.35812082009516955 31.622112798243364
0.04002512229211297 30.674054188747522
0.5561936913471276 31.530541204597558
1.3672894093847856 30.9456277612737
1.3511681440715146 29.945757717315637
1.6195779834063049 28.98245290670361
2.446439774088311 28.420047733265328
3.2432155065912216 27.8157726037966
4.224605309100957 28.0077987882869
3.35835477677838 28.50740865133091
4.308186736923905 28.820169338576143
4.453238288951409 29.809593437360082
3.5028590360360603 29.498499760747933
3.216358291683332 28.540419741393947
3.6221768725673718 27.62646608862524
3.521627047486783 28.621398112773754
4.429193521724844 29.041306549029915
5.065520428339512 28.269887034162544
5.925135919816194 27.758945543565723
5.928015951089047 26.75894969086439
5.668966104461365 25.793085737213477
6.666954139785846 25.85648827146238
6.084799457105549 26.669566327637433
5.157539095419683 26.29514915168767
4.3929420945932405 25.6506404812051
4.164038287310921 26.62408952815705
5.1279795822000445 26.357974552991276
6.093286989362031 26.09685846831206
5.10803345364381 26.267959229136622
4.708512129108302 27.184683130451184
5.185638620279206 26.305848497870663
4.493501244087708 25.584082710042818
4.147613068010983 26.52235845290859
5.141453638831665 26.63317776436116
4.4040138035604235 27.308590593196328
5.251514419329327 26.77779618264613
6.227220617451365 26.55871305927457
5.7858949821607215 27.456060084474583
5.154955845792408 26.68022775323361
5.865794897884774 25.976873047540654
6.285136684948187 25.069044613516656
6.417638544735108 26.060227370203336
6.0579158001117 26.99328661108818
6.900585227551401 26.454855337796552
7.376951928418658 27.334102041688496
8.283648686813804 27.755885147461754
9.174580125667841 28.210022980351145
8.174686550752055 28.195433983054297
7.365467845857534 28.782941504409415
7.43529511151495 29.78050060189227
6.454961706130104 29.583152142849514
5.553532901845825 30.01607951644307
5.5637424524227415 29.01613163526275
6.069983801846088 29.87852348131304
5.921808612600821 30.86748460961492
6.139573618157156 31.84348584032882
5.304963837244362 31.292644199197092
4.445782996993926 31.804316246260985
5.444109093610979 31.746480229685154
5.7134338334922194 32.709529649231165
5.4289500621081626 31.75084879314865
6.42886495276382 31.763895303988164
5.826801070287088 30.96544738369715
6.367165847666661 30.124016514660646
7.0041285191320215 29.353121868707184
7.127166355618426 28.360719888261386
6.516673702426952 27.568697969120738
5.55255604033224 27.303222671518444
6.427458535295925 26.81892356527694
6.746432727739868 27.76668696642447
6.717298458858896 28.76626247351574
6.7688549006517436 27.767592391201436
5.801366021275862 27.51467883228456
6.653470655190045 26.991307364909833
7.590093975458488 26.640969305416835
7.6556804524833835 27.638816194489234
7.495085577185592 26.65179578637799
8.433727123665028 26.99669004150946
9.177935176194737 26.328742158400352
8.988662905816325 25.346817513803934
9.727930323967591 24.67340554148687
8.861461295265373 24.17417471080848
8.995003413223573 23.183131572125184
9.557778088518406 24.00974191856829
10.554557177390542 24.08993822763071
9.555553384765174 24.134563582756826
9.054991864848441 23.268862615460005
10.035392257821542 23.465878019573974
10.264167395884767 24.43935731375755
10.700770043987664 23.539702864721956
9.789008388776145 23.95042257947394
10.174612969874952 23.027758443921023
10.67343315163771 22.161052942458056
11.334420646623958 21.410656026505034
12.267653876529835 21.76992714780404
12.82566512401969 22.599760533294656
12.120085744057821 21.89112964307562
11.430158405885619 21.167251015098095
12.41150282939438 21.35950897318633
13.307473753697302 21.803621687262122
14.087750477301926 21.17818725056965
14.921650627527754 21.730102587784828
15.605750736965003 21.000714460469922
15.893658572196685 20.043056338584975
16.878718188415842 20.215270021241622
17.006954089909776 21.207013714727008
16.88845542499135 22.199967926366472
15.99304706666875 22.645213781873323
16.7698492591824 23.27495845529739
15.909685309287568 23.784976081758792
15.619559749985848 24.74196467094879
15.24632524096216 25.669701703342046
15.392681600737584 26.658933635678082
14.412873452153478 26.458993664766343
15.103964568009436 25.736226019125667
16.026479648636876 25.350264977030808
16.927905118922098 25.783199292511878
17.88723715619105 25.50091921480641
16.952556341075375 25.14543113644836
16.360905681564482 25.951625590101028
16.583954935016322 26.92643276617975
15.789416429751842 26.31921899521265
16.721186051755936 26.682269090255126
17.336642435350942 25.894098144398736
17.037584300369662 26.848333037861305
17.351137063345 25.8987622585981
18.33416399503365 26.082223566711825
18.18039123431547 25.094117328465597
18.182402414040133 26.09411530604161
18.37495127207262 27.075402693747364
19.23832643249477 26.570840177931903
20.09893295200615 26.061569701098126
20.53723943759005 25.16274412030111
21.45539128899056 24.766515426527153
21.122138670023666 23.82367785199392
20.52705486775761 23.02001419829259
19.779442399523223 22.355878973100843
18.812881747605978 22.099440859386622
18.726919195632483 23.095739228178925
17.997814516483196 22.411337031482702
17.25938939187498 23.085672508339243
17.269675194303748 24.08561960807422
16.31777178361893 23.779221343185842
16.674200710428124 22.84489890412444
16.77419872848223 21.84991126782676
15.899157223384327 22.333959162519008
16.07933492229479 21.350325085834324
15.412574612971454 22.0955973112064
14.562460187291503 22.622195320365993
14.451575733004516 23.616028625200098
15.194017115545199 24.285939659212136
15.648315402820737 23.395090027580338
15.879310474211241 24.36804494790979
14.985681634332531 24.816851695337935
13.986077925550928 24.845001746671162
14.487771412611188 23.979956288304194
14.451031589787108 22.980631423498533
13.715475036591164 22.30316809825465
14.216520534623683 21.43774715507073
14.365677320915838 20.448933596758046
14.148569085983832 19.4727860595872
14.23815064822308 20.468765549188657
15.073365671774226 21.01868905699175
14.833748972382566 20.04782148756086
15.35143901747555 19.19225324527295
15.73937379354536 18.270566416943684
14.800535729600675 17.926207462234217
14.088878998977709 18.628734826654302
13.136622512596844 18.323435655110107
13.462449888976685 19.268864933692818
12.71225741181302 18.607645418548987
11.77636727416079 18.255353422833373
11.397621577114228 19.18085420455574
12.36973307215688 18.946335034324516
12.635946094674217 17.982420812704053
12.65625356653812 18.982214594734376
13.655419257320046 18.941374389491543
14.653184359374457 18.87455522216396
13.772293896525497 19.347875401811674
14.361541731529746 18.539923058574274
13.530324821430263 17.983974816051045
14.413666438284409 18.45270457607648
13.447764740945921 18.19379549728891
12.456073287830502 18.322434767412112
12.112614355603172 17.383267071058974
12.794496624014192 16.65180512944708
13.141840542357171 17.589542940559625
12.608140653285634 16.743868991330356
12.843823646099356 17.715698980010664
13.698835967313538 18.234306664654785
13.318253848921943 17.30955953642969
12.467177473974044 16.784517629525542
11.833725582921588 17.55829970590239
11.552729251784267 18.51800854814954
12.040414333695772 19.391028170426708
13.040334755276822 19.378412683707005
12.213367497570836 19.9406627656832
12.644346928285561 20.84302451703396
11.646635183492183 20.91063571656004
11.71020203109129 19.912658133702433
10.713230988254672 19.834884489418087
9.716793056686887 19.919213894330685
9.657642781101014 18.920964804725234
9.28399409619751 17.993394505357102
8.309743051103188 18.218860469823188
8.02498477948788 19.177459826565443
8.506555171931272 20.053867241596784
7.533498951865682 20.28443521984109
7.9962540843622 21.17092136600928
6.997765403060007 21.115963624867508
7.851832638278573 20.59580099863787
7.086834674786901 21.239833696451882
6.109607414023525 21.452029080051314
5.688743930201488 20.544905092944163
4.831007693248552 20.030815073766764
5.12187776855474 20.987577635373025
4.164245971895407 21.275573020799627
5.064193933580173 20.83957569711583
4.0789499766525 20.66841978767212
3.2022414550261744 20.187397783905368
2.617299576551436 20.998472995464965
1.8989492047815577 20.302791499823407
1.9392585806923253 21.301978746646384
0.9401547286938049 21.259652715392335
1.9281223202713287 21.414313757650906
1.1663409889578582 20.76647951707522
0.22694540233721727 21.1093146550609
-0.49517555058512597 20.417547837881493
-0.7881848074524685 21.37365744215814
-1.776770179136693 21.52431919208812
-1.5357488596727693 20.55379937077386
-2.2822449233671156 21.219189201541393
-2.0826169181761474 20.239317444859186
-3.0209888835395526 19.893690399302823
-2.19896110968008 20.463137797227898
-2.079712463099913 19.470273375320858
-2.1759870758717303 20.465628185896282
-2.762637816254736 19.655788134523128
-2.5260747316524634 18.68417200301673
-3.50248005840687 18.46822608875665
-4.277805968593979 17.836664743365304
-4.527970142130055 18.804868175645428
-5.089412275993675 19.632384175685708
-5.481651781566324 18.71252104985224
-4.512015398486054 18.467969859695636
-3.6003038813029216 18.87880085832601
-2.657209802374016 19.211326884810013
-3.6570735752379826 19.19482125806535
-4.342046258621825 19.923390007750605
-5.331859344877077 20.065762948571024
-4.562484704219625 20.704560774423005
-4.606818050849701 21.70357756826412
-4.243109453276625 22.635090346518624
-3.429285056747124 22.05397946930723
-2.7761263908458926 21.296758393822582
-1.9384410373423675 21.842911530338043
-0.9386404842743408 21.862882861912777
-0.2693091483260084 22.605846900556383
-0.9882617156049919 21.910787762063148
-1.948054479908393 22.19149730873165
-2.0320767598942804 23.187961184878684
-1.8517133500534761 22.20436114401319
-0.8732599647059466 21.99789329493746
-1.862176106728307 21.849418165546673
-2.8575056999719872 21.9459531375173
-3.42617318637102 21.12338563882032
-2.522420149095916 21.55143989661485
-3.2823871785142673 20.90147827144222
