0 0
0.9959825104562983 -0.08954796963175515
1.967092503247265 -0.3281802849235622
1.9803605698653577 -1.3280922602535
1.235557261254407 -1.995376331307336
0.3430288760451714 -1.544385110111408
-0.27345677794759593 -0.7570189701097504
-1.2706936705733178 -0.8313061156074365
-2.2332659889300013 -0.5602811500905318
-3.164924905567411 -0.19694705720905142
-3.9755250659170818 0.3886529599025333
-3.0446925360636943 0.023206929185626113
-2.6692481597023705 -0.9036379986521739
-2.29258991281383 0.022714291273668086
-1.3709271766976485 0.4107063026022959
-0.6085992346625073 -0.2364846342876349
-0.4441345028721546 0.7498983298784782
-0.06453951539076191 1.6750510986031908
-0.7358977357261187 0.9339180876070927
-0.12195787381498024 0.14456528565062143
-1.1217893181764391 0.1262054690371922
-1.1625233129891945 1.1253754954424053
-1.8172211720864835 0.3694848199519437
-2.543729057629153 1.0566429474919734
-1.543987166105432 1.0339240053384957
-1.8282169388302574 1.9926801976505946
-0.8392140991899069 2.14057672628911
-0.7192971602618013 1.1477927982573792
-1.709662972164292 1.2862686395248017
-1.9290680279371137 0.31063478325426164
-1.1549542113752893 -0.32241165975611197
-1.7159481271613348 -1.1502315836834351
-0.8591906883973339 -1.6659511694299425
-1.114463256383203 -2.63282030019889
-1.570772242753944 -3.52264169180358
-0.6439019046390221 -3.8980233327008547
0.20621203984260805 -4.424622118683014
0.8545132047611886 -5.186006121381528
0.8432465283790014 -6.185942650368893
-0.07189520702384933 -5.782810408884961
-0.9433126899778471 -5.29226828999799
-1.3142767918030813 -4.363621082950558
-0.6461418758883927 -3.6195809401251373
0.3533444842867034 -3.587533852520517
0.2051308272557372 -2.5985784885785908
-0.45983053864765877 -1.851700732947932
-0.26630015732476464 -0.8706064502691391
0.6886319887675821 -1.1674306345255183
-0.21496685873367294 -0.739050986556099
-1.0639313689467103 -1.2675008521050815
-0.46041484846680314 -2.064851345619587
-1.2426826229116448 -2.687793661620928
-0.3624747163815033 -3.1623819476982664
0.40573608268492456 -3.8025789237905627
0.621374358318624 -4.779052238367937
1.348332490034449 -4.092370452726118
2.280811064110843 -4.45359574099987
3.185842375345815 -4.028250791947566
3.230847816768225 -5.027237533722638
3.972271166568712 -4.35619996668885
3.238307756081185 -3.677010956128816
3.3459159567315186 -2.682817576975244
4.215767382737276 -2.1895037856864237
3.2817345707197023 -2.546691000007631
3.6457543515443316 -1.6152997829734628
3.048365650005511 -2.4172516139918616
2.5911185566569728 -3.306591310409554
2.093739900165004 -2.4390577536716926
1.8472731432691283 -1.4699065076088145
1.248981497755135 -0.6686280872653246
0.2786771093310745 -0.9105152382366195
-0.7174596760807176 -0.9983304120362612
0.2825375006140044 -1.0007066701419682
0.30124188274616 -2.0005317278840984
0.31989101751568144 -3.0003578176478873
0.04173545114887717 -3.9608938559614755
-0.7057480255997732 -4.625174257589997
-1.128962021083015 -5.531204010979537
-1.073853801668841 -4.5327236235141655
-1.6204180412769889 -5.370140802691645
-2.5698953966822353 -5.683976351303747
-2.1840461968224103 -6.606538216420408
-2.5149972210626115 -7.550186148413247
-1.5219209603664665 -7.667657593631915
-0.6353152833482665 -7.205131514930294
-0.8406222908127043 -8.183829135590525
-1.1503597222917463 -7.233007005252381
-0.9407887635821076 -8.210800446253865
-1.190352736190816 -7.242442132624163
-0.20630473061615573 -7.420345259984346
0.6809419576704705 -7.881640516977537
-0.3146246200820295 -7.787581018455723
-0.918792991020068 -6.990724331492454
0.0520993247839886 -7.230240742438836
-0.6877462759594388 -6.557464043183729
0.3119360548782767 -6.582667959761761
0.4571082047057146 -5.59326154836426
0.4653939387944874 -6.593227221080384
-0.0751907180257031 -7.434516843511682
-0.12104830566178701 -8.433464830974593
0.3028435861885376 -9.339177624316696
1.2999852239195742 -9.263622648947326
1.696010017363345 -8.345382831155797
0.7145485364816275 -8.153723337403294
0.7527432634945861 -7.154453022209049
0.5806365254408165 -8.139531329104745
-0.24496687796715932 -8.70378217782468
0.6484152027230954 -9.153079916414082
1.4321731044830446 -9.774146379386316
0.7514404026245711 -10.506678282186776
0.22453508387412713 -11.356602270007153
-0.025679038185035252 -12.324792795225285
0.9597974811954711 -12.494604543198394
1.9513498452006257 -12.364897529371888
2.162710406198409 -11.387489368338482
2.392397559022068 -10.414224855563171
3.365161701114759 -10.18242769453942
3.4180415555602575 -11.181028576270366
4.398039073124763 -11.380038288514285
5.2363556188072415 -11.925222082509482
6.213620142905801 -12.137245783869535
6.872550652420909 -12.889449601747481
7.063478426935827 -13.871053689411536
6.86548923444051 -14.851257892450398
6.8976432926559585 -15.850740817037046
7.600248187758448 -15.139160630847169
7.902289056849642 -14.18586565372905
8.493953240172651 -13.379681125117443
9.415628874080292 -12.99171975350817
8.791563628658949 -12.210347518618038
9.20327661127967 -11.299033950222642
8.937922153613055 -10.334883022309144
9.893938228722382 -10.628197297673568
8.964950782433327 -10.998308530463577
8.666120717882835 -11.952614871488695
7.735990557681813 -11.585384854899063
7.872422018798849 -12.576034367298615
7.078626144552102 -13.184218640384364
7.960353878373609 -12.712460012047806
7.074269054857894 -13.175983135025641
6.074277983240995 -13.171757417750937
5.658785650552627 -14.081354098416153
6.281303071377943 -13.298748156214717
5.527323323721844 -12.641850492857293
6.091864352159584 -13.467255500844558
6.6774749921583165 -14.277847986820264
5.727031758267668 -14.588746135980864
4.8161085949319915 -15.001322178061015
4.990288031034696 -15.986036108113263
4.609087531608243 -16.91052849815064
5.59762861274991 -17.06148057960454
4.97420362109967 -17.843363742094883
4.30741712200465 -17.098114948318866
3.7460022322384234 -17.92564943191987
4.56617315235217 -17.353530858720422
5.366437722249936 -16.753883780710076
4.638382059786839 -16.06836576318215
4.21985105524111 -16.97656827266665
3.7212096024836803 -17.843376614569266
4.620161900125219 -18.281423149271916
3.641407652076992 -18.486460028704737
4.606995648064962 -18.226383459202722
5.099374476286357 -19.09676446170641
4.231705358765312 -18.599622326597895
4.875217999600222 -19.365057811198447
5.831946525240322 -19.07407580449267
6.799564347625447 -18.82165601564348
6.365627413085026 -17.920712767241195
6.487833844650183 -18.913217471554535
5.49318035320512 -18.809948734968156
4.496775957262489 -18.72522400571984
4.932844069741353 -19.625137668956
5.740716048509377 -20.214495680627547
5.139997626008668 -21.013956359378078
4.1713609303886185 -20.76547506853655
3.1858665487630797 -20.935183123102316
2.2094138337869254 -20.71945158758723
2.667930025290323 -19.83076553383753
3.3470914970481775 -19.096776640679256
2.457039168526598 -18.640918271782386
1.7055510908326903 -17.98117160139752
2.548379276480442 -17.442988872691256
1.7517302976135505 -18.047431098607298
2.50847553820186 -18.701141004335323
3.087415098908946 -19.51651146311359
3.4778544390004944 -20.43714011882059
4.464448593754764 -20.600333175672613
5.081387127495096 -21.38734451332051
4.987124635275292 -22.382891891681034
5.371770393117921 -21.45982762470193
4.584876413426167 -22.076915839404556
4.6661424434507905 -21.08022339317852
4.060334997119293 -20.28461209488688
4.930778883014961 -19.792344442580895
5.1066319766699015 -20.776760863335845
5.242182188751387 -19.78599038537202
5.307550293923788 -18.78812916715269
5.2548097766269235 -19.78673741758689
6.154200968550194 -19.34959272313111
5.210508781101869 -19.018767912469944
5.023442038599925 -20.00111511883321
4.747270888631448 -19.040006646326027
5.745911719251817 -19.092126617717614
6.6965293723774755 -19.402491044747944
5.992178922587354 -18.69263863482004
5.740717740575453 -19.660506019300566
5.953056168609037 -18.683309830206365
4.97607102124299 -18.47000248896809
5.6116784414302305 -17.697990049040516
5.5658781694261075 -18.696940665980286
4.690406909530319 -18.21367047954574
4.129581493602444 -19.041604566807116
4.885636067363046 -19.696113146961476
3.895536474176308 -19.555746500027613
3.3229041832356137 -18.73593416822721
4.302141987559199 -18.93864904825215
5.13835277863426 -18.39024088557619
5.593743926623463 -19.280532356013303
5.329508249201279 -18.31607421447618
5.893136510079226 -17.490045653505256
5.82480819530406 -18.48770854316287
5.3964639818012134 -17.584092897681547
6.394365921232809 -17.648836385992425
5.398467890087671 -17.739319044890358
5.569873672102462 -16.75411852829899
4.592715863057731 -16.966633507119074
3.594198243323757 -17.021062939238092
2.678479973941481 -16.61924202002217
1.9148006235141146 -15.973646287592938
1.7199556519261132 -14.992812235855911
2.6549767047442936 -15.347404439361265
3.5013861351993056 -14.814871739861204
2.6650163508875444 -15.363037393555684
2.6060225304395646 -14.36477904565723
2.5889487454050104 -13.364924813349042
1.9634719509049972 -14.145167582967568
2.3787090975639225 -15.054880786144567
1.4303046973177338 -14.73781755334444
1.2492108058680993 -15.721283364890336
2.136691750778395 -15.260438952511137
1.2367981583271321 -14.824329422386926
0.4526959117833612 -14.20369775467651
0.4809006274616666 -13.204095586804957
0.8028763213813835 -14.150843521856794
1.6292946534642891 -14.7139001268241
0.6299284992982327 -14.749499142363101
1.5959655342652042 -15.00790279379284
1.618266476174432 -14.008151490722941
0.7007461068640425 -13.610462702974875
0.5904073513427232 -12.616568664845051
1.5520610544563813 -12.34230208779311
0.5609855819413331 -12.209000145650192
1.2384119328549335 -11.473409540022384
2.2197052293562614 -11.665928282594521
1.5013113196494516 -10.970291746394643
0.5013122399406845 -10.971648426761885
-0.49331010165932254 -11.075216750056793
-1.3082757735674844 -11.654725985195697
-1.8607288576283132 -12.488269979182624
-1.5153553883353714 -11.549804653926246
-1.0972481908127134 -12.458202348430008
-1.7053731002377535 -11.664360994923662
-2.343416907555198 -12.434361059822269
-3.331901394475727 -12.58568329585339
-2.8798078798002185 -11.693712750382103
-3.4718985350014275 -10.887841385942714
-4.4713975226758755 -10.919492193795806
-5.095150176331028 -11.701113986645874
-4.430891483389166 -12.448616755103068
-5.389252695764937 -12.73417548218673
-4.468524468229512 -12.343971008840414
-5.211206074401707 -11.674326303154265
-5.436143676869063 -10.699953132856438
-4.826456401294731 -9.907311078709203
-5.824139269366043 -9.97534706004997
-5.007898387074318 -9.397635348142009
-5.823592780372409 -9.976118413358321
-6.4691146326803315 -9.212376612621352
-6.953391162434389 -8.337461620905376
-6.226194867389457 -7.65103205534681
-5.424119564021311 -7.053809142418231
-6.421040739167677 -6.975398871759421
-5.421447115065167 -6.946892966167599
-4.671177380280054 -6.285761114669371
-4.224102752645284 -7.180257776108212
-3.8245730297466416 -6.263537534965619
-4.6314966679164655 -6.854193307952538
-4.5055233573953055 -7.8462269389531905
-4.692046411446266 -6.863776354797681
-3.820750489733008 -6.373018352513618
-2.91344364273443 -5.952549227143515
-2.037049994812431 -5.47095378085901
-1.2567680145603015 -4.845525902288015
-1.7073595482711164 -5.7382561357561865
-2.0333469477251835 -4.792882021768938
-3.0256409295840303 -4.916787847163527
-3.447159693732197 -5.823607526852385
-4.447084795289779 -5.835846451439904
-5.40390429560592 -6.126529171625969
-6.403852237622842 -6.136732761980501
-7.397864744061154 -6.245999120225953
-8.374982334337748 -6.033299297066498
-7.394052511969333 -6.22766154542834
-6.767031548220917 -7.006663927337412
-6.23531201312609 -7.853584428918605
-6.665983279498859 -8.756093298858882
-6.470295767318764 -7.775426995992936
-5.912645768100875 -6.945350807699182
-5.40075766336103 -6.086298674108996
-6.333799347013657 -5.7265303923404804
-6.444084224705823 -6.720430410326406
-6.383639522391599 -7.718601957687953
-5.403092916578255 -7.522315550038493
-5.617269857056335 -6.545520669745066
-5.096777447136523 -7.399386965611033
-4.512734616750561 -6.5876641235801126
-4.488710358706526 -5.587952747719343
-3.5620940870242586 -5.963961105410571
-4.255945918389093 -5.243843312190833
-4.338383017953674 -4.247247042573402
-3.523319018966879 -4.826617975185363
-2.9595398366050807 -5.652543536925319
-2.4921432798017578 -6.536591306385996
-3.0878059395218624 -5.73335659858561
-3.1884104565142297 -6.728283093941288
-3.3626496243089687 -5.743579731295361
-4.118612601170886 -5.088965358084637
-4.346959147766382 -4.115385441150279
-5.346802116619561 -4.097664334106411
-4.520618569633108 -3.534263280957873
-3.73040936594167 -2.9214260967063423
-2.859700680020481 -3.413225226698859
-2.414731903032331 -4.308771310105889
-2.139954518322111 -3.3472634376202746
-1.6829849399303571 -4.236745761460643
-0.6908095689833449 -4.111893715878047
-1.6872214809414618 -4.196530006604718
-1.9311950393884114 -5.166311890730594
-1.4419283099255291 -6.038446093385606
-0.6439076535904659 -5.435815997835645
-1.615853839560498 -5.200612656919094
-0.6267446448536884 -5.053429094839469
-1.2110589339080629 -5.864956550694711
-0.35051518723685193 -5.355580010142366
-1.0448045615901127 -4.635884057214911
-0.8192210495917904 -5.610107891410371
-0.19433996661281716 -6.3908278361633055
0.37848098653934903 -5.571147315698262
-0.17460676583273416 -4.7380243126693
-0.44814640142938383 -3.776163580672379
0.5518402316380273 -3.770993117781815
0.576246515335637 -4.770695240074287
0.31754697814663413 -5.736653080488761
1.1736472987214883 -6.253462756396277
1.8915352458741097 -5.557304085306852
2.8795576863065615 -5.711614348095502
2.8876701656941197 -6.71158144139317
2.523159791919497 -7.64278076882564
3.4761603618866377 -7.945749271548785
3.1258178121008067 -8.882370912239178
3.194523409647837 -7.884733933741636
2.9315524338733634 -8.849537678500237
2.3086982977823514 -8.067199691978862
1.32674400669647 -7.878081289336432
2.2278861934307317 -7.444557634517237
1.9011289541566625 -8.38966593867184
2.900671581683801 -8.419907230908507
2.003969116049931 -8.862541039068411
1.070372390213727 -9.220866524497398
0.43259835863872576 -9.99109005351256
0.9005659203338486 -9.107344410693813
1.811551016274254 -8.694905136406737
2.7922938043729864 -8.499601312603092
3.233842224200451 -9.396838735444934
3.0536585392754807 -8.41320575527049
2.870932815516894 -7.430041826987469
2.5817029523340387 -8.387301502437776
3.318891929851263 -9.062988124643002
4.171377714569757 -9.585738530527966
4.172126027167687 -10.585738250542054
3.4510181365908323 -11.27856103462742
3.419573587830339 -10.279055536716955
4.139301818880142 -9.58479962321681
4.13395433428229 -8.584813921114787
3.3074735772143438 -9.147778891780275
3.8030328259453237 -8.279204755049744
3.2846245882609426 -7.424071491107232
3.5757684162469 -6.467392197181789
4.491262782413804 -6.065061406020263
4.983501388325442 -6.935521718067956
5.885951400926481 -6.504727132730134
4.900254125848342 -6.336201520719583
5.237391676502685 -7.2776569216487985
5.968032915195559 -6.594895337842751
6.183006376493397 -5.618275447129058
5.183025961969448 -5.612016807619477
5.316292128422502 -6.603097091390124
5.989792198743345 -5.8639099328992454
5.214093578035131 -5.23280641537508
4.3673432356889865 -4.700815947662841
3.367462468650403 -4.685374066095692
2.4117609123967725 -4.979711517627753
2.7887066106101477 -4.053476158446065
3.2366470852986775 -3.159412776388722
4.0414898742268965 -2.5659247098614784
3.8562223568750458 -1.5832365868975944
4.642914305920961 -0.9658908350645231
4.768175287684536 0.02623299110216326
5.753025075035584 0.1996426112349448
6.745474642380102 0.3222960101999943
5.757275170718236 0.1691235446351624
6.742466585798887 0.3405816317917185
6.6736964743103595 -0.6570509016422386
7.561556694677944 -0.19693762310224183
7.741747315986466 0.7866940864275237
8.133130341342923 1.7069219535684979
7.913148382941488 0.731418013044489
7.36390307269144 1.567079181921163
6.374320736679327 1.423111129031608
7.337845359230643 1.1554914329377945
8.09582482367256 1.807769848558261
7.980285496866117 0.8144669421087157
7.99839633050568 -0.18536904329333015
7.000967951860398 -0.11369876023931526
7.838062973546023 0.4333587547160519
8.763396273625446 0.8125134510658724
9.159243130732067 1.7308299900211557
8.165172035510837 1.8395620351856996
9.129741696533602 1.5757337405802345
8.416765024702146 0.8745459872472627
7.547117709472271 0.3808724644475581
6.838808910038286 -0.32503025168575356
5.838956670525227 -0.34222034012999253
5.000026479761741 0.20201870204315092
4.131236937110364 -0.2931628107171817
4.172945071824796 0.7059670264404536
5.136308205115896 0.9741674615921403
4.26770328089362 0.478662178455003
3.3560164081773185 0.06777649348073933
3.1365119405104984 1.0433879882235524
3.2522810384431535 2.036664141145719
3.3553379804015866 3.0313395991289633
2.39237740904562 3.3009818399106887
2.827435818338933 4.201384072528518
3.3971797171735982 5.023206370681029
2.7870248630884014 4.230924189866471
3.233876560632085 5.125532238344869
4.078342270502052 4.589922618515452
4.969683016696368 4.136588664157562
5.203479879629409 3.164303198420946
4.228343310628835 3.385907963256429
4.223740948623353 2.3859185541805275
4.8594079836875546 1.613955199782997
4.9860847476217 0.6220111502120684
5.424144523500638 1.5209569954980315
4.793298211170218 2.2968648058847494
4.796699627390669 3.2968590210518647
3.835661058475909 3.573273327950532
3.249381912658586 4.383382433676243
3.8320577219785363 5.196087116345994
2.8355429777943915 5.2795039289415895
3.815325673990568 5.079439268807543
4.3544962454741105 4.237242679615857
3.7711847268907737 5.0494912082621095
2.848571438918839 4.663764982996551
2.548542411135881 5.6176950551127485
2.8611068085033224 4.667798483112234
1.8696819716005435 4.537120279986013
0.9302983846313057 4.194252263786181
0.5421447448161496 3.2726575850373036
-0.35128230518139447 2.823449274414397
0.5976479233021537 2.5079632660556093
1.4229790859426226 3.072612247259447
0.4588686230653012 3.3381136886311977
1.4048209471670972 3.6624194094046847
0.8526350935423831 2.828698363096781
0.12963444180992945 3.519545710630552
-0.15099080496709066 4.479363126012945
-1.0601402049645194 4.895833255175068
-0.5183949850373991 5.736376006429349
0.31017877929762483 6.29625591949615
0.3497091900862647 7.295474287333171
-0.2884238169795074 6.525548144581027
-1.130703853503542 5.986507941930918
-1.1905475192397814 6.984715703707618
-1.4892374617147817 6.030365496360084
-1.9499229336148363 5.142802036104862
-1.8766312792699276 4.145491485973467
-2.7536489971080336 4.625949520142987
-2.8720866903557556 3.6329880340730796
-3.8100414886218776 3.9797455810847606
-4.806303457122366 4.066128971383651
-4.070101362400152 3.3893672143918545
-3.368565152819182 4.102001024035184
-3.5334582791282743 3.1156895839230794
-3.1862041628264053 2.177918514465609
-3.2024977078937633 3.1777857658490802
-4.028946159756943 2.614773371302608
-4.161555626897624 3.605941737033004
-5.0946678478856535 3.246356443892715
-4.387971439194727 2.538839528233911
-5.122962416481764 3.2169164142185664
-5.789450876188268 2.4714010669063518
-6.449446129161963 1.7201312977473706
-5.96914875211822 2.5972370095090147
-6.750510383283647 1.9731584877327055
-5.7702978693095925 1.7752104454370936
-6.59926018664324 2.334514903170831
-7.379878115551062 2.9595234223668996
-6.659056507207566 3.6526440532422884
-5.973627130452417 2.9245049391431706
-6.931171507684534 3.21279084866904
-7.9274784792090935 3.2986536374169115
-8.24113070871652 2.349115708250825
-8.833562163416893 3.1547365691286946
-9.072817649783559 2.1837799211554447
-9.031611113926454 3.182930571159065
-8.561508363287416 4.065542265983925
-9.358043872720204 3.460950517601061
-10.259683885087178 3.893437844697341
-9.935677980490267 2.9473827861588133
-10.887664184514076 3.2535237134265333
-9.998502962418462 2.7959296562957263
-10.511593680882964 3.65426404021937
-10.01715130053423 2.78505363271433
-9.035440076143386 2.9754297654227857
-8.886204163361834 3.964231384725797
-7.896060782988038 3.8241739454305055
-7.461535040502552 2.9235145319353504
-8.3861929793373 2.5427157712363764
-9.318061812309866 2.179920404487643
-8.400683871602855 2.5779376326375845
-7.453797504755907 2.899505989724204
-7.64603872574397 3.8808536920973324
-7.539448587721009 2.886550648515424
-8.434370256536534 2.4403273785210895
-7.527590093012444 2.8619311439682513
-7.279042013823901 3.8305507041319338
-8.266402304180524 3.67205888406892
-8.510731313474272 2.7023664920096984
-8.101270714162204 3.614694293630915
-7.3389597716758095 4.261905253801943
-7.408182323876148 3.264304011688205
-6.409721087241417 3.2088498960804097
-7.3664484963938826 2.917864218466526
-7.467847960494272 3.912710009873493
-6.621692712736122 4.445646494542487
-5.622293582563665 4.410985585573806
-5.643503214840927 3.4112105351256243
-4.692112542077202 3.103223866943079
-5.343441284042071 3.862019537654543
-4.509089348688362 3.310787419603064
-3.5112671429820645 3.3767483610716282
-2.513143843251914 3.3155121092611535
-1.7794080551934175 3.9949470166085588
-2.765545481481687 3.829016379071218
-3.7142684197316376 3.5129075585071905
-4.5745482963437425 4.022729619520894
-4.066862223269341 4.8842717550002295
-3.2485255529783625 5.459010908057574
-2.8963252030048876 6.394935538291527
-3.7891128236769838 6.84541335614126
-4.539492712368833 6.18440653117891
-3.6964434020370134 5.646570254651338
-3.589717758692795 4.6522817466956425
-3.3546390974276097 3.6803053976944087
-3.578238830379019 2.705624342464515
-2.6583860610830063 3.097888134852312
-1.7722488004896142 3.5613110037183606
-2.70115427036739 3.1909940745466736
-2.676885473855187 4.190699543930457
-2.6287553795899883 3.19185846847049
-1.6329700416391253 3.2835730295940397
-1.0349683612236258 2.482078182311639
-1.1708612407928563 3.4728017185629905
-0.1932487465752437 3.6832151476724904
0.2404540418690756 2.7821591609016227
-0.6612370547293526 3.21453997258864
0.24881141968946385 2.800038133982362
0.3720702729654088 1.8076635801524588
1.1168797373773711 2.474940780214297
0.2430331292171538 1.9887390675405512
1.2417033590543431 2.0402926516733295
2.24149698695943 2.0199775932095876
1.2431269525185518 1.9629050575157896
0.45709313750817093 1.344721555907872
1.4569683441391548 1.3289237343920082
2.0073645761892083 0.49402015448286474
1.2905077155843792 1.1912405223751033
0.6278390847852029 1.940153258115887
0.7434555557265903 2.933447188252913
0.4404308801443651 3.886429898478176
1.4399986257866288 3.9158292500295717
0.45139642643463884 4.066380541742424
-0.07372313853992662 4.917409003358675
0.8636496498073825 4.569081204201056
1.8239093639864166 4.289973194060179
0.940393160636232 3.8215725979699573
1.9236328960882407 4.0038899658433005
2.1399802364260956 3.027573506733481
3.0061189508600465 3.527377195554104
3.2408096575809533 2.5553070992241933
3.0842168992893297 3.5429703556282277
3.644275738717681 2.714517522705213
4.384302471191743 3.3870949793775003
5.3571267322651925 3.155550260010167
6.3561922866040605 3.1987708353599964
6.170634790161814 2.216137426852996
5.174611230219604 2.3052276510083267
4.858549466285299 1.3564890350667516
5.200074592874223 0.41661639055132615
4.20970071555707 0.2781982446029397
3.5285939403743356 1.0103823476809675
3.880062279001405 1.9465821163963457
3.270426602970564 1.153900375399103
4.2661635065386205 1.2461392981633026
4.872361189158182 0.450825291253659
5.6262184033290605 -0.20621298818105005
6.422733225309473 0.39840601446897506
6.9440397691310904 -0.4549634760618033
6.1886667100903745 -1.110258479610183
5.221857555653788 -1.3657581056326338
4.2350526893840215 -1.5276721442652024
4.858285932525892 -2.309708156634752
5.102302135471016 -1.3399370018254104
5.649795462174307 -0.5031269533583981
4.666128236712535 -0.3231303157444132
5.641955712171108 -0.1045880128825894
6.6351103028129454 0.012219345991088162
6.703626101108678 1.0098693775070995
7.445387183603371 0.33920515712830135
6.6471733306823255 0.9415793307155654
7.3968478547591205 0.2797726308777422
7.990389500833882 -0.5250306459389358
7.828088062188941 -1.511771869874463
7.382064017713863 -0.6167508914889879
8.195519714737088 -0.03512401024942757
7.2382221548593675 -0.32422845824731245
8.08708551679422 0.20438386923347945
9.058311030907518 -0.033777842079147996
8.179932984767365 -0.5117443765342377
8.735934001989694 -1.3429259865616343
9.42679492005039 -2.065913671032354
9.58727460949819 -1.0788745283056136
10.532719334197694 -1.4046570823779256
9.628693902502304 -0.9771784058945652
8.748346422319957 -0.5028490750108507
7.768208288487735 -0.30453306807270675
6.974299745420839 -0.9125702587489021
6.237640651085537 -0.23630597702681322
6.785603429281942 0.6001967388751007
6.5577036703307545 -0.37348786091581254
5.562473573038449 -0.2759324743728361
5.9155245564043994 -1.211536558985732
5.587358356456074 -2.156156559415257
5.195170517529492 -1.2362714040843876
5.1269988547084475 -0.23859779794447689
6.024353204953073 -0.6799085389162394
6.827622386893143 -1.2755247083956531
5.872979619919866 -1.5732782767464042
6.428868651005684 -2.40453478656661
5.605688938882359 -1.8367538767531844
5.922252673948795 -0.8881826344941816
6.477479823450669 -0.05648388346949529
7.458378065872706 0.13803767835170533
7.077971277140157 1.062856944525475
7.179015217486824 0.06797498061255969
6.370729156736914 -0.5208150023163223
5.70114480157867 -1.2635510195709854
4.7478757782862555 -0.9614282477858629
5.325883444714017 -1.777459581467808
6.202580691473162 -1.2964170287503427
5.312397255904512 -0.8408147339369878
4.4421759057443095 -1.3334756738595221
4.65711239385477 -2.310103702373317
5.221394481845539 -3.1356857547295793
6.125978495290043 -3.561981148348409
6.276828524827112 -2.573424489077598
6.816707109096118 -3.4151673917787098
5.820531177076742 -3.5025373664000075
6.321537117446405 -2.6370935220552054
5.336733296713641 -2.810763999310696
6.012613978960738 -2.073752938766013
6.131453479038282 -3.0666664159740322
6.872849966377486 -3.7377336619047883
6.163911877404209 -4.44300438014206
5.166203555928012 -4.5106660772619955
5.663760191132303 -3.6432345844257115
5.003346642427773 -2.892332497141697
4.480308628567946 -3.744641851811448
3.9693349210664515 -4.604238193266074
4.791000829311577 -4.034268777220166
4.876009918956514 -3.0378886014450064
4.423081953195987 -3.9294357162022866
5.113192862929464 -3.20573209436056
5.1812181192880225 -4.20341569375335
4.319626981402117 -4.711018600676144
4.928278906390285 -3.917581247000255
4.642426112896327 -4.875854788559084
4.0744669184935525 -4.0527980751466055
4.678041150294515 -3.255491266756085
5.620388506555049 -3.590127577022594
4.974459274630266 -4.353524870274974
4.615837585572977 -3.4200418848179828
5.087721844115214 -2.5383813795553034
4.256351934042009 -3.0941007985293667
4.385965275561041 -2.1025361855563793
3.3924757807240686 -1.9886124231159774
4.392450065923645 -1.9957838204411469
3.959249351156959 -1.0944863441739425
3.254241728866182 -0.385286617360751
2.3704672554562194 0.0826264943907189
3.246865971193696 -0.398959729512854
4.179601520488893 -0.03839850713725257
4.872894985591399 -0.759053883337389
3.873088525446857 -0.7787272728074099
3.9991118647570185 0.2133000040096722
4.734200435816103 0.8912710894538179
4.9136066116799455 -0.09250399869484627
5.586908724415926 0.646863477588271
5.140201474115653 -0.24781670690737867
6.125894974983332 -0.41636439258480784
7.122792604509859 -0.4950734533363643
6.999094570547131 0.49724645294071723
7.993193932356102 0.6057197623352174
8.83493347988245 1.1456035777345497
7.844872308562496 1.2862409733466773
7.131660508749186 1.9871895653326086
6.650355459144386 1.1106364013859367
6.807215333582506 0.12301553293931589
6.369891960811662 -0.776288791318237
5.858434428760318 0.08301976380497844
5.982750517358734 1.0752624307547478
5.592945338188219 0.1543650845256238
4.980532432910333 -0.6361729812555873
5.442278751955937 -1.5231850087094632
6.020337668167474 -2.3391800389567945
5.020579927945181 -2.317169567230483
6.002326114827061 -2.1269738140105736
5.011085432020222 -1.9949059952634143
4.394190005050918 -1.2078608681046468
4.1540585119017805 -2.178601238130518
4.633168051805032 -1.300846119219956
5.152322638743042 -0.4461657609214731
5.125587231586425 -1.4458083060365605
4.12712677329432 -1.5012764340662526
3.4880304393739374 -2.270403131021655
3.283973949029276 -1.2914440160693403
2.9568394253856023 -2.2364217954062022
3.934700651751944 -2.0271673522769946
4.250772749035439 -1.0784321788387938
4.314820432017498 -0.08048533942066649
3.594076398515248 -0.7736866364267434
4.225775496202933 0.001527043780569226
3.4012452349866495 -0.5642908141371604
3.9192453263387876 -1.4196713758517556
4.212532285411883 -0.46364692028712073
4.85774518583796 0.3003559024326453
4.445343640108486 -0.6106462737886524
5.214746628039743 0.028117408775137465
5.585089755516081 -0.9007776164731651
5.8755997500151 -1.8576495739973575
5.9904626824484515 -2.8510309241106015
5.122163507272937 -3.3470717917712425
4.439201807541468 -2.6166176065550144
4.767400630186882 -3.561226273048269
5.491715586400618 -2.871757024854346
4.491944320500213 -2.893144307989469
4.635228859172811 -1.9034627728594147
4.869352652875223 -2.875669566305331
4.013834151054603 -3.3934418068151913
4.019633325219041 -4.393424991463318
3.467031528974584 -3.5599795794611886
2.7513144082474863 -2.8615892852144023
1.8284799611750133 -3.2467860963336572
0.8344869115454469 -3.137342881431525
0.840964003057536 -2.1373638580087615
1.7820852399616627 -2.47543310749479
1.6382731585210668 -3.4650381222515483
2.2865827576263125 -2.7036613011517754
1.2928014757555308 -2.592311564720718
1.8280716244501714 -1.7476306380292146
0.8837580587522101 -1.4185836966381689
0.9422896069915078 -0.42029813736131005
1.345672959892858 -1.3353292136653145
2.0383490909880715 -0.6140804511631062
1.5383252114630652 0.2519311653321704
1.3503107216703445 1.234097419908239
0.7971490202661745 2.0671713254530255
1.299594664186761 1.202562526686076
2.1990997396647574 1.6394728369207103
1.5343636209184615 2.386551074078045
0.6632220684046819 1.895519104157672
-0.17061392459389302 1.3435068427176922
0.5475246735296928 2.0394069460982642
1.3224194138465086 2.671497241411627
2.2172399141674344 3.117923351989188
2.081695816799751 2.1271520374726745
1.7527477556515927 3.0715000522780573
2.5020604055656497 3.733716446426355
2.258160858316511 4.703516946968433
3.2455910364569043 4.861572770327241
4.030781329292279 4.242318215207056
3.3474658127168833 4.972441427279717
2.7859973588500995 4.144943285099058
2.124080031289522 4.8945201333775135
1.1284554701872054 4.801076389179094
1.7754808699842894 5.563544835750769
1.485889753842288 6.520695286542926
0.5706263910562683 6.923551311372675
0.8054509994491791 5.951513553210413
0.9591978384891067 4.963403281284637
0.17031491872336268 4.348859760529699
-0.5910733022171455 4.997155971387858
-1.3687668030999984 4.368512337295719
-1.1483481257111656 3.393106982246775
-1.22089657745691 4.39047187141688
-1.6481235019023943 3.4863274388017955
-1.7619186648509935 2.492823205851829
-1.265937224797508 3.36115632805924
-2.1496411367721526 3.829202688968829
-2.4796467760136425 4.773181649575905
-3.164933697257357 4.04490846211648
-2.496021195169087 3.301567312609734
-1.739004470308567 2.6481718134811802
-2.5282223172182823 2.0340584769388177
-1.6449577798851578 1.565183486040709
-2.280201463361653 0.7928717208815771
-3.032057676777271 1.452198828126781
-3.936673475446522 1.8784267680814415
-2.989332133554174 2.19865228539948
-3.818127180995541 1.6390999917426115
-3.68584460829687 0.6478879453265982
-4.680448889234613 0.7516295683152281
-5.633772604484251 0.44967941689511715
-6.258725410563432 -0.33098311594077956
-7.103918852724654 -0.8654436339658869
-6.173061185461132 -0.5000616375611449
-5.419951824032543 0.1578337110533763
-5.611675830390098 1.1392825917324507
-4.750511595004228 0.6309557680331017
-4.636086683091573 1.6243876678298523
-5.093242053167931 2.5137745170750767
-4.096533574217608 2.4327053614822596
-4.483442549115528 3.35482327430222
-5.084446348392346 2.555577108684373
-4.210647051739862 3.0418638442320587
-4.8877094261963965 2.305938208657866
-5.617716355973252 2.98937795177921
-6.5595986945971045 2.653435009914876
-5.591809124852472 2.4016745112390527
-6.306011268849493 3.1016140068456792
-5.625194437327473 3.8340677200018884
-6.423786484939072 3.2321950245824054
-6.134707102524384 2.2748898952413246
-6.248205493655138 3.268428075288136
-5.934812358965325 4.218051549686959
-6.735180129106049 4.817560876153165
-7.503498949051528 5.457628209265541
-7.991446853773044 4.584755456638972
-8.23368864331548 3.614539544895984
-7.975442355682303 4.580618659111628
-8.136299068603357 5.567596428824925
-7.2850022218254304 5.042912067836379
-7.790780862337175 4.180248769207017
-8.66476072245852 4.666210911870695
-9.259048051861651 3.8619581095063547
-10.05108207567051 4.472435058398895
-9.093389195396743 4.184642864145934
-8.683009521738647 3.272728107467287
-8.331924772088708 4.209071793601411
-9.26319663022448 3.8447467653033987
-8.863744555652035 2.9279926869815345
-9.730618886706699 3.4265194105967587
-8.753446001512525 3.214073764745183
-8.275320559752007 2.3357822061262308
-7.727186188954858 3.17217249274535
-7.350025267086464 2.2460247512832314
-7.337342922708458 1.2461051754467156
-8.334485393981236 1.1705612016035496
-9.072023766761134 0.49525597529682275
-9.68047401748292 -0.2983360435621101
-8.680477597543792 -0.29566020557608824
-9.152071544190223 -1.17747603072692
-9.985776993197806 -1.7296854333044773
-9.464744344574246 -2.583222180649498
-10.453440620608651 -2.4332899501061593
-10.394883320368512 -3.4315739991566216
-11.386976756539173 -3.306072549335949
-10.454634898675817 -3.6676505631530274
-9.839718881318435 -2.879057961363399
-9.71842650659175 -1.8864411370887137
-10.51708353853021 -2.488227598663955
-10.944466734281903 -3.392298173336679
-10.267228712988713 -4.128062172534033
-10.44323302420755 -3.143672776800626
-10.403108664397992 -2.1444780831848758
-10.396948803785902 -1.1444970553062266
-10.090710538240389 -2.0964519516724756
-9.131638560156095 -1.813289558594792
-8.141917592309564 -1.9563014665078335
-9.127172857970676 -1.7852106675528536
-8.35307527526992 -1.152144373665045
-7.354232526177115 -1.104049024776319
-7.145668091467957 -0.12604039670883138
-6.708291654507944 0.7732381209886409
-6.416870993102997 1.7298331231218858
-6.802769292693983 2.6523744513954677
-5.908409520076304 2.205026044532034
-6.901222418031688 2.3247028996604664
-6.414892808411284 1.4509274646621684
-5.439579017377618 1.2301039853409264
-4.440113541830966 1.2627959291544317
-3.92009275904961 2.1169495368126015
-4.30011469122659 3.0419270127894356
-4.184344070268557 4.035202988197575
-4.529965305674088 4.973577093571735
-5.124372954804811 5.777740974043176
-5.998391315737578 5.291848079721393
-5.650413250250205 6.229350754885398
-6.357362806940591 5.522086784153631
-5.627770450399352 4.8382044892544265
-6.158849938864555 3.990882486157883
-5.470592990859442 3.265415482412924
-5.111174005072643 2.332239190035118
-5.901513926942418 2.944907785524455
-4.927133780286459 2.7200004050259237
-4.2613434991994845 3.466139334187328
-4.47928160033889 2.4901767406051
-5.309925889713588 1.9333733062324279
-6.307948164267572 1.9962345780465818
-6.685273951598544 1.0701539928840043
-6.469915763930065 2.046689118214449
-6.742774378308136 1.084634973917113
-6.178099473022985 1.909948400041519
-6.27636967288104 0.9147886300448325
-5.385035089768151 0.461442558100922
-6.255522348330903 -0.03074839333957813
-6.915553865993429 -0.7819863021887673
-6.044447022198106 -0.290892760495383
-5.893226808892758 -1.2793928601857598
-6.8669046836895085 -1.0514643711123588
-6.177703196924519 -0.32689462937528657
-7.1773620333446715 -0.3007754646278038
-6.1776899014517515 -0.2751702167933456
-6.295623364937836 0.7178512825661478
-6.354435883080782 -0.2804177631873933
-5.445793294023057 -0.6979924814720058
-6.055252707299248 0.09482478850200327
-5.655325527813318 -0.8217221285232129
-5.574914808319777 -1.8184839436979972
-6.190353391715811 -1.030299098583932
-6.460122770125804 -1.9932240605992937
-6.047136447749674 -1.0824868331125508
-6.553589936829282 -1.9447541138318711
-5.566161706444086 -1.786686122643398
-6.262349754220173 -2.504545581126547
-5.714549682179658 -3.3411548573555443
-6.382190954872128 -2.5966717272595154
-5.605413829117795 -1.9668961347626026
-6.269233446952161 -1.2190034185403922
-7.010858636872526 -0.548188930268424
-7.656069183137264 0.21581588057294632
-6.656604909240639 0.1830872202842583
-7.246522548142396 -0.6243762026102878
-6.349163758859881 -1.0656779171972786
-6.590842725352507 -2.0360341802033233
-5.93338844577092 -1.2825397407680645
-4.947876779399561 -1.4521473922639425
-4.757069485796888 -2.433774906501407
-4.734173256908648 -3.433512753490655
-4.576272317309004 -4.420967711082924
-4.911904306290505 -3.4789745221625785
-5.291430753011425 -4.40415541055111
-6.259319380314333 -4.6555348153115075
-6.470110930397214 -5.633065849301557
-6.409705093438827 -6.631239749411832
-7.155226924439406 -5.964758542248761
-7.010446269638642 -6.954222317227645
-7.913854590480654 -7.383003620263837
-8.262302012701756 -8.320331947984423
-8.471164253035601 -9.29827702034929
-8.139172281099839 -10.241559231869367
-7.259280118670294 -9.766385808270087
-8.119127079583452 -9.255833946253693
-8.525974203039041 -10.169330206856829
-9.473247881378516 -9.848904586275072
-10.108867029907922 -10.620907369963547
-10.567157405982291 -9.732104843415826
-10.152948503812464 -10.642286685337135
-9.509661898440248 -9.87666122641568
-10.407267734333422 -10.317460232052621
-9.786316055062116 -11.101309077181671
-8.810830222429665 -10.881246835228689
-9.166224688972408 -9.946530422004443
-9.617719315265264 -10.838804260256286
-9.10442621112772 -11.697017630721255
-8.935654537805254 -12.682672804848563
-8.901981627468698 -11.683239898091204
-9.899703845152551 -11.615783420714944
-10.6866001012226 -10.99869810879856
