0 0
0.9824503201194957 -0.18652444477092087
0.17916526913339248 0.40907032255183984
-0.5249068683811222 -0.3010581342612514
-1.2996999150069963 -0.9332730778525872
-2.0563053734789625 -1.5871447626734132
-2.4288515263330206 -0.6591310968291862
-1.833039334580659 0.14399269945582427
-2.7235996723217544 0.5988578276449019
-2.18563725363009 1.4418266503634025
-3.1561882085877193 1.6827225694463828
-4.099314403265946 1.3502876421120733
-3.310855350634481 0.7352003943792874
-3.7439647006789127 -0.16614098983875114
-2.845862209975785 -0.6059272063040226
-3.844248684102253 -0.6627114319421346
-4.728700881263721 -1.1293422399009028
-3.752990360489293 -0.9102783687352175
-2.882089931222317 -0.41881886653529393
-1.950452545478963 -0.7822081639633948
-2.8898602103905544 -1.1250102046594077
-3.6055220626985616 -0.4265632752860501
-3.9203069730755615 -1.3757263066979062
-3.909173184278806 -0.3757882892453096
-2.91008818247607 -0.4185569597042697
-3.8465200787654004 -0.7694063627420522
-3.2329863080612764 0.020262119727382344
-4.143485344640085 -0.39324907043445767
-5.140159498505373 -0.4747391374175768
-6.072245280563886 -0.8369767595447799
-5.675245811989498 0.0808420798520012
-5.259761629014129 -0.8287583234555665
-4.312094384253701 -0.5094985652520316
-3.312195289231852 -0.49529294050379985
-3.385735195010209 -1.4925852157461734
-4.073800564486337 -0.7669365078112117
-4.793352155423373 -0.07249751986484065
-5.014075753719754 0.9028388801301036
-5.838888365978294 0.33743269457918146
-4.969260536132177 -0.15627515178051893
-5.068165238336602 -1.1513720615746625
-5.180064847568988 -2.1450915780649242
-6.179477158263035 -2.17937033581933
-7.006072628791731 -2.742166860418979
-6.6793483181826705 -1.7970471723069208
-7.652491519139282 -1.566846584922962
-6.737020011554717 -1.9692293862463348
-5.739725346096038 -1.8957219019494267
-6.580779027795566 -1.3547702363639786
-7.51847363138611 -1.7022307814581972
-7.830032083810573 -0.752003792406174
-8.829920728228824 -0.7669268873743751
-9.557052956897255 -1.4534243178369226
-8.804227639197096 -0.7952039588159838
-8.72379218390207 0.20155586056453367
-8.008939836851239 -0.497719565799011
-7.016357329057602 -0.6192924460893757
-7.806401557237539 -1.2323422952203962
-7.394964163718842 -0.32090427142802624
-8.35969490977454 -0.05766561998258252
-9.345362258529933 0.11103493602572678
-9.871837658633964 0.9612252988770712
-9.698325877624914 1.946057092561184
-10.561754092606169 2.450528813844234
-9.613035617513926 2.134406598524512
-10.501242202193062 1.6749623005594316
-11.46277560917391 1.9496503186086382
-10.774242329905553 2.6748550644149263
-10.171841550091694 1.8766612906483964
-9.22868813784703 1.5443035903144846
-8.294942305064243 1.9022403441702191
-7.77157593773084 2.754348110561441
-7.090782474852361 2.0218726769106397
-7.543259538100234 2.9136487178730444
-8.45365289801579 3.327392515677512
-8.854044608831336 4.243736598383458
-7.897724195154076 3.951416112641941
-8.742414610026463 3.4161609370268757
-8.073533833174402 4.159530633986458
-7.081879905154901 4.030602409599809
-6.60304038177575 3.1526999600930163
-5.906669132380537 3.870381702243219
-6.848945000784423 4.205219256624001
-5.864544660943591 4.029276166616875
-5.941601825821952 3.0322494902732036
-5.2949228599541085 2.269487197613101
-5.719944028978206 1.3643037875345747
-5.087677426065476 2.1390546783641335
-6.050406125896193 1.8685857327857975
-5.062746971509089 1.7119671044066962
-4.100724076659098 1.438998333693922
-4.853184442379653 0.7803608021033743
-5.482681676426761 0.0033580786029737686
-4.516205528448902 0.2601144911614116
-5.511911633452547 0.3526852881681871
-6.137945323793031 1.1324812990317175
-5.728009353726246 2.0445956013235977
-6.249554071032953 1.1913716519120334
-5.448021184362004 1.7893223451844267
-6.439349458118658 1.9207310726368005
-6.63516057780872 0.9400894431891598
-7.137964351850268 1.8044900244069046
-7.558056924432499 2.711971280665811
-8.144538823387666 3.521933614480132
-7.895531465625191 4.49043520755066
-6.933279703071326 4.762596089129885
-7.564898488382303 3.9873169716229797
-7.8875198668661906 4.933845072708815
-8.22960173783999 3.994174921245513
-8.225677904703387 2.9941826195083863
-8.342005263083733 3.9873935465990273
-8.376192847961486 4.986808980260238
-7.745098977363732 4.211102510973082
-7.972842788406843 5.1848235986216755
-7.0692689762823555 4.756391146486194
-6.1650643160193805 5.183490587317856
-5.487791013713712 4.447759064285185
-5.894156844082999 5.361469528222355
-6.786839987809767 5.812154345923255
-6.421290387156754 4.881362484408329
-7.119272035242984 5.5974781307496375
-8.086130229145189 5.852792119563741
-8.271422257494006 6.835475621119752
-7.942419629923406 7.779804626843732
-7.348350479293638 8.58421860252418
-6.659188725195697 7.859611069656456
-5.777063470213299 8.330625968064393
-6.702023284070503 7.950561048939717
-6.467100020195442 6.978547129239855
-5.766796280379987 7.692392120817499
-5.333010900171984 8.593408349260582
-4.812667659464244 7.739451141989767
-3.8781516008080104 8.095372110905085
-4.667554190474435 7.481496267246173
-5.617224572835558 7.794747228722875
-6.394977666886593 8.423317133104275
-5.468614529169181 8.799948699861964
-4.976050056301073 9.670224656135698
-5.779007010217534 10.266261676929874
-6.691640092672566 9.85748196020138
-7.545836382437216 10.377432629546373
-7.398770326356353 9.388305956592488
-8.08856238713241 10.112313493079727
-7.243019583517965 10.646221132335642
-7.5329790810311446 9.689182214735158
-8.519047404889893 9.85552301154219
-7.794093760012592 9.166725354186188
-8.76067310550749 9.423092998132637
-9.752050057414374 9.554133981141067
-10.70837827044698 9.261839012046723
-11.285769199911027 8.445371183793432
-12.15134628380644 7.944595473684491
-11.654162079177999 8.812240485580476
-10.763255842081893 8.35805321505954
-11.251612081583653 9.230697577523252
-11.320806912957623 10.228300742770399
-12.121428414314678 10.827471178927569
-11.221017602736115 10.392430525203766
-10.225801494942557 10.294732527331542
-11.043363371993507 9.718891770530735
-10.549286180293974 8.849473730320906
-10.51093014935682 7.850209593622932
-10.760493050970158 6.881851003978408
-9.97353187689451 6.264848483321094
-9.11681795316556 5.749056613582005
-8.232904598593427 5.281405908879193
-8.686090657764215 6.17282185880002
-9.30171069406734 6.960864986364837
-10.152238023888138 6.434934134229402
-9.206623133015064 6.760222434294292
-8.403870662177077 7.356534827728728
-7.4145635699835655 7.502382273148998
-8.410576565535399 7.591590527766289
-7.549594009862077 8.100225012269883
-6.8753129483108015 7.361750198865063
-5.986887339324818 6.902729570463805
-5.982224038912049 7.9027186972193215
-6.050627044644252 6.905060925833362
-7.046101441830307 6.810030801414514
-6.257195121171084 7.424544281513956
-7.257171518173431 7.417673660129795
-6.8253140103233445 8.319615505768144
-6.087624967721791 7.644474871214422
-5.090407217684878 7.569931199374908
-4.2712832008697585 8.143547661025604
-3.424629748342901 8.675692313657153
-3.4296288445016168 7.675704809216425
-2.4618404197584707 7.927469709337908
-2.087205774248256 8.85464222962927
-3.0497115705069993 8.583381115260988
-3.9585647513634017 9.000497280911757
-3.2285699209910503 9.683949947619293
-3.992523360240956 10.329221318949404
-3.554984140452181 11.228420646766452
-2.87008427599571 10.499783442344725
-3.180791920711069 9.54927791394658
-2.3968139059838163 8.928489324792176
-2.341190769893229 7.930037489833951
-1.753490142943599 7.120959018310321
-0.8598501477842536 6.672174483091465
-1.4016622533371694 5.831674844616637
-2.0505621651431047 6.592548621571954
-1.0569288884671109 6.705211443665703
-0.08473348120404545 6.4710403735127
0.036460458553847594 5.478411525974024
-0.6941933066723085 6.161159704558808
-1.638909206379364 5.833269679030906
-2.6011351303417056 6.105521898957242
-1.6654991945667235 6.458488463501922
-2.6084649542782845 6.791378199017451
-1.6157882796172156 6.91217977013241
-1.917352234579097 5.958733819347707
-2.888069828487142 6.198957367063944
-2.3689659553589704 5.344246205967208
-1.7190242837483805 4.5842621117231035
-2.467864765739243 3.9215118325593052
-3.4198048169839153 4.22779624097131
-3.1929015176918942 5.201713533543115
-2.276390084901568 5.601722025408755
-3.2389973271263566 5.330821126155195
-3.3920190294133867 6.319043954584684
-3.0633320995790125 5.374605019472385
-2.0637420654670757 5.403236535396225
-2.2264152784769347 4.41655653368896
-1.884754594103689 3.476733158392513
-2.791537734763499 3.898330520593857
-3.334650078520065 3.0586704810187624
-4.214719373067581 2.583825204328936
-3.681350689717911 3.4297080848873733
-3.832329707784876 4.418245052382032
-4.050010419793251 5.394265086817558
-3.094856417506578 5.098155593697616
-3.5261559793303396 6.000364376613539
-4.221301097668387 6.719233811525598
-3.621221833107796 5.9192932660821125
-3.769161540672026 6.908289647736671
-3.6930215220310614 7.905386783206106
-3.1984334804459533 7.036259249917114
-3.611034732726711 7.947170994608306
-3.5592853413696273 8.94583109719285
-4.407515934931263 9.475458192559083
-4.746152389459664 10.416375485239175
-4.3149570802915065 9.514116871896316
-3.8277851515109225 8.640810790497472
-2.873684328113929 8.940296380790526
-2.9362665780861916 9.938336190611963
-2.5777229082958173 10.871849145451504
-1.6751659209431122 10.441278727771877
-2.6431033548511103 10.190087318604286
-1.6468134068601015 10.27614741116799
-2.6463881535253546 10.24698706430628
-1.7841610682414584 9.740465146317693
-1.2964140142973926 8.867480145662535
-2.0621294904241743 9.510659599329967
-1.7200723095225472 10.450338738714061
-0.7869463857314697 10.809888471503626
-1.7251858294194546 10.463901844149243
-1.1870969688692865 9.621013726928563
-0.4866623766394368 10.3347303247514
0.41767576927364947 10.761547051047923
-0.3950432092143189 11.3442029203271
-0.36560770196873216 12.343769601901268
-0.07133151476253147 13.299490024223289
0.22545362075809444 12.344545741380566
1.2227091908180199 12.418581732523071
1.7404880575509183 11.56306724102407
2.358294807354511 12.349397209864836
2.902102102847694 13.188607329780218
3.37989540232615 14.067079619026437
2.952723419773623 13.162909227273785
2.329373597942204 12.380966134956488
1.426923363708518 11.950172013906114
1.5305009633421098 12.944793389533112
2.142232824211313 12.153728202334547
3.0112654222094317 11.658973370507065
3.0984202407699617 10.662778591559855
2.2855334718927156 11.245200346806266
3.242361319792159 11.535855588431323
3.753277093885704 10.676224812003214
4.196077772228522 11.57284488720739
4.260145157302625 10.574899312454054
3.2602411737701784 10.588756574663659
3.47896047418223 9.612968755705428
2.64349998206521 10.162519268498915
3.418157812436568 10.794899886358397
4.351285621409022 11.154444726569277
3.377904783850827 11.383638411199781
4.376315877454012 11.439988106585753
5.375699363758234 11.475097183794048
6.3589657284446455 11.657270881336721
5.694276623199311 10.910150815103618
5.917533066088824 9.935391069982636
6.752001321089869 9.384335055229588
7.751917574854855 9.371393437996934
8.524663641258732 8.736678134213156
7.618039054274853 8.314739918029424
6.814560018675473 8.910072967130757
5.815512404968975 8.866439659356177
6.326605630135802 9.725964944143408
5.332768033994863 9.83681092962236
5.810427655093381 8.95826594706767
6.797536307397396 8.798214366174035
6.204998049356131 9.603756675899243
6.739290498167979 10.449056373724009
5.987231962967412 9.789960053273061
5.060001378731483 9.41546914062297
5.925813189341529 9.915838912499883
6.906271010723605 9.71910950318162
6.926507321038216 8.719314278275615
7.624548265941142 9.435372124569495
7.0728597182749535 10.269422330716566
6.603335456876987 9.386502760224047
6.899630514514297 8.431406304980023
7.090760117826086 7.449841495740267
7.618380467683419 8.299321787693192
7.943556316420209 9.244975353962737
6.945222936513967 9.187265193982206
6.941079047159895 8.187273779928555
7.179890140978375 7.216207736103923
7.4630237258671865 8.175288219227216
7.3255911548199615 7.184777094395521
8.059139915635178 6.505140268210786
8.10311509694867 5.5061076444049135
8.455294543009966 4.5701751480292625
9.424250986882546 4.322943657563736
9.585863849119578 5.3097978933856
9.797022864417308 6.287249616110816
8.800056756922485 6.365086500083797
8.812146415038075 5.365159582671005
9.808726554606638 5.282527715830758
9.833489951803761 4.282834375771289
9.155046557973558 5.0174870565451055
8.880012631360495 5.9789215780866405
9.730607773138367 5.453100406219358
10.408735597538787 4.718156426195061
10.22972678539302 3.7343089557128923
9.327914467666986 4.1664368807508385
8.447416310909112 3.6923873095602424
8.192424568985768 4.659330540340053
7.211604701779447 4.854246902129864
7.9169443586457025 4.145377401832529
7.0585397276592 3.632404215885226
6.0603898016602225 3.6932049167712857
6.986394204941234 3.315692208237949
6.246536153845218 2.6429292007617615
6.1271637923217295 3.635778755983652
5.398993565840851 4.32117508021277
6.052382154445209 5.078197769622807
5.500184825345677 4.244484323806234
5.879866549321432 5.169601499346068
4.921192099784897 4.885096139456622
4.400196974421913 5.738655791354489
5.042951779526758 4.97258382312002
4.816354568612035 5.946572377470465
4.576907292136827 4.975663008997483
5.576695756054472 4.95509537867225
5.127063333228639 4.061881695199045
5.965455940605439 4.606948513025933
5.664370819001894 5.56054578103218
4.848508298202695 6.138791703763311
3.8544336938434003 6.247491662217357
4.790170676965821 6.600190256511339
5.554148513353544 7.245432742332238
5.663425995416638 8.239444025927122
5.831375629659274 7.253648448559398
5.978931356728853 8.242702191997523
5.014156739957322 7.979624373028789
4.042468296084952 8.215890257245897
3.3187610649856993 8.905997382013243
2.337344766376802 9.097888103062521
3.315060900531347 9.307819427580544
3.1256889603419795 10.289724854935395
4.020651583788626 10.735865979058127
4.9958830444528255 10.514679184400824
5.83265727928618 9.967131122657333
6.7436203248542705 10.379619097766074
7.442072307391662 11.095276018426798
8.439829652815163 11.028341127275423
8.643026358571516 12.00747906381438
8.1823170445359 12.895030148519272
9.156721602331322 13.119831744927103
8.221413123407169 12.76599838124783
8.15963184437485 13.764088093428619
9.116519414839908 13.473629529276211
9.963972513677382 14.004499800878195
10.67306548103768 13.2993848005838
10.266338180914712 14.212934417919762
9.730215758181279 15.0570746597294
8.73342142836353 15.1370813097229
9.310366128792475 14.320298099411282
9.901847967519757 13.513979778612484
9.066012128295847 14.062959240768276
8.176409717641063 13.606223484605925
8.034647319491036 14.5961241980468
7.1348602994942025 14.159794828596132
6.136002025927015 14.207566675183614
6.68991828975303 13.37499429234292
7.31540051187063 12.5947558737715
7.795196439957532 11.71737575809117
6.944567507231431 11.191609252112277
5.9450407684573 11.160847287357884
6.744403407978175 10.559998412399946
6.633417898412716 9.56617638775645
5.65346717902379 9.76541641277433
6.627804839379619 9.990507780028448
7.497880251111692 10.48342641215678
6.499061691153509 10.53202151770314
5.787165808661665 11.234306539963445
5.787518119733373 12.234306477901898
6.247039138775344 11.346139583079406
7.212828864726376 11.086813137749528
8.071142887952616 10.57368836000713
8.72245323337742 9.814876898613312
7.736774445764945 9.983510607138033
7.3660956227900565 9.054749491351012
6.446495946511583 9.44760625327389
7.209342875854007 10.094185376346106
7.481653044597448 9.13197585030777
8.135411829153691 8.375272836163155
9.132830625785052 8.303469325619126
10.124234269824491 8.434308213513056
10.140066828059467 9.434182870707515
10.9193841181408 8.807553345884203
10.730517223271587 7.8255506493387905
10.479585727907542 8.793555496761758
9.64479137484299 8.242993612781822
8.656721877945975 8.088984946461776
9.63767109051958 8.28324930848225
8.959038681343024 9.0177273906707
9.567049612048347 9.811656044985964
10.07588593152333 10.672519332612492
9.312782623104383 10.026242812321017
10.244326839711698 10.389870881239604
10.80126606800634 9.559317634309242
10.03604763173074 8.915546910538794
9.905395412339894 7.924118649105701
10.095715692393215 8.905840702948042
9.223242667399731 8.417178426259202
8.232071134041202 8.549764215315577
7.498410504261752 9.229280278636836
7.795990833508153 10.183977061728516
7.005830185059208 10.796876849330653
6.5021538373684304 11.660769282899137
6.513480697048598 12.66070513196636
5.532692592156039 12.465629010154224
6.489433773483312 12.75656940259311
6.917126451365709 13.660493610304012
5.917406611177904 13.636824196815962
5.855409514890316 12.63874786704358
6.756762629632088 13.071832803915445
5.780257844883597 12.856337083857476
6.2557826228294084 13.736039411670461
5.27624754580168 13.534765884170488
5.748653446676388 12.65338477204092
6.609723066161663 12.144897692166232
7.58925920974899 11.943629355346784
8.463225082908956 11.457642058648878
8.849119465216205 12.380185025509341
8.032744897691598 12.957707809041741
8.580731330323593 13.794195029297533
8.067648356016111 12.935856016158908
7.251991351563882 12.357320234129814
6.2536878345499005 12.299095772625098
5.264185659547122 12.443613749585651
4.521461107649687 11.774016676706182
5.278590308282517 12.427281839981472
4.357410297772193 12.03814511820338
3.3775167206813412 12.237665988229788
3.313620260869715 13.23562252156355
4.313070196196017 13.268786157917996
4.329651258945864 12.268923633188678
4.649427852665233 11.321430662180852
3.649583998156008 11.33910172893234
3.1513179652751737 12.206125927255083
3.5019224910821047 13.14264953426331
3.684079193674276 14.125919047520355
2.721140490876641 14.395639374256046
1.9996150919385514 15.088027342585386
1.7916634969383456 16.066166460572635
2.780222478278705 15.915331648903342
2.141142658342281 16.68447206765016
2.1582556615897217 15.684618505812299
2.206132078630206 16.68347177265952
1.207886435136197 16.742680177850264
2.1252345544614766 17.14076613335532
2.029414383713829 18.13616479463526
2.5963030280703534 18.959959225849516
1.9135305953056876 19.690590326376054
2.2512095008216972 20.631851691125245
1.4394653423704002 21.215864894075484
0.4542864853844747 21.3873951239124
-0.4595422841718344 21.79349484064611
0.032510185890180565 20.922929296470446
-0.898390970489793 20.55765811357967
-1.791519543612666 21.007459571860434
-2.217396259313602 20.10267837011949
-1.999906198414281 21.078740905723645
-1.0047606395959656 20.980326898772486
-0.17009787482736505 20.42956554472807
0.09936331565801065 19.4665542951457
-0.6482557704528364 18.802426519726854
-1.382414742053768 19.481404136749582
-0.9844243174668583 18.56401456740778
-0.27915627641902363 19.27295531971121
-1.20929493318679 18.9057468241855
-1.554924912017622 17.967375939229342
-1.8424865203450587 18.925138081630124
-1.973692790178671 17.93378299148515
-2.746405167615949 18.568539308314868
-2.1219836685335443 19.349626877978913
-3.1157455751253007 19.23810435555803
-2.519118204088995 18.435585956933856
-3.3191083223658047 19.035599132338742
-3.9441188038181614 18.254982774532493
-2.9596720266099186 18.079299699524384
-3.3619857683908525 17.163797840883877
-2.9599421213545556 18.07941834408253
-2.0988195903108733 17.571020875039927
-2.134467005179369 18.570385303971232
-2.2920094740100794 17.582873091127905
-1.4090929910503123 18.052403158448364
-1.904914063625673 17.18397845590345
-1.7658316452848397 16.193697646784912
-1.647633596987792 17.18668768771119
-1.8319649060014762 16.2038235218585
-2.5189901985281336 15.477190019032859
-2.6023987255002954 16.47370545675991
-1.6399250554933376 16.745080537678067
-2.2319257349398174 15.939143073891387
-3.2110434643475134 15.735849020954472
-3.308007976134099 14.740561181455773
-4.096208580600627 14.125142781406993
-4.719038685949842 14.907499899269855
-5.605451037190199 15.370396371030596
-6.053206455120611 16.264552445613756
-5.361375402172269 15.542493033808613
-5.630396711867282 14.57935880903515
-5.128820892452425 15.444472499470294
-4.191076217917231 15.097147111136987
-3.929241629940714 16.06225987581227
-4.1235919250721125 17.04319206652799
-5.12199030974776 16.986617642297084
-5.557624295095052 16.08649374481939
-5.696212802967995 17.07684379681391
-6.021434776705156 18.022481501116413
-6.05256535626209 19.02199682717022
-7.041339015786304 19.17141787733081
-6.258348100550906 19.793451016848984
-5.359188250097301 19.35583067530594
-5.704792025082138 20.294211211504464
-6.452283501631399 20.958482611224643
-5.750445833671875 21.670819531391732
-4.811905698694252 21.325649406618183
-4.838848051424275 20.326012417692016
-5.838355603192613 20.2946332214298
-6.023052866252309 19.311837758976775
-6.61348112737368 18.504747634846147
-6.267738100837339 17.56641839646471
-5.3120284766293535 17.860729650405553
-4.368418373996821 18.19178851859945
-4.505431339095146 19.182357772813894
-4.320940423381063 20.165191991804555
-5.254151290997719 20.524521195407836
-4.986536194249765 19.560995295396538
-4.168779287019893 18.98543153639339
-5.061399619461758 18.53462232828937
-5.358476337859981 17.57976871469944
-5.97891817943849 16.795516254570263
-6.717761441616089 16.121638940858958
-5.768166428620717 15.808159577432402
-5.62283483886048 16.797542581641473
-6.053614364886875 17.69999978281861
-6.833330541134277 17.073866662389634
-6.613139738595988 18.049323483821286
-7.487728872013038 17.56445871122091
-7.5314346624982615 16.56541426582418
-6.699077485307137 16.011174670000837
-5.69969740229095 16.04638048870402
-6.439572348945807 15.373636062259273
-6.022545862422377 16.282530395797515
-6.527234289090397 15.419228830880968
-5.913890815676742 14.62941253349222
-6.269252660361404 13.694683717555579
-6.792956992658854 12.842783622278626
-5.817078752163307 12.624468117269668
-5.3232556315085064 13.494030493127061
-6.119740222745221 14.09868931917898
-5.138327654082206 14.290599115881134
-4.80960805022551 15.235026679032643
-4.321405749376714 14.36229618601321
-3.3365668521087084 14.53576764311189
-2.91397203176988 13.629448925539098
-2.1416301666881448 12.994241838486326
-2.3695314310294218 13.967926085925734
-2.1730833885796605 12.987411850120024
-2.243373408990206 13.984938447775788
-1.7271820454600668 13.128465169607171
-2.042322337994453 12.179420072669549
-2.772291134011712 12.862900545573577
-3.4591434903807605 13.589697518978314
-2.8608959798016356 14.391008891720446
-3.6725204153832025 13.806829316960336
-3.0283328101989757 14.571696840997676
-3.5715493995789296 15.411289442812635
-2.5820938737322954 15.26645242278129
-2.3712637008160704 16.243975127473163
-1.7559358403452379 17.03224641588115
-0.7766245110243605 17.23460579980929
-1.0447130215289415 18.198000085932804
-1.0630274200143823 17.198167808594192
-0.1067722955106003 16.90563381593649
-1.0942649856812023 16.74796902322858
-0.7812295954249675 17.69771048512604
0.18336415531187988 17.96145069070612
1.1431618428284325 17.68075797787253
0.2894200036243191 18.201454503684236
-0.6669470077873971 17.90928650495162
-1.4758018778453323 18.497294837531662
-2.0994801559435174 17.715613697022
-1.3916172010579078 17.009263899046086
-2.150543255190918 16.358087084073304
-2.621894410078169 17.24003271096107
-2.80136508320935 18.22379603487889
-3.7825585432408824 18.03076910931836
-3.1136096726222555 17.28746068847405
-3.4426988789406647 16.343161851090077
-2.6218828748267007 16.914354539585286
-1.966689469610197 17.669815724399438
-2.2578833693183498 18.626479778690577
-1.2667296149651528 18.75919841050828
-2.1540007850822422 18.29795024446417
-2.025426257804053 17.306250395248096
-1.5195869614330069 18.168878128541458
-0.9192888589085164 18.968654464841485
-0.4802495690582936 18.070186601215962
-0.9673311055877855 17.196830100826762
-0.0687035602104834 17.635542460681332
0.0157165167187909 16.63911220691981
0.6897639455517939 15.900424137648605
1.1056229094165935 16.80985325647717
0.2061480076773884 16.372880830412036
0.3292754895827654 17.365271692522143
-0.6669133456518552 17.452494422093565
-1.6518775096430511 17.625253200895468
-2.626176453249687 17.850512093032922
-1.6293910739647468 17.930630178655193
-1.2356191499794322 17.011422002080973
-2.195430492060824 16.73077598373773
-1.3200922315090526 17.214287027680054
-1.9810840829911478 17.964680106189093
-2.8180614657627823 18.51191758729647
-3.641340338514696 19.07955470525154
-3.1799420725705376 18.192361580738208
-3.255495396738352 19.189503343581983
-3.1636570863719085 20.185277276133462
-4.162740263334073 20.14246599828302
-4.855565768829984 19.421360722380577
-4.508742301522361 18.48343029717585
-5.483725463542193 18.26115156724919
-6.305322852745021 17.691083387067998
-6.407809738447394 18.685817742692166
-5.664204033597887 18.017199349499705
-4.889122263961903 18.649060291778902
-5.293361129700369 19.56371374496567
-6.153246525095023 19.053226618010466
-7.151679665350074 18.99726891576639
-6.271474089337049 18.522676307358317
-5.602327942352342 19.26580713969911
-6.602299312684495 19.27337407540887
-7.553456974821076 18.964668549447843
-6.56953246227366 19.143253413331458
-5.620499274641466 18.82807725818536
-5.288454631613178 19.771340930249654
-5.624063837532447 20.71334223646013
-5.993685452560538 21.642524598380557
-6.954418760113216 21.91999804172044
-6.084144067941105 21.42743133541079
-5.191623864372054 21.878438748011803
-4.447650668502287 21.21022928696884
-5.305360516569817 21.724363332260506
-6.302555509280286 21.79921082061628
-6.917300610763103 21.010484974581754
-7.391832767469414 21.890723142495222
-6.416214024311497 21.671250893682384
-7.333939397558733 22.068466375880927
-8.254409304422163 22.459279823140392
-8.037219954889741 21.483150330475773
-8.092805694406092 20.484696412879963
-8.406666224101539 21.434165510796948
-8.979118420966875 22.25410360742623
-9.634819307566088 21.499082847901697
-9.285575314616906 20.5620510269965
-10.14286186810781 21.076890579870685
-9.87955149534668 22.041601753018583
-10.828154624289747 21.725133581223336
-11.787342553397941 21.442364211147414
-10.793406266119208 21.552321733994038
-11.691044575905869 21.993054606382003
-10.815785276750782 22.47670857281105
-11.80535242899851 22.332636191029106
-12.65631436913784 21.80740883413087
-11.674225457357934 21.618990763450377
-12.474022397683436 22.21926141427879
-12.383226905735455 23.21513097332853
-11.567217921099672 22.63709175580633
-12.53888158032573 22.873459548323474
-12.300657602130388 23.84466979137736
-13.093751707932963 24.45376891249084
-12.911938997548496 25.437102090179184
-13.213143841824394 26.390661549145815
-13.625617210804643 25.479691890001185
-14.53679864790751 25.067686563968675
-15.305657027381953 24.42826745859886
-14.314053562417984 24.298951688982577
-13.558541067902103 24.954085927616454
-12.790783543438605 24.313345431292333
-12.116863072710757 25.052149328909255
-11.49149714753935 24.271817694516216
-10.992342744240126 25.13833075366016
-11.619441143525998 24.359390706151306
-12.469921255189043 23.83338350119531
-13.469779774559132 23.816562643813675
-13.062873245436311 22.903092843241584
-12.220476063218115 22.364235731020873
-11.838988192569753 21.4398618864384
-12.7424463368884 21.868538199598234
-11.753362084715164 22.015889284096826
-10.796705764164924 21.724669977814983
-11.11365054725878 22.673113969028797
-11.474285115435547 21.740406775834728
-11.395487877338047 20.7435161121869
-11.770705486863092 21.67045286596372
-11.657773053359042 20.676850196149044
-10.670401235433951 20.835270185946108
-11.458733292803599 20.22002018202629
-10.676973508729816 20.843599880224453
-9.678057876537013 20.89015693941909
-9.757705160995982 21.886980048139144
-9.3587466505444 22.803949026315752
-8.40909816916671 23.11726637632536
-9.347085262465427 22.77059619761796
-9.610730152469637 21.805976390660486
-8.864603239020399 22.47178013729061
-9.140698071589453 21.510649738526393
-8.775853659816093 22.441718240408907
-7.840884015502409 22.79644597291927
-8.616580863558315 23.427551669230223
-8.339593236697269 22.466678184027366
-7.38695245885723 22.770776109696595
-8.28244056697751 22.325690670465917
-9.054483099701972 21.690119802926823
-8.721249198530444 22.632963993188397
-9.6960967434948 22.410091240082583
-10.140053113360207 21.514042836448084
-10.657884133310139 22.369525761337652
-11.06882939830816 21.457865742923055
-10.203663256539475 20.956380402023555
-11.104704281083087 21.39011427444926
-11.670304706945032 22.214793702023872
-11.159109222015003 21.355329231445157
-10.246373984307283 21.76388080205361
-9.254880653999404 21.633723297640717
-10.027415312893346 22.26869589611062
-9.463210604948724 21.44306096011704
-10.430372235262645 21.18889884482737
-10.473708580368491 20.189838305524137
-11.037120047352204 21.016014750886303
-11.640167532470478 20.218309460260418
-12.520682271850898 20.69232822965023
-13.113435301888936 21.497712513939863
-13.324421220058278 20.520223413062396
-13.583489735626804 19.55436446671406
-14.5046938977997 19.943444010760427
-14.137005293745501 19.01349503880085
-15.108011555778234 18.77444098823232
-16.093660354921973 18.605632088151467
-16.5418928096939 17.71171505257762
-16.205612474524088 18.653476984372528
-16.260971702418573 17.655010482236914
-15.280362330522678 17.85098308172454
-16.024140228260027 18.51940992053146
-16.361164544389265 17.577913977716186
-17.145607354955274 16.95771281925927
-18.145597717187844 16.953322438640967
-18.844696371648865 17.668347662902875
-18.937389756528397 16.67265296250542
-19.784428979737882 16.14112257358615
-20.71309771304542 16.51203278344424
-19.719808425070358 16.39637643734082
-19.993919921648565 15.434678518322766
-19.470019646142703 16.286458126745554
-19.02265599034762 17.180810271861592
-18.97320411269217 16.18203376443045
-19.97304930056296 16.16443830218509
-20.918600933236707 15.838966168281116
-20.416599889787484 16.70383318255319
-20.91828790213874 15.838784549086235
-19.94978151212963 16.087773248652137
-19.41347621331523 15.2437491811851
-18.53696474260371 15.725130154750868
-18.919240311627032 14.801081785168467
-18.251361082529787 15.54535145090829
-17.806206411068857 14.649897756697076
-18.248367407071317 15.546833458748296
-18.016451124947647 16.519569208109825
-18.717039609142965 17.233134745263143
-19.222591257200026 18.09593108922085
-19.81753943358177 18.899695151256495
-20.51834900721219 18.186346750047132
-19.72606528965502 17.576193891417603
-20.156201403556164 16.67342984499239
-20.677990325305327 15.820355216873699
-19.687184170158382 15.955644399452813
-18.882501421777718 15.361939359505751
-18.84596090924977 14.362607187030456
-19.575103389030875 15.046969111876264
-19.990785574485976 14.137459177518606
-19.316287996736207 14.875736237713282
-18.384746630275185 14.512100867360049
-17.39191563040036 14.39257427748334
-18.027641904405154 15.164488848235814
-17.863173899826997 14.178106429764116
-18.757579709163373 13.730850073492524
-19.590149907844307 13.176930526745533
-19.571173995087577 12.177110585588602
-18.637588668043925 12.53546576851303
-17.773179969265048 12.032675950124265
-16.9316181302188 11.492515167522361
-16.021526167236274 11.90692151268929
-16.794209813191177 12.541712803803023
-17.779092558837416 12.71493513876109
-18.082856428311356 13.667682488063212
-18.796663517134004 12.96734011468678
-18.145139601575174 13.725968210300756
-19.107605274857775 13.454564769363344
-18.129156143288295 13.661052776111756
-17.137810351572494 13.52977626927457
-16.299750206658654 12.98419841643687
-15.486562137743729 12.402197415944247
-15.874163578905247 13.324024472831555
-16.848209491539443 13.550374997639027
-16.773402552215448 14.547573033050739
-16.124302952335967 13.78686960237864
-15.417358312849633 13.079600716662934
-16.22825103288587 12.494405880226186
-16.44894797999782 13.469748311137229
-17.086035882107403 12.698957155904107
-16.096757757860804 12.845000960589989
-16.834406965464364 12.169816803102686
-16.33605934350047 13.03679410827447
-17.004227468662982 12.292783788106254
-17.996065430846844 12.420288520453582
-17.59106723409865 13.334606003951906
-17.216392017671318 14.261762130068286
-16.9143600587221 15.21505993021958
-17.52327197827611 14.421822088065634
-18.154564332057006 15.197367034576006
-18.8861479295643 14.515615291007801
-18.951085239336734 15.513504636476284
-18.029931223267056 15.124306385351357
-17.090019144089606 15.465722968745197
-16.524987045354447 16.29079189156252
-15.965182029283257 17.119416260007917
-15.815971353650593 16.13061083209136
-15.166398331995472 16.890910042624842
-16.047185371703506 17.364422651414046
-16.887137085983646 16.821761506980568
-15.970496632080682 16.422048762289375
-15.848082720462775 15.429569626870194
-16.329827390471955 16.305881256895578
-17.22808640013294 16.74534769652762
-16.246632416886623 16.93704558063159
-15.326366288640976 16.54575252778786
-14.880113035668115 17.44065924594967
-14.174947111203348 18.149701571184032
-15.013165208768669 17.604366425687267
-15.72500485024614 16.902024397312754
-15.895970507779355 15.916747408875374
-15.167300981443516 15.231881932019148
-15.311808819959456 16.221385587700848
-16.046390118295808 16.89990626987235
-15.098538348294666 17.218617772811456
-14.606607058549478 16.347983747419825
-15.606606938695322 16.347494147275718
-15.674372003853705 15.349792841300788
-16.44441132226024 14.711796408624243
-16.68728867444286 15.681853413030046
-17.45529988640911 15.041417016270671
-16.61277718455281 15.580077852842962
-17.334216304713383 16.27255571956647
-18.067717402408682 15.592867453020848
-17.675790723630456 14.672870997341878
-18.569255241551964 14.223737214137712
-18.214519009630717 15.158703633728445
-17.523378338515382 15.881423892701614
-18.192675916094387 16.624418342645136
-17.8145728428138 17.5501818469894
-16.84820288839961 17.807337658134152
-16.861185998263664 18.807253374011374
-16.286474058879573 19.625609156498047
-17.073836245466197 20.242099859699263
-16.779376206611563 19.286436066559787
-15.84784208569936 18.922782135498494
-16.722493359801675 18.438029467933685
-15.77185159447132 18.127738904091363
-15.302360420425774 19.010676069179194
-14.36421696959488 19.356922896837013
-15.270738155760213 18.934762572986706
-14.507138806244393 19.580452927118635
-13.566925823171912 19.239865865617546
-13.718816928866238 18.25146863170248
-13.443741630754891 17.29004594611151
-12.52097362837369 16.904689988870143
-11.7395881188191 17.528738613144014
-11.582703164689189 18.516355497956976
-10.604352568764714 18.72330986842115
-11.427007282377238 19.29185117929583
-11.11095687497307 18.34310878012751
-12.083016824437689 18.577841510369467
-11.653917731363835 19.481098931220906
-11.160716131691874 20.35101397424581
-10.254110814816109 19.92903435458084
-11.232433502710508 19.72194809634269
-12.209988617679898 19.932627941598906
-13.206793080269833 19.852747635134854
-13.714839942736056 18.991418205974195
-13.602898850530721 17.997703361627046
-13.196650656260628 18.911466134261328
-14.036707215329313 19.453964961509538
-14.48168120646422 18.558421468867515
-14.665053494909184 17.575377927700362
-15.515649418384271 18.101197835052268
-16.404714758184188 18.558978155256685
-17.40464696051415 18.570622499100395
-17.21168712569106 17.589415842913713
-16.762666486757663 18.4829372281149
-16.654927172696432 19.477116407239876
-15.664558823008022 19.338658717184554
-15.029399713559235 20.111040038608255
-15.209119910841325 21.094757808443124
-15.407941387572974 20.114722084405347
-15.82837956341157 19.20740089524601
-16.817675984796896 19.06148108632965
-17.57361788939594 19.716119793458375
-18.289618766880537 19.018020414113796
-18.930216275882582 18.250143580591402
-18.306318724197624 17.46863744177897
-18.664967221771064 16.535164755950234
-17.80861930697626 17.051564067362044
-17.859082863602914 18.05028997042684
-16.886190933632534 17.81902974341296
-17.804925579010288 17.424154254957905
-17.260107151921623 18.262708297047404
-16.51209001764825 18.926387712754607
-15.777979172127765 18.24735806208448
-16.767644105139404 18.103958897627134
-17.721265004569613 17.80294863173921
-16.94645838945478 18.43514694649044
-16.515285979372262 19.33741650309957
-15.786314215194572 18.65287273749238
-16.14646588170472 17.71997897231332
-15.72762379753042 18.62803806098791
-16.161950638111126 19.528793408211108
-17.14041555031768 19.322380192595883
-17.25315088958215 20.31600524425316
-17.990328161678168 19.640305851397816
-18.06044425027802 20.637844689799337
-17.89564934012306 21.62417254481866
-18.043616014317152 20.635180197361947
-19.009834085346522 20.377454297972147
-19.705249965554394 21.096061808060036
-19.330954050595857 20.16875249178776
-18.459463794487107 19.67833967231063
-17.47907471555558 19.875411369699666
-17.359866412825117 18.882542103099013
-18.19808785244134 18.337212094601675
-17.22162150026409 18.55288189560694
-16.97679365050028 19.52244846061423
-16.405143762435845 18.70195080341104
-15.495042795624272 19.116337374391136
-14.638622409638286 18.600058261441934
-15.63794407403125 18.636885032612867
-16.45883317944076 18.065797406569388
-16.767436230027613 17.11460649136441
-17.757907630885015 16.97688792295922
-18.75263923068328 17.07940155309094
-17.79127206165383 16.80413229161718
-18.2447542566348 17.69539762743769
-18.52598224233665 18.655038612420135
-18.36712950410152 19.642340900250566
-18.706798968598314 20.582885771529156
-17.711315582561458 20.677821687412433
-16.719934503664877 20.808831444323317
-16.1331373227533 21.61856539351541
-16.207572198585268 22.615791270265447
-15.758592130078243 23.50933304213928
-14.974403450603958 24.129855495386842
-14.260804253949813 24.83040969495641
-13.267568800320918 24.714291937250696
-14.163793988253598 25.1578913201572
-14.713828849555288 25.993033015531605
