0 0
-0.9347426848411091 0.3553253623596758
-1.9083015745713354 0.1268891825911262
-2.4648329795705433 -0.7039373909184166
-1.5591322808330381 -1.1278551238647927
-2.37847044843815 -0.5545445909897218
-1.618856984159677 0.09583021240202816
-1.7560640944231152 1.0863725935716362
-1.8039136265080917 2.0852271486892713
-1.1312209370257373 2.8251491347911823
-2.1210053393532537 2.682576918321208
-3.061100024975503 2.3416634658661835
-2.061202022023896 2.3559457518662468
-1.091173058213851 2.11295643241041
-1.3593332639888023 3.0763307646607227
-1.1299943805211687 4.049677402056578
-2.0390422059667612 3.632985608217727
-2.0204993242424396 2.6331575422297004
-2.352918175055076 1.6900256810223684
-3.04512238411185 2.4117273735270253
-3.91107788997614 2.9118484207379196
-4.814447789433975 3.3407106652332144
-5.239192004369752 2.43539726542153
-5.823930286636996 1.6241752605109425
-5.361352878187422 0.7375963631802674
-6.227498982829116 1.2373872448638172
-5.307451259111 0.8455809329173227
-4.899338783653413 1.7585125882869237
-4.224456938591214 1.0205867822566408
-3.437346613573938 1.6373990196929609
-2.451756959538832 1.4682451434176587
-2.636931704308123 2.4509507523869103
-1.9509904590989593 1.7232938221506198
-2.5916865473715687 0.9554992386374402
-2.079712883821228 1.814500384056259
-3.0669313128888502 1.9738734473676467
-3.447637522628567 2.8985694957346864
-4.432733274538512 3.0705763548100764
-5.024849364083452 3.8764290314836782
-5.889052649573353 3.373286227353021
-4.918064278603798 3.6124129373665417
-5.310083846676419 4.532369815838655
-4.337848866448407 4.2983630996507705
-4.315658557418096 3.2986093348740937
-5.288343441072891 3.530738861452373
-5.749433481852763 2.6433855077687256
-6.48067741192292 1.9612694511218007
-5.542712677848672 1.6145387809568634
-6.104587004946346 0.7873161745512258
-6.253138978113177 -0.20158842715120384
-6.277274755205403 0.7981202625500282
-6.029837130742658 -0.1707835623986781
-5.060871026260983 0.0764100628540941
-5.345184095465258 -0.8823214317154988
-4.392473880420767 -0.5784411162130279
-4.838668057275444 0.3164950583497044
-4.170966939697148 -0.4279343994128787
-4.68364574817448 0.4306460798307754
-3.9549621615330923 -0.2542044371139395
-3.5518421012880466 0.6609426641916543
-3.6695259825046707 1.6539937726960412
-2.923745025131186 0.9878025361737581
-2.1194688965950057 1.58205829682472
-2.5094240721760004 2.5028921369053263
-1.9127819386137912 3.305399560209519
-1.1984490117047883 4.005205582999848
-0.22662720335106978 4.240922304528271
0.6371141680071591 3.736986948153859
1.3428399986804225 4.445471988165666
2.2936643980904208 4.135741522297977
3.079836866557138 4.753748682309047
2.080220691202748 4.726044856402463
1.5303697436891341 3.890782062116508
0.531323647690864 3.847114018072663
0.017574340381172893 4.705054371033643
-0.39690729528802815 5.615112047059171
-1.3407918995591466 5.284836625902896
-0.9463203529371635 6.203744781762698
-0.12369220047970952 6.772324523561889
0.49022130237809114 5.982951220866095
1.2791112722837745 6.597485691325002
0.30170934168118935 6.386096320602775
0.675487839860386 5.458578323850742
-0.30682097280265475 5.2713100762364515
-0.2840862596218569 4.271568543230751
0.45783969817200615 4.942050364872218
-0.2978571400658962 5.596971954589062
-0.5691699483292447 6.559463180560631
-0.07110277344158955 7.426601629309982
-0.7056326163515007 6.653703267003059
-1.619640690749555 7.059399261480649
-1.95829624940807 6.118488844602565
-2.5095121737112795 5.284126210734917
-3.394321592987971 5.750079310906216
-4.393341089258932 5.79435171845894
-4.519113331133272 6.7864108614408005
-3.5410784333581624 6.994852073138562
-3.489076403490405 7.993499052250616
-2.8441992863414702 7.229212781421629
-2.921162619485194 6.232178857549724
-3.9045078971460283 6.050431601993728
-4.9018328100810376 5.977335651085508
-5.872997269383121 6.21574620661628
-6.808920350108458 5.863541739061433
-6.906765858329812 4.868340123045409
-7.871251575956931 5.132475127339237
-7.251222358813146 5.917053848620961
-6.43900148086153 5.3337038289762315
-5.457807537503373 5.1406793602753185
-6.450093313570482 5.264650883678454
-6.181298350205713 4.301453464833421
-6.366194280154633 3.318695358742037
-5.60199770817104 2.6737119485921905
-6.601938359612119 2.6846066076318187
-7.593438863445342 2.554503760243818
-7.576551483452588 1.5546463622129887
-7.617267718010475 0.5554756119188125
-7.808425747605163 1.5370348855857043
-6.963949298467275 2.0726275730371517
-5.9752095534284555 1.9229822704694832
-6.975140258351884 1.9112100425012204
-7.292897709990076 0.9630380106797781
-7.2671327427023265 1.9627060388074469
-8.05938134709331 1.3525075884320492
-8.047690862483364 0.3525759244821648
-8.935127243077984 -0.1083542984335385
-8.631166143461149 0.8443301456085189
-8.099398167824047 -0.002559941762219964
-7.539216367530864 0.8258097526498153
-8.471110873768591 1.1885391686666915
-9.067973899053742 0.386196019479601
-9.984409435825134 -0.013986322637752624
-9.026762481541134 -0.30193130167121146
-9.949803653596769 0.08276987416551446
-9.76360138829208 -0.8997415590480651
-9.326012963791634 -0.0005661752973663559
-10.313827699988416 0.1550681620208605
-10.528096646293928 -0.8217065400722706
-11.083640486592607 0.009780706676707829
-10.763519186830475 -0.9375958570183219
-9.835047293373805 -0.5661931873173818
-10.30399443006043 -1.4494194227709127
-10.05531822922437 -2.4180060978484423
-9.665300396287886 -1.497198794450208
-9.845900773141778 -2.480755353007077
-10.436532870598732 -3.287696320769651
-11.323716403849295 -3.7491130286694054
-12.323051714548047 -3.7855676139863177
-12.093861886194293 -2.8121858684315857
-11.193039614381936 -3.2463738860078686
-10.774117108556077 -2.338351896124043
-11.228634152941588 -1.4476138558658205
-10.444827334070805 -2.068618582652713
-10.462223849168849 -1.0687699134719997
-11.124107365447099 -0.3191632093403336
-10.432985737126467 0.40357525986373355
-9.529386478158486 0.8319540399083512
-9.300606877909832 1.8054322854331633
-8.300802810980262 1.785637645979709
-8.233097379228084 0.7879322914229384
-7.271090238465722 1.06095657811228
-7.586012057692038 0.11183896275832006
-8.045175788768368 -0.7765126951250115
-8.828736005368176 -0.15519684391721966
-8.001353386134287 0.40644183120199595
-8.183653730827654 -0.576801060623152
-8.161580292077632 -1.576557412591845
-9.072630335056829 -1.988853203484263
-8.95698669971046 -0.995562435579982
-8.700580737609778 -0.028993254093616083
-7.726137748145408 -0.2536282030302007
-6.732640788568942 -0.1397695568397784
-5.758821128756947 0.08755239582570917
-6.135551908175544 1.0138751904489745
-6.374547144856782 0.042854450792153775
-5.451188505699488 -0.3410841165510997
-5.341560485665807 0.6528885677936438
-5.2728852959788615 -0.3447505043769794
-4.300944137952684 -0.10952638712975896
-5.113522044340152 0.4733262066286972
-6.108996662675859 0.3782983988597258
-5.461963081962745 1.140759903087687
-4.603189096277256 0.6284052978484451
-3.661581795919063 0.2916922272495211
-2.7494542251114376 0.7015986733717794
-2.8915272286229246 -0.2882575089462506
-3.3620565771683446 0.594126835972347
-3.3224419575335085 -0.4050881968965482
-2.4728782186452722 -0.9325741716543994
-2.1436710132535572 0.011683534651552474
-2.876614493863409 0.6919730717102347
-3.098806351733006 1.666976034934684
-2.409727832023881 2.3916627214934207
-2.7247243727021466 1.4425699023441418
-3.3506037867961336 2.2224897437466846
-3.977841826365759 3.001317350933829
-4.7492271424685395 3.637685714463172
-4.4192155762017205 2.6937088259059783
-5.418827257415159 2.7215743383118767
-6.359934168710906 2.383465211680579
-7.071203339511723 3.0863849557967313
-6.515092969210476 3.9174934060265496
-6.26578850857998 4.885918563645731
-5.2657969059949306 4.881820422678678
-5.313689594999961 5.8806729094553125
-4.324173909831406 6.025098353215768
-3.5716716750663715 5.366508657977808
-4.158864740654318 6.175955570211976
-4.737838507959404 6.991301740113176
-5.717700604048455 7.190977158349805
-4.731921124477658 7.359021252733187
-4.025042040810271 8.06635565814095
-3.7769313167363743 7.097623977746669
-4.736223142783268 6.815207277674564
-3.772591200866383 6.547974269762941
-3.3693124620352704 7.4630514571120665
-3.341070895081834 8.462652584510398
-4.07159769355646 9.14553661325204
-4.7196514721340135 8.383942036018617
-3.748444942371125 8.145702919696532
-4.468434281213343 8.839688043422932
-4.374765563563279 9.83529146413511
-4.5549251162939495 8.851654063687219
-4.075570339178898 9.729275279051215
-3.2491299784420447 9.166251007687059
-2.282003487600306 9.420546801423693
-3.1367270536278276 8.901463353722654
-3.6246104731998487 8.02855455613455
-3.250668571745898 8.956006686617306
-2.3181614081922763 9.31715816442292
-2.91839245049723 10.11698483055347
-3.6806231479665774 9.469679366467624
-4.070665093908918 8.548882276764624
-3.89386748840201 7.5646350483270615
-4.838210656435169 7.2356730733374
-5.4856942250399605 6.4735936625232755
-5.979129518055363 7.3433761707440395
-5.042064247045182 7.692530402948972
-5.735859151073635 8.412703042768168
-4.881137198725574 8.931789147546862
-5.749907140146383 8.43657324626371
-6.739461973140141 8.292416274532565
-6.022558195936289 7.595244147844436
-5.509990848088717 6.73659712262365
-5.617831996661663 7.730765260653866
-5.993374506308509 6.803960090486938
-6.238022948228302 5.834348240380815
-7.215831910065091 5.6248497101910795
-6.21680138791911 5.580826809097122
-7.09204860448181 6.064502640516522
-6.16217926250839 6.432392579027919
-5.250586181596705 6.8434863090140885
-5.506120777352182 7.810286221287608
-4.731689137770962 7.17762862383418
-4.49964033877096 8.15033276944201
-5.264948252088397 7.506668417614358
-5.81813874019271 8.339723208051884
-5.28797591618506 7.491827353574323
-5.00805206344644 6.531805147233258
-5.964160185407608 6.238791053510978
-5.02556249439692 6.5838046393730485
-4.842102118112807 7.566831744967646
-4.859571654404389 6.566984348960757
-4.056924540290753 5.970530151050263
-3.258443894299336 6.572550630749359
-3.0106504862067722 5.60373773503323
-3.2062652543770884 4.6230569192355135
-2.3965064930163327 4.036293978688401
-3.3891971461527737 3.915607329983806
-3.7514690421123813 4.84767979143615
-2.886016666436482 5.3486709943897965
-2.883217203106137 4.348674912894943
-3.137840403898588 5.31571525621998
-4.0281733747816935 5.771025261555316
-5.025391434501139 5.845564790460345
-4.455067004490263 6.66698432062308
-3.45522063442015 6.649456164484495
-3.4424244187484536 5.649538039404005
-2.5227930363119766 5.25675550359319
-1.7418166480728532 5.8813160539107505
-0.7688659027107508 5.650303398198278
0.13475241529337345 5.2219648225745114
0.8446102005596986 4.517619790153051
-0.15096234862686364 4.611616062984319
0.8125675299922924 4.879216834672583
0.11449122667751643 4.163193458831838
-0.6775680189968106 4.773637683427186
-1.632841219273971 5.069362408183559
-1.2537940679558124 5.994739767468726
-0.7195358225637819 5.149418451500278
-1.346454354691939 5.928503269780212
-0.9630009867001704 6.852063508517117
-0.7416235439754378 7.8272517097647825
-1.6766234595628116 8.18189964483787
-1.848506098336703 7.196782210981315
-1.357393483557536 6.325686120067822
-0.6248900649398358 5.644922767856951
-0.38797328792204266 4.673392819390357
0.2031992314279537 3.8668476858947924
-0.5847776758178606 3.2511428916570657
-0.6710869997457299 4.247411279493955
-1.3557376056764645 3.5185398588725407
-1.4473215442416438 2.5227424988655516
-1.1091129171899545 3.4638136569549975
-0.7828601380879798 4.409096220069455
-1.2305084714729448 3.514886530109844
-1.2425800265166227 4.514813666234685
-2.209987230533743 4.261587874468171
-1.742860704901075 5.145778356802353
-0.7454880749032867 5.218220312403338
-1.1666040817046022 6.125227097833147
-0.8448600081764512 7.07205377212444
-1.2447757156596673 7.988605694771596
-1.3339206900759846 8.984624356010588
-0.3832910729826666 9.294952136115773
-0.9747324522767903 8.48860413750806
-1.8909207533821495 8.889352184187862
-2.7496082168450977 8.376852584098684
-2.8574649642036065 7.382686138251087
-2.521702484660911 8.324632823223936
-1.623350418065702 8.763909005646928
-2.4532815252706115 8.206043110208219
-3.103195031842516 8.966051290411176
-2.1141193144672408 9.11345965278789
-1.2895406074895335 9.679206907309705
-2.281922120882677 9.802409715214129
-1.3614342348468078 10.193180814019064
-1.5142485729648145 11.181435729547216
-2.474014549483139 11.462236851905777
-3.388192502236681 11.867549904618546
-3.6071397855589016 10.89181321517522
-3.0904630124324886 11.747993752276875
-2.8492624513576454 10.777518461845851
-3.8186083384110114 10.531818337196468
-4.734331084968558 10.130007621265317
-3.9814243627923025 9.471880378475744
-3.1055253978133384 8.989385815657903
-4.080830688156429 9.210246836729477
-4.358682221381511 10.170870865933656
-4.455998912705389 9.175617399931266
-4.236516540713739 8.200000934108287
-4.928248716312024 8.922155070870005
-5.554076851437722 9.70211606046185
-5.31615561461902 8.730831609299031
-4.52330172793718 9.340243386649535
-3.5689931117078726 9.639066185295329
-2.5740323155367766 9.538801465265905
-1.579062947577115 9.638981088053935
-1.7344295985825051 10.626837962178607
-2.6961487526865673 10.352800978124689
-3.172508253018882 9.473550373096096
-2.2651696160276362 9.893950893817548
-1.3003836002214184 9.630914881635253
-1.39247916659921 8.635164708824043
-2.3921782916531518 8.610635963108392
-3.3198117261372224 8.237144047228961
-3.9527233139326183 9.011368124634405
-4.945924400596633 8.89495677875515
-5.88104652687047 9.249282347904622
-5.117675755951411 9.895242924183423
-4.428355109056451 9.170786544706843
-3.8280617388574454 9.970566432985562
-3.3028358771661352 9.11960356998235
-3.997765831038179 9.838681006154143
-3.893873691997132 8.844092436219078
-2.955499032813604 9.189712168008509
-2.360707504857411 8.385832178040145
-3.273551463579293 7.977523585153633
-2.6457568832155327 7.1991445227001964
-2.8892626379870867 8.169043974908071
-3.5595283898157715 7.426922810996458
-3.254884972968777 8.37938928734709
-3.5523310255557528 7.4246506603918245
-2.553058691049612 7.386508800308088
-1.6171625696123781 7.7387848992400805
-1.027324624186545 6.931263259817438
-0.09513312603415869 6.569297776970787
-0.8099288972539033 7.268631034757353
-0.860873221062415 6.269929539879282
-1.730714582651765 6.76326107715253
-2.7300415082643075 6.799944803050857
-2.670008360101921 5.801748419005256
-2.992475801805219 6.74832897502853
-2.0739280367135313 7.1436389840658245
-3.045614397375487 6.907364532413674
-2.4110418650031895 6.13450121904021
-3.3718579248039413 6.4116879777949505
-4.182466847139719 5.826100089404464
-4.239101022402284 6.82449508648344
-4.311354591740789 5.827108791351084
-4.631207826074821 4.8796416898187625
-4.735535750014992 5.874184642277998
-4.302837798823958 4.972645689689103
-3.4303630180847153 4.48398654777727
-3.186586687574326 3.5141550672184616
-2.217120031595506 3.759378236893035
-1.8280903229543388 4.680603445945939
-0.8688500462428547 4.9631951859782255
-1.6481942313506068 4.336599111031427
-2.6443914109004534 4.249471736131624
-1.6463449784548758 4.311948281191789
-2.5186560825917463 3.82299701818134
-3.0950679305946798 4.640156354835975
-4.093718073921129 4.58821512618221
-4.704343755146348 3.796295763223937
-4.447056671654657 4.762630775871383
-3.4508079524371977 4.6760947171584295
-4.426593858886686 4.8948225498056495
-5.053508367719766 5.673910605557102
-4.086634620442458 5.9291656874378305
-4.979655173010615 6.3791815679252455
-4.882983890009765 7.374497931220338
-3.937230508184988 7.0496125040817885
-3.605359178922151 7.992937167606133
-2.655420681159228 7.680500213217057
-2.0170687859872194 6.910755542608481
-2.8459164014015315 7.470229965993507
-3.806755224510608 7.1931221241586645
-3.0578386697987554 7.855786438935406
-4.042702650787352 7.682457448425184
-4.89714553926721 8.202002778811472
-4.327148433160936 9.023649478452183
-3.4503778922549317 9.504558428877722
-2.791441634088687 8.752359646856727
-2.605096302105948 7.7698753379498395
-2.018914020490456 6.9596961400435635
-1.6573296387548202 6.027356751792237
-1.7149594494392684 7.025694773165997
-1.1897969043249592 6.174692833562413
-2.0336368486479017 5.63809787610842
-2.9029460220116894 5.143829162648253
-2.584824409213322 4.1957792486297105
-1.6155274063510072 3.9498863446203973
-1.1548807143196522 4.837469932301338
-1.6787403684951867 5.68927452416915
-2.6074012593943405 5.318344679435149
-1.974716278418446 4.543935411123146
-2.090381262613676 3.5506471289859216
-1.1790311496424946 3.9622792117824583
-0.1807778852130698 4.021358988830083
-0.3698172478334023 3.039389478417413
0.2297792753327247 2.239087029709993
-0.7504856704574028 2.0413988002802204
0.17297598557675664 1.6577080786897085
1.044368355597686 1.167121350914376
0.32313769276580917 0.47442637403704113
1.0883380602239616 -0.16936582663170596
1.9062515892022618 -0.7447069942133969
1.6617533367407384 0.22494273870218595
2.344243556704352 -0.5059519867227675
2.713826711118641 -1.4351496470583842
2.976705392026087 -0.47032075076414437
2.4388835194381273 -1.3133792501376935
3.201035503686463 -0.6659811091870688
2.853864171642787 -1.6037828292788052
3.5799796924852036 -0.9162101055675269
4.147885449304581 -0.09311651953285827
5.113076667423889 0.16842872027350214
4.253933985044832 0.6801648351945808
4.811399247634529 -0.15003543040752132
3.8118808707844734 -0.11900295807560905
3.0004991422327905 0.4655136717754869
3.9393715705029084 0.8097789233391214
4.933918796233584 0.9140661027592996
4.412544642375805 1.7673942879782598
3.452136383146931 2.0459907265860866
2.496743279371916 2.3413278513420908
1.8339520801431552 3.0901321156361057
2.3891061892213052 2.2583846087726074
3.3787931655578056 2.115137658124731
2.3802600564273213 2.0609931295903725
2.7459950806185347 1.1302741107238552
1.7910413746386138 1.4270289243919985
0.8893889501996936 1.859490374122974
1.339061320976624 2.7526839471853055
1.5539339962882548 3.7293260174466796
0.6273497181187605 4.105413208732314
1.0384882690625514 3.1938403416899472
1.4068043341877863 2.264139703758218
2.2902528792037136 1.7956115100395893
2.2333867941810266 0.7972296951139605
3.0813015895624454 1.3273622254997939
3.2960356647386764 0.35068967189843014
2.3030976650791253 0.4693241054836661
2.837812236955733 -0.3757086315288216
2.3196644900006844 -1.2309997587629389
2.7294192906520722 -2.143195463282063
3.6741765418393753 -2.470966322769314
4.0878651230962415 -1.5605478707717282
3.661291513592599 -0.6560950219868764
4.030705070573614 -1.5853601208250039
4.684173261200234 -0.8284061434662933
5.1989156372525525 0.02893876163084108
4.21047609663241 -0.12267678684174593
4.277719436595581 0.8750598182954001
3.781114063255838 0.007083376696842558
4.747870429355261 0.2627826700205378
5.289210908135883 -0.5780208064432358
5.360621752183958 0.41942618029457646
6.359317701642927 0.3683732613354338
7.279632904151541 0.7595508783223075
6.32565150020183 0.4596851068208921
7.296521399885984 0.22007784923615178
8.245760127516649 -0.09447872431798107
9.015731344265356 -0.7325573443786391
9.439317243874136 -1.6384132852724553
10.320087575165955 -1.1648695982528732
9.59014808262956 -0.48135783007641375
9.34514282120736 -1.4508795791235616
10.339690838699807 -1.5551592075360376
9.376073548239495 -1.287873372658979
9.03128554383666 -2.2265539530588883
9.971945748533816 -1.8872040167113113
9.273414289906285 -2.6027833633303246
8.579581120043503 -1.8826475897444221
8.034850637541588 -1.044036415580119
7.2933012223501725 -1.7149346677981954
7.362406495461951 -0.717325294732692
7.821715708326929 -1.6056017421168125
7.86188576436888 -0.606408884557479
8.406180259353558 -1.4453030988237203
8.8918485738304 -2.319446272630634
9.273654248709597 -1.3952036493817166
9.154206062796044 -2.3880440851426505
9.926903111473743 -1.7532691085054384
9.214271024848648 -2.454807068356766
8.526974323901383 -1.728430275729822
7.807865633023107 -1.0335326640607843
7.114641625088816 -0.3128104742931054
6.491990257388532 0.46968890225678395
5.499453348449711 0.5916334978490874
4.515424476232614 0.7696424263980427
4.728955079738583 -0.20729394889278285
5.028064415117104 0.7469248968074157
4.0308310029625245 0.821258749677661
3.1702662204970657 0.3119177487949739
3.9499189831397046 -0.3142943316567699
2.953662021448306 -0.4007354461881267
3.3043159233916577 0.5357696744876239
4.130952255629327 -0.026966830659014618
4.4843857822503885 -0.962426472899234
3.5628270797154737 -0.5741874256845514
2.6288874723219973 -0.9316182717816939
2.00215987041725 -0.15237985318907554
1.0648821746115567 0.1962037392893568
0.10806705328669941 0.4869008730972062
0.6271409412269936 1.3416302448041502
0.13638117577969616 2.212925173412204
-0.3628303900307853 3.079405301609641
-0.6757165768813838 4.029195928052171
-0.6718599985002993 5.0291884914261145
0.29421864427936917 4.77094044019437
0.746113204052973 3.8788690827083108
1.0413863637509428 2.923456207998127
1.117347891204893 3.920566957286722
0.42610937607853694 4.643193634905193
0.7871709844725562 5.575735599078348
0.6794795479319862 4.581551232627221
1.444192153084542 3.9371797314566686
2.091846894748708 3.175245787075712
2.751037381242863 3.9272217857057212
1.7954369571370323 4.221887408825821
2.630445849920041 4.772123857067205
2.245316103105958 3.849261419799917
2.587071973421674 2.9094726535844724
3.569432812991793 2.7224775176073805
4.165095946100771 3.5257118743519085
4.990701168750979 2.961463687529212
5.196368304515138 3.940085692833899
5.462051735098036 4.904146020154602
4.508195231840029 4.603883183305939
3.8781085556363477 5.380407993257687
2.9859110505964965 4.928762543816795
3.3107757057106557 5.874523060997312
2.313995967919857 5.794334817908275
1.65695478906501 6.548189505025782
0.836906689169952 7.120484109105276
1.172971931492039 8.062322817644587
0.9641248753616521 7.0843745024736515
1.7159794601495193 6.42504553804583
2.4766038174666045 7.074237795436483
1.485922734571911 7.210439821833294
0.4943874075061142 7.080602634631309
-0.4799799923802187 6.855640037654062
-0.7473603957086417 7.819231091948326
-1.630219926040983 7.3495939450983805
-0.7567488635730159 6.862717879727448
0.2261057941448713 7.0470998793973045
-0.7707469453889718 7.12637544741086
-1.1105528395544555 8.066871037134915
-0.14804083304873938 8.338110114946982
-0.6180944752223032 9.220747964508945
-1.3145501592345412 8.50314815945947
-2.1529254606099566 9.048241595526793
-3.112742539595675 9.328867992872665
-2.629009923502236 8.453652158848053
-1.6841124722162677 8.126285687514654
-1.4957316836967103 7.1441896237221405
-1.068257430850056 6.240162100273217
-2.015956652306719 5.920997275064619
-2.6853960924318865 6.663863909128165
-1.7512267145483555 6.3070340148862485
-2.6045366756147494 6.8284379948718925
-3.6014259655443404 6.749623379325811
-3.2391108712251486 5.817567709084771
-2.254301537071718 5.991206919415492
-1.6451899540142043 6.784291454244642
-2.558536668909504 6.377108720831296
-1.5991838509791747 6.094899276040487
-0.6182902986514455 5.900354065351845
-0.8281769712066678 6.878079785931853
-0.18383506810814365 6.113342241468805
0.2577900797185047 5.216142582080166
-0.4883297472056303 5.881954270075126
0.2702551641767405 5.2303800745893
1.1545698090198129 5.697271506204907
1.393826676184614 6.668227813931719
1.579631129827771 5.685641072210476
1.179744367440585 6.602205623820178
1.286366465872658 7.596505240699287
2.1401141406173276 8.117192198350494
2.165793991560211 7.117521980100721
1.8933530796332443 8.079694495561645
1.0011934967820473 8.531414850124929
1.205225983374516 7.552450732082344
0.6910426824321843 6.694770411081537
1.4475997605056339 7.348698073454803
1.0012901252314121 8.243576673859009
1.558157863768174 7.412975492920195
2.404812354788831 7.945118493282458
2.167693693474229 8.91659918812738
1.6209714401126862 9.753913213854453
2.611599666266322 9.890499148517218
2.5715881081153182 8.891299931536777
2.5304198734403016 9.890452160405703
3.525539791329839 9.79177922075394
4.517111992925447 9.921334494760208
4.180721492530503 10.863057081960939
3.893899079286463 9.905073312129286
2.896244123042217 9.973517364327353
2.9630626939864206 10.971282506320685
1.9647175332267892 11.028788505901824
2.879722412939346 11.432231277682666
2.614844533412539 12.396513243156138
3.1542156398835726 13.238581417061441
3.963539329475806 12.651218526281973
3.13988322916656 13.218308138621474
2.925036252652424 12.241660414678632
2.579364256917887 13.180015822487903
1.8151930447108602 13.825029278497965
1.400699843386511 14.735081686909641
1.7219704709902464 15.682069112295586
0.8964105036390678 16.24638351075368
-0.08451181024682097 16.05198337155426
0.7733847464773078 16.565805809718345
1.730353990107651 16.275616446120075
2.406326002512479 15.538689150896614
1.5015393416391787 15.112824033393732
1.4320509757351862 16.110406795375912
1.084605991121819 17.048107164719454
2.0775609072011916 17.166599926666358
1.6238267144162852 18.057736999342513
1.1070862869626805 18.913879119924758
0.1735259131419723 19.272299304110497
0.4970656087432109 18.326084706162305
0.7650627835611954 19.289504404056
0.19713009478395438 20.112579407332284
0.4159256904730616 19.13680869281629
0.14538771555991992 18.174099388753067
-0.42448438250150655 17.352365981953106
-0.4886686487341437 16.35442791775865
-1.437960391477769 16.668824462203354
-2.1936051549846427 17.323806134759646
-2.4271633308742944 18.29614896446278
-2.565987349657728 19.28646603076469
-2.7663668788542446 20.266184380229973
-2.8117525357687785 21.26515392037944
-2.2552488714268972 20.43430876538721
-1.2622123587771952 20.316501785354117
-2.073064558383701 20.901752766039575
-2.6952336477603143 21.684635659085703
-3.6901937037677848 21.784907723737884
-2.777640724372355 22.193866229941783
-3.011375234669224 21.22156577293465
-2.012314135134133 21.17824234514166
-1.5111261125659068 20.31290393386307
-1.7382780251126628 19.339044596676043
-0.766084870123942 19.10486417607458
-1.0387175233515964 20.06698237899668
-1.598821348444071 19.2385599595048
-1.206081273394543 18.318910442868116
-1.1812476995157009 17.319218843619424
-1.9427125830627365 17.967425007678898
-1.6584057093771387 18.92615833951582
-2.5730621931786857 18.521926331085275
-2.2866207337348907 17.563828585387213
-1.4012715139299066 17.098901968606988
-1.8990902550481976 16.231620871735046
-2.893713218008444 16.335183227599426
-1.9148000241940872 16.539459900218144
-2.1451100995637087 17.5125771948868
-2.513336840109537 18.442313215242574
-3.294725108193642 17.818268045002053
-3.7535732456147786 16.92975333674723
-2.8884749894608457 17.431355776134662
-3.522096359923228 18.204999078240597
-3.6375500957041953 17.211686219724097
-4.625831936553162 17.059046110158565
-5.622067251871474 16.972355877071887
-5.733825125922344 15.978620410467403
-5.150487163526658 15.166390872942419
-4.155112440192688 15.070322354957472
-3.3028062818963453 15.593365577387635
-2.6708333915543165 16.368356071440783
-2.4096432883911767 15.403068689357276
-1.76025570309946 16.16352629111361
-2.460652234822753 16.87728023915872
-1.9751464266636416 16.00304679765481
-0.9845780456471481 15.866027519703264
-0.19918412074383074 16.485023790067604
0.22887518133699158 15.58127314198923
-0.3424201140608729 16.402017734086105
-1.3312447424798397 16.551101114219815
-2.030625005422186 17.26585089407756
-1.7793791459110828 16.297927592323475
-2.7042674484009406 15.917688683323581
-1.971998336201911 16.598704062973148
-1.0894081351014138 17.068847165572116
-1.15119259754678 18.066936680696053
-0.3942629767841085 17.41344027733022
-1.3894182164129976 17.511756344375076
-0.768618782031091 18.295725771247774
0.19368533557222967 18.023750064164044
-0.6825261163557103 18.505676917026936
-1.4048501713758181 19.19723165783876
-1.6273266292756703 18.222293595354618
-2.6266860471684916 18.186505973626968
-2.2626059372639435 17.25513833752837
-3.101689845173262 16.71113631962069
-3.956510893365878 17.230059219064216
-4.738714682701079 16.6070365614107
-3.766886656423676 16.84272764597218
-4.714552063567694 17.16199285876957
-3.802852006497311 17.572849288605905
-3.855410162202045 16.574231423620045
-2.9310805041272836 16.955826343926113
-1.9401923328954571 16.821139180050533
-2.593597273791583 16.064130604661504
-3.3690211870598996 15.432689590209916
-4.334124294674856 15.694559771162146
-3.7295302090270943 16.49109350654298
-4.712020164314138 16.677409066172505
-4.460868035006809 15.709461439518876
-5.04716111422269 14.899362417631082
-6.04302743840483 14.990193383495996
-6.4501434033053835 15.903569861802225
-6.514705320604133 14.905656158702248
-7.473300887821313 14.620885130485592
-6.925798843830821 15.457689475494766
-5.964343160664923 15.182729534216048
-6.68260237078602 14.486953918750675
-7.0526596550279965 13.557944981022166
-6.052795028599722 13.574398820010318
-5.3111627708192986 12.903592145759449
-4.577413663765487 13.583012669365951
-5.569019164878275 13.453712514057246
-4.611454230193704 13.741930132988728
-5.597493416354449 13.908443565946724
-4.937889517007184 13.15683017066569
-4.024616550382689 12.749482053654093
-3.491477428457422 11.90345446741783
-3.9394551354001592 11.009409740302724
-4.406643119643274 11.893567750716505
-5.365679914460387 11.61028621904365
-5.346233956000954 12.610097128515832
-4.880301438134898 11.725276870613133
-5.793205775858248 11.317103292137146
-4.813413038571777 11.517118771439831
-5.667821973674898 10.997517605528948
-5.211283169849543 10.10781410401751
-4.5835176559684605 10.886216608883483
-3.6000119537760287 10.705339485523531
-3.835672865810031 9.733504142196637
-2.8806063872363055 10.029895811284659
-2.8623191609981924 9.030063036588551
-2.9236991392366156 8.031948565061636
-1.927625393889974 8.120475927109275
-1.0389553750500382 8.57902319579052
-1.2840612807605989 7.6095268858512775
-0.4457318865563238 8.154690922461446
-0.7607348146274788 7.205600223262156
-0.5493210403746657 8.182996875628113
-1.4842406593202178 8.537856433919423
-2.348940896104934 9.04014469827014
-1.374207301960638 8.816774108338201
-1.2058531963215724 7.831047526006939
-1.6117754183591197 8.744955152441964
-2.485635817066423 9.23113207864385
-1.6799772840002976 8.638751856069074
-0.6904158209402198 8.49464040327507
-0.4932119402082912 7.514277904285913
-1.370414902977827 7.994397641547722
-0.9801526270278983 7.07369391288666
-0.4675913330152828 6.2150432738721
0.08881879597088937 5.384135476122198
-0.19357340568597353 4.424836438051488
0.7791417350245933 4.656839142846976
1.7162943101505748 4.307919308307949
2.3988624350930277 3.5770973362706107
3.1383242214459557 4.250295870526098
2.1681053365757097 4.492525751922131
2.3800713983087527 5.469802779521462
3.329398139560327 5.7840936294434195
2.452190872733416 5.303981755995094
1.7398074757998774 6.005772248787233
2.6354158794929825 6.450615577650653
3.3018634362170083 5.705063665214921
2.4350845652368314 6.203756344950978
2.488917995982036 7.202306274465873
2.7043185442502593 8.178832056924149
3.499892365113815 8.784688719474428
2.796771368452991 8.073618495055848
2.4975589656440245 9.02780502713712
2.023647044024622 9.908377278884247
2.180484227535929 10.896001750972824
2.358800816995792 9.912028583694669
3.053687104321354 10.631148217473985
3.92444304480902 10.139432758996788
3.8261211815506346 9.144278092020143
4.464401321202265 9.914082264083593
5.426399985776019 10.187136415046938
5.0312912890255905 11.105770791582117
5.524622219690363 10.235929085954346
5.00896391133412 11.092723407260912
4.894447849264984 12.086144804014666
4.67204829944868 13.061100413384398
5.637924796780341 12.802097340232125
5.845924088872041 11.823968363823926
6.834955832330799 11.676265247976863
6.017466228440679 12.252208602423785
7.012228181661229 12.149989932774663
7.036804475330062 11.150291975494813
8.016313066088044 10.948889590624841
7.435233843513719 10.13504259204807
7.47579347150934 9.135865472325616
7.684193107478919 10.113909229898736
8.641356559665052 9.824361089170596
9.425998798047624 9.204412254389863
8.763623061090367 9.953584052504509
9.387528825443033 9.172084470158161
8.392414382807981 9.073356327974032
8.113818624518833 8.11294787139772
7.405801870977525 7.40675223511495
8.40572821198599 7.418889473574563
7.530619868090877 6.934962426959937
6.807346929374699 6.244400151621309
5.975906499349418 5.688786246720274
5.015029403295415 5.9657613471874935
4.45779282616399 5.1354075689056975
3.558833922771149 5.573440547128504
3.360911027242444 6.553658139005702
3.5351730341982677 5.568958817927572
4.531376721219067 5.65601175565034
3.544278237598978 5.495897472605635
4.476524218781636 5.857722610716275
3.8250606139077594 5.099042723329814
2.932017055400619 5.5490129474657035
3.344931705485394 4.638243222592633
2.683482492177945 5.388233181335386
2.832470479182465 4.399394175365082
3.7650685368822687 4.038477477532252
4.602921718153885 3.492581840406407
4.679458875657308 2.4955151106830167
4.384295499221964 3.4509619073238804
4.187497106574962 4.431405884638013
3.320037678323738 4.928913814562814
2.956236789729981 5.860390552575306
3.702629125907348 5.194884368910802
3.487037614761017 4.218400728330152
4.487001692271711 4.226876793937853
3.9184648535512148 5.049534598263384
2.942917991646723 4.829743060145334
3.572085747724479 4.052473522139321
2.7681004697666935 3.45782432065399
2.9536594066596074 2.4751911841583945
1.9536601363353103 2.4763992201153893
2.630446830060472 3.21257839069587
3.3871472736903154 3.8663401505215718
4.204244480929068 4.442840067193405
4.78264836483368 5.258590609383884
5.582873646452694 5.858290116351973
6.091237932461264 6.719432237439425
5.133494621839463 6.431807914825372
6.122963813616727 6.287064284486596
5.216922054463371 6.710252576704484
4.92043353075469 7.665288992402361
5.895445174773129 7.887442754532246
5.285970866322746 8.680248573972875
6.28339658150096 8.751955914609857
5.837725839713476 9.647152870544469
6.4928878586145276 10.4026412748165
7.003078632049696 9.542580012637098
7.877500970251942 10.027745525068594
7.301825960042332 9.210066931353333
8.277081618647298 9.431147008155826
7.2780007931405635 9.474013126533666
7.588961632091143 10.424435851766576
6.6986115054576585 9.969159395090266
5.774289309844342 10.350772391064693
4.797576112580265 10.56532152364319
4.114059400288287 9.835386660783794
3.119030466596866 9.735800411146037
3.9791174479810705 9.22565299671232
3.772146626076092 8.247305880970684
2.780970039401895 8.114757874464031
1.792712711704787 7.961959136730467
1.8048779365186285 6.962033135815785
0.8148571661252124 6.821111617978278
0.2266253780800298 7.629803996780729
0.08943077960282145 6.639259882594653
1.0807205304893643 6.770958894691539
1.700978921639212 5.986561337193938
0.7774564105127427 6.37010556077534
1.5010810095061005 5.67991179107606
0.9314957825811737 4.857979513288602
1.8931619407761957 5.132202415655321
2.7993809821046636 4.709393890275672
2.5998202769415806 5.689279355498426
1.7308833088284674 6.184202122651434
2.1677413366796974 5.284671654294784
3.1534507850493854 5.453126049888147
2.6880769966634803 6.338240300752606
3.228308965471538 7.179756444315978
2.3433969240463055 7.645514620777356
2.732451258092752 6.724299811322104
3.3612972888138866 5.9467699600326025
3.9430402906128457 5.133397302600637
4.250932148969111 4.181975942971832
4.87698529505557 4.9617563340277036
4.712821274630995 5.948189390244921
5.523323152502588 5.362453352454329
5.046433614870211 6.241416587690467
4.0616974343083845 6.415470184873938
3.9991794476259104 5.417426347489442
4.916670427883249 5.815182932785561
5.0412811824890476 4.822977228389253
5.745406555723675 4.1129015572335685
5.008013915558545 3.437437202711216
4.692590808707179 4.386388341423969
5.11969574582745 3.48218627734344
6.111166840106931 3.3518594987894943
7.099003069457969 3.507357357236234
6.151208107214189 3.1884769571717095
7.02701067331526 3.6711464768337447
6.0499761399205605 3.8842274955899936
6.691134450041547 3.1168188551885443
6.3829922568216535 4.068159166936992
5.457744281252803 4.447522032417713
6.446796737521286 4.299957677815114
5.664502111846209 3.6770490820806425
5.000411399171725 2.9293970738980284
5.316612416509929 1.9807048600402966
4.666851823261748 1.220565944142833
4.857568971639978 0.23892091190639553
4.370470210953567 1.1122678059512316
3.428624121453126 1.4483123620635538
3.5799566320323506 2.4367952760493186
4.576119531973868 2.349276839248223
4.003864331684122 1.5292012416711809
3.6345622517250114 0.5998918347792273
2.6352590597730474 0.5625671706197738
1.6500606452314357 0.7339850342883389
2.55782888664065 1.1534571071237334
1.7852897489763333 0.5184899577554578
2.5949166291102443 -0.06845494167261434
3.4840880079789396 -0.5260292624126919
4.4187180561472665 -0.17040773176406676
5.186754323662494 0.4699986171904691
4.626233453764354 1.2981389159373857
3.666566332114418 1.0170001323728854
4.041893130943193 0.09010758515883843
4.3466972596416085 -0.8623074730633632
3.420934779955271 -1.2404130551499057
3.8523728011758602 -0.33827047559539747
4.008218990871211 -1.326051810283111
3.009879795420259 -1.383661278483627
2.7610036366390354 -0.4151259628702504
3.2675507931417203 0.4470862953579915
3.0837400079474278 1.430047940208012
2.5035520650288534 0.6155653124669942
2.7122624099443144 1.593542813192481
2.6886403870354383 0.5938218521069926
1.7014244061258261 0.43443362469771285
0.7075546909862556 0.3238759957054588
0.0027515739261628758 -0.3855269688939128
-0.7965814454819531 0.21536131030938843
-0.750227726695208 1.2142863989695138
-1.529378565188642 0.5874499203923824
-0.8491735045617803 1.3204717996685793
0.14184916285202287 1.4541657511848334
-0.301925274158133 0.5580272300530168
