0 0
0.11222842008967343 0.9936824350486305
-0.3159908306794205 0.09000756360937456
0.6781775067291804 0.19784687413303403
0.8198924294055219 1.1877543853131636
0.7537348457138119 2.1855635725429035
0.8375755408822375 1.1890844017452018
1.1026058949755364 2.1533244711310267
1.3036965345997713 3.1328971099156733
1.6990482864528287 4.051426909272623
0.7020215953151425 4.128483882734061
0.3088772482493768 5.047960648275329
0.5035484795571541 6.028829197929723
-0.4091351614841733 6.437496019895423
0.5216924989745606 6.802954453270438
0.46742663200796936 7.801480975543313
-0.5075751396373622 8.02367806213192
-0.7769285630971196 8.986719459617255
-0.5522810173676065 8.01227937413344
-1.0880540366800757 7.167917323957806
-1.8125500831932644 7.857196279524244
-1.0603081536631331 7.198309279002315
-1.8408091524085837 6.573154745340953
-2.1344758045856347 5.617246853648912
-1.3515885087276556 6.239410402873857
-0.75718507232263 7.043577397216386
-1.0591775950908584 7.996887690978118
-1.1002105815938468 8.99604548333058
-0.9876811437310516 8.002397091989717
-0.5333918271551316 8.893251298268716
0.4661808398181273 8.864019749559032
1.4388700008542754 9.096131352032486
0.5099844190899337 9.466498164787518
0.7142966197624656 8.487592385533791
0.49676012049480134 9.463644572400032
1.3223630328893878 8.89939300523732
0.7702199994238268 9.7331424103918
0.9862290048493725 10.709533781500264
1.037787755879802 9.710863818403254
1.6659085419779145 8.932747967085799
1.172637101393868 8.062872524333137
0.5157756075542814 7.308861265855635
0.8897010306063717 6.381402491572208
0.5400885293132026 7.318296882066427
0.5464780351697027 6.318317295167319
1.1994870698843254 5.560967177598783
2.1555647208717197 5.267853675210329
1.1560073453602295 5.297603516564221
1.6538123164451741 6.164892517280313
0.6593351220369542 6.0599396240283605
1.4631980230185389 6.654754247609079
0.685130400444649 6.026573720449716
-0.2012795775446118 6.489474736781586
-1.1805721456151765 6.691924893911083
-0.1849911157749322 6.785831299561808
-0.6634248888821315 7.663954938208673
-1.52001502515534 7.147957517246662
-1.3375852062378644 8.131176394796181
-0.41009478790017784 7.757329469047442
-1.1455116676086126 7.079714524525179
-1.30231101781903 8.067345003891623
-0.8510148860956375 8.959719253571375
-1.612839057684738 9.607503115351353
-0.9284096905169134 10.336582288938317
-1.8806475816218509 10.641939454801541
-1.0686103421642632 11.225545076548025
-1.9363847165694061 10.728586692852003
-1.496065204146583 11.626427840817348
-0.7292542441021395 10.984554838148036
-0.8781250298919447 9.995698180619591
-1.8448908551320296 9.7400346534049
-0.9981497210538132 9.208029529501063
-0.4725076156639546 10.058735340602244
-0.526477138041264 11.0572779238977
0.09906857324722218 11.837465441798738
0.838185927178737 12.511042116808552
1.1735341774387253 13.453136353627547
1.804067515430332 14.229298520755759
0.8863725080537135 13.83201288870241
-0.09801944724305867 13.656022893682813
0.8561228469614288 13.95537633430142
0.41417598583347476 14.852417566318739
0.7041813557427052 15.80944258449946
1.5780663654820917 16.295575271893338
2.5718813949294086 16.406623402200108
1.592057215153102 16.206762008415094
2.5431117013261844 16.515785250793485
2.917931917727817 15.588687734144544
3.139347458524006 16.56386728596766
2.1726997732914515 16.307757441107015
1.2051366307968563 16.560386745198965
1.3257960414564125 15.567692780968654
0.40004234771708447 15.189565687879584
-0.433157769503946 14.63659411115718
0.3142452789185305 13.972223218350466
0.2421149845384049 14.969618436221815
-0.6920715966708844 15.326403289443613
-1.6813416565264339 15.180304868256396
-1.6548533525718896 14.180655744936812
-0.9098672377203118 14.847735716663106
-0.3943034464759745 15.704586915622276
0.554064800656656 16.021758269673334
0.8629521248517403 15.070659630755372
-0.11558822144301317 15.276714940498518
-0.5906667980424445 16.156658317117866
-1.5366194488312657 16.480963084991547
-2.178851170772785 15.714452540163865
-2.1081348941713225 16.711949010445153
-2.0896865663217237 15.712119195326823
-1.0898272596568082 15.728893189351927
-1.452991059247663 14.797167878615586
-2.4145493626476973 14.522567024351716
-2.2894112396800534 13.530427694327885
-1.5829894773757243 14.238218831417667
-0.7581262335170492 14.80355114867093
-1.485957944899988 14.117795361305353
-2.457898281259796 14.353022873634977
-3.359372364309565 13.920189790807916
-3.7330203823735024 12.992619222820288
-3.2693309585052712 13.878617032181433
-2.714884698894151 13.046397502728274
-3.1886710144419887 12.165757663066449
-2.1977767649236144 12.031115224469184
-1.7133512326565832 11.156282724108227
-2.156697509617399 12.05263314593274
-2.841203145798951 11.32362557804631
-2.2921482174864867 12.159411845997509
-2.7801095942973957 13.032277067403886
-1.862844166994555 12.634000610812565
-0.8628666257616293 12.627298593970425
-0.7812927725574834 13.623965893761799
-1.3916001187956364 12.83180117406788
-1.6672097869111722 11.87053153924046
-2.6368751061372366 11.626095108465066
-3.057800034416302 10.718999631266957
-4.031652825052841 10.946179608750501
-4.011738297292551 11.945981294878347
-3.0915115656618046 12.337366990059193
-3.4695720937482566 13.263147869697022
-2.48901003252615 13.066938685172307
-3.3569789869870794 13.563557144446628
-2.9950271254631273 14.495753931578694
-3.8351158020167895 15.03820302184092
-4.814555458503394 15.239940374112138
-5.773594117362541 14.956665153145588
-6.09924606321604 15.902154872900292
-7.054569642475783 15.606592935380666
-7.697385958493845 16.372613290110856
-6.700054997834442 16.445626678678938
-7.6603437375687955 16.166618549156862
-8.129533779605907 15.283521326619494
-7.158065221112607 15.520689705327428
-7.080983710537745 16.517714499767113
-6.4512985676430805 15.740864050312569
-6.8226162698309 14.812358173087251
-7.500546472040943 15.547484448587896
-8.434218524175728 15.905613613921325
-8.049031964856843 16.82845234009187
-8.00455061277004 17.827462554912785
-7.15774981065399 18.35937269914357
-6.338120468603788 18.932266879294104
-6.988503323607718 19.691873449774466
-5.9930474957383755 19.596649005638717
-4.997252586854811 19.505038419778927
-5.93042733856709 19.145615433915854
-4.9435872765265145 19.30731482152061
-5.353692427539059 18.395276573905424
-5.228568364304371 17.403135470634503
-5.4190898716661335 16.42145244886393
-6.0868726068742625 15.67709620447691
-7.07785378544976 15.543095071238726
-8.074764351865825 15.62164010652422
-7.085666395931147 15.768899176077989
-7.680984006078609 16.572389650849356
-6.687761674928893 16.68861959925132
-6.859448715122845 17.67377114100997
-5.9091465339327085 17.98510017021423
-5.5718455687275865 18.92649703597898
-4.878505932712773 18.20588608051768
-4.235546808871613 17.43998558758834
-3.424815167333842 16.8545676126256
-3.6940254972836857 15.891486204722668
-3.52431095901512 14.905992939651675
-4.1438499827477315 15.69095879755407
-4.875323010823294 16.372829173210594
-4.562850517185062 15.422902365125095
-3.608554022908051 15.721763873203011
-3.3089524348445183 16.675828277962882
-2.7828208655103337 17.526231459841895
-1.8306353337934125 17.220711062504886
-2.6094144568497195 17.84800929898547
-3.5818067320243685 18.081361528845548
-3.8440851660491555 17.1163692889568
-4.650762274104172 17.70736171136169
-4.943212500595697 18.663642457285736
-5.9160103217315685 18.89529823466524
-4.937272971156654 19.100415758513392
-4.997520750915695 20.09859921110821
-5.40663366608458 19.18611544542138
-5.998449993683768 18.380042598597342
-5.131573611667324 17.881519441359806
-4.488278429996435 17.115901188417116
-5.1761611050357486 17.841723084877092
-5.528339896941249 16.905790342351228
-5.829151657285314 17.859473877303312
-5.7117863689399755 18.852562689591323
-6.011822241168721 17.898634770209604
-5.015687006136162 17.81080201136288
-5.98633988173401 17.570317094801307
-5.867384997308405 16.57741743447742
-6.456913721122396 17.38516484784267
-5.61874330517346 17.93057327629605
-4.630495288183551 17.777714331789976
-4.07301315853416 18.60790327120171
-4.074916011459603 19.607901460775444
-4.6518207573570525 18.791090029561975
-3.6713597087873193 18.59437670454931
-3.238827903694225 17.692758028177245
-4.005077077874221 18.335301569945795
-4.527037318023115 17.482331753537437
-5.321868357707358 16.875500954752088
-4.438222305468813 16.407345366978927
-5.432383881934766 16.29944374568096
-4.947102730048677 15.425085579010053
-4.009873603678345 15.076371420015747
-3.9028170650278726 14.082118485631252
-4.871829572289394 14.329130146835213
-5.646967604882143 14.96092206703382
-5.673526780294773 13.961274824151912
-4.674113810918186 13.927015275966422
-3.8350752237955703 14.47108719154311
-3.0638398907667876 13.83453706697476
-4.000500111254183 14.184776458472207
-4.08259849693454 13.188152228850692
-3.4348211894891993 12.426322484118403
-3.7220289114683713 11.468454160999022
-2.801382909928943 11.858852598303095
-2.45122179739107 12.795542085415146
-1.589956001330079 12.287387356483665
-2.587424094775731 12.216271939323278
-2.2466430486921425 11.276129248754355
-1.5496565731977308 10.55904497687421
-0.7377130503301567 11.142780975141743
-1.7341061145275551 11.057923084410714
-2.7097213511517895 10.838435248605084
-2.9609617237745547 9.87051052262461
-2.1170637869162947 10.407014271135626
-3.1053482064894027 10.254390858681818
-2.7103998563259846 9.335687532954086
-1.8125878244232587 9.776066410025521
-1.170919920153902 9.009083815287823
-0.936911550056741 8.036849233139836
-1.9338873764976112 7.959136933646489
-2.8949353580740964 8.235518512460569
-2.0479565982084145 7.703891782191679
-2.8024962213076554 8.360146273355934
-1.9874534788407088 7.780745438051083
-2.6958733300671085 7.074954169765363
-1.7314761866098332 6.810495950586137
-0.7343166899726685 6.735177040169718
-1.6396183870438739 6.310407882532308
-1.3015939597505977 5.36927054582047
-2.2908299836845103 5.222941844085561
-2.3733472585685154 4.226352209709547
-1.7278713693328982 4.990132856502518
-0.7281271614725382 4.967516074024427
0.17494173282926295 5.397011792448398
0.8615733931155598 6.124017269107607
1.847412513368492 6.291711124030573
2.843150384427472 6.383939601947806
3.5206213106254776 7.11948915442977
4.489186666579704 6.870729930992203
5.288414779170335 7.471757737374586
5.031116534941225 8.438089778402212
4.107479831932271 8.821358927766923
3.583397442402314 9.673026497294241
3.316979733790454 8.709168829099395
4.266694088017053 9.022286451369292
4.902286478096585 8.250261637213043
3.902436321419411 8.26757244865071
4.465593178240842 9.093922468082553
4.0240213000355745 8.196696589956943
3.5125747765725563 9.056011697259027
4.241670436135223 9.74042350253921
3.6310196604977065 10.532323515301742
4.52155634153947 10.077412073679177
5.508415985626617 9.915832239317988
6.456357880707252 9.597388894983498
7.419560783165987 9.328613582324264
6.5415675944209255 8.849940457407813
6.066882497280346 7.969784756095461
6.9960257938057495 8.339504561518307
7.566275790045232 9.160975767215056
8.480164283650433 9.566941062845133
7.4832553277943425 9.645506537030164
8.003599984688682 10.499462881371906
7.4165113345697105 9.689940233818742
7.698894035228799 8.730638398957327
8.697496556982575 8.677789524352479
7.861243353524449 9.226133011325764
7.7077988540927285 10.21429027896799
8.707659848742443 10.230963352412422
7.7080520034678415 10.258966132014965
8.169488411505684 9.371792844918733
7.959946643622555 10.349592541948965
8.3845313807938 9.44420433738629
8.616806772640517 10.416854398992443
7.651454564019873 10.155903995062417
6.7315131475075765 9.763848144212885
5.948514836386313 9.141824314459353
4.978654110374827 8.898164362599239
4.045704221938463 8.538158104783383
3.521287224952326 7.68669653003556
3.2831504566922654 8.657928160287918
4.274518171822094 8.52681731634943
4.182594262549977 7.531051282130481
5.119479739564373 7.181414895352006
4.121166732923666 7.239476421098336
5.111741181679709 7.3764518257214355
4.1732579340096745 7.721776591474928
3.5911058130037095 8.534856481773696
4.50975285798345 8.929935722876023
3.5137424832353497 8.840698211737779
4.2883189149985155 9.473178528709811
3.2885027675440774 9.492353285275819
2.2951167892551756 9.377530386257368
1.9014940342930955 10.296802449781579
2.543410234803457 11.063577248221343
3.4275373942362024 11.530823613593386
2.653863804097808 10.897239226220742
3.3648161079556225 10.193998995830539
3.375436050570668 9.194055389011208
3.786650602128693 10.10559397436398
3.4670247111124786 9.158050154906489
2.4700983223862667 9.236394111031476
1.9873496948814866 10.112153074812179
1.9268426555776343 11.110320845377169
2.372114589669546 10.214925455222602
3.3625723264930416 10.352742259591587
2.7110972446724624 11.111412291797201
3.556840370926346 10.577822032895947
2.856166274208419 9.864340561385637
2.6264861781033195 8.89107438327548
3.537530697271389 9.303382379916124
3.456526739096423 8.306668600157868
4.394357513656436 8.653761438297993
3.4856138794065084 9.071116212093902
3.380727860250895 8.07663196235151
2.4009275646873967 7.876653511478218
2.992719455548856 8.682744299113592
3.761027307771101 9.322824797343026
4.417300884549489 10.077347820465913
3.752112353877447 9.330672376472762
2.752156503681744 9.321275693047777
3.5905013090529145 9.866416030307068
3.1015213802574197 8.994120994648172
2.102858955146968 8.942416442890016
3.0345004675538823 8.579037725351196
2.8645839975505445 9.56449619389343
3.7224440041361184 10.078379652569616
3.3782629362576193 11.017282944987965
3.926112194700301 11.853860012581743
3.741104632293854 10.87112291556524
3.6592294456293555 11.867765506371319
3.7210366090137112 10.86967739675655
2.737829756818365 10.687182778216389
1.7576809708007328 10.885446131532532
0.9789140311697614 11.512759493208984
0.20689086010247215 10.877165107350198
-0.7527004495531732 11.158562545919498
-0.12267432750339047 11.935136486722891
0.4792211647246656 12.733711352615593
-0.519458513597809 12.78508157848349
-0.5235353912612668 11.785089888983764
-1.5217599653709715 11.72552731983586
-2.1057988892995247 12.537252972588302
-2.0010865792037893 13.531755527695333
-1.0655915890876422 13.885095482225797
-0.6226629539878137 12.98853861051681
0.06815576601864837 13.711566615568229
-0.7022380752428024 13.0739983216997
-1.5769243936812485 12.589308890892097
-1.8999195091951022 13.535709522418827
-1.1381615253704402 12.887847828784
-0.33515981177306087 13.483824546416217
-0.9543848399620184 14.269038125300577
-0.02080155628418845 13.910677619053976
-0.20352001063174957 12.927512339743911
-1.2003065933193031 13.007615451881136
-1.1032544137843379 14.002894746575603
-0.15872668304421889 14.331326422671136
0.6848107245978138 13.794255997206692
0.6286758230144783 14.792679190459047
-0.2617384021368666 14.337528108236748
-0.46082157370468757 13.357545511045096
-1.450825110128378 13.216502971828778
-2.415113665429259 12.951649083588979
-1.7605796492032653 12.195616530319564
-2.7501368224406697 12.051475623931413
-1.960804901284209 11.437508916166692
-2.959020137531908 11.377790057144178
-2.3736794457557555 10.567002616102437
-2.4652099417027276 11.562804889805255
-2.3414891803618016 10.570487816882885
-2.89301782776064 11.4046437681884
-1.8930516468857101 11.412867946348399
-1.9801860747794457 12.409064509018453
-2.218405544264515 11.437853160053537
-1.8915668837302868 12.382933310083253
-1.8658639164621162 13.382602934245961
-2.6479879339393326 12.759480136327847
-3.593930090056591 13.083815514108675
-2.744414297357514 12.556252325519043
-2.006688416641767 11.881151944151817
-1.3185963625777468 11.155528539668502
-0.6642574421056594 10.399327126581074
0.21333569175557587 9.919920940346879
1.0879107025636472 10.404811186144896
0.09738750644968153 10.542156728337478
0.18290009910045402 11.53849381813096
-0.7450961572031726 11.911083335276107
-0.08646225322956258 11.15861979427463
0.10059706259925902 12.140968414857799
0.19727576441177566 11.145652772151504
-0.3473533255478165 10.306975745895397
-0.5211550446103279 9.322195078715685
-0.09070485049813093 10.224809409639349
0.9051780295142217 10.315458674933128
0.9163836058926703 11.315395890491198
0.7446194467629528 10.330257791726126
1.0080953489262519 11.294923769657988
1.37372255454139 10.364162389650165
0.6801672164342518 11.084565744017073
0.3948500290185219 10.126132594253786
0.560084290663619 11.112386942167447
-0.162081617059186 10.42066705541928
-0.2819319992230326 9.42787509035551
-0.5203656521744896 8.456716301516
-0.6312037789500625 7.462877828899407
-1.2237721058331164 6.65735763798237
-2.1050780836023995 7.129903692402601
-1.2404864482197935 7.6323788699252635
-0.48090511613047326 8.282791200636646
0.09474910961667804 7.465097974310631
-0.5883879305154718 8.195388179913504
-0.8573685300018841 7.232242584948791
-1.4452933726936457 8.041158142560256
-0.5980716034037162 8.572397517645765
-1.252457346423917 9.328558412781119
-0.39450782023482034 8.814824424697886
-0.7207507500313042 9.76011038712291
-0.6079049055642559 10.753722894787
-0.7105024312631167 9.758999944553885
-1.354877893142969 10.523709212267523
-1.6745834198629863 11.471226165247614
-1.8116479831325945 10.480664049327713
-2.7446816225471684 10.84045319274479
-1.7562795136691807 10.688593813167673
-2.747508014771668 10.820753030031712
-3.7118890087788956 10.556235925863321
-3.9258134817897803 11.533086129245095
-3.081488218464245 12.068917119119948
-4.004532682279353 12.453610396706495
-3.0092035822268333 12.357070339794143
-3.5359029724027877 11.507018722309489
-3.862681147730697 12.452119787873041
-4.6020395889000225 11.778807753618741
-4.030604306389166 10.958160620009089
-3.046783511109322 11.137315979334272
-2.112046837007897 10.781974805123054
-1.381949015319726 10.09863215991043
-1.9473693526799796 9.273829248846571
-1.0024879258452666 8.946416528838938
-1.3494887763152899 9.884281343070223
-2.2374324944621016 10.34423346384326
-2.203409166235748 9.344812424872996
-1.2081366388296484 9.247690871185492
-0.7116743397043852 8.379632586536784
0.26112077489535845 8.61129972924561
0.2796073559983161 7.611470620687991
-0.6445915144738907 7.229559050009782
-0.6714352820605637 6.2299194088681595
-1.66465306488732 6.113650600167362
-0.6781362331166165 6.277310432237096
-1.5746768632430586 5.834348923150266
-1.662736841217884 6.830464097354069
-2.6312205616292244 6.581387235124337
-1.733012876447933 7.020958565264584
-1.7354948269679895 6.020961645308519
-0.7480592087295875 6.178983478718162
-0.5370929789929837 7.156476829033509
0.04050770111407209 7.972796285092144
-0.9589116197465468 8.006870044651361
-1.925836032806676 8.261933133765261
-2.699618709687771 8.89538429128155
-1.7047657407487744 8.794055271779415
-2.0224162095054514 7.845847393886248
-2.94116012099322 7.450993465066798
-2.070880116123253 7.943550784699275
-1.647252161602113 7.037714510227869
-2.602785882726113 7.332596364187929
-1.6031391062046276 7.359173086901677
-2.6021975784834583 7.315789115577135
-3.407543794738992 6.722984365290082
-3.5701332804852246 5.736290563178821
-4.530538681850315 6.014896853539896
-4.527466477822581 5.014901572769825
-4.018695807575516 4.153999484785162
-4.927576767678058 3.7369438525691705
-5.889513660180571 4.01021553943521
-6.311417315727882 3.1035748689180442
-6.349399034355693 4.102853303114479
-7.032475580734788 4.833200091829818
-6.666608593628879 5.763867243794496
-7.658434697610321 5.636270302369587
-8.344818938574871 6.363509378434341
-7.354722718124016 6.503899813467968
-8.31552015725651 6.781151109148339
-8.873807406149146 5.951503384072272
-9.62609599091797 5.2926696529788195
-8.633698329990546 5.169596981009056
-8.879811220573869 4.200355811284656
-9.773462839763253 4.649117199463486
-8.786110207538679 4.4905776787148595
-7.948615408584436 3.944132382528139
-7.02763678047508 4.333745481083373
-6.6806560066261 3.3958732389420656
-6.530319438837548 4.384508114103547
-6.408167329958122 3.3919967225838787
-7.035687995420238 2.613396816073492
-6.9263392062530675 3.6074002578721984
-5.94531283378314 3.801274589640216
-6.714128088037251 4.440745546624336
-7.109465776016564 5.359281399197969
-6.307264886658764 5.956335612074451
-5.625689539873797 6.688083551364307
-5.993432360047046 7.618011085213599
-5.833948618881777 8.605211640472726
-4.8523884172458445 8.796364905065374
-3.959919516268133 9.247473828483695
-3.2995789948584147 9.998440136505794
-3.618410706946493 9.050628794852306
-4.508971424951916 9.50549317853789
-5.38289018650526 9.01942116925833
-5.214175127642672 8.033756302829078
-4.232740368586153 7.841960021020298
-4.404861167281033 8.82703587122506
-3.4571775199376464 8.507824805380006
-3.2243701272034486 9.48034766777878
-2.2258903887202455 9.425227691014321
-1.338082540097065 9.885442014914696
-0.652236866661082 9.157695003770616
-1.6413590426650189 9.30479130194714
-2.4167851593452387 9.936229610549203
-2.214221307545043 8.956960553576673
-2.236401243175935 9.95671454854514
-1.822980004861381 10.867254432191354
-2.4133577426781816 10.060127350072115
-2.5728330418279164 9.072925431029661
-3.572705697903641 9.0569669965176
-2.622419927297634 9.368346113003833
-1.6477109630578282 9.144868071508556
-1.65476441784091 8.14489294743015
-0.8446684997220193 7.558595579666052
-0.894928518483264 6.559859413046398
-1.0984356579504357 5.580785950947721
-0.7397615702627445 6.51424880442471
-1.3583945681118812 5.7285687079654775
-0.4403886232192684 6.125135329281267
0.4457364218707063 5.661689103205048
0.44659088849278933 6.661688738148377
1.172500730730752 5.973898871298002
1.7830118164475728 6.765906582255963
1.913705434250475 7.757329387251686
2.17768424185254 6.792800907041282
1.4298789260531022 7.456718981552063
0.4586974087865442 7.695060040792443
-0.11179220822974911 8.516364854413187
0.7854206701824984 8.957963145636342
-0.0855326707169255 9.44932887294761
-0.5016044990036255 10.358660624128753
-1.4281526834696097 10.734836728982302
-2.360062927693034 10.372147748295767
-2.191347625028653 9.386482923597804
-3.090092954846771 9.824953939892065
-3.6426634848961488 10.658420081568469
-4.162594883194611 11.51262810135253
-3.8491630232951466 12.462238794847481
-4.667678721464743 11.887754633316515
-4.697824385492088 10.888209117124106
-5.614462854527795 10.48849182067088
-4.651872050735076 10.217532516616401
-4.434166263464956 11.193546958204792
-4.257401081069359 10.209293906244753
-5.220862048294392 10.477142678192289
-5.26060617613669 9.477932788178157
-5.3574142310505675 8.482629718503501
-5.363959847383383 9.482608295727445
-5.306074975786623 10.480931560827596
-5.797130218661912 9.60980312687271
-6.712131173915135 9.206351454567725
-7.446806451908152 8.527932530962346
-8.09042129652188 7.762582982198615
-7.1118373013269816 7.968430897778033
-6.6697060504628976 8.865381262630715
-6.091841850681277 8.0492483282317
-6.046546508859475 9.048221967528177
-5.103143632654913 9.379870898129438
-5.106480445864188 8.37987646530613
-5.219681376685724 9.373448581088946
-6.103574372713073 8.905759398432561
-5.402168243924146 9.618521239791463
-4.619937705809988 8.99553216665965
-3.913194684391497 8.288061812739246
-4.790762131534 7.808608607811182
-3.8035291357622727 7.967891413096566
-4.708860406793457 8.392597534659535
-5.352855885285138 7.627568238696123
-6.012926640368239 8.378771672050913
-6.763395287480636 9.039677724150067
-7.7633912058878565 9.042534850135858
-7.22347887468227 9.884256107210996
-8.159762741309276 10.235500354272755
-7.159808738509881 10.2259090933824
-7.839065116870113 10.959810157870619
-6.858233364260604 11.154666702725951
-7.435034115785831 11.971551574075601
-8.358135566913642 11.586995062070242
-8.463436455442514 10.592554655170447
-8.847909601745092 11.515690831350428
-8.058134114922204 12.12908685384623
-7.2797619572895576 12.756889995143164
-6.289020948319661 12.621124560862892
-6.0574923808995464 11.648296455559397
-6.544004743876561 10.774622763228832
-5.628331585091173 11.176546470267853
-4.945369173488431 11.906999989896423
-5.855015195554701 12.322384287311493
-4.855146626123059 12.306171827204501
-4.474311101026165 13.230814624626388
-3.871569940212649 14.028751397222548
-4.798600464545317 13.653765521547879
-4.085715005488795 12.952485033964079
-4.731160983260851 13.716290958121435
-5.64042133942974 14.13251878599894
-5.50100691048013 13.142284663682073
-6.32750250948297 13.705227844499584
-6.71800251325919 14.625830770331765
-6.329383913391371 15.547229480899984
-7.120283030010976 14.935282924957123
-6.467063036165124 15.692451096263886
-7.408309437926216 16.03017170737875
-8.33375325247642 16.409056579220803
-8.889889337660955 15.57796533588129
-7.997367241390838 15.126961668856735
-7.076159472887375 15.516032674264322
-6.898824052638375 14.531882203693327
-7.35511051997346 13.642049264469975
-6.380693008127441 13.866794704040643
-5.3872458805619186 13.752502076405206
-4.508679392671889 13.274882011545513
-4.3587823691997984 14.263583625964245
-5.337924852664907 14.060408831578275
-6.294528113761573 13.769015281788265
-5.2945735964273855 13.759477815513053
-6.225418564970213 13.394063469135544
-5.226487890192248 13.44029664972739
-4.275609418386896 13.749861072517088
-5.258934884365145 13.931715486702336
-5.113109218777343 14.92102578951732
-4.430194691643936 14.190527501613674
-4.27429104474543 15.178299769337235
-5.274242671803329 15.188135598954576
-6.239820201854678 15.448251022295706
-6.737108602671404 16.315836318628662
-5.782113915900028 16.019213412840116
-6.047435304286011 16.983373441499744
-6.117667914475794 17.98090408286668
-6.659686086499738 18.821270848746806
-5.66577159924336 18.711116447918275
-6.156410594507618 17.83975350612761
-5.167793883984895 17.99020947867516
-4.979950671006949 18.972408505012552
-5.142515660977087 17.985710666747966
-5.501074318457699 17.052203468518783
-6.191077169858754 17.776010117464768
-6.882214155357699 18.498733900991663
-6.560055259824225 19.44541951196748
-6.347900787535228 18.46818336860817
-5.62616864829703 19.16035583208144
-5.475553011351009 18.17176343381644
-5.105009022867847 19.100578352193075
-4.548181522794138 19.931206509169265
-3.5557984454770266 19.808016299109294
-4.301710569509098 19.141971928799055
-3.675074966562165 18.362659526023805
-4.614031039802382 18.018622474930012
-3.618633919270434 17.922786299940043
-4.618612093157538 17.916179352883216
-5.615907094341247 17.84267642359474
-4.91264934988697 18.553611402945933
-3.922002764249608 18.690064114040425
-4.2261127551337285 19.642701040389838
-5.1630750395802805 19.293270535818902
-4.17911783164572 19.471675168476306
-4.968350387742313 18.85758073567526
-4.501899675657845 19.742127926726077
-3.6491163364564176 19.219863074011993
-3.3169885821404876 18.2766286626311
-2.32327208159715 18.388555051601276
-3.322528261011152 18.34999227287707
-2.4188982556076857 17.92167835373069
-2.5002268891941397 16.924991013909942
-1.5536159617618943 16.60261273910554
-0.6605066881159823 16.15277296170955
-0.5354121133928934 15.1606281399346
-1.027236212776391 14.289933557853368
-0.7550807072734913 15.252186840946994
-0.6342943249277233 16.24486536385349
0.035722875340778115 15.50251978978144
0.6936667708651272 14.749452840339197
0.09383975369036368 13.949323132437268
-0.6680710241233335 14.59700512744047
-1.53159226915254 14.092692665386231
-1.0923471702824883 13.194325400222011
-1.647933625464669 12.362866627450867
-1.6952817174109769 13.361745077608365
-2.4219480192557254 14.048735678536264
-2.123640880788249 13.094265746511507
-2.739906468185474 13.881804142902409
-1.946003332108487 13.273759892434464
-2.9401082705891697 13.38218208245255
-3.9208452823651077 13.186849254354446
-4.9148116060144025 13.077163578666573
-4.878521848736634 14.076504888488557
-5.851533658421455 13.845749567393097
-4.8516527078913265 13.861179563082253
-5.8456868634113075 13.752110329750035
-4.846014444108533 13.777704354156883
-4.842524569091645 12.777710443789243
-3.867784799060397 12.554366805600397
-4.842913044676138 12.776008192986342
-5.090219983673754 11.807071003110947
-4.914301376040652 12.791475718402594
-4.841955610875723 13.788855330317086
-4.193593818472436 13.027522954707328
-3.2563183830543183 13.376112624895326
-4.256199303799513 13.36068069922994
-3.310178673069 13.68478711112616
-4.242099315738934 14.047449372418477
-3.68720702791613 13.215527171179218
-3.9454962882744127 12.24945954519045
-2.9458548954844934 12.276238003343048
-1.9765913139740865 12.030213391652229
-2.730902778966647 12.686730119375731
-2.4354027851609716 13.642072860836013
-1.472493756655083 13.911899106449455
-1.4349846474306651 12.91260282069373
-2.1802749073919685 12.245862670105202
-2.2548484617556563 13.243078185923908
-2.767100148939494 14.101913565363596
-3.634093158192557 14.600233865879558
-2.884470354394989 15.262099148264632
-2.336936855040287 16.098882911900372
-1.8234520532687915 15.240784223898993
-1.2755071715031328 16.077298662834043
-1.5469981652644844 15.114857682666182
-0.9878024272649347 14.28582202203201
-0.9069472332124654 13.28909616323495
-1.4182837330404647 12.42971558168586
-1.660281199209463 11.459438700394863
-2.534846459233444 11.944346532832313
-1.53670713446596 12.005321022192296
-0.5631353006782823 12.233702029404583
-1.553165229018906 12.374559194610544
-1.0056092294669354 11.537790153981863
-2.005457495243706 11.555209838915419
-2.954165061504674 11.871364790986695
-2.0658669460377865 11.412097485316046
-2.3130539473029423 12.381065279623751
-1.8175917619566748 11.512435771207246
-2.663590115257093 10.979250262952396
-2.5954417313489846 9.981575066422627
-3.0164925445485267 9.074538014972134
-2.285905704112059 8.391718222800685
-2.7074377442860653 9.298531731250323
-1.8923065190123114 8.719255384776805
-2.4184104998760585 9.569675634605863
-2.3785480254467926 8.570470458912514
-3.1021406195039023 7.880243135615542
-2.1024400962985044 7.904714831569311
-1.8111101028566168 6.94809221270587
-2.811079781836159 6.955879453651895
-2.6913198975136723 5.96307656782457
-1.7505833470344627 5.623938332598168
-2.609019420393551 5.111017765691528
-3.5164485196874535 5.531222989070126
-2.5240281747424893 5.408333368111648
-3.366305232254202 4.869288510618868
-3.3091335504267243 3.8709241488766146
-4.206329661525007 4.31255650528873
-4.692972379807984 3.4389554151210517
-4.693123504842037 2.43895542654044
-4.765084286686563 3.436362888852771
-4.387831132103474 4.362473064456682
-3.919105472127331 5.245816856917992
-4.632826016944083 4.545386286549681
-4.305530828088937 3.6004641419513677
-3.3095819539977063 3.6903854419664928
-2.3377183629109153 3.454841050566726
-1.905750830932767 2.552951893676198
-2.5966725298302986 1.830022294066009
-2.034108095220768 1.0032688502192602
-1.0466172164107004 1.1609449874972917
-1.8442004472501288 1.764153898144125
-2.062275933570566 0.7882219936210149
-1.6674565560101433 -0.1305367663931689
-2.0013981494835216 0.8120570019654284
-1.7034913514319447 1.7666519630220312
-1.553211770355112 0.7780084238678163
-2.2182983302716943 1.5247746977569938
-2.8547174481888056 2.2961181402970894
-3.13318016890606 1.3356711021056311
-3.75514215858208 0.552623668422175
-3.4011924297719425 1.4878881173751064
-3.020096534313214 0.5633526023923072
-3.7217011919289793 1.2759190234450146
-4.658297095447104 1.6263303724522475
-5.316040089557604 2.3795727993631024
-5.434896168420054 3.3724842921546014
-5.553964348631354 2.3795982118507384
-6.41762108076934 1.8755178124770522
-5.522242908935126 2.320824369135294
-4.911741119926013 3.1128392462788192
-5.907025210365907 3.2098422324041627
-4.909889040070207 3.1342151348264764
-5.217341949628894 4.085778431934923
-5.384120750217977 5.0717727684673735
-5.993960188392331 4.279247778547694
-6.9931569346463 4.2391745671031185
-6.0831544595761216 3.824571750703918
-5.3834477733041375 4.539001980457867
-4.9152146138833075 3.655397030031044
-4.92334201683677 4.655364002146239
-4.519546656369305 3.740514666536845
-4.271879819130276 2.7716694065845573
-5.264829959888333 2.653136634877513
-4.495071083841429 3.2914714003000203
-5.297535960208476 2.6947720436745755
-5.181424252088747 3.6880082045333706
-6.178508441038964 3.611698833251147
-5.413256885559453 4.2554301878053495
-4.514632021333606 4.69414803949944
-3.647322079422665 4.196379554496181
-4.464931959289779 4.772152152266935
-4.558667112786856 3.7765549842321526
-5.529023887534219 4.0182318960418995
-5.938927638272444 3.106103113944363
-5.008927129691571 3.4736613461189627
-6.005744609194597 3.393943640700191
-6.480466484896899 2.513807775773822
-7.409419810263572 2.8840046413605
-6.9276278874498844 2.007718989811024
-6.218681426379235 1.3024566873054932
-7.202483695576309 1.4817137516647194
-7.098290757949044 2.4762708549768426
-7.6529520797567105 3.3083470642813584
-6.655724141339536 3.3827543141984986
-6.609150347020968 2.3838394621301298
-6.691795218978664 3.380418523288398
-5.880808232131097 2.7953543326529573
-6.826967243411618 2.4716521155263718
-6.997251752453158 1.4862571764382508
-6.752677693558201 2.455887791526103
-5.768459156969794 2.6328450525689098
-6.314362031580318 3.470693518278531
-5.6307922508514245 4.200578683817777
-5.931878527360133 5.1541755871779555
-6.921035015870608 5.007310202428431
-6.543613519358839 5.933351785712258
-7.540304144264473 5.852063421076131
-7.7004918619674605 4.864976851875076
-7.818454617600792 3.8719588317549016
-6.819293758047662 3.8310006001396317
-7.362439020555101 2.9913618541210085
-6.551547689089432 2.4061650935747503
-6.420149314070281 3.397494739576688
-5.7252367695160356 4.1165890000329535
-5.8986780961875755 5.10143320405835
-5.000388538273037 4.6620292098324185
-4.646548161160873 3.726723384166224
-5.645858848077033 3.7638468405671777
-5.961330913545119 4.712781704458951
-6.907743522775684 5.035741722246592
-6.051509242392161 5.552329427381075
-5.395716838179793 4.797388156435207
-4.643117922986107 4.13890894427336
-5.602784861033397 3.8577695339820623
-5.630445408923712 4.8573869078258785
-6.603294166099594 4.625945131861941
-7.566640496059598 4.894205916458924
-8.547556400254024 5.088638395480386
-8.955830332752234 4.175778934203652
-9.231473715221183 3.2145189664004175
-10.209302240497141 3.4239261657910864
-11.126144561016405 3.0246766707321058
-12.070292651671263 2.695155225431826
-12.97419062013308 3.1229033553057057
-12.716064861299303 4.089014680478166
-12.691172000146574 3.089324555757695
-13.643380930441023 3.394772019435991
-13.937712035172366 2.43906850851452
-14.920406029487326 2.2538321364454603
-14.140058866324917 2.879178684324619
-14.735097377957073 2.0754814965265105
-15.54364139362915 2.6639171979594485
-16.48903775560324 2.337994325539978
-15.728674137319965 2.9874919529345427
-14.939180433736482 2.373733293523505
-14.647027962377926 1.417361538671299
-13.64732994595467 1.3927876509160273
-13.833005050413597 2.375398843394602
-14.632217389889478 2.976447623802224
-14.252281865250135 3.9014605951258847
-13.267705924092335 4.076418350293333
-12.338585852014418 3.706640184818505
-11.373316614324727 3.445383034160458
-12.067695831391761 4.164992305157832
-12.55980296445656 3.2944576593299106
-13.065137473794875 4.157381198046872
-12.866740179990202 3.1772595148814693
-12.408103496898107 2.2886356389236595
-13.391529379387434 2.4699462388622404
-14.336625467315056 2.7967388100506065
-13.360138169688211 2.5811638635159415
-13.722618154957171 1.6491723076103022
-14.526785789851866 1.054769737807755
-14.963746304328849 1.9542504261985676
-15.778892786894305 2.5335053027090417
-16.715318234975424 2.1826386896121592
-16.183681187617797 1.3356664056046685
-16.527845727695443 2.27457575658225
-16.19209288088462 1.3326256380205357
-15.943162482418563 2.3011470145112822
-16.880519676700484 2.649516775437693
-16.65619252699601 3.6240306695949114
-15.671880572271322 3.4475937806343953
-16.671193945194748 3.410542698377516
-17.6442489271912 3.1799694952252726
-18.305965858620116 3.9297232565764895
-17.960017704796055 4.8679768869269
-17.671161472125945 3.9106044009802687
-18.413701263956057 4.580406354955392
-18.442938346759135 3.580833849836746
-18.040469977292588 2.665399957314222
-17.854769177795973 3.6480062940871525
-17.58558930253 4.6110962144745455
-16.78044311402824 4.018019815398432
-17.444903612050577 3.2706964271869374
-16.580697131944458 2.767559110202211
-17.229757990857564 3.5282955963963323
-16.629115052402195 2.728778204162931
-15.706425610602532 2.3432341807474137
-15.833899246475783 3.335076140011718
-15.876870359515173 4.334152455136922
-15.248506088146508 5.112071694176121
-16.05242346221299 4.517330695358945
-17.04863339386888 4.430349248658151
-17.636876709456548 5.2390332423580555
-17.696577910583883 4.240816949872327
-16.974197885026832 4.932313225116234
-16.558719924346427 4.022709979635628
-17.55827589312588 4.052507047903628
-16.704534103647493 3.531810440560886
-15.982861507129908 4.224044984220452
-16.888358421864552 3.799692138812244
-17.726207826525446 3.2537907053012227
-18.706349806874442 3.0554937099696065
-17.817733549816325 3.5141451546332183
-18.806664292265197 3.3657673037270905
-19.41215190058237 2.569912570641742
-18.925876786065633 3.4437183345285076
-19.252896418307778 2.498700789649995
-19.359931455891072 3.492956038934374
-18.370115406890005 3.3506036974014197
-18.608535461938224 2.3794415701791913
-17.609270414103424 2.341109283843615
-18.56070792810999 2.648951218837866
-18.239743596458833 3.596042501559719
-18.50646276937224 4.559816791941231
-19.076689319134303 3.7383293106328104
-18.0888120279432 3.893566089615523
-17.37552661073065 4.59443976838504
-16.907330045922677 3.710815426992153
-17.8790310546588 3.4746012241566775
-18.653059698358454 2.8414506427524824
-19.644252716207433 2.709025564434838
-19.224927304648833 1.801189566458766
-19.92527405082517 1.0873867679771265
-19.268370554127543 1.8413614333515205
-20.0746504532281 1.2498272210641845
