0 0
-0.6891836113303278 -0.7245867442022988
-0.9252929625877054 -1.6963132356847634
-1.9026355645628472 -1.9079767383593147
-0.9121332111058483 -2.045472512098534
-0.1509186308264603 -1.3969724251516815
0.6991888687750942 -1.9235816152739136
-0.21312722374203685 -2.333068302889364
0.3971952730126238 -1.5409152558364874
-0.41644216117698507 -2.1222878779002974
-1.0580833009702366 -1.3552828924374798
-0.24976228426895752 -1.9440248851295336
-1.208034149992393 -2.2298832965204283
-2.207415264977501 -2.1947067843123853
-2.3521483787291944 -3.184177514442256
-2.7007907689086306 -4.121433340655126
-3.0025239497399596 -3.1680409305818085
-2.17511070445266 -2.60644737513166
-2.0591043333231074 -1.6131989057860725
-2.761274583980582 -0.9011898194033077
-1.7626747910128424 -0.8482894083955685
-0.9608887965945508 -1.445900669295722
0.005409704059991083 -1.1884764908804375
0.9322138342354691 -0.8129314146383495
0.17036403645368092 -0.16517769166962093
1.1013675834747305 0.19983243892160557
1.631866616112549 -0.6478531020488292
0.6838085472449299 -0.9659504111462198
0.9017749680953822 0.010005858049097927
1.5466014921007702 0.7743348146764971
2.0444228972444796 1.641614382394279
2.429725755797973 0.718824207332523
2.440235706066448 -0.2811205616149196
2.2799432176755157 -1.268190122570703
3.1399552920632585 -1.778463805908666
2.5115140071386226 -2.556320830947505
2.2655955057931085 -1.5870303220204978
1.963407558316464 -2.5402786865089206
2.255081872618204 -1.5837609948917661
2.638817839814672 -0.6603181393344819
2.8000070701956115 0.32660537949015345
2.30374386611805 1.194777500833999
2.331429041895453 2.194394192892597
2.595110321285755 1.2297843324313358
3.588712428952884 1.116846953147776
2.6626366029290507 1.4941844207471047
3.6460636976977865 1.6754884451776841
2.8429008235428643 1.0797289319685333
2.578036329970846 0.11544328961724404
2.0974038973986255 -0.7614788647155735
2.940354092558935 -1.299470471043401
1.9517833879671798 -1.148712512636686
1.4722025529274951 -2.0262102178545622
2.4581015058356352 -2.1935519480196137
1.4834749790551638 -2.4173892400328865
2.406349252593207 -2.8024906231018507
3.300774472065333 -3.249708161635659
2.5042820983447647 -2.64505958716866
3.4798929712357234 -2.864566818705441
3.6720068657740876 -3.845939455131229
4.035786527712964 -2.9144544270391846
3.297585512018639 -2.2398736235561127
4.256351239311252 -2.5240712311622766
3.4331358963827356 -3.091800479278916
4.428186931119668 -3.1911656556183163
4.719736958818745 -4.147721237562548
5.664551055244321 -4.475328202072651
6.366555764058952 -3.763155899324163
5.387820646596599 -3.5580277202605495
6.253952293922247 -3.058211784639286
5.7005614956116375 -2.2252900450111586
6.292262449327679 -3.031447586296686
5.632788094077599 -3.7831746476477397
4.668249837663376 -4.047117732257684
5.661914642844727 -3.9347333252257988
4.942692158015347 -3.239953491526049
3.943473365440275 -3.2794731646625452
3.035091349035929 -3.697614423417496
2.7930570746302466 -2.7273467232373267
2.6089189650868736 -3.7102471030387556
1.9118036707711448 -2.9932880620670312
1.1301382147478645 -2.3695901264764783
1.0319195106963468 -1.3744252727088022
0.06740536669109065 -1.638456456499293
1.0674037694888425 -1.640243745492471
0.22459174337339294 -1.1020357107743235
0.2717386250281464 -2.1009236782412626
-0.5121221251637837 -2.721860329042731
-1.1101431284118313 -1.9203798990419734
-2.0466436595039217 -2.2710460583220393
-2.5657635100993472 -1.4163446012519212
-3.113246565178568 -0.5795278325378123
-3.78152820631165 -1.3234361925691234
-2.9183388151522793 -1.8283164506401979
-3.537135254997316 -1.0427650735584009
-3.9721994514910732 -0.14236563723625317
-3.2926981237592425 0.5913086403629274
-2.365451110696623 0.9657588730594107
-1.7372302751930837 1.743793950571495
-0.965889054353071 1.107372139951338
0.025720392936234848 0.978102251552696
0.9311234837626816 0.5535492594281356
0.9547532339360408 -0.44617151904290564
1.3620007703572563 -1.3594893410954763
2.278884117670283 -1.7586446084039005
2.633265154360442 -2.6937457156828986
3.2888168918451437 -3.448895978531816
3.3295985092745335 -2.4497278947341785
2.45310059259885 -1.9683222424375044
2.877590963594679 -1.0628897905495551
3.4441309944809735 -1.8869240091372035
4.250736563447577 -2.4780140666682544
3.7904128144631692 -3.365765183885766
4.072055538658185 -2.406245837594087
3.072361819161294 -2.4309939122357753
2.4834309712119405 -3.2391773421164283
1.7288151780717318 -3.8953442452313096
0.8658424047572636 -3.390093819681825
0.9241812134340996 -2.391796978355475
0.0822811339809314 -1.8521635321934076
-0.5348475979393121 -2.6390257362917566
-1.2376259495382518 -1.9276168605220787
-1.7023204886453187 -1.0421458077348795
-1.250643021942951 -0.149964511095384
-0.36234568220166363 0.30930429495239453
-1.0400004834653993 -0.4260758586581085
-0.16131343864654712 0.05132237894600372
-1.1002435203329959 -0.2927856007700714
-0.7066049140236483 -1.2120508767502067
-0.1695271754921237 -2.0555836282032036
-0.4264392848731065 -1.0891488564501308
0.5723514919891599 -1.0399860244032433
0.3374603628375409 -2.012007710090285
-0.010327668674401713 -1.0744345208740786
-0.9822470065525557 -1.3097487802348124
-0.04664522934619486 -1.6628058782916268
0.9520591364076301 -1.6119178657125315
0.4595145371743792 -0.7416306615286734
-0.3377899690606926 -0.13805338864868133
0.608017896819055 -0.4627801674027552
1.5735425662082347 -0.2024685986991812
2.1762906812137968 -1.0004001182277946
2.607210193410991 -1.9027904849803061
1.9491759564967368 -1.1498024750832858
2.8331333693816565 -1.6173698950408784
2.2975105081263534 -2.461827206277321
2.4329714074832496 -3.452609899275852
1.6774562505536106 -2.7974787309976334
0.6775164373150524 -2.8084500527246377
-0.15794706481362608 -3.357995989485964
-0.9038187422557334 -2.69190632525922
-0.22804406330755522 -1.9547980677471455
0.769095151739591 -2.030385009841407
1.1828951877516014 -2.940752809248031
1.898416754855679 -2.242162165874585
1.0900595033003881 -2.8308544062328016
0.8068521554449091 -1.8717957020229572
1.7384406380551143 -2.235310349689341
1.080704991854785 -2.988559192846392
1.1043534711095935 -3.9882795284547736
2.023977856317708 -4.381078446643962
2.0511358328558416 -5.380709600775502
1.4011884535498105 -6.140688813736766
0.7651478430372601 -5.369033228790462
1.7016669343141575 -5.719649816638063
1.6353481773112262 -6.717448304545108
1.8675369357011584 -5.744777558363575
2.3330333177203078 -4.859727775398186
3.048882322196589 -4.161472662427062
3.9099865479419793 -4.669901135669298
3.3634850953391733 -5.5073592912227705
3.0312204360709663 -4.564173097408748
3.8394168203549675 -3.9752600270577263
4.5391297239528505 -3.2608358865511087
3.9499251252203136 -2.452852012434533
3.0347205893757234 -2.049862362977518
2.9164626894233754 -3.042845277784646
3.691585598967022 -2.4110348037494402
3.519767869045747 -3.3961635606562215
4.034382987104794 -4.253584857490557
4.519537117873682 -3.3791562043701977
3.5327307310234795 -3.21725143337302
4.527952623364559 -3.1196123786610883
4.802015670062527 -2.1579006513567847
4.303037178468681 -1.2912862821436206
4.560697264957686 -0.32505065879366446
3.5880128024040063 -0.09291936769602105
2.64832718559526 0.2491200182857195
1.679523218966683 0.4969483343529819
2.47593989053541 -0.1077999481971964
1.726342506945587 -0.7696940201719282
1.0897859887558161 0.0015360357453160223
0.27864547302357456 -0.5833152818881773
-0.6869704367682586 -0.32334237030527735
0.013116343407445497 0.3907154006231086
1.0014527707689647 0.5430016651063799
1.599138184761868 1.344732384176151
1.4860608067482088 2.3383185689540777
0.677067725385469 1.750500404631794
1.6393970448158157 1.4786138824120894
1.5220246755650073 2.471701857838462
1.0934387428209715 3.3752028806679464
2.0918492247077083 3.4315634134785435
1.0978540452266112 3.540987282759161
1.8142795544021237 4.238650876336042
1.5701330694008573 3.268912512723708
1.1295028839110515 4.1666012336260145
1.6320085625829919 5.031175141919835
1.7004267712859396 4.033518413020621
1.1387356607175076 4.860865435924796
0.7868093781903815 5.796893155421734
-0.18275816844296588 5.552069193123532
0.7638352585137982 5.874498850633894
-0.17635356933190904 5.533845114423479
0.05316358887650008 4.560540499162698
-0.9417110819628234 4.459424776733653
-0.01585338704943029 4.081552405727702
0.7637757149792399 4.707793943211419
1.7538516256116892 4.848327537719373
1.9741521573912135 3.872895492060805
2.737827947314572 4.518495436209606
3.736581353171593 4.468579163422062
3.993647054960772 3.5021852349624316
3.2417218583087872 4.161433669651414
2.9828977581741043 3.1955091978683083
2.875524840549988 2.2012903806248985
2.869304419554109 1.2013097276307347
3.846094630373129 0.9871114922315283
4.833896085415947 1.142830101958471
4.48073731940364 2.078393507606995
3.502771386815119 1.8696289639309562
4.461090040912066 2.1553304816199867
5.457094219036027 2.244637128402931
4.4574778521142635 2.2723340412658213
3.5849312682550742 2.760864960446643
2.9614436090490734 3.5426981516184055
2.053639032824323 3.123304718926141
2.4218423989692637 2.19355944135839
3.3917121676919297 1.9499354858083617
3.417563285234229 0.950269681790932
2.881694184033482 1.7945707574613965
3.8804574519402646 1.8442893121483988
4.583438093326618 2.555498295384713
5.49562705965168 2.1457284945027864
4.525697980771595 1.9023407751272399
5.2800920049935565 2.5587626335522886
4.838238325788062 3.455849767654973
4.97999467508992 2.465948187985252
5.678679027789291 3.1813782511591877
6.58441917535334 2.7575448108897187
6.482297802594793 3.75231675723014
7.466624763643761 3.9286699079026
7.31502455126464 4.917111800785841
8.20069821293035 4.452803535695015
7.343884921534647 3.9371767484858333
7.646864620366717 2.9841797379471706
8.269789489495755 2.201898070374314
8.633144951440435 1.2702474876583643
8.702554110816045 0.2726592115670846
8.701596021369191 -0.727340329465116
7.982170826036813 -1.4219102599407805
7.1764770088434995 -2.0142424918313533
7.602478928090376 -2.9189647502057
8.171455716106284 -3.741318332735198
9.171441316220628 -3.7359518102155205
10.127805689097514 -3.443775174784483
9.470510446194423 -4.197408350578228
8.535426816286286 -3.8429811999847336
9.077001564007817 -3.0023286007320102
9.612958689095965 -2.158083399343665
10.414097815168878 -2.756561553226602
9.625988249207342 -3.3720965335810242
9.32256179226377 -4.324951394106314
8.893541581755326 -5.228246284480045
9.729135148154109 -4.678898132764795
10.50040419515592 -5.315407407745857
10.024733110021685 -6.195030633205041
9.02494648393422 -6.215687406831243
9.775506224244612 -6.87649000687546
9.97355284553902 -7.856682608252286
10.899395529324275 -7.478773459274234
10.575109276640436 -6.532814461050593
11.570276897871508 -6.434623801345669
12.515848643859005 -6.109210105889934
12.283077942047479 -5.136678460966146
11.285545529742429 -5.066471008364096
11.353291991646774 -4.068768439008156
10.62591486840516 -4.755006386505053
10.679048491845885 -5.753593797831702
11.671235035766395 -5.628830573830908
12.419115863751019 -6.292663585312737
12.13728947720836 -5.333198167567883
11.232092018520621 -5.7581894154604205
10.921253651412325 -4.807726628427994
10.813082087674347 -5.801858869529991
10.530002253404513 -6.760955218928613
11.276329420698776 -7.426534484950715
11.788728228576023 -6.567786872618678
11.69749094199945 -7.5636160535217805
12.69638740236203 -7.516649453952414
12.27115221633182 -6.611566564620253
12.387231495846478 -7.604806515924749
13.377310388841718 -7.464293934120408
12.41283832406631 -7.2001090816631494
13.355284142515684 -6.865750173770314
13.874770239293374 -6.011271271014558
12.988157977878599 -6.47378472801768
13.703797789148974 -5.775315215064607
12.824213637262675 -5.2995718811644235
12.642269999130297 -4.316262920286331
11.872646438374954 -3.6777650152543213
12.855536177617145 -3.493570117137087
13.336631807678248 -2.616901995932654
13.609647907689222 -1.654892531771933
14.104235057949799 -0.7857644912640214
14.44860505335416 -1.7245985054886868
15.406201081645829 -1.4364842111539167
16.40443650417822 -1.3771037328670794
16.13760147104568 -2.3408459520798495
15.95843912459155 -3.324665474966568
15.409123797499623 -4.1602806204862555
16.35141401217802 -4.495077799867059
15.667243291393527 -3.7657559060360644
16.4330456288197 -3.1226798763221475
16.955151980902897 -3.975560264837662
16.302533141770226 -4.733246645082894
16.366907944645906 -5.731172436289193
15.516165167120896 -5.205590162530811
16.516161713460757 -5.208218338389792
17.346407137444384 -5.765616343368507
17.094714458661233 -4.797809133513692
16.941740986931915 -5.786039429015241
17.67052161844766 -6.470786675178024
18.183024706536777 -7.329472056851146
17.18645944477543 -7.412283161484135
17.62580448719668 -8.310601553647999
18.0939299199092 -7.426939525920363
18.05969556334627 -8.426353358539625
17.151700464651086 -8.845334146578312
18.099195909164283 -8.52556488190965
18.864807367115063 -9.168868150558648
17.866554801739536 -9.22795973812559
17.917039371097953 -10.226684579238844
18.852932888958474 -10.578967595046675
17.87128175311699 -10.388281865373154
18.866773931547517 -10.293438190393514
19.374169139134956 -9.431724721009811
20.266370785254527 -9.883361989912109
19.269311347059944 -9.95999407658019
20.256788286057716 -10.117757491057661
20.91898684531481 -9.368429079666614
21.908985275744833 -9.509507454147226
22.861534760503247 -9.813891223567477
23.860538836279556 -9.858510239494796
23.516593211886825 -10.797499806775017
24.497000611410837 -10.994480341241147
23.868889609619206 -10.216356591810303
23.144194971636576 -10.90542674910869
22.474285963668486 -10.162983538456716
22.050730111687216 -11.068853529267992
22.257815044196477 -10.090530560751136
23.248820791695156 -9.956711248151695
22.367615361002922 -10.429444776599295
21.77163975338749 -9.626442239164067
20.772101344588688 -9.656822649562201
21.126275364646478 -8.721643114116679
20.78348756395618 -9.661055975268743
19.910521782307583 -9.17327452413447
18.941991020822062 -8.924380643019896
18.408516709886484 -9.77019691123174
19.284753056345203 -9.28831532292951
18.440808072052093 -8.751885585231738
19.35285592367739 -8.341801793372458
18.81586528129461 -9.185389992669561
18.291148433805194 -10.036666816012456
18.198360647066007 -11.032352723631943
18.220775387464332 -10.03260396548674
18.94351984601679 -10.723719330409061
18.860079523750553 -11.720232106353306
18.153296989203724 -12.427662985563114
18.889567431362128 -13.104350384591548
19.06194406099691 -14.089381499610639
18.45336429367637 -13.295888798441892
18.40637832464166 -14.29478434789332
18.60213690782508 -13.314132229601608
17.76160007296209 -12.77237783022999
18.61393487296526 -12.249381282723645
17.707501312790107 -12.671729718246016
18.62657475721833 -12.27764342852403
19.603276665095166 -12.49224394844359
20.22914758814068 -11.712317293118774
21.2086487878587 -11.913755620531813
21.255460459697957 -12.91265935332072
20.475090422671098 -13.537977356668376
20.52571164558634 -14.53669528070427
20.99642600604741 -15.418980943545805
20.84384346977325 -16.40727167487143
21.363249615744838 -17.26179917912565
21.270403631778567 -18.257479661640666
22.177376193617484 -18.678669371951056
22.193487197995363 -17.678799162604896
23.177360847955732 -17.85766403035052
23.08350816656047 -18.853250126172934
22.142450497201096 -19.19149628349021
21.95409541507595 -18.20939528917362
21.77053805988711 -19.192404290839463
21.662693332860094 -18.1982365409841
21.527762432559676 -19.18909155164112
20.561156532256643 -19.445359055432306
20.596484946247312 -20.444734812174936
20.40036127117967 -19.464155644500057
20.23310338428284 -20.450068824892128
19.33420838066173 -20.01190473181168
20.097920096934367 -20.657462176527414
21.089022857646846 -20.5243632745481
20.717965715827397 -21.452973309764594
21.42542058760378 -20.7462147906084
22.376255466168057 -20.43651649596399
22.74946316470711 -19.508768677992325
21.892760361259345 -20.024579017714924
22.62339453201284 -19.341809870398382
22.048190431693804 -18.523799941989093
21.440624849828556 -17.72953042618684
20.441363589912015 -17.76796133080812
20.58720277379271 -18.757269640914235
20.93307398249632 -17.818987643330406
20.44568946127983 -16.945800190100247
20.193870276505667 -15.978025888840044
19.246518819694646 -16.29822148106148
18.350629969165386 -16.742499735646778
17.35638815281601 -16.84965947912487
18.16877062340395 -16.26653451697573
17.714935404169545 -15.375448890460268
18.076218249892356 -16.307905165781758
19.02376188986045 -15.988278742662484
19.372465709701945 -15.051045769476014
18.410291628658467 -14.778610386737034
19.156041520136206 -15.444836398958817
19.39134029391848 -16.41675948596548
19.457468937857264 -15.418948380369425
18.90362047280369 -14.586330894510642
18.996193005751397 -13.590624950898953
19.957624808509713 -13.865668381369302
19.243062230202295 -13.166096854159498
19.083481828813323 -14.153281788957703
19.808412069322074 -14.842104078373431
20.807643323073904 -14.80290074273037
20.516714061556122 -15.759645308846489
19.554779953983317 -15.486363819008432
18.554793117825053 -15.491494853035078
18.141230376361342 -14.581019230696391
17.27404516121124 -15.079004976099887
16.905501368619277 -14.149394588387953
17.897810974068967 -14.025613948010388
16.97945709318777 -14.421374165150059
15.979861939944467 -14.392921931274687
15.087489816611072 -14.844222267522566
16.03217116453369 -14.51623270840962
15.972565043594589 -15.514454682895552
16.52439419704819 -16.348411867287343
16.30442666678683 -17.32391906133089
15.306984904955366 -17.39540284798592
14.382776317624698 -17.013514792262452
15.302299910904006 -17.40654960166578
14.704260033331726 -18.20801594832878
14.349142495273858 -19.142837607343864
13.938789485284392 -20.05476436273192
13.106035341331115 -20.60840733047254
13.698842304474516 -21.413751917868954
12.846129610758938 -21.936132106980605
13.050998977972693 -22.914921431798483
13.282740362111731 -21.942144000482706
13.901182559309683 -21.15631370790996
13.058637393938511 -21.69493940754716
12.464960428318777 -20.89023594633145
13.335740951107551 -21.381907870618072
13.800289952552571 -22.267455286207117
13.502223322125685 -23.222000352626697
14.496373344832364 -23.113992332774878
15.189111055603565 -22.392802715492795
14.22830520390445 -22.115580574709025
13.75836617654947 -21.232881695946478
13.31909122105384 -22.131234362483575
12.411960989691906 -21.71038433771318
13.298279962435144 -22.173459578419667
13.517283639756998 -23.149183611801803
13.125676459665838 -24.069316111228407
13.181237639502871 -23.07086082665372
13.996309822015778 -23.65022024643875
14.536819757885823 -22.808882615504675
13.623008680260988 -23.215022141296167
13.139329823987069 -24.090267686268295
14.118301050437697 -23.886269309358696
14.850870848819753 -23.20557738895823
14.412729574822617 -22.306671262591205
14.13287489944979 -23.266713637005985
13.351877979545511 -22.642178761198373
14.308006070531702 -22.9351276878513
14.858354418615694 -22.100192543207584
15.597581946410852 -21.426736782114208
14.786942363559646 -20.841191338348462
14.618192419174017 -21.826850232829635
13.61844082439917 -21.8045623718925
13.568022266524624 -20.805834196150048
14.196402158965807 -21.583740817008625
14.00519309310519 -20.602191483998453
14.686051922088714 -21.334606158206434
15.395820681577357 -20.630171414561605
15.124513561534485 -19.66767858517842
14.309941599542084 -19.08761607239566
15.30439813579528 -18.982467617802666
16.166705908608954 -19.488852160364072
15.754961631474279 -18.577552730842225
14.789615128267766 -18.31658122138773
15.6033117697076 -18.897870973326924
14.674171238899383 -19.26759772920135
14.474707941413051 -18.287692431248594
14.027295978751864 -17.39336445132866
14.01434425133922 -18.39328057418949
13.143975174407059 -18.885680482719394
13.139118292013807 -17.885692277442242
13.149986494713314 -16.885751338101283
13.160566875262528 -17.885695364308468
14.16025050096941 -17.86054285959135
15.104833990237642 -17.532271581831857
16.09238936256806 -17.689543278526873
15.8815438695639 -16.71202387816705
15.2744474701792 -15.917395687216002
14.856230708606066 -15.009048429643613
13.856942511521165 -15.046772416267595
14.833536841419088 -14.831682865588752
14.892919904197266 -15.82991813437817
14.081136836592616 -16.413877252082816
14.542169600070466 -15.526494138089781
15.528397058441387 -15.361099457536772
14.763029099187296 -16.004692408824486
14.9704080264963 -16.982953100311253
14.04119952246816 -16.613397210029706
13.344985791902833 -17.331231760168045
14.129310685390216 -17.951582033365376
14.928416160647803 -18.552772884437932
15.245280314260514 -17.6043019528036
16.123949073915625 -18.08173384407831
15.124541151000415 -18.047327396800146
14.380788626999408 -17.37887232497996
14.096017789349846 -16.420276701150826
14.610189076336873 -15.562589177842888
15.38249134865555 -14.927333953408326
15.708322808151571 -15.872761824799207
16.47237846819085 -16.517912154847902
15.47673860631009 -16.424631581125077
16.10330729669376 -15.645265379502957
15.32795207493485 -16.276790739319324
14.40825881175265 -15.884153118022944
15.358795757430018 -16.194764635681807
16.338601305130332 -15.994811919532
17.03589885343054 -15.278030133257735
16.20133114346871 -15.82893551305455
17.07447948548427 -16.316390098462744
16.538857231253868 -17.16084779472298
16.682899078970234 -16.17127619746159
16.793597594126414 -17.165130230376995
17.68365957798483 -17.620969746972495
17.839839266638755 -18.60869840649998
18.476518795397713 -19.379826915672915
18.35263059353522 -20.372123097989103
19.338974947643568 -20.536819227629685
19.152227750414017 -21.519227230613634
18.156360612719585 -21.428405184499834
17.64310495019052 -22.286640947493808
18.583433782182055 -22.626908030423426
19.14824174104353 -21.80168565457148
20.126827036419932 -21.595843920044484
19.708785499722495 -20.68741600678133
18.725175272334848 -20.50710815731708
19.531315807903272 -19.915384035015602
19.391293322533034 -20.90553235905132
18.393584604285515 -20.973188205309363
17.907730208475837 -21.847227967604198
18.907275111961138 -21.877393940430554
18.58685925016188 -22.824670919728288
19.246983313711773 -23.575827508411617
20.131902762300758 -23.11008340537974
19.743485198876463 -22.188599929443498
20.597022697254488 -22.709631347750094
21.118300943437795 -21.856244571395987
20.726335285252027 -20.936264722267214
21.5680627399974 -21.476167391206598
21.389945493651915 -20.492158119627156
22.08735050015811 -19.775480886208864
21.37962168673377 -20.48196508748231
21.69774584130144 -19.533916026367535
21.149156771549514 -20.37000814602225
20.14981551504472 -20.406299371510208
21.114965284591023 -20.66799752271636
20.73880054136801 -21.59455031989306
20.4278354422668 -22.54497165127245
21.416378819184235 -22.695908697595343
21.88692980132061 -21.813535889078164
22.885125926661555 -21.87357333867689
22.7197198943213 -20.887347784117765
22.07389267477738 -20.123864187374412
21.470284235758243 -19.32658327555921
22.02117998977947 -20.161157339499244
21.060448952022007 -20.438638641733238
21.87944750553288 -21.012434223231647
22.837696723017636 -21.298368546442155
23.52303491477894 -20.570143606665066
23.22976187487433 -21.526172332208976
22.634252005018176 -20.722824341047048
23.541324125736555 -21.143799599008204
24.41935622828536 -20.665197857584577
23.69203588509128 -19.978899731129285
22.72175249591616 -20.220871102764125
22.999742721515055 -19.260287199884488
22.000587721662573 -19.301388127730306
21.346372319991566 -20.057696403644595
20.79313265284541 -19.224674272668466
20.458857271655706 -18.282198824961483
19.691039695894805 -18.922867358879497
18.868126517278412 -18.35470021757382
18.211077713604517 -19.10854825901898
17.248238441184007 -19.378623314299436
17.30992384083275 -18.380527671853194
17.218832588937513 -19.37637022157085
16.466169892476536 -18.71796391437438
16.533349770341935 -17.720223034180535
16.181339898374162 -16.784226746774845
16.586492739953606 -17.698475714485557
16.617593657745406 -18.697991963934513
17.39972284199729 -18.074875651243627
17.732702127593875 -19.01780979282701
16.732708351785746 -19.014281571603878
16.125853884143034 -18.2194686029741
15.328339273856331 -17.616168970636032
15.741205583345486 -18.526960610084267
14.74125579881095 -18.536982007658228
14.143998950470312 -17.73493197361409
13.320960393811612 -17.166946468294487
13.922726673590322 -17.965618706776137
14.57012981743777 -18.727766441363364
15.203893691112924 -19.501293010024238
15.293477470984103 -20.497272300162336
14.311654067319454 -20.687069044118513
14.366648470587169 -21.68555570682825
14.151527656943696 -22.662143150704818
13.279681357756932 -23.151922724180828
14.2559028343738 -22.935147198366717
14.464791809466725 -21.957207836195103
14.63661929719448 -20.972080781211247
15.171583973379109 -20.127206355491854
15.269866739886611 -21.122364884474866
16.015460619528664 -21.788765489696914
16.446676339878405 -22.69101434811861
17.43019043320107 -22.51018285684649
16.434856754799522 -22.606675699273516
17.415920244992893 -22.41298928206879
16.745264554545884 -21.671220487314624
16.034695929435312 -22.3748483925376
15.524458371906984 -21.514814884534843
16.31332303001607 -20.90024792220573
15.608443736019726 -21.609575195680545
16.553391518702725 -21.936796356369282
17.399927117865698 -22.469128470138298
17.347351284123388 -21.470511535720348
17.372989901828756 -22.470182812331895
16.499183294017268 -21.98390921429785
17.4960824271807 -21.905219200331654
16.837355310931247 -22.65760114211234
15.956072789231094 -23.130190939871262
16.95016691448867 -23.021669651045624
17.53386093978331 -22.209695953912927
18.497625030713746 -21.94293992861448
17.72610699161712 -21.306732481826486
18.105807789453195 -22.231841828943164
17.105940329082173 -22.215561113627167
17.28639442190485 -23.19914452157158
17.262517801276935 -24.198859434427934
16.446212995166047 -24.776480818658353
15.4620384616831 -24.953682646085802
14.985858548769402 -24.07433476808899
14.135078487920897 -24.599856687767524
14.756664021437636 -23.816510388534095
13.757479593748165 -23.7761311926176
13.431887379693453 -24.72164148349071
14.366889303962585 -25.076284122795432
14.690560126423872 -26.02245387431322
15.26300168580635 -25.202508351066854
14.560913970302014 -24.49041787947079
13.91416717863835 -23.72771309551257
13.330912500728095 -24.540002440940544
12.836544756570966 -25.409255300318637
13.670273020415792 -24.857080344289034
14.349691041439096 -25.59083176862072
13.542039637411417 -26.18049201789323
13.700264749504315 -25.19308895232011
12.701812762358125 -25.2487093565242
11.704717287183076 -25.172547598499314
10.722183899342866 -24.986461215925953
11.24148536632696 -25.84105233826936
11.382517227494002 -26.831057395900764
11.583975034091727 -25.85156020235663
11.661148480155093 -26.848577884859154
11.093112193595191 -27.671581394664084
12.08781209292931 -27.77440216233626
12.383888072095376 -28.729566553716538
11.40337234321999 -28.533125963644192
11.950637422767297 -27.696166626096616
12.94751654777044 -27.617223544493683
13.73241378671822 -28.23684949964094
14.730801985982426 -28.180095613694895
15.370161730655493 -28.949003356464853
15.620852142087964 -27.980936045987004
14.6208592623107 -27.98470969074697
15.465388939263326 -28.520218443939946
16.34699100393129 -28.992211875645495
15.422445069545935 -28.611141258552664
16.277801567172073 -28.09310143192855
17.118169393384076 -27.551084903889308
16.81831715776375 -26.597099245300306
17.688709207498913 -27.089458544753278
17.786894039628873 -28.08462674095913
17.964232595065564 -27.100476835327054
18.293847979747625 -26.156361536128436
17.40697584931228 -25.694346575053505
18.384475973327863 -25.905281417005977
19.266338332309605 -25.4337744925487
18.98984676065547 -24.47275814991751
18.94958159001135 -25.471947179097175
19.259670714876545 -26.42265467072661
20.207946012391393 -26.740103816454127
21.060257052100805 -26.217068548437275
20.061189669957415 -26.260246852446986
20.827984486132607 -26.90213914083099
20.72478990459359 -25.907477953118818
21.551060253438006 -26.470751697066223
22.541549395467626 -26.60834261072489
21.91487456676208 -25.829061750529494
22.313639715045998 -26.74611483324287
21.491738133433675 -26.176485313165863
22.32776971369839 -26.725166638527025
21.34146530123472 -26.56023148170868
20.48102683057835 -26.050677129147022
20.644195694778183 -25.06407897297819
19.667130773782215 -25.277020608547996
18.77580338771843 -24.82366038659122
18.661287686037586 -23.83023894829399
18.460002313083915 -24.809771591259448
18.098334181732994 -25.742078495001522
18.19998220707442 -24.747258069525554
18.018505805348916 -23.763862769751977
18.97531737888992 -24.054571580657306
18.076976811735374 -23.615271881813285
18.610979754759096 -24.4607544995187
17.791419268848397 -23.88776182074015
17.148729886220682 -24.653888675417367
17.38779774135025 -23.682885812062295
17.307009314600748 -22.6861545392995
16.413539837607082 -23.13527845725608
17.40364598985236 -22.994958083517794
16.473612911920206 -22.627482269412923
15.642567734716787 -22.071277349040102
16.632796352663735 -21.931823829188954
16.363009827877367 -20.96890367100153
15.440274111758724 -20.583470410632092
15.312043868406246 -19.59172598554579
16.30868237957607 -19.50980115382061
16.870674024251038 -20.33694406246187
15.972629781403684 -20.77684920892952
16.95554598773983 -20.59279559901718
17.468932446552582 -21.450953127625827
18.376284170429848 -21.871325402136115
18.664755481280732 -20.913836862875215
19.34369704807789 -20.179644552322305
18.57968617188699 -19.53444118820986
17.59626724362341 -19.71578950370496
17.245816175180334 -20.652370545914927
18.181306034746928 -21.005724083675727
17.6586857901926 -20.15315849676644
16.659414538060314 -20.114988290296314
17.19293446639405 -19.269200795667334
17.76222760287046 -20.09133541041169
18.697679624259322 -20.44478910706727
18.145698157540988 -21.27864548582771
18.213959342348687 -22.276312970838948
17.218879869300473 -22.177232991438032
17.141952501289147 -21.18019629198768
16.53045151010407 -21.971439957225936
16.32015737701734 -20.993801794310176
15.956131961411606 -20.062412779562273
14.97994933967667 -19.845462349687825
15.510921662115491 -20.692851512235897
14.981731166582959 -19.844348466019778
14.697582628701804 -18.88556819483143
13.989866323910505 -19.592064926552496
13.67221259669814 -18.643858140251062
14.521570482662085 -19.171675515439546
15.413757687168095 -19.623341312368815
16.10141384836632 -20.349377815560025
16.764915433309067 -19.601202938423363
17.380710624253577 -18.813296673180083
18.378013143226113 -18.886697529108577
19.378000284517896 -18.881626311199135
19.953789964213133 -19.69922416146322
20.939109798523475 -19.86994271380783
20.818595084394047 -20.862654254829845
19.88100697256418 -21.21040205504618
19.669576644207915 -22.187795126564065
20.54204208671494 -22.676470941016778
19.722665173996198 -22.103215784124576
20.52751765753742 -21.509740864909343
19.637558059542627 -21.96578024252596
19.538407695123084 -22.960852704829822
20.38778653817721 -23.488636354606918
19.39408236408365 -23.37660058179734
19.058236588507963 -24.31851757125446
19.167479334434447 -23.324502469526905
18.301203762080018 -23.824068914298778
17.30610281967342 -23.92293303530078
16.31087366784457 -24.02049806669026
17.303489698472905 -23.899199197199845
17.351758512911232 -22.900364815756795
18.351005186071546 -22.86155648961353
18.2206567563811 -23.85302473765642
19.111018700825202 -24.30827808238407
19.321589446272064 -23.33069946091061
19.841797275858156 -24.184739163756632
19.35656493782026 -25.059124421021572
20.22256234948082 -24.559075940374736
19.222998036676096 -24.588591776246577
20.11673635677786 -25.037180468905763
19.276853713042666 -24.494412429359976
20.2729627990574 -24.40628361024335
19.28210511863107 -24.271372316645856
18.32258915221627 -23.989718077914972
19.19286058185348 -24.482290548478648
18.26889904160119 -24.864775936610823
17.745027125386144 -25.71657298720514
18.09661443389511 -26.652728083594315
19.082547228261653 -26.81987031342442
20.018981141150803 -27.170714334024904
19.221226428755234 -27.77369643894234
19.571925006141672 -28.710184830658505
19.903497519625244 -29.65361456747105
20.42263919003373 -28.798926363477637
19.4388281884068 -28.61971723123876
18.450916946447364 -28.774737804099814
19.25366904026782 -28.17842490312678
18.649666022581084 -28.975406932174682
18.229833622757734 -28.067805281637085
17.62107263182665 -28.86115895807692
17.13724879063333 -27.985993550457913
16.828249387781977 -27.034931318510125
17.11110463899053 -26.075768711407584
17.526665924799673 -25.16620353082037
17.872597536328797 -24.227943801243924
18.233002156211697 -23.29514773030073
17.32907654955459 -23.722837451511772
17.54795253745037 -24.698590136326242
17.569556743341884 -25.698356738232807
16.644296446484844 -25.319023925178065
17.06122820115438 -26.227961718400564
16.988935111996685 -27.225345149815002
17.292992746879932 -26.272691511460952
16.295274343930753 -26.34020438739244
16.474490429069757 -25.356394652317892
17.30717372552595 -25.91014416952116
16.344891448845388 -26.182197142279175
17.32677198556555 -25.992696188165144
16.51790557851 -26.580688650308193
16.971137615456502 -25.689296076474797
17.894567294874875 -26.073063749904026
17.87100028194186 -27.07278600928481
18.212195192328547 -28.01277858006727
19.08862720439018 -27.531252954338377
18.31740746398432 -26.8946839384349
18.828529237538 -27.754192247062186
19.10123192380592 -28.71629060217057
19.13915842981461 -27.717010070917222
18.63735129848886 -28.581989609953045
17.918605871857704 -29.277262945912938
18.451668213214674 -30.123338911903595
17.924031131578214 -29.273869012447374
17.947407849636665 -30.273595739634768
16.96132495559248 -30.43985014130114
16.111058816888313 -30.966203153426182
16.95923953740374 -30.43649619165776
17.89978468592554 -30.776164888467022
16.997758863164815 -30.344482812081125
16.943996480113096 -29.345929054805836
15.947457084035202 -29.429050845358653
15.296591656234925 -28.669857724410917
16.20463520884978 -28.250981959350927
15.311927245768786 -28.70161761334624
14.943189085183437 -27.772084306289344
14.001487901949734 -28.10853472090678
13.98315877618746 -27.10870271344313
13.03233316009007 -26.798975982641576
14.016825877573057 -26.974401434680228
14.971976814319596 -26.678282053294595
15.408937775806177 -27.57776252453159
14.430840525386007 -27.3696140949903
14.335806553341085 -28.3650881248662
14.962689887807468 -29.14420126489678
15.885633674630311 -29.529136020881623
16.58177719422899 -28.811233381158964
17.56638456225543 -28.98601418911009
17.447504204512285 -27.993105602913523
16.595757139481208 -27.46915242064344
16.912776823600925 -26.520733462650384
16.036877383801187 -27.003227163498906
15.989264154632096 -28.002093010551498
15.141976489278429 -27.470958741143534
14.716691409382694 -26.565899295130137
14.741845228757711 -27.56558288775875
15.724162125905758 -27.75280872352249
15.501704129969676 -28.72775099875939
15.911858472711332 -27.815734872185875
16.787238849952576 -28.299169661108827
16.271860005244015 -29.156132114444368
16.976643393590948 -28.4467095496001
15.983685469349712 -28.565177100796777
16.89197674376466 -28.983515433754295
16.005006668437847 -29.44534233365809
16.56881483846566 -28.619436559728708
16.94189073525199 -29.547237387081797
16.50232820913464 -30.445449380785583
17.4840934817744 -30.635546591282143
16.77730891684399 -29.92811774060094
17.485444777925007 -30.634193942048803
16.566399615545496 -31.028346183583494
17.250842412378514 -30.29927961744334
18.247870463780643 -30.376318988658795
17.63515625187467 -31.166623546742855
16.7012222422619 -31.52406901907201
15.840746112164137 -32.03355977417163
14.846826922579073 -31.92344781035948
15.115372694745249 -30.960180885643556
15.361981098110054 -31.929296098293662
14.583038529421621 -32.55639136592456
15.121534160846519 -31.713763064159007
14.244808867050393 -31.232771630536643
13.288867436251966 -30.939214172986926
14.287887997649294 -30.983462539119106
15.073900569195306 -30.365252026937675
14.989197907852558 -29.36884575479691
14.145636717127477 -29.905878824078947
13.357456024920685 -29.29043492214115
14.026874300962582 -30.033320627819414
14.578248777040008 -29.199062761731028
13.638722107400717 -28.856587015091204
12.874710100215975 -28.21138499023578
13.081701632014964 -27.23304225593276
12.147262701907383 -26.87691884207262
13.058518009869266 -27.288760757995824
13.908337067802309 -27.815835296153185
13.449881014842289 -26.927118216591687
14.449422600676915 -26.957393919510068
14.614576125504545 -27.94366179044423
14.69651638941976 -28.94029903295
13.74773811193639 -29.256241717903603
12.888017069646002 -28.745477849327205
12.226982259667171 -29.495833085196356
11.67566518400031 -28.66153728508818
10.91003992258481 -28.018250444648828
11.678963256874072 -27.37890945113638
12.155620082512916 -26.499819995749785
12.073359357858308 -27.4964308391482
11.094333040589307 -27.700164660824175
10.585945352206064 -26.839036355459438
9.674054650213852 -27.249469477441757
9.693343678394431 -28.249283426830267
10.225190933544994 -27.402443124772784
9.751761153505171 -26.521611561208307
10.553961045287865 -27.11866711442244
10.78268950447131 -26.14517685152323
10.060912484317338 -25.453051188671715
9.075581600875385 -25.28239641980926
8.647944978187928 -26.186347147966753
9.242631753199602 -25.382389661761035
8.9130113167308 -24.438276126288677
7.971198981230412 -24.774415271136913
7.1399612680773785 -24.218498133217857
7.5857116758353245 -23.323340843137714
7.063129673150881 -24.175929871022966
8.061656365346288 -24.230192611216395
9.056941329338736 -24.32718663397321
8.92224570917269 -23.336299612205295
9.743555397163904 -22.76581701263562
8.746818225072571 -22.685101402179072
8.305031674735055 -21.787981207366315
8.517580816592341 -22.76513158591392
7.815091312801371 -22.053437482338854
6.9716827596020385 -22.59071023652448
6.590912933685139 -23.51538009094346
6.225945652057582 -22.58435974565481
6.614289391646507 -23.505874335838868
7.613907701475684 -23.478247634004255
6.7734584476932165 -22.93635737591089
7.762590996791475 -23.083383905198573
7.0090681812932685 -23.740805662158028
