0 0
0.6354489801630442 0.7721428582909687
-0.06669118909010796 0.06010410743456007
0.9329170249660762 0.03211449522920991
1.8992864955412987 -0.22504313413489108
2.5381811483693992 -0.9943373708139792
2.0491245517828895 -0.1220853170272197
1.5260248419537068 -0.9743568075609725
2.524867878145042 -0.9262674214963231
3.2793237181276838 -0.2699166117032016
3.4257315323299733 0.7193077066091355
3.0644220049522435 1.6517536436082096
3.9864324132602538 1.2645885535346133
3.052830790263525 0.9062758276402156
3.8680450465268605 0.32711633632110027
4.459000452481425 1.1338205622757407
5.36009076528941 1.567452028112351
6.183884876968073 2.134341136813129
5.219810012336556 2.3999718115962203
4.22287385040526 2.478191304267149
4.388766374832838 3.4643351428318105
3.4285786049208786 3.743690555364839
3.1565772203 2.7813936953656366
2.601844779844667 1.9493648980836733
3.3698996238776124 1.3089808285148499
2.980970651661575 2.2302485716660887
2.3976057401036055 3.0424587538005916
1.9240314869518358 3.923212650613852
0.9435266440253569 4.119707569117413
1.5927809062937826 4.880279000954214
1.230187526421017 3.9483315556159893
1.2082497898856175 4.948090894514959
2.2068084948211357 5.0017613034709205
2.4199278924503216 5.97878746604497
3.3345069942131627 6.383194521644492
3.41085830680532 5.386113543455933
3.890760753322148 4.508791685853398
4.880762406071052 4.649847446297407
5.057804319388325 3.665644133496155
5.517844508170603 4.553542227144951
5.799053562396038 3.593895694393628
5.710985520630882 4.590010155697976
5.04170012754399 5.333015581385113
5.150373416814811 6.327093101601248
4.151171068074379 6.367026374339704
5.015125602171357 6.87059619374241
5.618433155155266 6.073087575285801
4.749478112582383 5.578196542848196
3.761633567008158 5.73364156135716
2.9913227245748706 6.371310132034529
2.7149038413530286 5.410272879375513
3.5358042770353855 5.981344218786376
4.468987421159601 5.621943023014236
5.017015049922683 6.458403254054728
5.879968767453519 5.953120282444058
5.477204586777799 6.868424065220363
4.478904393507117 6.810142643517414
3.583514030358883 6.364860600783515
3.360159500189844 5.390123326512664
4.0841347112355315 4.700297338461073
5.050796687999159 4.956353236029232
4.8276672705250325 5.931142066011222
5.117643190593318 4.974108124199046
6.035157033797075 5.371811968195394
6.101850718407133 6.369585465755404
6.772636368904596 5.627934192523371
7.359853421174444 4.818504681371529
7.447458887444101 3.8223494312826305
6.556728755326615 3.3678168892815474
6.055321910001047 2.502605253055669
6.63480256157758 1.6876192565818418
6.3617885876041775 0.7256091890590269
5.7611503920568925 -0.073911766294678
4.893545970412718 -0.5711667989926659
5.145291981028388 -1.5389601375412916
6.029933436388982 -2.005232049045181
5.8365489395399806 -1.0241090005041438
5.566694984375157 -1.9870102638130573
5.817119654576539 -1.0188741759852513
6.528871201134206 -0.31644287260194603
6.996937603106925 -1.2001361697046864
6.176384609505204 -0.6285657150000601
5.983044636745889 0.35256610842298397
5.982601137586824 1.352566010077227
5.284429594778303 2.068496521239008
6.262904026808365 1.8621284377971936
7.13491262360703 1.3726378790432752
6.158000226908607 1.5862781588992592
6.449432840522389 2.542869519785526
7.350174813465057 2.9772240963463696
6.602936844035169 3.6417806530383463
5.853349459682011 2.9798752570650304
5.369581814878689 2.104678784356504
6.292454172255642 1.7195728093450715
5.596977449898839 2.4381214358553716
5.682688317895283 3.434441488402391
6.258970698522566 2.617190842774899
5.4248158436623415 2.065660537068024
5.555426971794461 1.074226861420452
6.313472862210954 1.7264280788546624
6.502636184999807 2.7083737175289633
5.79660035990295 2.00019759982956
5.627249855704594 2.985753486995662
4.651227085867744 3.2034219338592376
4.116458638813206 4.04842057766577
3.1576347359754866 4.332421851161232
3.981941080562929 4.898565870181913
3.9607384617814856 3.8987906709712057
4.453442810684654 4.768987444449426
4.947820076276414 3.8997400002391966
4.535413365517551 4.810739838285865
3.547043019118979 4.658673871153284
4.48585311428675 5.003109068557787
4.321146778045806 5.989451718351501
4.522112994792642 5.009853545769261
3.5425053825258326 5.210773743830382
2.892723785592727 5.970894705445744
2.253261596540438 6.73971725244372
2.207776656003047 7.738682276948738
1.3270514945115872 7.265054585701866
2.2613143040433807 6.9084693886931285
1.5648808407564796 6.19084801832139
0.6172374953918305 5.871517327679077
1.5654083827138359 5.553756460933341
1.9322600133083159 4.623476996938693
1.4480141903325796 5.498408984541473
1.9248053697060874 6.377425577827185
1.8176503886233832 5.3831832481966435
0.9379924663281783 4.907576330939038
0.06485726723000307 4.420098204152009
-0.40874522591653895 5.300836915964644
-0.4212690153324135 4.300915341690608
-0.792972916434795 5.2292666813811755
-1.7855373103515744 5.350987361335799
-0.7969226008780765 5.200518240873722
0.0790664261875057 5.682849272905349
-0.02599634771575378 4.688383680971795
-0.8207805571409967 5.295275813437105
-0.39491948291989387 6.200064377391827
0.5853200413416163 6.002250133527619
0.23113804368808666 6.937426647635066
-0.6755857219387682 7.359151691766258
-0.5930320371901583 6.362565072784031
-0.9751868677759991 5.438466763371062
-1.972750589845127 5.368705596439968
-1.0106222462338592 5.096108732151623
-0.07637936469652906 4.739471327639945
0.6464441939528452 4.0484386923314135
-0.22883827979963933 4.532050717762679
0.7588953354365466 4.688199061757914
0.4083345067572192 5.62473902641274
1.3430376330961367 5.269309616244907
1.298015227972733 4.270323638847374
2.219465140820992 3.881826459820376
1.2356412452194936 3.7026881265594813
1.0238070869692968 4.679993753985432
0.7235139995883813 3.726146773767306
1.7139062909551217 3.8644331042607334
2.605602817344892 3.4117993617885025
2.6781956381621566 2.414437701022563
1.758349836816902 2.022157569295877
0.7692245605822304 2.1692330190272475
0.7508570841522805 1.169401715351675
-0.11762697737053573 1.665118806927942
0.2783330737414183 0.7468510693244591
-0.7093743488671034 0.9031650076793964
0.19964424666603842 1.3199205631012219
0.32358669503667103 0.32763115496874906
0.26260475668126715 -0.6705077147254522
1.0184860403163458 -1.3252164171650835
1.9835909227544901 -1.063352777279635
2.767591853497493 -1.684112425286901
3.252997794212781 -2.5584013207432634
4.199192909016425 -2.2348046509184334
3.826948855879752 -1.3066697658374005
4.111524142923885 -2.26532346035057
3.2881191498434172 -1.6978693059291277
2.4285642566909127 -2.208912734277039
2.4531883161158845 -3.208609516155142
3.3860699895308346 -2.848426530151468
4.385662148556758 -2.876983764154307
3.6110966455252456 -3.5094774649241565
3.0494290365945442 -4.336840442750738
3.945724522093663 -4.780297771784658
3.148359649019606 -5.383795293890254
2.5773656769878395 -4.56284104187411
2.6173572500782996 -5.562041058928629
3.585807606569179 -5.811247613843801
4.2892918634272785 -6.521958455433268
3.446496784418146 -7.060193027713783
3.4193835820144405 -6.0605606581621485
3.9916079575345353 -6.880657764644447
4.916981084811086 -7.259715247507424
5.193295499176816 -6.29864795308225
6.153244151138461 -6.578823943482966
6.509080026298092 -5.644275480347223
7.491460656530179 -5.83116661803119
6.4990860435493225 -5.7079082409889175
6.965429704639574 -4.823304606720472
6.102774922720263 -5.329097773174654
6.600955779104234 -6.1961709156099
6.528674626687926 -5.198786619059483
5.887003706343069 -5.9657666904979685
5.921943738094428 -4.96637727981702
6.770414427189641 -5.495619653164331
6.066447602111835 -6.205852508775696
6.948235074628847 -5.734205550434968
6.740174383388284 -6.712321468289544
5.817487109345992 -6.326772257007246
5.197966312216723 -7.111752500022518
4.231457883209737 -6.855117629713652
5.207136139352831 -7.074325158073361
4.867797111895394 -8.01498929815963
3.982504936834638 -7.549954068552027
4.3161891531180405 -8.49263898081239
4.569911943165973 -9.459915955525576
5.5687741730108655 -9.507605008664525
6.191248553651198 -8.724964832436372
7.1666747740306125 -8.504638509459909
7.091498257066711 -7.5074682675768205
7.178766138840642 -8.503653148415056
6.2093069991883905 -8.748906031261958
6.070696465807767 -9.739253000781197
7.044477799515405 -9.966739075349675
6.093015288174235 -9.65897440955395
6.2419958518873955 -8.67013428514773
6.767827303295083 -7.819545498065227
7.547086292437715 -8.446247522826917
7.60439853120191 -7.447891220053285
8.59439540428767 -7.58898052255499
9.504518845034134 -7.174643313745766
8.513695741243394 -7.309808312893041
7.565524225441518 -6.992049321482928
6.883000798277676 -6.261185605478006
7.366108774675474 -7.136746387571874
7.996843605573014 -6.360747951302411
8.378807165740453 -7.284925336171905
8.192156067385696 -8.267351601844277
8.798193752880142 -9.062787535003281
7.987905291570983 -8.47675629908728
7.048175851931659 -8.134837331676634
7.889550176669644 -8.675290147074703
7.892037186017962 -9.67528705446217
8.468272187886313 -8.858003001869818
7.471019830575629 -8.783923748105469
7.509677926020528 -7.784671251657963
7.400019683720501 -8.778640602239594
6.73843895979436 -9.52851455546731
7.024931176466997 -8.57043198606841
6.024935076304791 -8.567639198862246
5.028374240404386 -8.650503547948476
4.339950619799291 -9.37581239154062
3.7056780398180487 -10.148921888496865
2.9466704052374335 -9.4978401650179
1.9561545320933285 -9.635238509438679
1.3739264630672303 -8.822213002066283
0.4319198993403093 -9.157807450613035
0.613359767490878 -8.174405409611744
1.1622358076378434 -7.3385016516631465
2.097609770046481 -7.692161870585157
3.0196307022325843 -8.079301897720907
2.029770717024018 -8.221348403073543
2.603013826146582 -9.040733744560377
1.948018959690969 -8.285100417531458
1.1245553850397485 -7.71773127735671
1.3470393715598323 -8.692667621813174
1.1493673398684041 -9.672935834032147
0.7364218690052986 -8.762180082969522
1.1053763811314736 -9.691627536019848
1.5123162298201636 -8.778172578427943
2.184876381772208 -8.038130118831035
1.87918825873655 -7.085998420254133
0.8849464764656365 -6.978838360592161
1.1863722695334313 -7.932327999378788
1.8497863243862753 -7.184075507352395
1.0103380885070392 -7.7275151629529395
1.9605896885528158 -8.038998543906791
2.599650525542153 -7.269842352599403
2.077790370008717 -8.122873406000519
1.1551183325564809 -7.737287732895644
0.4479435825746402 -8.444326538752946
-0.46621085923747974 -8.849692615916751
0.5287232013540074 -8.749162943307443
1.064987859596282 -9.593212833017937
1.6755200775358552 -10.385204253967549
0.6908046492038478 -10.211033288520058
1.1324255962496075 -11.108235015630749
1.2857611877630208 -10.120060842534107
2.261106120689612 -10.34074673201149
1.2779652389031617 -10.523596414975835
0.39626175098140437 -10.051792473293903
-0.5174120447907091 -10.458240741735752
-1.022429063993787 -9.595131356828347
-0.07516535892341947 -9.274676253800855
0.375592099587783 -8.382029787613641
-0.28092469322286334 -9.136341195957451
-1.2809029493533424 -9.129746708392371
-2.101593024667385 -8.558373100075508
-1.1814841869278647 -8.166710328403717
-0.5333754541909251 -8.92825814078986
0.06375355028612162 -8.126112922009462
-0.18489876862333127 -9.094705728250016
0.5868390546200932 -9.730646552679067
0.2771289626999712 -8.779815516709569
1.2165826345337698 -9.122491454700542
1.9814002810463562 -9.766738276642993
1.0869258620003257 -9.319619149706707
2.066377753371369 -9.521297092203366
1.4200319812357585 -8.758252438960568
1.1228790561732045 -9.71308233958516
1.9313476956061175 -10.301621598304147
0.9650227909207262 -10.558946642916538
1.955656754966859 -10.6954909554244
1.9117391316704617 -9.696455799704646
2.8028780456041344 -9.242725223180301
2.8435102488856425 -10.241899394211803
3.840274843907056 -10.322275647619119
2.8461571160916694 -10.213970785109753
3.6122326818260593 -10.856721302483901
3.2609149848715004 -11.792977611304591
2.3046899906113776 -11.500345144971432
2.78953945922264 -12.374942762614754
3.6703872156531197 -11.901543111166434
4.37223052823156 -12.613874469867511
3.5098503701004886 -12.107613210376101
3.3449886288296247 -11.121296523776337
4.336441390739981 -11.251762691422696
4.688553812052097 -10.315804977229519
3.717824573354439 -10.075628489751114
3.085115635225682 -9.301238794822275
2.7399698267285273 -8.362689717321878
2.5408324414619297 -9.34266129945535
3.2573045960922618 -10.040276989960782
4.04175014241453 -10.66047468816286
3.681068691244885 -11.59316375252577
3.525524604132833 -12.580992703794399
4.000092359238353 -11.70077372773554
4.799630347913652 -11.100158206236921
5.796850711870851 -11.025649510710354
5.451064558928954 -10.087336164096525
6.0419907177455645 -10.89406181438059
6.987360374115708 -10.568061487977998
6.840064904063275 -11.557154023842076
6.740316951321994 -12.552166760405745
6.943635774120199 -11.573054174287094
7.787959913916777 -12.108886934536752
8.652214933188642 -12.61194086968028
9.567385681236537 -12.208874495595992
10.247987096836974 -11.476220612044774
9.264518886131894 -11.657301473906397
9.240076437724367 -10.657600235177624
10.193033094031176 -10.354493634786692
9.807076453699203 -9.431976712565936
10.45105704463766 -10.197018540503832
10.09077284245882 -11.129861128329
10.302274893875667 -10.15248357474673
11.292349565613469 -10.011941252354914
11.580996041410675 -10.969377000595939
12.539143420839977 -10.683101609944282
13.178026506685256 -11.452405452792355
13.578965520587984 -12.368510199603936
14.114527225827493 -13.213006297807443
14.611452023129551 -12.345212689956874
15.57581425807148 -12.08062720317083
16.561900611049953 -12.246861088012675
16.420927205817204 -13.236874471264176
17.03780441628466 -12.449815066132716
16.766001527666365 -13.412168010607221
16.76396758821878 -14.412165942150244
16.832759802474843 -15.409796951721292
15.907589600467643 -15.030244455592024
16.399406686011574 -15.900942999502071
15.447193126069687 -16.206376030235155
15.433162321925035 -17.206277593657802
16.13021330820535 -17.923299157158958
16.04983651785636 -18.920063708882783
17.027646408921825 -18.71056951580206
17.675024009496585 -19.472738947276497
16.762698453307916 -19.882204549647483
15.864389651379234 -19.442839898841964
16.58532704663508 -20.13584009517795
17.439918368794125 -20.655141233334277
16.83701985903853 -19.857323342500482
15.848742916837448 -19.704651519580608
14.850871019068993 -19.63944664519239
14.538746009359773 -20.589487685523817
15.526097925787033 -20.43094370699604
16.45954704998387 -20.789653523611314
15.527945070187211 -21.15313357978902
14.789186217727735 -21.827103429198292
13.96977323299689 -22.400307023442508
14.710998079812518 -21.729050197433903
14.860065986949827 -22.717877158565983
14.054067630105594 -22.125959386604034
14.162421307054432 -23.120071795082907
13.197019039632018 -23.380836942400684
12.721394474289358 -22.50118856216992
12.861978213122546 -23.491257353909
13.589365563635647 -24.17748446085941
13.88542399027763 -25.1326542928863
13.123141991632767 -25.779899342725997
13.862454628031209 -26.45326167138835
14.845048864528561 -26.63902648614665
13.998822156199045 -26.106203477906774
13.205996131120745 -25.496755453905923
13.023297993274072 -24.513586399049455
12.133368763515785 -24.057487762763596
11.173758783155003 -24.338821524676348
10.741791658677855 -23.43693217260984
10.847448627852316 -22.44252953541258
10.984914705837241 -23.43303601060769
11.603471311666366 -24.218776251008517
11.142314534173535 -23.33145757850555
11.862810585248198 -24.024916618670012
11.22752834445854 -23.25263656937619
11.434607082890432 -22.27431228975851
12.280862085768325 -21.741534221418476
11.287749201512879 -21.858695644787392
12.066468459830562 -21.231323094602768
11.869490209160526 -22.211730952977522
10.966610782879895 -22.64162482546137
11.459075668295945 -23.5119571393692
11.991671214200988 -22.66558725304165
12.112616395977453 -21.672928065301438
13.111802143756353 -21.63258154828298
12.8626050695448 -20.66412875221887
13.862416537306473 -20.64471151935084
13.065655860179412 -20.040416538911625
12.714505851197313 -19.10409732454514
13.404283439548442 -19.828118649236963
12.781020098836485 -19.04610662367433
12.693388401656803 -18.04995368077379
13.657225732082852 -17.783462404223908
13.610951662942217 -16.784533622715852
13.965168782306709 -15.849370411105642
13.009719797190465 -16.144526703331202
13.278824793349786 -15.181415857663845
12.649571423258319 -15.958616086838111
11.797362415216199 -16.481817583980337
11.72605730940074 -17.479272135268086
12.623053826593068 -17.037234525844596
12.617219585473782 -18.03721750651505
12.24179403892517 -18.964070061670764
13.183891629707102 -19.299408889489552
12.826602324352887 -18.36541512490678
13.530174183760327 -17.65479100580445
12.928129708096746 -18.453253559292694
11.929183973145625 -18.49916018869373
12.736369221115263 -19.08945839761884
13.671481266467334 -19.443810570798952
13.378637144690881 -18.487650374837532
14.346976030282187 -18.73728971999728
14.454911647727204 -19.731447606093226
14.820856110875525 -20.662084296693315
13.923348323588783 -20.221085689258263
14.784920875030911 -20.728720142976194
13.793528683108702 -20.859645777577203
13.886077673874807 -21.855353909666206
14.83423058639302 -21.53753941269788
15.589401746880462 -20.882011748622556
14.603592436050096 -21.04988075314739
15.12034467496075 -20.193745761699883
15.646892725271272 -21.04389113204203
16.57566313546345 -21.414546666401698
15.80311998272507 -22.049508930758442
16.780089376388535 -22.26288841394471
17.598232686949316 -21.68787404596366
17.616803797940747 -20.68804650391626
16.620682142784357 -20.60005986783728
17.612978517938497 -20.7239465251332
17.31903464416501 -19.768123843318715
17.40204040954772 -18.77157477633143
18.291097172910185 -19.229371752642393
18.995892288654904 -18.519960838698726
18.330237647022003 -19.26622077871465
17.349657188585475 -19.46233800012167
18.234492168937194 -19.928242558530332
18.660902164248906 -19.023712561295156
17.956851715159342 -18.31356260168326
18.78091506888592 -17.747064950280446
19.780408241508823 -17.77889886113355
18.841939156479334 -17.433535608247674
17.86176690369638 -17.631682914245992
16.87947542607858 -17.81904206934506
16.796676844169195 -18.81560837162193
16.549433973913388 -17.846654831400485
17.511958651836466 -18.117848939723427
17.544600508015275 -19.11731605235155
16.551172628351186 -19.00285624322139
15.77916997731058 -18.36723693358214
14.797365808526072 -18.557133153021496
15.035015404685513 -17.585782202311478
15.219106842619592 -16.602873080124
14.265658140461255 -16.904428336010188
15.154424264347806 -16.44606736796025
14.55924344704212 -17.24965917647458
13.714866582498278 -17.785408848077942
13.425783339031211 -18.742712811480665
14.260693301509335 -19.293099361602284
14.69682888241234 -18.39321839443474
15.202671496207614 -19.255844182403525
14.310035255522655 -18.805066474640793
14.094705944714518 -19.781607967823184
13.627703587456717 -18.89735189726689
13.2776591026463 -17.960618819675513
12.622207968176992 -18.715856405023924
13.579011804202946 -18.425122128809335
14.415196151749047 -17.876673647255323
15.20695034044639 -17.265833811717226
14.876614699054315 -16.32197028131355
15.869964004508216 -16.43711001100862
15.33832105771082 -17.284078591961055
14.686645724931067 -16.525580562532898
13.83904179493126 -15.99495114585033
14.048854482031366 -16.972692745830525
13.078973678118114 -16.72911272571273
14.01867583817771 -17.071106658962034
14.698203192488577 -17.80475683087183
13.727539845447374 -17.56431418342598
12.72922908060529 -17.506214124902687
12.76407628383447 -16.50682147312507
13.602173301497903 -17.05234268168039
14.527581814213889 -16.67337159492998
15.403648917189704 -17.15556080165651
15.906379835204593 -16.291117845717885
16.904136008627976 -16.22416548656952
16.3231740237741 -17.038096179045635
17.320449888693165 -16.96433406648144
18.288870193539626 -16.715010755976614
17.422106275628728 -16.216292087178513
18.38220794181684 -16.4959432816741
17.38975193266678 -16.618544545541713
16.68447994426333 -17.32748137091718
17.68386014060842 -17.362683972429743
16.760631119053738 -16.978433827655294
16.275203514679998 -17.852710695078866
15.79377028014912 -16.97622792816948
15.081700270891908 -16.27411945940099
14.186375193099046 -15.828706162478674
15.169239856798745 -16.013034816926314
14.171962397285606 -16.086775367148142
15.151224918444989 -15.88417992136377
16.145870357881968 -15.780833659664477
15.567007235742631 -14.965408932404443
14.876862435266768 -15.689080235121452
13.958386200039945 -16.084556410539847
13.539433815753645 -16.99256461518385
13.103037929261374 -16.092809854011325
13.514476017448295 -17.004247564219263
12.663167046948766 -16.479582874396296
12.261230496119781 -15.563915353345289
11.2681053416369 -15.446857984788863
10.404537758035874 -15.951091094127671
9.930066346919254 -16.831362006990865
9.57034004080439 -15.898304139177215
10.539922792295236 -15.653540400009335
11.008676164120129 -16.53686948727115
11.73004417214082 -15.844317541923902
11.790038251995988 -16.842516274833503
10.799770222502717 -16.70334289460755
11.706344676962162 -16.28129697468703
12.480329619670151 -15.648092972440274
11.74664825344304 -14.968599298554256
12.134279321834438 -14.046784699614891
11.135467243134032 -13.998056561520215
10.45166618889579 -13.268388062664284
9.567710481413966 -13.73595870674955
9.28412370572511 -12.777012128125694
8.293648548325901 -12.639320579456166
7.32963498956139 -12.3734675025167
7.481850720595578 -11.385120209696142
8.474401711596819 -11.263290286186127
7.484755380357703 -11.406817771585121
8.187840334038365 -10.695711908926219
8.863330715830877 -11.433080706818973
9.072146501436245 -12.41103569948582
8.549158814002952 -13.263375936007115
7.803361542544764 -12.597202963059758
7.748795921239252 -11.5986927763458
6.905078189983177 -11.061905677055865
6.667131531373483 -12.03318390066457
6.810411495735707 -13.022866098045304
5.864448797190228 -13.347141556507017
6.394401865927454 -12.499114584685957
6.655299190673336 -11.533748029464345
5.683970563419171 -11.296007208660386
6.602924758895549 -10.901642927042028
7.260056254960297 -10.147866967701518
7.754214621885427 -9.27849506316475
7.828231870188929 -8.281238101818488
7.027519376358789 -8.880286933070431
6.39849718626364 -9.657674278200195
5.799516655764874 -8.856910690064835
6.794294022037158 -8.958979253062353
7.540000820847967 -8.292705007569301
8.457525163523847 -7.895025387023825
9.118845263335722 -7.14492157715161
10.077343278037649 -7.430020780609745
10.242648835202393 -8.416263181224549
11.175128830810584 -8.055041562560122
10.701682052710632 -8.935863989787526
10.515884327050923 -9.918452003728099
11.371166538711355 -10.436614467070667
10.975802149859788 -9.518090107008275
10.88056771153886 -10.513544978791872
9.882013209824184 -10.459796424342914
9.56501667589796 -11.408223120233934
10.564847696826813 -11.426605981501075
10.818718482026233 -12.393844124060719
11.77144902409544 -12.090027544183132
11.922147798379866 -13.078607272596157
12.06110979313606 -12.08830955775815
12.627800580801095 -12.912240107729192
11.797698561315592 -13.469851654638049
11.43000758716927 -12.539903619782699
11.746419429595724 -11.591281700379454
10.796597846981538 -11.27848949906957
11.023456598227314 -12.252417169373278
10.108462182484944 -12.655883672518556
9.744858366990103 -13.587437356080375
8.755336821538334 -13.443052069133463
8.795014933986542 -14.442264582762345
9.472034198096965 -13.706299287369022
8.507512054475598 -13.442297328164091
7.791736667075837 -14.140627905178103
8.348426449048326 -13.309907442779696
9.347549505658339 -13.26803719379235
9.870144014485561 -12.415455831490995
9.62487469837537 -11.446000849258793
8.673442071259565 -11.138143810912231
7.686407476374893 -10.977636152213801
8.427653019691068 -10.30640218070021
8.75955674030287 -11.249715447989526
9.756930829101595 -11.32213731618492
8.757241398444075 -11.297216597261832
9.295014269167512 -10.454126839576523
9.801125527239966 -9.59165864048028
8.860163415096299 -9.253146744810232
9.762561305314875 -8.822242987888732
10.753453637137941 -8.687586436862617
11.704926067889051 -8.99532043485532
11.42360937756453 -8.035705449694678
12.32641535059372 -7.605657341847641
13.248460264528184 -7.9927402485841545
13.577723975257403 -8.9369782529013
14.081327755996648 -8.073043514610763
13.11230780197657 -7.826061068451277
13.149997180086144 -8.82535057143713
13.319536861937046 -7.839827209827729
12.44110758676725 -7.361954833010791
11.682051521762753 -6.7109295722260125
12.166044350767686 -7.586001535822037
11.426782245477856 -8.259419340518681
11.80390400884408 -9.185583027776797
11.137720925527377 -8.43979478738771
10.419320847726922 -9.13542495365158
9.44158452171587 -8.925587690996906
8.452753169270776 -8.776548916103902
7.627218248164313 -8.212197878155228
6.6690507726915484 -8.498405999888607
6.88751842032942 -9.474250191824787
7.299805571464811 -8.563196238972013
7.147111283437481 -9.5514697104382
7.160570893846052 -10.551379125779235
7.875065060307513 -9.851737727566878
7.4407207869678995 -8.950990786291426
7.489059436607185 -7.952159782091491
7.6994812126657735 -8.929770479741814
8.664486154655968 -8.667538784604666
7.789574447547278 -8.183256320784057
6.952660890880081 -8.730591408885179
6.175384519160831 -8.10143209522372
6.508328385578523 -7.158485446778094
5.652142194966007 -7.675152851405509
6.451107732747233 -7.073776039882187
5.674267001594045 -6.444078907586524
5.990628421405473 -5.49544017126226
6.305261496824664 -6.444653544457276
7.129262381619304 -7.0112420563931
6.323951112685896 -7.604094280922
6.614705717706212 -6.647296622239936
6.9212601081823495 -5.695443479323549
7.755767385272983 -5.144446560563764
8.352228721654875 -4.341804751160884
8.416816094209075 -5.3397168070588705
8.807765312562646 -6.260129056362807
8.856647928522987 -5.261324526008207
9.852895527240634 -5.174775568479408
10.606835994187218 -5.831718315071809
9.612165853108399 -5.934826561329048
10.569108532607245 -6.2251035121080704
10.520400357785242 -5.226290459677582
10.661868634564756 -4.23634767008566
10.29393651960772 -3.306495015745607
11.091575322970803 -3.909630439485178
11.424544804892498 -2.966692835977503
11.777829536107014 -2.0311769896709384
11.321344042177246 -2.920907844385833
12.055934408406547 -2.242396979444745
13.04703357836364 -2.3755226167591177
13.223639867626153 -1.391241041907223
14.220852098441913 -1.4658585111182272
13.220867154193728 -1.4713458854406185
12.277604104295156 -1.1392994749856291
11.744732316768962 -0.2931034822873424
11.41731410924562 -1.2379830076143556
10.421158478207218 -1.1503818732011288
10.439697992149432 -2.1502100016426056
9.442127101808689 -2.2198685886565244
9.842993533400293 -3.136005098147885
10.589508573222052 -2.470636557172346
11.354256055886909 -3.114966664925944
10.359900760515691 -3.2210682509990045
9.944660347046312 -2.3113565389595365
10.50549618131225 -3.1392835689586964
9.641460494200551 -2.635853006321292
8.64162446374969 -2.617744659840664
7.741771979112526 -2.181550315663297
6.861758551420435 -2.656499120358726
6.2884964434189605 -1.8371270708417151
7.285934852319402 -1.908657626901039
6.290504738079946 -1.8131647598102238
5.727964975559633 -0.9863945283773365
4.745233381287285 -1.1714313182839091
5.740439138292078 -1.2692346987189294
6.648417326154414 -1.688252133160776
7.488804971426156 -2.230237931567539
6.793887291248702 -2.9493272290659687
6.043517348232861 -2.288309113869114
5.083631749403899 -2.0079171789623373
4.952292998046737 -1.0165796318110445
5.684274113113602 -0.33525471139093554
5.643484857750474 0.6639130606308213
6.103424753749324 -0.22403698980476894
7.045342170996228 0.11180758598427332
7.954821581836526 -0.30394137824484224
8.51170287474815 0.526650715147022
8.96403314840277 -0.36519979000254377
9.48731263457754 -1.2173609128828757
9.387176696739955 -2.212334678342743
10.12644218521639 -2.8857487690385777
10.91105234412053 -2.2657593348185876
11.382425183759537 -3.147693372063244
10.384850432997759 -3.078090091662278
11.00597570149288 -3.8618013910811806
11.839341243292928 -3.309079151850381
12.446591728953207 -4.103589597134365
12.219162370615354 -3.1297950156306316
12.36005265290094 -4.119820231651662
11.439543312766851 -4.510540790012625
11.034358710764064 -3.5963058977120506
10.224179876387684 -4.182488681772219
9.64034429660993 -4.994360602573508
8.662247139414877 -5.202509470182617
8.704151088235916 -6.201631113964396
9.073499062575316 -5.272339946540869
8.98862884530502 -6.268731960870818
8.478818202769745 -7.129018604239045
7.810296205532944 -7.872710972904018
8.604898176661429 -7.265580255942073
9.322386270106588 -6.569009487272849
10.21683956370743 -6.121848100784025
10.758388043532175 -5.281178579509756
9.799950167939443 -4.995877267509113
9.604940356727775 -4.015075975946346
10.3257463283765 -4.708212868079163
10.23832314331181 -3.7120416043332423
10.713564992993438 -4.591896810779839
9.936495668094292 -3.9624817932430925
9.67710798546082 -2.99670851234429
9.060528029113293 -2.2094162175576075
8.076938476971927 -2.0289956175188397
8.925493800131957 -1.4998889519619047
8.581499777779406 -2.438860789977142
8.234559444276545 -3.3767479926774047
8.858154092873404 -2.5950001341952973
9.809365326085464 -2.286459715755196
9.03721260276979 -1.6510227229099665
9.89142339022129 -1.1310958717073296
8.94329045131358 -1.4489699507987663
9.868552129297367 -1.0696405065756405
9.260153328671716 -0.2760090433653726
8.431887832094379 0.2843268087621662
9.42939019972719 0.2136937671531732
8.575158160549321 0.7335857013491387
7.612669693740806 0.4622631050535248
6.853385115170444 1.1130218381837291
7.689190772375521 1.662047250513605
8.58059543786392 1.208838995573875
7.825003330532789 1.86388141201643
8.634950861465844 2.4503837539857085
9.421792526967607 1.8332288354843542
10.402191739192864 1.6362075557501643
10.350270941974458 2.63485876153535
11.342135186388704 2.7621588819302447
11.413387588366517 3.7596171994615553
12.220415626385654 3.1691040786496782
11.503570850299203 3.866336871192862
10.756899508107903 4.531530006117029
11.461623086178008 5.241011985107383
10.74228110446711 5.935668096682195
11.165461843425907 5.029622809638393
11.407919022825933 5.999784917823094
11.25282857224786 5.01188464343327
11.345014009630576 4.016142786758279
11.12052249208282 4.990618829844565
10.577184407444637 5.830132811730341
9.630734720933468 5.507281466831624
10.011630579378078 4.582663521397
9.36827756786709 5.348233180265312
8.40573129966267 5.07711571206058
9.042898497051983 5.847841319894553
8.2191045720033 6.414730699802912
9.082883104431808 6.918602356989196
8.472745729660069 7.710897998720646
7.627886386675532 7.1759095029829005
8.599811458676186 7.411200077414864
9.598723971496717 7.364576137956979
9.510902110739332 6.368439942061503
8.612490746564257 6.807594835830297
9.600491543314925 6.653146055906191
9.795609264940893 7.633925885790295
8.830819787577083 7.896949201045931
9.817598515931708 7.734875942095458
10.603142097158155 8.35368227851577
11.158851772683548 9.18505870139981
11.71914922685277 8.356767229240711
10.727567448065884 8.227285276915936
11.285068660265383 7.397109151990574
10.904790785746071 6.472236869915327
11.741956904818723 7.019185577818393
11.479915203496654 6.054129026745745
12.457727271661954 5.844644995492048
12.248853769209335 4.866702328474611
11.25881645001686 5.007507536496825
10.269083393841289 5.150435761537789
11.163755443622295 5.597159303944783
10.242647353801237 5.986466235383464
9.787267749262355 5.096168860474377
10.187869935589891 4.179916772722541
11.028220827606571 4.721959555431407
10.83590036150878 3.7406273801105683
9.851297663778379 3.9154344955893565
8.916750853783416 3.559594278738815
9.733286944845993 4.136888668103761
10.594638285163722 4.644898381133789
9.743963049190327 4.1192067957896725
10.697261549689731 3.8171770473449422
11.447060289020273 3.1555110813935947
10.592734073288089 3.6752482429596345
10.841003027935887 2.7065571022145103
10.861083695416081 3.706355465282559
9.865105539090274 3.79595184981813
10.755835988374677 4.250483770278736
11.7558359088193 4.25008488339234
10.756133505053791 4.225690131795674
11.522892072698202 3.5837545439491274
11.14538974521113 2.657745908599628
11.494399317384614 1.7206267494041274
12.426202469472067 2.0835907775940976
13.325967753414343 2.519964967724856
13.58329555196189 3.4862891390538535
12.595286686144231 3.33189198536991
13.028901402159303 2.4307936122412213
13.842078498772404 3.0128099432353665
13.177382332516292 3.759923727450613
12.189074322426023 3.607453149333342
12.604562700258644 4.5170516365165705
13.383257337045954 3.8896485263563827
12.678753778952984 3.1799480707877366
12.759791519626809 2.183237037144343
13.710580925073833 1.873399165847602
14.604263106657173 2.322099687710949
13.641615775700815 2.5928580970034387
13.805435104556631 3.5793484555438706
13.04532376572033 2.9295556019570634
13.634404153275955 3.7376300397394457
14.047856384734096 2.827104228846485
13.239305717839464 3.4155307910139694
12.266838865578974 3.182489547336858
11.324945067965889 3.518400359931512
10.808688798932199 4.374834516585375
11.751948368026518 4.0427782181780145
12.66660359762358 3.63854337186866
11.824384800746968 3.099407490863033
11.490025583452995 2.1569617821823885
11.70183561071138 1.1796509245977596
12.493058079591984 1.7911793415486643
12.78633416800124 0.8351515511746783
12.409874223235596 1.7615844467408104
12.512436822478447 2.7563109987321353
13.417174261051809 2.3303413199477028
13.304107292962613 3.3239286893959648
14.09848045356089 2.7164986261614374
14.034817940698915 3.7144701109525107
13.462379472025138 4.534417791955646
14.288023754527053 3.970226761566207
13.600886013119196 4.696753928527572
12.751619038993136 5.224717569945015
12.599606485987646 6.213096132910012
11.647225048639058 6.518005296094452
10.648183034290428 6.5617666210998795
11.607174800071862 6.845200551961035
12.556846968040546 6.53195500389106
13.396761368604945 7.074673899567767
13.757165049890785 8.007470333156368
12.97757817568364 8.633764437841963
13.732745147919024 7.978231948910376
13.102849102026479 8.754911401045513
13.835870334852176 8.074705643772983
12.86196869985901 8.301676138237882
12.666727131663686 9.282431321781987
12.60029419844779 10.280222214396431
13.217798304894517 9.4936545577251
12.787022449948624 10.396113511249101
12.058213566023822 11.080830686959105
11.386620703555495 10.33991029509396
10.544971008060802 10.879934174263845
9.572518763229366 11.113036365421076
9.436358103481899 10.122349596186151
8.474563863817327 9.848576258280415
8.831628808149489 8.914496697681281
7.8572754016303215 9.139519894717706
7.0025401363098005 8.620455711578993
6.6109210133917 7.700328295095353
7.550525592674195 7.358066356528758
6.684400956896382 6.85823827078452
6.198475046202151 7.732238276114029
6.0076814455426994 8.713868451866283
5.300651697720378 9.42105225802583
5.268518690589725 8.421568656433116
5.3582500329402345 9.41753466298152
4.580120364387065 8.78943099405629
4.08591615823036 7.920085146526654
4.960228539478443 8.405448783397306
3.960256670797809 8.397947993614817
4.071948592973461 7.40420511212046
4.604169940770319 8.25081035480993
5.249051675250384 9.015092729678004
5.162695559750341 10.011357062732111
4.2539842510101415 9.593931910917233
3.356886095793466 10.035763213460225
3.739267471119074 9.111758622668546
4.637804737832998 9.550655854747161
3.660077657748987 9.340775515338263
4.524022117144961 9.844362619103837
5.299309338142188 9.212753780534904
6.269932571460591 8.972149252434267
5.90836380934743 8.039803806655742
6.614182694120975 8.748196142792313
7.1549882844202966 7.907048525842112
8.056207710255629 7.473685460391173
7.489433644948187 8.2975587266736
7.216008540448124 7.335665431016992
8.182258176873297 7.593272962172861
9.156899556631089 7.817045571899407
10.134290193509328 7.605603989085735
10.818840045182505 6.876637940099755
10.278159501988352 6.035409938775931
9.58404856380972 6.75527798606014
8.829686838209538 7.411736961891467
8.614481556467013 6.435168128316424
9.579736409366818 6.696478420791432
10.314680919745465 7.374605670401924
11.15472441489989 7.917124726517685
10.776399803616433 6.991451734312975
9.890674948306534 6.5272411348150134
10.77014850735355 7.003188882931522
10.335096344527312 7.9035941337048685
10.884199753478692 8.739348551149355
10.367579389188727 9.595563126592278
10.682815757719 8.646549938087585
10.600929603971815 7.649908248299077
9.976548526749113 8.431028130523451
9.95499938984048 9.430795920912045
9.680794597188564 8.469124598844719
8.682103035861775 8.52026328610459
9.661793938706976 8.319749608560254
10.149614684432652 7.4468057844572115
9.462269901769503 6.7204744896985815
8.582631014487058 6.24483236795104
7.639337035298774 5.912873833150181
8.23623287781004 5.110555097738397
7.834456767905596 6.0262930283222795
7.981251326274078 5.037126026429575
8.980114336582144 5.08479872971256
8.908863806035585 4.08734027849926
9.908245737731281 4.12249357991146
9.792944664258975 5.115824170629441
10.731870456949075 4.771704488220443
11.666127222222107 5.128305520946892
12.637214599326825 4.889581190331265
12.876613104047047 5.86050258567577
12.67989332268582 4.880042832487915
11.895268741968563 4.2600716498235345
12.617537984701038 3.568459662505026
11.617541222695454 3.5710044568680472
11.162310600444378 2.6806308944994774
10.352727671656723 2.0936253737285044
11.30839436048387 1.7991747329308367
12.280429317693933 1.5643385305223683
