-0.3037440777809446 -0.23094457593040274 -1.229808369499389
0.1357847336140947 -1.4216709037740993 -0.3371471298587645
-0.08752410501819274 1.0171294237158235 0.654815204962222
0.6161456751241758 -0.5154902698008315 1.1558361177803627
0.1668996915617278 -0.8140635988597765 -0.7466559483377497
-0.5772495261652097 -1.017152176117579 -0.708370207396698
0.23532375128975147 0.0007985232819192056 0.6006451553825323
-0.11577231164557045 -0.13167182295184476 -0.9823840672481778
0.29395492256143885 -1.1257995014240936 -1.0997556716946604
-0.3574549989866498 -0.04070575010995148 -1.0142863266883766
-0.6161277991424234 -0.14130075703862954 1.442629951713776
0.20050375909183793 0.28057712553637026 1.6446118900318103
-0.4047430387756177 -0.7999327528136647 0.8876617154175768
0.3637202782837372 0.1889013622890614 1.4495330031267497
-0.3996736689317846 0.34790236075658276 0.33231171616024113
-0.847666415734216 -0.05153274194910651 0.22987975603853217
0.5940574138443506 0.9213714277447362 -0.5085614110877121
0.7247644199373295 0.6366361161186145 -0.19907699182563698
0.1998014381458606 0.4475032611614247 0.9744271908966211
0.27713053534183674 -1.0613314395782532 0.9967365823927659
0.6259386160887597 0.8353622804738849 0.6845067890706305
-0.1319304546874387 0.022050414598627333 0.5666853077203098
-0.8620607304456267 0.6079871039215781 0.17039439710602267
0.4876527521104914 0.7985451366358691 -1.379879872964842
-0.10117428611151147 1.0386646361000862 -0.014697067894724025
-0.012044044857855374 -0.48806069484395165 1.18052468800601
0.8994672004369573 -0.0024969882230285734 -0.5261600830358568
-0.37623890664798254 0.34211940347454006 0.5831694124993807
0.019687881987409117 0.3481593582148528 -0.8561141270207688
0.10181020898277127 -0.0806093474506413 0.7818403584927025
0.0197973382508847 1.0764348263972194 -1.1710289319742895
0.3113695713676672 -1.0697059304639434 -1.2216994665465717
0.804607177833941 -0.4194326357113338 -0.8318303306826249
-0.6410327942985758 0.7324277262654784 0.1567708019300187
0.2981160273036405 -0.36623139018357564 -0.5313506571528785
-0.0431106159173531 0.6530140536641782 1.3082040226138765
0.13606309377276116 -0.01066596105947859 1.3227453009947983
0.020416415281037104 -1.0444011015323516 1.1471619539998028
0.05762710083698552 -0.4237483588698139 0.6725973625181552
-0.5786844932563278 0.7957108036225726 0.00025510687206509175
-0.235520805330375 0.4254503366760365 1.2597507183458783
-0.34586865005137213 -0.5643768385155528 -0.9860928246008198
-0.05809720109785532 -0.38630734765784913 1.2069945624774236
0.37244531115445945 -1.2267837674063946 0.521099365207276
-0.06959028318307103 0.11255937493107915 1.879327657399522
0.17274978981564781 0.06568891484251305 1.0885540146877286
0.42968046320481035 0.6556158585919922 0.5014204490455176
-0.09500464199409087 0.7131136954362121 -1.452997992134807
-0.6849183357184698 0.7455016356159705 0.2282854090051396
0.446766586330515 -0.1126112244598132 0.14909348719047788
-0.1446237000040116 -0.623584236631181 -1.5186896607781022
-0.33703206650571294 0.07984837314102466 -1.8700893370443814
0.42006583894325633 -0.19780931670596447 -0.032229372271322276
-0.5299370640304162 0.28555916332517084 -1.2866731159520333
-0.5421239717051229 -0.06947757838996305 -0.8676208314184994
0.760097876354481 0.27349872515747053 -0.30163367625519877
0.4954636707466902 0.7827824312577132 1.0304282319540818
-0.13123734630826478 -0.24950023409061473 1.8421925500953784
-0.4832343540435775 -0.0471634230179776 -0.78758675890698
-0.09657961339633858 -1.055791156060868 0.9888045544689601
-0.8647934836093718 -0.08356725963240974 -0.3697940635869976
-0.4213502981917556 -1.09795814404586 0.531758988898106
-0.5318676483052518 -0.7948645462746965 0.3118517769798421
0.5260449181196396 0.39694305745862035 -1.191551103205883
0.7433118389794962 -0.6805877536957473 0.951602263457902
-0.31245329949242895 -0.8846972628587885 0.7123833578938417
-0.8183959948297461 -0.5174037033307587 0.7198667317363041
0.6771382370464007 0.6136184083824485 1.0018905587863611
-0.5586364851879695 -0.3356291077084279 -0.2276460169800525
0.6779628231816957 -1.0052684854558522 0.427348831078211
-0.3493726191526696 1.192588314828849 -0.5230079720636138
0.4407944422181851 -0.3250968954711009 0.09334695359507972
0.5101157995194756 0.5514257178873487 -0.06554927124770371
-0.16192568502026283 0.3192336869203547 0.4219018355147166
-0.3293474376131962 0.33982216375039953 -1.5633939078813248
0.1464308766604483 -0.5463723578827813 -0.5792384574953178
0.058884357897165174 0.6441380734148106 -0.5973161417387862
-0.1822984701001873 0.6873501177313961 -0.3655052032031372
-0.708015575363997 -0.4652430663506484 0.977205871505249
-0.2117926077953345 -0.28113570491114315 -0.7397062037157247
0.3508618675015147 -0.38046879100474995 -0.813344299248425
-0.1649515784178921 -0.5738059637225179 -1.6474398173895235
0.46504405058278353 -0.8340061878832902 0.6195446409249055
0.3228532478921273 0.6924026460697292 -1.4938399206433273
-0.5423808126250704 0.9802774361871709 0.43232199729724385
0.2894137523153848 -0.27919162438981804 0.1133063414847224
0.7508427317232094 -0.026170369296415696 -0.4634514550079212
-0.6579710865036057 -0.6089471331959098 -0.3976587488437846
0.5526724780606627 0.1936756073581949 0.03199272193770586
-0.34333139245343647 -0.6079883134331777 0.7982883499596216
-0.6516286091050412 0.5187438655147867 0.8581531862994534
0.04583021212174776 0.4507106530576377 -0.6936548127353026
0.14014453260632487 0.9412324495620128 -1.017495224919505
0.25429142206428357 0.5851394505366576 -0.6535750092106007
0.7170364654776442 0.6102422018145579 -0.5524602916855557
0.3121779375813194 1.1621568819493122 -0.696544694785203
-0.09126950470326523 1.286847115969703 -0.06012829908841821
0.5225561261796727 0.35254005913180686 -0.5994997654887015
-0.5350513710571181 0.22731365790176317 0.35342923387098635
0.23253067544102168 0.04695065893679162 -1.0238292093325314
-0.6076882008302615 -0.040342811748298235 0.20270050370568082
0.5445609008943639 0.39951102672266936 1.3492227856249857
0.34866489175442705 -1.2208712690705272 -0.5501901297869751
0.5437786740927151 -0.31289805328055653 0.6604159301991239
-0.06270312135970646 0.580197208414083 1.0060696766073782
0.2571068879830207 -0.6145437723554829 1.49770151286243
-0.4472985042408819 -0.4830514894588174 1.214229290566605
-0.49498991684713434 0.8374439212944096 -0.9447447088104428
-0.17183570377981927 0.46181158742032924 1.2869539817457931
0.21088546686030307 -1.3904029908935285 0.43967041226730474
0.10169003214315575 0.6046432173672374 0.12195947058057355
0.05803252619531496 -0.6894448881461068 1.33349227067125
-0.6356972976446753 0.602101143810513 0.3193754370703501
-0.08086704404835032 0.16178060311028508 -1.0941228279301716
0.26835555122399124 -0.2307695177724267 -1.813484570948062
0.7872990614131645 -0.4800522509271614 -0.34650488871915686
0.5389364144459141 -0.3644691325291911 -0.031273253014759916
-0.5627437471268777 -0.898603954552575 -1.1031175772271116
-0.46287222365780156 0.9927316549669944 -0.6065543339091697
0.9316381139758725 -0.19775178342467026 -0.4328021416261709
0.2473988949090875 0.595087620507297 -0.13177826477112697
0.26270661181360944 -0.8113641267376546 -0.3831564008938724
0.6418751471963828 -0.3490722284315928 0.38748249392654754
-0.6629200751057158 0.3400102708327193 0.32958155776029363
-0.1557313654928687 -1.228057325257966 -0.5627475596351834
-0.26824342065911044 -0.10822151496853794 0.35095511769439103
-0.5517135875360031 0.8936390868106594 0.6939843885308266
0.09883097498594307 0.0935236812207707 -0.03152685355452345
-0.4731845463457578 1.0838520428421754 0.5908137872985577
-0.18600442480321555 0.6300101257079502 -0.8658183983565015
-0.5002649582892549 0.44016125119932203 -1.4067950447040563
0.4713418786290182 0.01981593022649486 -0.9668110823311769
-0.07299054789871784 -0.27799876896908726 0.6270873950552391
0.3750699190201574 -0.7373114337786719 -0.5848011054575912
-0.22664954811824356 -0.2895763162764782 -0.6903998982519615
0.6654672102938803 0.6528917614474663 -0.5445201306674283
-0.5330855156536529 -1.0924829041918849 -0.2731772419768337
0.1691699200109189 0.5091077739331746 1.3164189207075272
-0.17487811933730257 -0.037060357188024806 -0.20876037031174732
-0.24111021426925516 1.086301393607715 -0.06593911785130446
0.28866844425364646 -1.0233810386314248 -0.21367111651404525
0.2577416928603924 0.22161862415213696 -0.8533841709182513
0.7543475367001307 -0.8522723960161613 -0.09265756953189053
-0.6406945218866185 0.4230919589443414 -0.024451172114359654
0.19585297950958513 0.8459121677957162 1.5035858430813378
0.7801620578579957 0.15943686603554208 0.9901861575014927
-0.16434468590347318 -0.4636003591463127 -0.07198473713372744
-0.27581280328367686 0.7154469688925524 0.24035439499171796
0.5765879523048647 -0.2629632459094866 1.5738324869477691
-0.5782897164081029 0.2706683700317578 1.204997048733416
0.5561762437104987 1.026834284335722 -0.4946921864765592
-0.1809249141927911 -1.129003309726635 -0.23131585936203392
-0.8655764820636218 0.005272743409487024 0.9902561171402522
-0.4273720439743165 -0.856199943167776 -1.2106769104168666
0.05955402515218222 1.1810761483332213 0.7381577079952444
-0.5347939223429017 0.5901727486380288 -0.9949969152053537
-0.21445796736158562 -0.24778443154402874 -0.6143145472797391
0.17200550578598084 0.8012342839983346 -1.0995348596211292
-0.23907020174764027 -0.6735765471849634 0.9629552842743738
0.23261123644622028 0.39540351694976983 -1.311237735454625
0.5436114047669354 0.7517316405138592 -0.4770071526722308
-0.694292232743899 0.3992846361404301 0.731123963883288
-0.7359082989418275 -0.27086922921191325 0.1360264255874446
0.07382910643905238 -0.7587169428820074 0.8806324976436666
0.6513992561205484 0.866606988467209 -0.7497923244508176
0.29229471383674266 -0.2037823198242188 1.211119246720052
-0.47760364816149803 -0.396472714734434 1.0861841677823332
-0.3444647194423214 0.15156369549795 -0.49653218380321373
-0.7273018995837566 -0.2963399252099841 -1.1209451573326095
0.20088611895046982 0.8206093964366712 1.3289034511388738
0.043951759786211575 0.9080886199686424 -0.17121116075863796
0.19467640628975524 -0.7224245188277558 -0.5729038681701208
0.48026060121259895 -0.7491388326175227 0.2809057907389967
-0.027871485814187524 0.13968606316517462 1.758995010503885
-0.07536067130573643 -1.1325050672899581 -0.15705435114182498
0.40522332471454825 0.2363139257024529 1.6509809009063874
0.45347485669041343 -1.1784123353670979 -0.20607228056736204
0.09137170236926684 -0.19562935919539104 -0.6865392771039964
-0.9050312987572782 0.5054962630344884 -0.34994009925042446
-0.5727630163364941 -0.33114579134622524 -0.03118869369505406
0.6274877286032032 -0.35132805292958746 -0.6415183822474648
-0.7985976818328766 0.1803270876325107 -0.9703240817496273
0.13463721125016392 -1.0468213045138612 -0.42968461956209625
0.30501214672318966 0.9724147463279205 -1.1950241511980955
-0.2754905685504756 -1.0305406707481397 -1.3422330298028937
0.80231890358037 0.7686691500688574 -0.08625105175848313
-0.08432702412573212 -1.0534304028747972 0.23687944848316267
0.7623795714875643 0.1409681157031164 0.8300504606689558
-0.24578144104213573 -0.24048203705201043 1.4148245110140936
-0.3333398890754318 0.18233060831145975 -1.6883627428814232
-0.3564122161804424 0.027623702866096833 0.7340054066578561
0.08901346125142662 0.17867522663350988 0.6813792387941668
-0.07170192871455527 1.15468054991234 -0.3783898500439187
-0.04238749755909321 -0.5794727950948488 -1.2489442603978147
0.29028796817287406 1.3414917422738752 -0.6438611370913625
0.5305987614515415 0.3579740192820484 0.4531937509631425
-0.011560988177170772 -0.6256577258627956 1.3496151515718813
-0.9160795640952695 -0.035497536535299634 0.5254228541354928
-0.411833501753184 -0.9842899379914788 -0.797230344117843
-0.13339833776290266 -0.8493750314308368 -0.11312945047422884
-0.7019414710203848 0.629075695352312 0.19860889192804887
0.5074122882563812 0.12506987534767644 1.6519298350401912
-0.5846138244382755 0.27345780806734354 0.5985251222064609
-0.37235891630152373 0.855412172793343 -0.5434444024612386
0.21459411094974334 -0.01119481861074978 -0.6538586505505783
-0.7841973131584461 -0.7016288679762741 -0.03609053908796778
-0.1418623772410832 0.8114891817176622 -1.5486422091352177
-0.2538950332430654 -0.6120928328710056 -0.8350148905428156
-0.9229092829732075 0.022232849405548594 -0.5739832901949282
0.4543208831271208 -0.4622605085838707 1.658748521071379
-0.15260906289117138 -0.7536526364822241 0.3843011866203616
-0.7926521076484145 0.3470916482731927 0.6162530352514142
-0.5096003476169295 -0.9283605864133679 -0.0926231285855077
-0.3967724427307515 0.33214906345719175 1.165175319067373
0.4433321121519094 1.1075179907741033 0.8589088967060126
0.27533695855899243 0.47459278797670734 -1.2550908759870123
-0.22876146260533092 0.20862187662043574 1.3992565487624646
-0.3429237990098395 0.9651754396779548 0.6075790244071939
0.16947124225947485 -0.7624316553957523 -1.1884063980922637
0.055735454264215 0.8412703220585582 -0.24986282864359222
0.24206280670034208 1.3114019366289162 0.2243883895518466
0.2795645505605333 -0.9576473097316857 -0.9908203393689656
0.8404215579048326 -0.2302670676938363 0.03983362667893564
0.4456667717942224 1.17410622167655 -0.42403594249969956
-0.8312122137751821 -0.5729266788986018 0.3354916742693801
-0.18024631225807397 0.8731062189712286 -0.046185257944769464
0.898071136414611 -0.3488225152110336 -0.5812323566459607
0.5228939208866357 1.0932359059456878 -0.03328764818297847
0.12868989949398868 0.966265485925847 -1.2767238027394723
-0.7140786815348779 0.06338344088174264 -0.8738796914511853
0.12189027605491787 -0.6110838251067525 0.7838425702935763
0.5174667629547562 0.4631675628209775 0.11658070349328886
0.10222429322552884 0.5813052851838432 -0.2689667248703582
0.6100027635796883 0.9853539334794554 -0.6525854184647453
-0.3823186205775264 0.16497296667781502 0.27404854583225857
0.30020471630351864 -0.06975727287479905 0.5464587207453291
-0.21158267711816547 -0.4808713108004843 1.0501251084222476
-0.8631122538152769 -0.2507936615342792 -0.7127953784051546
0.022200075696994448 0.7909028405021599 1.1682006540042145
0.2678284875666477 0.2188085023756401 0.587770109230207
-0.4510894422174425 0.9046939362845339 -1.0547799421120696
0.30566598908374343 0.8177849796721373 -1.0921688574926236
0.37016411848198927 0.9100326575586375 0.574351028634343
-0.5498331721175147 -0.2594443446582062 1.5313334382612203
-0.3969258568695868 -1.200134383415787 0.01042665882660998
0.45360807082531474 0.6757255399965101 0.16541487770306063
-0.7056224267713496 0.5359995636787942 -0.3554998098063593
0.6315699174800311 0.5410552823190513 0.35233280816275236
0.049363179995119966 0.2800131137498125 -1.7174358943890211
0.0727929078824685 -0.27418191448664286 -0.13386240816212558
-0.6933316427265086 -0.0031872652588920136 0.7528752800328196
-0.8056879178955707 0.5249510232314423 0.3241576972804787
0.20089074363583648 0.10668498506333024 -0.17606541791286867
0.37386467308353755 1.3347671624055728 -0.45547483151500145
-0.3623535537085938 -0.5512204727268197 -0.15140962653052448
-0.7453786539363196 -0.6511283426308851 -0.36842123115184
-0.13338659838771072 -0.008859427348345772 1.4627191906245844
0.6314243437789562 0.6144840904052247 0.3109678493949768
-0.02560537881927405 -0.4877830824036544 1.0742185465901137
-0.07700802260651352 -0.8328943236116931 -0.42284827481959075
0.5759233601921709 0.7834303792150026 1.0439356830670672
0.1829716804649697 0.47026756568777195 1.376261287753028
-0.1447698079198958 -0.9289944376088926 -0.20107300261693695
-0.4327418858969736 0.15848738894666692 0.4628210158259054
-0.178330134599622 -0.8878304272418909 -0.007614279029843463
-0.21365761819259887 -0.26340891149069834 0.932706087399223
0.22568753937749664 -0.2609477921455432 -1.3970143796021044
-0.33403996876347297 0.5856780181617425 0.7556565208934876
0.25728498193258087 -0.26621481980890005 1.6581525550449259
-0.06586924694147434 0.09823158613236593 -0.7461217242720561
-0.059497540468238075 0.4974421777157123 1.1151484104560736
-0.7843307163542064 0.0629813512969386 -0.31634158835211146
-0.3083917808056267 0.012443821553218548 1.8793122852212991
-0.7155418749172409 -0.5197616476354165 0.18889360430125635
-0.25262127012820557 0.03758318570597674 1.4458543797900747
-0.1327366230025815 -0.9269085514875096 -0.1790506990887324
0.09199778197881736 -0.4067393654113298 -1.4904067378676218
-0.008974212252849778 -0.4808410090021371 0.21580660535167429
0.3375567804923554 -0.47637384484191747 1.4554105707980254
0.28513792204640676 0.10707746691802544 1.502442405397454
-0.12129119649099884 -0.25241528352823184 -1.2709960546080281
-0.6346668029429683 -0.7668845424189643 -0.6124034078297989
0.9470619673384646 -0.01660821254260636 -0.27588235242438985
-0.09516864822426219 -0.13431733881062446 -0.7958825732366859
-0.6314516475170799 -0.43284416039195217 0.16547827078321964
0.69657885182806 -0.32854791338245226 -0.18075927365456224
0.5479686046818202 0.5821550175759218 -0.1984527419266131
0.3505275372317549 1.0232803349284811 -0.5521735180466969
-0.3184492372339225 1.0690257821589464 -0.4430741262133093
0.80254698604067 0.18925122849258758 -0.6264419963777601
0.16325921855896364 -0.7496546399931577 -0.4830227591887226
0.4909519753729734 0.3317943779406476 0.11879794184685943
-0.22023404398785495 0.8403924655933768 -0.7441840498850203
-0.18599029601516848 -0.8297841637217388 0.15268166858387433
-0.7227363576980728 0.8148925327518199 0.000252132808633565
0.1841674380044842 -0.7388900199019799 -0.3153936281138945
0.5934496599421877 -0.4634354356165864 -0.7789923843712052
0.49721935496797154 -0.9894901022021569 -0.6864552306214606
0.8162714161075812 0.24026395661639643 0.4224858939880387
0.5906915695274431 0.9312467623332257 -0.8565175584990743
0.5644478582637149 0.18841855121872664 -0.16599420314201385
0.41080165103596555 -0.5728718176805068 0.8636252641653237
-0.06227517031467267 -0.7240370677703091 1.001249797167791
-0.3595737058927784 0.6043747894351821 -0.8274270418339253
-0.22044641774406437 0.6196993979451584 0.5744615879066246
-0.06815746068049311 -0.43228902281504333 -0.30639589566454006
0.9281021389359481 0.13499718312904507 0.46622462742315696
0.5974153919453866 -0.5961825402271022 -1.2040352186193561
0.5461043562868582 -0.175488167004898 0.4515723458157317
-0.7051926401099995 0.562027011446693 0.5496303647982335
0.030521331197636004 0.2619596769660826 -0.17006756946008972
-0.6875346545218335 -0.37378769718988103 0.33916068437707514
-0.7611284285196478 -0.4790044850918749 -0.00022621456757487834
-0.63344253660979 -0.7620074307279783 -1.1543169450123787
0.27344940618770197 1.0118826092414275 0.17625672649003876
-0.7922482494675624 -0.10254124197802938 0.7840851763884209
-0.009749403314849081 0.3557482364292288 0.17261604730209124
0.5270515976899197 0.6286645720095132 0.640250652582047
-0.4471931359312511 0.49794539225886014 0.12312906468742257
0.6601852264256445 -0.464912212022758 -0.8000611602139842
-0.24639971288637352 0.8882864047851591 0.35269898389362897
0.1654147925915388 1.1481259126547658 0.003876489464377464
-0.7769569399679566 0.3627252955311455 0.6811251929368285
0.3827455752063691 0.7392273949217758 1.1851574417022328
-0.19016898673149485 0.6965487700663942 -0.23954479934977835
-0.12760758935530392 1.396425103733355 0.3574564645719578
0.7114399109992497 0.4840755804599812 -0.2339153107902301
-0.28519165492180587 0.1794310355386286 -1.6830316306407584
0.09887712336244237 -0.5122438335943871 -0.43006547904631764
-0.5700239012640849 0.42196069011174897 -0.8344308559928479
0.1455931907458794 -1.3492867524949823 -0.8037951788298132
-0.11014357204400493 0.9943350756203828 1.2279128231535377
0.32705369609174473 -0.6354882665487384 -0.5960041222999322
-0.8216130603290457 -0.6365537973632397 0.21003471501930004
-0.1437427446795343 0.4529439496565435 0.15081885202428502
-0.6692967129463334 0.47529650051578054 1.3089138845599142
0.20267569211480252 -0.6797869798755245 1.425618908397977
0.003536300280703397 0.5231182111292689 -0.9188699180729589
-0.724999071774145 0.4410838051554884 -0.18975976919863502
-0.017704012020184123 0.6674792667872027 1.6329922507627481
-0.3354425966896857 -0.5562255682624686 0.6064138890660575
0.6509068044523538 0.8234115923095491 0.30212405614328475
0.918848779837369 -0.5752502760252756 -0.12827233329099696
-0.3862093632624537 0.3581260215969566 0.8785512062124545
-0.4736430998376362 -0.3045652817201241 0.06639396673196796
-0.3305858365791299 1.248502264370761 0.4647942215339347
0.6667850135334028 0.7945055070234566 0.12087977543053263
-0.8220974415658606 -0.021139857296859077 0.5616226687442825
-0.27787461487384535 -0.7539290904592008 1.4592689497982905
0.15237200627506753 -0.3783501085839247 -0.5227525039886567
0.24161439617262825 0.2952696849234582 -0.20261803779950194
0.7865498147076158 -0.007825040491385549 -0.44970355967919673
0.47546007512761834 0.19097454951469972 -0.959942590483029
0.979834692031188 -0.05321483291707274 -0.14650843466342955
-0.562219099519041 0.9619714628864413 0.2980437992366123
0.5831174318084151 0.7317018091368888 -0.4521731440071184
0.34745754634723447 0.6969740419759622 -0.6281117733182286
0.21091668481559678 -0.16412617374688887 1.0326677220166696
-0.1662120762697319 -0.7039092278729132 0.24143066829555915
-0.6489524172866497 -0.34994647891670283 -0.8208454634278342
0.4260248476825568 -1.0365153406148608 0.8954052395578209
-0.7355868375906098 -0.4319367079005292 -0.4190276088467435
-0.11132166214254324 -1.055069784934686 -1.2286395729085005
0.754907561013918 -0.06960600963674635 0.31367142297847295
0.20636789371195396 -0.46037959879613854 -1.624476372014139
-0.31556598656496737 1.0460586114451051 -0.7323728536715333
-0.19924647346389635 -0.37011812232616714 0.17974017748085647
0.7323456469904728 0.4018456317942327 -0.6865432916571326
-0.00538886294057539 0.21170350520910652 -0.8395790898066617
0.3258495003101156 0.7244838427458564 -0.41628566187719773
0.12960955078643432 0.928729848294263 -1.3008130120968269
-0.32992741999360087 0.8973543504132913 0.8100027813110131
-0.4662800656704713 -0.6307519271951716 0.678699731959048
0.3298846390896595 -0.8539647007612855 1.3906157693724772
-0.3847880828428176 -0.40930562438589035 0.3621710994959426
-0.39706927000154124 -0.9446860520221785 -0.5942226124721794
0.24769628633029317 0.6342564287816757 0.03338715109607371
0.3473575561765845 0.2982188901540459 1.0797191118251015
0.07947403578794332 -1.4173743913369585 -0.4962280498738778
0.07226900975532713 -0.7014369765892429 -0.3161343029286696
-0.016295777175633797 0.5839110021421101 1.296561748113679
0.1430662267633971 0.5669497472842049 -0.8316797270611955
-0.09055693315222313 0.5974126080433435 0.9541284891177018
0.34701449988013633 -0.7866555008660833 -0.4081252339103658
0.08119633456148745 1.0004983700907482 -0.4585533492464724
-0.4545009470093784 -0.9319281226848904 -0.24236197497887302
0.5180932301089898 -0.9286967293501014 -0.026106452931847546
-0.2671518227331422 -0.10091457959462957 -0.9584944105292323
-0.479454014748526 -1.2955157167972362 -0.24477412051339353
0.3417159139640502 0.2975715273460837 1.351045029964017
0.7038190685918564 -0.1576190264715316 0.8106939182899877
-0.22650518676516773 -0.43879421321064993 -0.020366721367431673
0.12893036309251849 -0.6464018002588661 -1.1030419086093208
0.8633848147050369 -0.37282717136617016 -0.3987407580488611
-0.5339718293964932 -0.3581640759309108 -1.546351068159049
0.40132962497383673 1.1536248817688373 -0.13692672078212542
-0.09440512760665687 1.1636131715347622 -0.008958169113471914
-0.09331549958771745 1.1920021494793476 -0.7388066060218126
-0.714283635832641 0.21226688839963082 0.8027865442660871
-0.14982349580955256 0.4400016357192089 0.7678796980683695
-0.8298114215345558 0.14392283124815108 -0.09194362413753643
-0.09990583619413673 0.3820732746412492 1.4016840178628178
-0.08656736460959724 -0.3283257892756468 0.2772342688274909
0.008383208740410764 -1.4018788038679237 -0.290071237647719
-0.6481643787425404 -0.23562420770103465 0.335914332356968
0.7340210883000964 0.07181981332473364 0.1843128070738551
0.08195158334742492 0.5227342266297477 -1.208204990435366
-0.16046297399514153 0.2792356548845336 1.1030301682616201
-0.17250949292917994 -0.28156091468817457 0.4262612428149781
0.5550298821771866 0.761411861380755 -0.46064618039063365
0.04022930171360395 -0.9657447163120221 -0.5357869189241589
-0.7103163176873586 0.5716035382226128 -1.0701732260787526
-0.5646004403879583 0.7721062585096283 1.1673993226890849
-0.2720603131363766 0.011650159186009201 1.7667758063351497
-0.037950350871702065 1.1808631404356373 0.5711728994219998
0.6457705459148297 0.05109410000120884 0.07985351745102065
0.01707610530170589 0.24559616750798052 1.650269147962271
0.9224627320239032 0.08921257277951433 -0.21340048753267427
0.31069164735685595 -0.5536788685761276 -0.4655403544635517
-0.6255981017417038 -0.2965556043834603 1.2965653543314848
-0.6131477012302664 0.38054432976235475 1.398201282322006
0.5928958544421716 0.2125089322807756 -0.07975879500144023
0.06557243814017344 -0.7355639717302507 -0.7633163972365029
0.44321368693679264 -0.4503366032106797 -1.1357574394717083
-0.3289885017167342 0.8820821931347056 -0.9328128464051129
-0.6833442902053506 0.6893618531623047 0.18483082952217655
0.17230833452129257 -0.7480263777146394 0.2646881373064396
0.7491838596668108 0.528792731330368 -0.7741315547705141
0.926968990023596 -0.4591927678673171 0.3138509367694504
0.5991000662837425 0.8250963890422622 -0.7804074946917372
0.5911832087016453 -0.34737830215790866 1.1349888023526455
-0.3307340438547157 0.4025419041146838 -1.1927610618000006
0.6774024625047279 0.5223270682253123 -0.3478604078594132
-0.19900933326629167 -0.0032965787558878468 1.3159483447464595
0.15671082680699278 0.720082747340288 -1.0697354772799246
-0.05686017874348326 0.403100110525058 1.7932879262921473
0.1450796385439017 -0.4852873090429597 0.8438694116618373
0.7708678514238212 0.3761778719133855 0.6154880473315996
0.48837741527520695 -1.1925352044323678 0.4561945756603216
-0.32755326263844964 -0.19504417208310243 0.7005423799634496
0.7178488751416823 -0.1578338246910529 -0.9525787447528606
-0.13463574509105714 0.5243808388181845 1.3348494437565677
-0.8948485086485827 0.3896148202279961 -0.07119178407881543
0.32752521712754845 -0.5443404406412358 -1.0290862436479506
-0.8287232623044094 0.7004192346054889 0.2981240381939707
0.003711758671956611 -0.48875049326001596 0.8036976633198019
0.22267128030262295 -0.45385451564665624 1.196993543940843
0.6601206884403212 0.407622751135325 -0.330000818092822
-0.6226155971088463 0.7541923580854673 0.42594768210376444
0.02858072195480732 -0.42582736742034255 1.795306659931637
-0.675800126461743 -0.3073217640033685 -0.6395432832931767
-0.3136476873330025 -1.1436375778226822 -0.7337733978371932
0.5635584402255143 0.09140621767807122 1.2059155129280161
-0.0182639889925047 -0.09036978577571197 -0.31240840189842656
0.34053504873868756 -0.24045941328006393 -0.06037806193961481
-0.45960817879813654 -1.0857416184448674 0.8368927638103982
-0.14646353212504737 -0.12887893678145002 -1.1246940863195625
0.6936191301615504 -0.2902470814018234 -0.005484185031471522
-0.6632801018168042 -0.09458342670859521 0.4088907181053769
-0.3912587830699894 0.4105034366997782 1.5419467081166442
0.37397850945470323 -0.19194245087878326 1.596464429749501
0.12438847590312441 -0.7971463974674552 0.9034849788038675
-0.22301247183821182 0.5946998113645243 -1.2128858856799782
-0.14130365673994105 -0.20130894349323336 -0.2956901028489374
0.5142431544752675 -0.26343033763619017 -0.414831190547547
-0.375149396175555 -0.3028312607264496 -0.40590682132736466
0.7498149121342896 -0.6552519612694883 -0.12128214974047768
-0.44713933682137763 0.0713001110939504 -1.6258823867193333
0.4846073442358647 -0.05525793521997402 0.03900159958033056
0.20817089050232784 -1.2789214570527827 0.0356973534524756
-0.2912862158345684 -0.17686985278631506 -0.5853285285495158
0.2827966529553718 1.0975301947068998 0.6903663675085911
0.3562509946989776 -1.0063177730073511 -0.013883276463656724
-0.14003221150001388 -0.4411441775176601 0.41676205203021066
0.8492802424408437 -0.12559564231723885 -0.4464895839937726
-0.42152012871352285 0.36408370179105365 1.395869108513772
0.3956973611416097 1.1022757281380287 -0.2741782150428511
-0.40535835419630106 0.7612136447166549 -0.6924184537992844
-0.03072002382012795 0.09660100139705907 1.5150389528902326
-0.15661190317565277 -1.0240198060974486 -1.0416160654154956
-0.059468631216676116 -0.6617131487938395 0.8702612943852768
0.12258661690314732 -0.6223269927429406 -1.197486381206537
0.8294280462492418 -0.796525528908162 -0.20343152873829196
0.23828137456669518 0.8396926614085833 1.5020440732410898
0.11678089054571639 -1.0275666177706746 -0.6459279165197351
0.24513386748081922 -0.9449013885374026 1.0097030998519312
0.34238729455544803 -0.45327833649837146 -0.5863163520753845
-0.02500910247469834 0.8891807399403104 -1.588644780177673
-0.09122087284684022 0.07083468212816779 0.04032328111759398
0.6185995989652318 -0.11400318612708094 -0.20888698581593346
0.8484522421817087 0.3175700047253267 0.30234670770738825
-0.117575207489784 0.07729244917711497 -0.8548239567602689
-0.4261650631924989 -0.5555753056442492 -0.3426356062502429
0.333378682417516 0.8925073802091932 0.7281573443117768
0.38676517472245764 -0.5434529010379396 0.36853046504757847
0.4046711863108521 -0.5479878756014931 1.0850106461469746
-0.6740378033474932 -0.3389396591732883 -0.8640631053858798
-0.15703412469230904 1.0420475255216775 -0.8281274773928584
0.3418929999400988 0.3757805957986946 1.6551547766709636
-0.514813637013684 -0.922502365701113 0.09939683749820549
0.27237279880933185 0.2004408202126906 -0.852827287999149
0.001355099976287244 1.264015204646625 0.6992052294722217
-0.06542310855025701 -0.8945100401703425 0.3500242262322706
-0.22970204231347924 -0.8485909869630996 -1.480361808059107
0.11599783459558677 -0.7507315532507591 -1.2117368135814433
0.43415984396287666 -1.3094714050006155 -0.04972977549722746
0.5011988551728837 -0.3262047695247601 1.5777629434300713
0.7612498430210204 -0.31699961774509244 -0.6798707133487327
-0.38296190548919995 0.7743577349187496 1.119389494862407
0.5437214385497253 0.2019091008253513 -0.4948503184174613
