0 0
0.850632368272806 -0.5257609476241054
0.07295605949791495 0.1029039541878698
0.7530538482406872 -0.6302174530477882
1.4417206382158387 0.09486050992262274
1.5945425344735238 1.0831142567023684
2.083478313410292 1.9554340398527312
2.7662590001298772 1.2248106527080742
3.6294409903105542 0.7199177414608222
4.0523132765508825 -0.1862715486601092
4.420365924429627 0.7435334031386239
4.9934661827937665 -0.07595185839019503
5.6551088098962765 0.6738674758503197
4.669632808973985 0.8436822325889725
3.985576423120723 1.573111366208801
4.040675044032813 0.5746304490283144
4.665869626457495 -0.20583847034440983
5.356430967757009 0.5174353601669779
5.649443184368993 -0.43867333706160194
6.004826174386432 0.4960474396446102
5.565187189920375 -0.4021271332184021
4.575474168903098 -0.5451940267642391
4.061396449830087 -1.4029376357481187
4.902616010183401 -1.9436313117597557
4.325334998575413 -1.1270857627321105
4.632828511834963 -0.17553558575598316
4.1857364421094445 -1.0700235293240072
3.231738346688892 -0.7702108645915804
3.7075863584395017 0.10931666181847555
2.707630966149613 0.11876194796423906
3.35755262281623 0.878763158618354
4.185807180496542 1.439115179835188
4.613410081699255 0.5351484996511103
4.679887898780106 1.5329364028831374
4.608160263353706 2.530360658812447
3.948683585732821 1.7786356348348495
4.366368117698644 0.8700435196607793
5.307320130974004 0.5315035534632155
4.377492724348041 0.16350763787822364
5.009692340244679 0.938313191330278
4.269971435981258 0.2653993901672259
3.2712915029446714 0.2140341163916674
2.2815554270938385 0.07112680321492904
3.2304178147711706 0.3868167923676927
3.8327279029359453 1.1850790034831513
3.711903451720493 0.19240511343240319
2.714115549835542 0.25888295073197115
3.0551246905054734 -0.6811770292584309
2.080151493043849 -0.45885459622150904
2.305545662477194 0.5154130612450891
1.5085573592067854 1.119407800005416
1.6916299573706737 0.13630840330052352
0.9803102802939694 0.8391770375441445
0.4458478375883198 -0.006015187536700717
-0.267628387168125 0.6946642517986427
0.4160623774068666 1.4244360917834857
0.18279653634589238 0.45202308930248414
-0.15241607695500403 1.394165596508259
0.5745137139786354 2.0808773839803947
0.046558284282681495 2.9301494630307783
0.5260425390159353 3.8076999456030896
-0.3791018451878896 4.232804219569229
0.5950754075126654 4.458588807884728
1.0492670825395916 5.349492799533792
1.5317210712732339 4.4735714852851896
2.0744920179079163 3.6336907202421447
3.0303435654911217 3.9275407142574426
3.9741863839405664 3.597145898829887
3.1889111845998395 4.216292780676498
2.508071778552858 4.94872551012924
2.6119041914406234 3.9541307031681816
2.483534905389985 4.94585714044756
1.8627369076836877 4.161886575921154
1.2417773370834682 4.945729169609447
0.24892034644473604 4.826418666552086
1.2488014229242195 4.8109968346819825
0.26598359206391986 4.995575033132004
1.1821911232848827 4.594870953125339
1.863187954804594 3.8625845914743016
0.948981647787988 4.267833685502973
1.2707888282851543 3.3210284581301703
0.6757573685536782 4.124730866941932
-0.2584149752903131 4.481552996296354
-0.10488830930234577 3.4934084912614782
0.8923613318163364 3.5675243012392395
0.9934615342488344 4.562400549356616
0.5100375834240836 5.43778691192402
-0.3905318264079024 5.003074664483407
-0.04203372418272083 5.940384150590022
0.46531845608438666 5.078645347252135
-0.3803106675068216 4.544874436341504
0.5572743886284648 4.1971183975559905
1.5323776143484813 3.975366961956537
1.462656384609725 4.972933476091668
1.1691317568901118 5.928884987896562
0.17031268351825124 5.880300436148318
1.1302765868925748 5.60017670595337
0.7099677811304963 4.692795579965588
1.2896180369687682 3.877930204025104
0.8140197026625668 4.757592766832666
0.18233313070729307 5.5328166537268935
-0.05466447547894013 6.504326887672988
-0.2891569426750841 5.532208950986155
0.6642193113535375 5.230424726324969
0.8867529765538782 6.205349732595966
0.009105367325317526 5.726043281548839
-0.9409975943620476 5.414106810143367
-0.7105243149216915 6.387185464448356
-1.0124706946604325 7.340510374309977
-0.6526915820638526 8.273547881669256
-1.5977429226477096 8.600469835139277
-2.047038644120143 7.707086740007874
-2.5435502896342714 6.839056679544037
-3.310666724033305 7.480564571993471
-3.089874196553912 6.505243773584423
-3.6014530518807075 5.646007441262212
-4.326715224210544 4.957534652121344
-5.018023277848829 5.680094805309193
-4.380916455270609 4.909319288946429
-4.898167445440667 4.053485535716227
-4.691079520233263 5.031807870753761
-5.0337390231247285 4.092348204201667
-5.074772911981603 3.0931904489070976
-6.051574559640287 2.8790443746230214
-6.925171431041025 2.3923940830595187
-7.1721346801819275 1.4233692363327857
-6.875887844420224 0.46825782277875505
-6.135331155737617 -0.20373606919307896
-6.2076791139475915 -1.201115522030788
-6.118426825742517 -2.1971245727176574
-5.462033408467759 -1.4427058019024257
-5.920684500888538 -2.3313222407674883
-6.901536312592861 -2.526077788766376
-6.066556894272527 -3.0763589632412414
-5.708212363213172 -2.142769547566529
-5.504731183861434 -1.163690689838702
-4.527765668981609 -1.3770879314694207
-5.514697750870768 -1.5382247234752544
-6.4574493922820615 -1.8717203645506846
-5.956688651858005 -2.7373061089168624
-5.043443053643472 -3.1447155802620683
-5.8451589121195635 -3.742420927626422
-5.250777352679864 -2.938237763292555
-5.851478891979591 -2.138764398706255
-6.851125158439084 -2.1121684976386854
-6.476090974663011 -3.039179479773965
-5.504519317284805 -3.2759251546644803
-5.796645785253599 -4.232304852646447
-5.2421198729375895 -3.400138395397599
-6.224310877999 -3.5880235453601697
-5.378145733904192 -4.12094431706926
-4.385701002604656 -3.9982517935978095
-4.812578681445753 -3.0939424177162826
-5.582185828215052 -2.4554247283437647
-4.582226639000547 -2.464459101895381
-3.6290341733486393 -2.766823325017821
-2.9372172095536504 -2.0447504141525243
-3.6285424447606665 -1.3222066997891897
-4.333034772774904 -2.0319183030260817
-4.923909583141401 -1.2251550425373827
-5.7769938740823275 -0.7033819189004733
-4.777104362178483 -0.7182467762725714
-5.538549867412357 -0.0700178486866978
-6.348790037866968 -0.6561158491795185
-6.746701811730083 0.2613078371405535
-5.796197784303826 -0.049404399255866926
-5.182054061152466 0.739789802011341
-6.097281791377955 1.1427267720529348
-6.916950098556889 1.7155652014607572
-6.805685380157082 0.7217743972975209
-6.285825866402333 -0.13247737235746515
-5.350035634546629 0.22007991655236253
-4.493506971898536 -0.29601954097716193
-5.206158400618911 -0.9975378523153682
-6.0045424928654105 -1.5996863732366877
-6.618425139779054 -0.8102890741418033
-5.919776967968625 -0.09482367873406916
-6.287815485729146 -1.0246342236541828
-5.288053004623135 -1.0028401562789853
-5.127222156923326 -0.01585817142406365
-4.465325099621131 0.733736576112694
-4.17427494649631 1.6904443728646692
-3.1905854929449156 1.5105692523733725
-4.127348348182448 1.8605340406696045
-3.8752219994676347 0.8928397168856234
-4.529337440467279 0.1364449853823947
-5.412258013977207 0.6059673606457031
-6.410633617846742 0.5489923345540559
-6.640260782200786 -0.42428633334672594
-7.153437589177409 0.43399658316814793
-6.4471833405384595 -0.27396170393599495
-5.459109611652216 -0.42794321673812874
-5.406098248027764 -1.426537125855682
-5.650202033062223 -0.4567880128724061
-6.100053761831633 0.4363152410255814
-7.01739872897055 0.8344084603409827
-7.965025228268593 1.1537891388864054
-8.162773256000406 2.134042023364782
-7.623692767951937 1.2917877699439853
-7.904900303816866 0.3321407922627264
-7.516629493198322 -0.5894045281755136
-6.7011372653651105 -0.010636503537295061
-6.2528477834205045 0.8832519349033401
-6.772246058295455 1.737784223384545
-7.103214953864591 2.6814258874529275
-7.454566806342934 1.7451823957478916
-6.473167663304711 1.9371608373600746
-7.335566315145454 2.4433905928103727
-7.62973313884467 3.399144682435269
-8.621948515725588 3.2746109686022016
-8.810780574035629 2.292601572641861
-9.167274831712053 1.3583040588681512
-10.02828602884951 0.8497180598434804
-9.550203158992941 1.7280327924705194
-10.048903393230471 2.594807316998918
-9.052498387513708 2.510089759299375
-9.724235896400899 3.2508790135100663
-10.519886940145895 2.6451237687226214
-9.59047004721595 3.014155256723914
-8.923066668670968 3.7588516581565665
-8.141654359744434 4.382866724848152
-9.097056704133367 4.678173955264427
-10.070903589098851 4.90537924711086
-10.17826483540216 3.911159169465975
-9.778662160492594 2.994470726097608
-10.219044121195786 3.8922812454652593
-11.08401453437759 3.3904583839691957
-10.288006253359923 2.7851726526395226
-11.065714769739273 2.1565475946351276
-12.012018498784814 1.8332686865781627
-11.012447870714839 1.8039675005988154
-10.109033663318518 2.2327364009104853
-9.162517971667327 2.5553941847280592
-8.751917331534903 1.6435788995288896
-8.842951680819818 0.6477311464811297
-9.261678817056492 -0.2603809530853469
-9.934230575353148 0.47966913468714656
-9.977516891162866 1.4787318428609737
-8.99081208909084 1.6412545599438637
-9.979544013392905 1.790951526733226
-9.193654133595832 2.409318001271214
-10.144737935296646 2.7182510071840267
-10.847927206811356 2.0072483008413498
-10.255917227234155 1.2013176685404037
-10.202264002574191 0.20275804013377352
-11.136675685786683 0.558952939417857
-10.323349087155883 -0.02285445479405246
-10.488387437469994 -1.0091416051339506
-11.049887957015915 -1.8366179894191217
-11.575262455873931 -2.6874890936115774
-10.675740107073265 -2.2506143472504094
-11.325821581292356 -3.0104788594347425
-11.507679371742448 -3.9938037010067484
-12.059029012729408 -3.159529421537729
-13.04069346611282 -2.9689122634342504
-12.049618013026429 -2.835610176842923
-11.488032943605797 -3.663029181823969
-11.70742265812533 -2.6873918756681223
-11.68188513974672 -3.6870657400634372
-11.407037042938558 -2.725578078322044
-11.510467028839653 -3.720214815033744
-10.600083830579718 -4.133980971607738
-11.573622035356754 -4.362505289437387
-11.697534841698092 -3.3702121793007627
-11.317586100154813 -4.295219721864433
-12.300550381094949 -4.111423034201568
-12.360535722139321 -3.1132237761073784
-11.619780196402477 -3.7849984787349267
-11.548983496535746 -2.7875077132197865
-10.667507404348182 -3.2597363643007453
-11.562330900130902 -3.706156470697392
-12.117161277284524 -4.538119963037993
-12.3650330460377 -5.506912813060728
-12.016826080769448 -6.444330494427297
-11.033524152351362 -6.262348853679471
-11.911120479373025 -5.7829485128388685
-11.022956587786963 -5.3234216891574855
-11.944671096095004 -5.7112906943312245
-12.888685016636241 -6.0411963139019775
-13.224155533414088 -5.099145608062422
-12.980409043048724 -4.129306627388534
-13.612208156406151 -3.3541744577808155
-14.259047323298983 -4.116800901181112
-15.201422086322944 -4.451360023034832
-16.163596686122798 -4.178926472421127
-17.03353738471082 -3.6857701270901693
-16.40734672704015 -2.9061001582918493
-16.370076285064084 -3.905405374006702
-17.244975390484463 -4.389710603520715
-16.517702986197616 -5.076059530789368
-17.517345635074655 -5.102791057982872
-17.34105262180133 -6.087128791421457
-16.52668614717869 -6.667479758518687
-16.944002535399207 -7.576241020964761
-17.887405637450254 -7.24459273280325
-16.91636217913713 -7.005689819327316
-16.917994864774627 -6.005691152159399
-16.397427716221486 -5.151870419307794
-17.111103708998176 -4.4513944544566035
-17.15980622644584 -5.450207782758874
-18.13128420624362 -5.6873375674085995
-17.584901210280762 -4.849802122354092
-18.49390291629948 -5.26659451486511
-19.493217156276412 -5.303622204224867
-20.462042917463023 -5.055879102481985
-21.44012963360511 -4.847681178125411
-21.28361892145425 -5.835357439347695
-21.24061307162687 -4.8362826188859716
-20.241510113632373 -4.793935489979222
-19.26878665805295 -4.561967649609854
-18.854176880919333 -5.47196695329377
-17.854245027518395 -5.46029268440158
-16.923813782147317 -5.826759187150772
-17.096625369513582 -4.841804287029984
-16.53027421192712 -4.01764024613735
-17.110187890962894 -3.2029623190599095
-16.712226358715053 -2.2855602159170445
-17.023977488257287 -3.235724008759701
-16.49211403077501 -4.082554134933184
-16.384757734363575 -5.0767747470816245
-17.235325296246288 -4.550908963185298
-16.23607659592077 -4.589665058161009
-16.61420278828724 -5.515419119802887
-17.079658258646234 -6.4004904192544565
-16.16561243503012 -6.806101356397353
-15.770563561999221 -7.724761461069924
-14.936588500121742 -8.276563596048083
-14.978210767720936 -9.275697013985798
-14.060392785157866 -9.672698463459039
-13.10470184116097 -9.378326556575377
-12.505145786375227 -8.577993790052755
-13.249799408058632 -9.245444899658386
-12.477120723538272 -9.880242229904729
-12.454963425298747 -8.880487732973245
-11.762233514641123 -8.159290623383724
-10.765280779449029 -8.237298596008346
-10.98682011231087 -9.212450032450466
-11.860766512726777 -9.698472345930082
-10.862999668605053 -9.631679196795034
-11.465079608926535 -8.833243385059061
-12.453289396017095 -8.986349285332143
-12.183992241554863 -8.023292151721398
-12.362975577818094 -7.039440046301034
-13.00712558828359 -7.804339231826358
-13.232698838428657 -6.830113021534831
-12.661942740411384 -7.651232669683684
-13.559308730162753 -8.09251974227651
-13.662549606697077 -9.087176125864543
-13.234248204922455 -8.183540187425896
-14.22617510033206 -8.0567291699114
-15.043580320005335 -7.48066605978293
-14.950913596210743 -8.476363241812274
-15.891197240134666 -8.816755176160237
-15.947502528072908 -9.815168775101172
-16.74475829807268 -9.211527128756197
-16.518212422451175 -8.237526632740467
-16.31635340933212 -9.216941222596368
-16.6702343325692 -10.152231708044003
-16.240669723570157 -9.249195581028312
-16.215794778529574 -10.248886151709675
-16.219504878625276 -9.248893034154719
-15.501973236676939 -9.94541894379694
-16.424373837715045 -10.331653498445458
-17.02485445513316 -9.532014187189965
-18.02197108192848 -9.60789852396851
-18.9599890657605 -9.261311937373307
-18.35849645687583 -8.462433572753815
-18.274945429852288 -7.465930072567634
-18.326526863598467 -6.46726128077894
-17.603666538415403 -7.158255456062811
-17.27744400453824 -6.21296245471838
-17.489475044838937 -7.190225386558632
-18.436038340338563 -7.5127434908766455
-19.40357779480875 -7.260023479711063
-18.837117766073348 -6.4359342637610615
-18.967227036942973 -5.444434602826286
-18.048920946484177 -5.840305698293339
-18.605721531085358 -5.009659498646471
-18.928834271971137 -4.063299019401231
-18.769564570203656 -5.050534129240268
-17.93381554069913 -4.501422519745223
-16.9376090451011 -4.588443311101628
-17.34600159385709 -5.50124971232841
-16.35326897750039 -5.380908728363739
-15.549404899139082 -5.975721760769992
-15.318327806792135 -5.002786317180603
-14.85149582417155 -4.118440287618343
-15.232274075045018 -3.1937739025573615
-14.254725167210983 -2.9830652582342436
-13.989308447239353 -2.018931468369216
-13.218872088841886 -2.656448383955971
-13.61586905073064 -1.7386284603047684
-14.364654718167174 -2.401440669185704
-14.02333024814508 -1.4614951355699866
-13.308630941916453 -0.7620632935179391
-13.931774297906257 0.020044344781141366
-14.930846267865638 -0.023027674459660606
-14.883229187050473 -1.0218933379072745
-14.72594395639125 -2.0094465548107863
-14.182386185413245 -1.1700747959283335
-14.974381654983905 -1.780601761900804
-14.048536147404223 -1.402699531033452
-15.034920861842005 -1.238245296902822
-15.987703389542554 -0.9345917856296084
-16.975522699368135 -1.0901970912451833
-16.696365853373923 -2.050442609503177
-17.38175132045275 -1.3222621637913066
-16.382656304494052 -1.2797280705661196
-15.989844196495637 -0.3601093192295447
-16.802417203741904 0.22275010455526434
-16.45817722035247 -0.7161315886500316
-15.480403202081483 -0.5064700299555334
-14.553782279666606 -0.8824669264094864
-15.513672328176586 -0.6020902248604645
-16.280046833746866 -1.244484276212055
-16.402986575409702 -2.2368984135155676
-17.116409770252844 -2.9376318471833263
-16.36792853441526 -3.6007878164688667
-17.286931737513417 -3.995037880128123
-16.456202522575502 -3.438361159356867
-15.733128383606983 -4.129131591233431
-16.725024307310527 -4.25618463740036
-17.530318833459944 -3.663309670688335
-16.56312555435078 -3.4092680188946574
-16.13681744843785 -4.3138460414183815
-15.993450549635197 -3.324176433757466
-16.445290712811556 -2.4320775227948075
-15.75908765788202 -1.7046674820300587
-14.887180658559805 -1.2149959752697312
-15.089741855883421 -0.2357263692169227
-14.12393215378262 0.023525669016075723
-14.694534708950084 -0.7977006846991239
-15.095801093997952 0.11826071636023028
-14.099826316649219 0.02862677811616106
-14.483905420005838 -0.8946734127019584
-14.227642164691872 0.07193361395152542
-14.75888729532342 -0.7752845463709906
-15.194823395153053 -1.675262166573476
-16.19477454518427 -1.685146373736756
-16.98658267157225 -1.0743764571675487
-17.922379335008223 -0.7218362400261524
-18.298164484311712 -1.6485430553474565
-17.903195747963174 -0.7298484938596685
-18.519256461384828 0.05785017782792801
-17.575061052537542 -0.2715356596206587
-17.84029285442316 -1.2357203365723866
-17.13941637637972 -0.5224376699349439
-17.952432894509975 0.059802951498630685
-17.589208044849755 -0.8718985611057598
-18.351785677849733 -1.5187952712907389
-19.086396629659546 -2.197283848557208
-18.09832761116581 -2.043272112988685
-17.768265495679056 -1.0993128978101854
-18.339247888197946 -0.27835059207781887
-17.514667434844924 -0.8440953012427592
-18.04274153871262 -1.6932935942369984
-18.908173677226923 -2.194319754857939
-18.932478850091698 -3.194024340509127
-19.932395557571112 -3.2069308545050297
-18.997205479077625 -3.561077034898587
-19.03760980547726 -2.561893623102639
-18.10722068346295 -2.1953201902990056
-19.058965568293626 -1.888429861030322
-18.79302206922094 -0.9244412432028207
-17.90445550801057 -0.46569352789648943
-17.73748858916446 -1.4516560261747131
-17.947203561115728 -0.473893462696504
-17.47035027235413 -1.352876364121354
-17.691279573351096 -2.3281661897429435
-18.080160498506963 -1.4068781641776937
-17.772315757971715 -2.3583147704341405
-17.8247640570877 -3.356938411211706
-18.715793537273523 -2.9029929679701336
-19.647364297973567 -2.539432907170354
-20.02019725374743 -1.6115344283005346
-20.823680499134106 -1.0162070608942537
-21.00257592282536 -2.000075155397946
-20.990330108743148 -1.0001501381904236
-20.235142456289697 -0.34464147342553675
-20.18909413958996 0.654297740205163
-20.792474955768046 1.4517509304729472
-19.90806925950047 1.9184698656035666
-19.412765428992156 2.7871896797460733
-18.412988986763473 2.808333604749645
-19.33081487530677 3.205316776080255
-18.529875664063166 3.8040624482086414
-17.62170102753316 4.222653931117206
-18.1542263280949 3.3762398455411042
-18.04636477861025 2.382073920686118
-18.995672251168433 2.696422966406315
-19.114717020910437 3.689311853843914
-18.156522399930378 3.4031946255529877
-18.974486862625962 2.8279258729102588
-17.975998821646172 2.8828952463862083
-18.36133812746889 1.960120290403947
-18.976162002094213 1.1714558476967163
-18.255590380800196 1.864836362699634
-17.832441258528494 2.7708964160739615
-18.832154039921466 2.794862114885574
-17.83248690978429 2.8206619002199265
-16.898871364496067 3.1789383487846865
