0 0
0.9836002088439972 -0.18036249377862637
1.3352383003438737 0.7557735287129368
0.8724960187442474 1.642266383066525
1.0251163803134062 0.6539814923419428
0.47685191051358455 1.4902865031813617
1.3247912537003623 0.9601932375422139
0.4334535198090458 0.5068533604726001
-0.05149182009407849 1.3813978232109125
0.6377966322730314 2.105884834435651
0.7182510871893392 3.10264312042284
0.1765019229101954 3.943183329456798
0.0871943042618451 4.939187420438035
0.1976093829790438 5.933072982458067
-0.7481534487545289 5.608215065652437
-1.4575741905375086 4.903429842248819
-1.0317066490630267 3.9986443222947914
-0.6197728630887864 3.0874305405877056
0.04095413708359863 2.3368042479205746
0.9654358756099629 2.7180305785055316
0.054431909596675654 2.3056329864804797
-0.8130151604120245 2.803162463731146
-0.7403425592577241 1.8058066129730186
0.08393742958858019 2.37198900406933
0.16018064123531714 1.374899753962906
-0.724490900038301 0.9086849278788776
-1.6777183172722832 1.2109389452772104
-0.6843855490301723 1.326221257608569
-0.09571886816249753 2.134597122436457
0.31418004456521903 1.222466166189145
0.7337809594914146 2.130174859654785
-0.24154359752081622 1.9093989359472945
-0.8434412490600748 2.707972174336564
-0.3974532919461558 3.6030111355607968
-1.396813910391407 3.6387652164568998
-1.819749990111372 4.544924734682641
-0.847509584956313 4.310940558756305
-0.16930596125954078 3.5760665254658592
-0.6053598178232824 4.475987096503041
-1.5983317761708815 4.357637234080924
-1.90934569407786 5.308042591214474
-2.9041835391337445 5.206565194496962
-2.912790090519586 4.206602231546212
-2.021966414511847 4.660951412533763
-1.3196235013841866 3.9491126440058393
-0.3327254269683618 4.110457587262011
-0.9610819697160126 4.888383069031454
-1.8768738242211804 5.290036251792384
-1.0750727685405883 5.887627305197209
-0.3536362253258607 5.195146753763175
0.517461747501917 5.686256030539063
-0.349109346300825 6.185309674334516
-1.0675185863031702 5.489688970301598
-0.07391143638551445 5.376795960630878
0.10503344588730631 4.392936860399363
1.0078417125855264 4.822980153082037
0.45060474395504146 3.9926266375288675
-0.45316009083962794 3.564597288782121
0.41173925474934936 3.062651951120978
1.291493534509625 3.5380806074338667
2.047718535280019 2.883768947588333
2.277932749957593 1.9106289703186765
1.317749579775072 2.190000192348154
0.6563822441832358 1.4399380299828233
0.5039259264885859 2.428248239985223
1.4575188599166893 2.127149390243174
0.6034198530630948 1.607038934193977
0.49048111996141985 0.6134369804089673
1.3268437007120344 1.1616136248587026
2.2719375663686865 0.8348146268520285
1.3453491006009197 0.4587377529204665
0.3460944079566147 0.4201364676007309
0.9066081665968172 -0.40800864430601264
-0.023384823967849355 -0.7755858980916461
-0.354306773026983 -1.719244026669419
-1.229350365943628 -1.2351999062676433
-1.8934118666417628 -0.48752195200488646
-1.358431624889168 0.357342617576733
-1.8587626956513945 1.2231767931726862
-1.8172924332475051 0.22403705452941092
-2.368995716305604 -0.6100034045988708
-1.8913125760898286 0.26852879034539856
-2.356641172985285 -0.6166092197475508
-2.322731854090286 0.3828156939363524
-2.456752322024011 -0.6081628699967053
-1.944786159603129 0.25084274612931
-1.9795047571180455 1.2502398738951432
-2.1859571915482277 2.228696511829524
-2.9816931292664166 1.6230527903036136
-2.2982532694743827 0.8930459697550347
-1.308488475641799 1.0357542487354188
-1.5334705543949292 2.0101171504511606
-1.6980481523073494 1.0237530116741176
-1.169887409714785 0.17460860111483523
-2.0707718810142453 -0.2594503457708293
-1.4918908479112953 0.5559616663516691
-1.1377163231724956 -0.3792176779593809
-2.135312774662502 -0.4485092357030721
-2.9701999941164234 0.10191181294287088
-3.7838009691820704 -0.4795118306873385
-3.99158978595176 -1.4576855410401839
-3.6483338018508507 -2.396927431811095
-3.8755242807141537 -3.3707777726303934
-2.994537066241938 -2.897637700414473
-3.1271896321370534 -1.9064751018659596
-3.054635178226046 -0.9091106493122928
-3.452385848330137 -1.8266041939390365
-4.410195857956201 -2.1140063259076753
-3.6292523211751777 -1.4894046989806025
-4.227373064113786 -0.6879986989615319
-4.968443766748249 -1.359425697001426
-4.565404688040108 -0.44424292780497066
-5.53080660881681 -0.18347649714210085
-6.254954134327254 0.5061686009316124
-7.237258006639839 0.31887444074581994
-7.301385053784238 1.3168161834465348
-6.3013918409121725 1.3131318639974585
-5.507761591070617 1.9215322474099201
-4.698230544403497 1.3344551788047512
-4.7097685941495255 2.3343886132932967
-3.7165751696187175 2.21791191404076
-4.588049205340549 2.7083535569124715
-5.441813891777017 2.187694493614771
-6.088332831184395 1.4247965574610812
-5.322490460165854 2.0678249104539317
-6.199589887321198 1.5875160568151854
-5.292941722627638 2.009403607541439
-4.569345517341866 1.3191800700580882
-5.3792312643393005 1.9057677248978464
-4.379240385248431 1.9014966904716692
-5.183159840185272 2.496234876545215
-5.3666677478789 3.47925311025907
-4.4291771661720425 3.827263755514266
-5.257955259778834 3.2676863510763345
-6.034360985063339 3.8979197600173725
-6.484024106686263 4.79111798944482
-5.484121238015679 4.7771805139080765
-6.337594756672525 4.256044300474868
-7.296904723002452 4.538399375690587
-7.630182871880435 3.5955708252740943
-8.60338776488717 3.3656311892220447
-8.077541815732044 4.216211013669548
-7.082053768241864 4.31109803756739
-6.445250046571775 5.0821239904815085
-6.196726481552019 6.050749840657866
-7.1817610576895765 6.2231066908655155
-7.829023509664515 5.460839468519316
-7.726650319002247 6.455585531509075
-8.71022096094296 6.636109192873266
-8.357719869748308 7.571920595190303
-9.032900913601587 8.30957265274942
-8.290641340596057 8.979685125608752
-7.761788076623211 9.82839840180117
-6.762943635582509 9.780338204110283
-6.2223279834146545 10.621607909158032
-5.63793048104685 11.433075443460096
-4.655607296977485 11.620268290652033
-4.508556355400693 10.631139370550422
-3.641919999404057 10.132199067042205
-3.3788450987044856 11.096974479571935
-3.0598601970192836 10.14921468273685
-3.794823875745532 10.827321157380162
-4.137711289214331 9.887944650496646
-4.269728974036197 8.896697289393337
-3.3499611140380523 9.28916013313072
-3.553835423459921 8.310163061655143
-3.6512647742683346 9.305405505284357
-4.54394865412245 9.75608886491571
-5.510283205411059 10.013377681201694
-5.513059846069775 9.013381536075798
-5.966539408718777 9.904648211240795
-6.5542583507628445 10.71371337867949
-7.212654002251348 9.961041361064229
-6.9040606083286145 9.009847312918822
-6.0509913451279616 8.488049620146715
-5.169716483456257 8.960653702001196
-5.686807475970487 8.104723269395457
-4.842089984285069 7.569510826303281
-5.600280520839375 8.221543885495446
-6.4339922155808535 8.773743858377818
-6.633152410362682 7.793776911580905
-6.957778574874555 8.739619315638954
-5.958126624135668 8.76600069892219
-6.898182757677145 9.107020442912253
-7.17931981769889 10.066688069480081
-7.995703624512783 9.489178346642397
-8.172504011635295 8.504931617862804
-7.742928690716668 7.601900586470384
-6.756939186603569 7.7687079537501464
-6.2941780593556 8.655190970568963
-6.745198104895964 9.547704790361557
-6.5985853356025235 8.55851082764236
-7.077252747258573 7.6805145241088555
-6.836460485262385 8.651091201431548
-6.120777843785939 7.9526655742604815
-5.948027171858758 8.937631160130723
-4.954445563890661 8.824513573931533
-5.8205110502984905 8.324583005499106
-6.701068106389871 7.850642850028311
-7.402277910539691 8.563597834977692
-8.09120382874624 9.288429594231703
-9.06973014072607 9.49455154057209
-10.014197860335276 9.165947330897007
-9.689874437758162 10.111893586012945
-8.704268303030972 9.942835763987082
-9.530803522895841 10.50572077029204
-10.138301491507725 9.711399539219602
-10.14680230630126 8.71143567179846
-9.289744973949237 9.226656720535443
-8.291096319842993 9.278626573833165
-8.504274272206688 8.301613185682307
-7.9100626190660925 7.497304469285473
-7.162004629432172 8.16093783504164
-7.45208617467568 7.2039359034296195
-6.6503169317334185 6.60630216854529
-7.6129141041024475 6.877238847027829
-8.308648611358429 6.158939817783547
-8.273650524484786 7.158327197089082
-7.821066267209236 6.26660555326387
-7.393042724700059 7.170373137910439
-7.035486340570857 6.236481585229695
-7.7041860643770335 6.98001415303123
-6.7864180251756006 6.582897260642657
-7.083296192441407 5.627981895910842
-7.962816973598998 6.103842374950593
-8.870348709827399 6.523825883839053
-9.043257397615518 5.5388880250442
-8.170618354903569 6.027253770295413
-7.609432681439692 6.854943712181199
-7.0078973859853875 6.056097488980074
-6.960967656880404 7.054995682254109
-7.960686546410652 7.078705214438636
-8.036374755825547 8.07583674786618
-9.032893602998307 7.992468964943317
-8.705064325033534 7.047731983286996
-9.517148087901699 7.631272866247121
-8.53840744468738 7.426171054162436
-9.519282319704843 7.620810411846017
-9.307663514448135 8.598162692889922
-8.973406934817868 9.540644808886759
-8.873208412860764 8.54567734399275
-7.875433184416016 8.47900955940356
-7.697723010198997 9.463092428871246
-7.4346418742732086 10.427866141158225
-6.615306965042812 11.001181330662583
-7.384786535969512 10.362509905024593
-6.884101166811317 11.228139248976682
-6.224941913999779 10.476135871701729
-6.127563096503375 9.480888482404474
-7.026683962755374 9.918588914058654
-7.903903913285707 9.438500215596004
-7.999276164836876 10.433941893261784
-7.225587714600248 11.067508134447696
-7.71022184973151 10.192791177332095
-8.56195417404178 10.716768321609424
-8.223541832219016 11.657766242383977
-7.400396722549447 12.225597316231712
-7.789895318153174 11.304570256899183
-7.769531018693563 10.30477763074738
-6.771718010790579 10.370877564632373
-5.8618230983645505 10.785716386756375
-5.98752737458639 11.777784143988482
-5.441580477322046 12.615603924948228
-5.778164848712922 11.673950612451845
-6.335541051827121 10.843690551867212
-6.9769386515478296 10.076481897671684
-5.976943687757485 10.079655601178166
-6.120015308651416 9.089943263529097
-5.393392268061699 9.776979621289117
-6.225574531102984 9.222477429156854
-5.54396580783081 8.490760579303526
-4.594332482144809 8.177397296919413
-3.8507673491462735 8.846060809449348
-4.342076085075416 7.975075318181148
-5.152186490960556 7.388797968902998
-6.1133734471217815 7.112900097752243
-5.377432197536862 6.435854695168792
-5.879398149184193 5.570967313258991
-6.810070959130044 5.936819907656642
-6.814179188301631 4.936828346465712
-7.654325494507495 4.394468517414332
-8.252046198270767 5.196172926964846
-8.04355233045898 6.174196601057084
-7.307843325998654 6.8514943647888105
-7.600612705834572 7.807677448842535
-8.388318251590796 7.191625524744502
-7.4828357555057075 6.7672419137467195
-8.469057590525459 6.932670122134149
-7.518218565797073 7.242355686947191
-8.114257505908448 6.439400157748401
-9.055271202274037 6.777768630352413
-9.250449668224137 5.797000886985328
-9.640576543075193 6.717761996893294
-10.539217405308955 7.156447078385428
-10.337444081231379 8.135879324990922
-11.310702970713134 8.365590304364435
-11.721266760986486 9.277422182572462
-11.618346677633749 10.272111810769452
-10.828502267627044 9.658804540324073
-10.786157522021202 10.65790759933229
-10.206928719066394 11.473072609515835
-9.973405536770306 12.445423844065527
-10.259211557512497 13.403711336683225
-9.508541404742 14.064388505760162
-8.683505293965315 14.629468514178866
-7.725344605176923 14.34323767296752
-8.72534215136118 14.345452989076678
-9.723548579550345 14.28558708290437
-9.881704858076652 15.273001176161452
-9.06204597777068 14.700149258179536
-8.097683059562055 14.435566261779266
-8.846201970528366 13.772452817543812
-8.766748099893091 14.769291361361752
-9.75712393474074 14.630887222154067
-9.52966458758732 13.657099645013888
-9.888592754085455 12.723734458554544
-9.124537325706042 13.368885062959402
-8.916798242605218 14.347069336679047
-8.899184145924856 13.347224476914226
-9.457268541723764 12.517440283785815
-8.997055109649995 11.629631972865669
-9.010278506745875 10.629719405803305
-9.686029594619637 9.892589520886522
-10.078055002723287 8.972635131038219
-10.80879291243604 9.655293249944481
-10.62837584978097 10.638883450944327
-11.155536956176663 11.488648811443134
-10.183023046278258 11.255804023968482
-9.372138315842092 10.6705981166628
-8.376231395019984 10.580213355454795
-7.411624974174866 10.316519493439824
-8.35801694663339 10.639539979579736
-8.356812283761387 9.639540705186317
-8.300591318168872 8.641122354479638
-8.993459764666014 7.920058338009091
-9.923876271812713 7.553554418208859
-10.196207511914904 8.515757980696756
-9.587010304671153 9.308776746355184
-10.418315464762069 9.864593020681708
-10.709659217016691 10.821211449326169
-11.537487448487697 10.260229792603255
-12.511761438635853 10.485596587231015
-13.343040577115914 9.92974139572171
-14.335305730028207 9.80560491310702
-14.34855450050766 8.80569268191831
-15.264401861637262 9.207219282670918
-15.907102480399272 8.441101853915423
-15.302955900485681 9.237975062135344
-16.09573965165896 8.628472048298967
-16.642576548568236 9.465711206591648
-17.387149783171463 8.798170422584791
-17.209862007089097 9.782329477032683
-16.365103856860603 10.317477743985433
-17.136226225460074 10.95416470996286
-18.013776371099066 11.433649581349838
-18.47863576589038 12.319034098423778
-17.782927491647833 11.60070966117383
-17.124329670214752 12.353204783818224
-16.135622057658715 12.503062239000608
-15.940596566256497 13.483860412787307
-16.445150075946326 12.620479989185013
-15.556844160724278 13.079732208538953
-15.424968563189289 14.070998482944972
-16.115348618899137 14.794445356376649
-15.180710420073115 15.150045465059494
-16.16649831956991 14.982050771078715
-16.947155956019415 14.357091848706153
-16.015052258337104 13.994900329248612
-15.471856215216325 14.83450622414093
-14.674796556214048 14.230605652861872
-15.119415680423957 13.33488592304299
-16.081160222051665 13.060938050904312
-16.90770666577694 12.498069525967002
-17.7178379648889 11.911821047760734
-18.345711174374607 11.133505409468581
-17.77694705600161 10.311004723966505
-18.74207749689006 10.049235298573738
-17.94992287364292 9.438914847607052
-18.790542856888646 8.897289475446597
-19.209590563493222 9.805253692577121
-18.214459767772624 9.90381686728498
-18.847330130001634 10.678074643876293
-19.847329236880714 10.679411147165213
-19.03038707674181 10.1026915385272
-19.569166945017816 9.260244950582011
-19.446098961482843 10.25264319293668
-18.447956448303835 10.313565466242064
-19.358048261678316 9.899158792515946
-19.432990777853227 10.896346648072447
-20.20695546341393 10.263117885692749
-20.859526393580595 11.020845528781882
-20.93145164454029 10.023435503629544
-20.02524636886599 10.446273532122806
-19.2524325143022 11.080906296951616
-18.562004127928923 10.357505548203044
-17.641929347885814 10.749248319838493
-16.705616831824504 11.100416188908172
-16.501300541255702 12.07932111453078
-15.501527310276197 12.100616339742068
-15.498905374890224 13.100612902463576
-14.595632651957352 12.671546021889654
-14.1847352270114 11.759864440320307
-15.179352503096677 11.656247481704918
-16.0997256437713 11.265206202650225
-16.575880156162274 12.144567834932253
-15.608683635577382 12.398597145383778
-15.481835225414132 11.406675031082935
-16.34649772829159 11.909028249563407
-15.633771919240495 11.207585506987467
-16.414229227760295 10.582376430295495
-15.947973467520317 11.467026398386288
-16.2342675133446 10.508884592949556
-15.316532682042483 10.906078222574797
-15.798351260470906 10.029807227116647
-16.033538211584133 11.001757379144037
-15.127610937989493 11.425190697338746
-14.151328759573001 11.208688715577956
-14.832365671336646 10.476439628985535
-14.840123623663311 9.476469722350492
-15.801182579502795 9.752813138050453
-14.95503880108414 10.285767832413304
-13.95640818501285 10.23345251300231
-12.961143793941872 10.136247616694984
-12.29667843090186 10.883566679291478
-12.427410791750308 11.874984376242159
-11.625442011140022 11.277618428998386
-10.83963860293358 11.896094785580543
-9.922578459514849 12.294843695739324
-9.621694118200772 13.248504334096593
-8.628270269778966 13.362999126060286
-9.57787271260513 13.049542270052026
-8.664560079041822 13.456801442292083
-8.499900391307419 12.470451003941083
-9.295524761500593 11.864660725416645
-8.852435165584065 12.761138059201793
-8.18128283040064 12.019818598390305
-7.2503036770186435 12.38489094186231
-6.252623785292371 12.452970554413008
-7.251587818370164 12.498477263994673
-6.747027498995749 13.361853708028669
-7.708044241284364 13.085363525488715
-8.621767665786123 13.491700212875886
-8.267685028128442 14.426914351835181
-8.040426037417465 13.453079996751613
-7.081165351023665 13.735602448141403
-6.422947557239191 12.9827748875769
-5.564795513184953 13.496170514053727
-6.558625122696853 13.385252944402088
-6.29493086899549 14.349859258172053
-6.59652383981417 13.396422485253805
-5.643578577782774 13.093280063986315
-5.0234293371872365 13.877763919389839
-4.494442308315351 13.02913400989731
-3.6395011396456014 13.547858983379022
-2.6994609938790814 13.206795170658792
-2.1364224582814897 14.033225813503138
-2.5206783772534544 14.956452431801708
-3.5156997331012922 14.856790496205763
-2.7132083151185187 14.26012683545207
-3.232366137638481 13.40544844253674
-2.500504289108755 12.723995410650717
-3.0827610471320974 11.910990448958511
-3.156456441784226 10.913709651586444
-3.0727750736663495 9.917217088327732
-2.2730138580860224 10.517535335637838
-2.3543679904424732 11.514220594457557
-2.8942291575551176 12.355974667951575
-2.797236413737202 13.35125975658029
-2.1266091820799455 12.609465232362348
-1.1266201103494522 12.604790147380669
-1.8462465729601896 13.299151547740998
-1.7764016691450697 14.296709410429202
-2.613313577743514 14.844047018534207
-1.864676953648213 15.507027565053628
-2.521293591952534 14.752803069096402
-1.6796922734236348 15.292902338351988
-2.573602649349006 15.741148074319394
-2.072414452041491 16.60648638439219
-2.964806902506051 17.057746524836546
-2.137100755334993 17.618908296463268
-1.187629386862885 17.93276195734952
-0.21637415219163225 18.170802435259663
-0.3709690588952087 19.15878037773678
-1.3514505189231374 18.96216881515334
-0.6295845977707893 18.270135873828384
0.11503691250327464 18.937622807361297
1.0126309293058102 18.496799735142645
0.14806596155037877 18.999320795925225
0.7620865033322152 19.788610840376528
-0.19190610924122797 19.488780729888443
0.5416773153819406 20.168380140657863
0.9819621227164697 19.27052197344525
0.7563648849710524 20.244742629314153
1.5308322531246668 20.87735648915696
0.532942668382323 20.942290121911892
-0.4486481429918808 20.751294103561424
0.545206900544539 20.861983544960417
1.3145596033828055 21.500807792023295
0.48662310045681234 20.939985942303906
-0.4538399091772112 20.600089888325467
0.5120781373274772 20.858937966233274
