0 0
-0.9872000983654047 0.1594865693007889
-0.46342405977172363 1.011342579078915
-0.9385317167734648 0.1314149034951112
-0.3899570566362902 -0.7046866706305349
-1.387518498656807 -0.774480433918864
-0.8609269676351966 0.07563800456857184
-1.3770145743083155 0.9321738078123195
-0.3779009030061885 0.8900802000174852
-0.6232075566136144 -0.0793653351705037
-1.604345301242243 0.11394458714350375
-2.5838721842198007 0.3152579883970468
-2.0082253592828745 1.1329564248270279
-2.698361831277351 0.40927717956500087
-3.5936774838293872 -0.036155062527241155
-2.6659853017012036 -0.4095010350758261
-2.624886190465835 -1.4086561096541734
-3.622737821365952 -1.4741704035905152
-4.6212870363237695 -1.5280170869343042
-4.057966439543151 -2.354255493959012
-5.056827895477993 -2.3065502337906905
-5.486839657288199 -1.4037269483660824
-4.575801314540165 -1.8160485922836878
-4.465926074147332 -0.8221032056810751
-5.018714027482579 -1.6554251594585025
-4.891148993603753 -2.647255367776183
-4.365839674374939 -3.498166713999372
-3.7232041697328597 -2.7319946653226928
-3.358328232346211 -1.8009385175441528
-2.454469057965754 -2.2287686157002766
-2.8258264587423683 -1.3002786152756962
-3.7898663641579082 -1.5660361377776875
-2.811376487881914 -1.7723309802371867
-2.667773417765795 -0.7826956139263294
-3.389365292725941 -1.4750143020978248
-2.510594958239547 -0.9977693972254191
-2.1236121973062247 -0.07568244756154752
-3.0812820328934585 0.21218642190217324
-2.0839366828570767 0.13936985262836787
-2.852833644164888 0.7787425630966941
-3.6687009140709232 0.20050334106478085
-4.281879704683264 -0.5894408156597232
-4.011475792012219 0.37330615214240404
-4.613148167807276 1.1720491347125992
-5.343387572378614 0.48885779108235505
-6.2600579959597 0.08921378132908492
-5.330203512641836 -0.27871371132900274
-5.559301388793784 0.6946896804581157
-5.808372723673017 1.6631748223893057
-6.258977052118762 0.7704510469772476
-5.3259061633078915 0.4107585165381366
-4.71664788330967 -0.38221332927582946
-5.714391265274963 -0.4493560410505263
-4.745255611471285 -0.6958841013733186
-3.7512323991102567 -0.8050530222595363
-3.419855945108444 -1.7485516421489269
-2.778122137943448 -0.9816241874692032
-2.48572696369242 -1.9379217677624458
-3.391026389637943 -1.513147769755615
-2.7787238617550476 -2.3037713302116742
-3.46131145484287 -3.034575119037768
-3.082040089882883 -3.9598606056425174
-3.1783636554851613 -2.964510531191491
-3.0128712121717856 -3.950721589335826
-3.9219273959488827 -3.534048030375553
-4.546964537928626 -4.314643041342055
-3.6860090038022477 -4.823323263345194
-2.6880749764399465 -4.759076263162635
-3.6356076517242437 -4.4394173366979075
-2.635805090050581 -4.459287859357926
-3.599272609203168 -4.191462656029412
-3.6449191564306687 -3.1925050029098174
-4.180180747726071 -4.037191352322375
-4.258623965384257 -5.0341099355594565
-5.251036646835569 -4.911158442300461
-5.1759155713902825 -5.908332862361436
-5.762367964470072 -6.718316560130093
-6.640696817555997 -6.240259632728384
-5.974698338200399 -6.986212731452447
-5.28407887373617 -7.709431063149827
-5.922673344249713 -6.939887625630198
-6.425012647798956 -7.804558212680354
-7.258574854795407 -8.356983815877026
-7.769050662349622 -7.497091700607982
-7.126955211314329 -6.730466999884229
-7.669459528137174 -5.890413985944883
-7.379826911784351 -4.933276092251075
-8.01257361807584 -4.15891725703495
-7.488132031881235 -3.30747082732273
-8.34230010499891 -3.8274678493011614
-7.51605523337475 -3.264156734450074
-6.878236095132644 -4.034342911223
-7.874888480781874 -4.116098780612899
-8.495811234690828 -4.899970539051816
-7.519795029870654 -4.68227265681953
-8.379219929763202 -4.1710106482127065
-9.374308931282506 -4.269994884610801
-8.454915535322979 -3.876655611888122
-7.937659461062373 -4.732486292362073
-7.694011411869843 -5.70235000862569
-6.715819712910676 -5.494645891941935
-5.7289905442702755 -5.332880036705127
-6.447467459996519 -6.028430841153304
-7.409321533261957 -6.301993890088437
-7.988743550269091 -7.117021574408046
-8.986715898531754 -7.180670550072291
-9.657841773542788 -7.92201396569738
-10.027476130649783 -6.992836672579377
-9.25380994422452 -7.6264301005615405
-8.89101433426793 -8.558298838848337
-7.908691627833063 -8.745494192483186
-7.094229203060891 -9.32571049579966
-6.646324560804662 -8.431629162002046
-7.103455679894461 -9.321028476123498
-6.5436174653112635 -10.14963041523075
-6.9012935621006095 -11.083476125070195
-5.907430762077826 -11.194095900566591
-4.910511891481993 -11.115656334976718
-5.106427609958424 -12.096277072700463
-4.691556296111614 -11.18639697458477
-5.014569636618956 -12.132791385945218
-4.045487832624808 -12.379531040576264
-3.8098098120094472 -13.351362235073964
-2.8801261231158257 -12.98300339018878
-3.2041702658502915 -13.92904535202741
-2.2215814487250887 -14.114838830008999
-2.739550778662092 -13.259439640598224
-3.0874389839283727 -12.321903616417496
-4.059612344787561 -12.087641036316127
-4.730986789840442 -11.346522722866826
-4.1006798233423325 -10.57017671238957
-4.551460256412161 -11.462811576800195
-3.557825427410202 -11.575460707263982
-4.557778703580238 -11.585127427328777
-3.922559306592242 -10.812795686630386
-3.2607614253457236 -11.562477995597071
-4.217205986440065 -11.270563964497068
-3.44467276228385 -10.635589620468268
-3.2214407974742536 -11.610354971661696
-3.774977771514732 -12.443179574066134
-2.816905747190177 -12.72970705303918
-2.7286274927039496 -11.73361119932586
-1.7698706882089716 -12.017838907043773
-2.650873221401197 -11.544727359405288
-1.863410793236571 -12.161090015825248
-1.3652217798830755 -11.29402156006534
-2.122475043053949 -11.947142908221304
-3.1163415643753174 -11.836556571829497
-2.1359345022608425 -12.033538785635882
-2.7198769514210857 -11.221743727712555
-3.51920418719018 -10.620847754887192
-4.473041244001472 -10.320523148746483
-4.545342473440507 -9.323140307395377
-4.031282981052173 -8.465385774743146
-3.3364757311565416 -9.184581774101089
-4.295787801749671 -9.466929699920145
-3.492298220721383 -8.871610883504113
-3.121288475605506 -7.9429819107550115
-2.707010408216288 -8.853132273541434
-3.5885165821517395 -9.325304768837041
-3.6249502866319276 -8.325968696648186
-2.6352083512446507 -8.183101970865561
-3.5172352840949035 -8.654300962510042
-4.3525760823726465 -8.104568526926418
-5.352533927325609 -8.113750482983093
-5.643198598092631 -9.07057546654482
-6.5144123504009785 -8.579671608555488
-6.00823314722529 -7.717243284419259
-5.304284888701754 -8.427494542300355
-4.624725328742786 -7.693874201477956
-3.637433435516984 -7.53495687211891
-2.700173411034686 -7.186325768361023
-2.8715174079011234 -6.201114504348154
-1.8967990973576514 -6.424551777629224
-0.9830889100893047 -6.018185325172771
-1.7524198172138243 -5.379334829874408
-0.770846982116453 -5.188246448754811
0.053918460206217156 -4.622771458016679
0.9324967116021349 -4.1451730323763805
1.4210387972689322 -3.2726327006252713
0.44946330457315853 -3.035902765904365
0.18224061938756747 -3.99953757044507
0.7125973319709931 -4.8473121616057755
-0.18214734069749927 -5.293890229508077
0.07028979669849567 -6.261503526059605
-0.7599170262704792 -6.818959023023947
-1.748399480974272 -6.667623512509183
-1.3345487162934588 -5.75727877309828
-1.2788142353752052 -6.755724398877057
-2.001704209614797 -6.064761241289126
-1.154793471028643 -6.596496326521853
-1.157675803893888 -7.596492172591852
-0.6261518838249998 -6.749448890111788
-0.4178292189963462 -5.771388734845923
-1.0929595274601576 -5.033690241832986
-0.9947232662766868 -4.038527121038865
-0.002822256805905643 -4.165540456601889
0.995637310354749 -4.221024623220467
0.5391829382341922 -3.331277801831355
0.15101115742174526 -2.4096907638469367
-0.719260839854369 -2.9022622315113185
-1.6865522788824203 -2.6485945907231376
-2.6281316210754397 -2.9853858351986444
-1.6348697591749644 -2.8694941888474053
-0.6513698443831659 -2.6885855997629586
-0.08986141497656963 -3.5160566166000065
0.3009796281531568 -2.595598426889432
1.040480619650578 -3.2687538945002443
2.029994733369773 -3.1243176845301823
1.6950571647144748 -4.066558006901963
1.7477302264149344 -5.0651698176528175
2.220298308613978 -5.946463984027881
2.0519572127425065 -4.960735179822184
2.7913731290134742 -4.287486263918738
1.9630942887818676 -4.847802391497255
1.0790441092531504 -4.380410393196853
0.10657186228636706 -4.6134291239447816
1.0131142021952122 -4.191314227319946
0.08320183327238106 -3.823533061238364
-0.680749071221233 -4.468807433519945
-0.2529012137200194 -3.5649566655103024
-0.6430665457235332 -2.644211850861538
0.3329111370771656 -2.862082369002425
-0.6096290293799559 -2.5279895157191175
-1.0619395003038208 -3.4198500641753387
-0.6616998830926542 -2.5034395400025424
-0.6883014920214613 -3.503085654586298
0.2924407579933419 -3.307779128745759
0.0471571705304564 -4.277230500255097
-0.7775569570338439 -3.7116806723921094
0.1346607340070034 -4.12138652315837
-0.6370674249516668 -3.4854339709421995
-1.370890631025277 -4.16477446158577
-1.9498436658733316 -4.980135353117997
-1.088738428920251 -4.471708592520191
-1.7109588826482103 -5.25455066277611
-2.42102978953832 -4.550420485047405
-2.3584163904432063 -3.552382628924825
-2.934447426996277 -4.369810451382316
-3.5745522553426166 -5.138098033429366
-4.187448450677678 -4.347934598598441
-3.1875962883082156 -4.330740023724069
-3.3411806050971156 -5.318875569910162
-2.902476686800539 -4.420243903390875
-1.9935559499460154 -4.003274966759104
-2.5790192092356254 -3.1925760263243785
-1.8038860939469297 -3.824373979457215
-2.793299584816976 -3.679250087267303
-3.789260601648632 -3.7690367953685273
-2.8701694749436757 -4.163081844585256
-1.9428885694027 -3.7887155504038645
-2.942527610388037 -3.7618494427975158
-2.6274628752470104 -4.71091962601397
-3.0730550141025432 -3.8156835421845976
-2.2282826482368527 -4.350809368387822
-2.9733585796402107 -3.683829716191881
-3.9732468218579653 -3.6987797354122365
-3.017512365490792 -3.4045491304226405
-2.7543846632194575 -4.369310143470643
-1.942614387983244 -3.7853332430345707
-2.8204086000310236 -4.264371155203762
-3.2740166650908926 -5.155572436235518
-3.906730532759381 -4.381186768974055
-3.172009550249398 -3.7028173431745386
-3.8341402649982848 -2.953428981518095
-2.842199528007538 -2.826726281080201
-3.6585024280054377 -2.2491022031064563
-3.1182426990492824 -3.0906005247139454
-3.9649114605757667 -2.558480229803848
-3.783898646042982 -1.574999492333652
-2.965528756440997 -1.0003076411709313
-1.9767334218417303 -1.1495851889627011
-2.1122619445182993 -0.1588117438496891
-1.980010144017049 0.8324044087952209
-1.6124813072963051 1.7624165346186946
-1.5121484707721566 2.7573704641626806
-0.6859715652007988 3.320781256303314
-0.7085113075007015 2.321035308566063
0.16635071296327275 1.8366630910001784
0.0035328051779099645 2.8233192260869657
-0.4734933842236696 3.70220830590592
-1.012680483043293 2.8600222976711134
-0.018571236699693627 2.751639613010874
-0.31161046850496465 3.7077400306569372
0.5056294914103788 4.284037564850489
1.3097076036794646 3.6895138989045626
0.8006303460563063 4.550234728076766
1.265225637766444 3.664711597424171
1.8809921394681228 4.452640284160526
1.2389850073763575 5.219338948789145
0.26163895812177895 5.430986533246107
-0.1997040209619952 6.318208408342809
0.7163940928962029 6.7191625775260855
-0.2792440873865134 6.625864056834056
-1.2614144813896258 6.437871192225393
-1.8232731669121223 5.610637961810335
-2.7544994141504633 5.975079557205807
-1.9128457003732422 6.515097173663836
-2.9125640916055366 6.538827707410739
-3.172654849880646 5.573243533213648
-2.7920703889343077 4.648497369076599
-2.3872885194752227 3.734084093715175
-3.322405000578809 4.088424561018087
-2.589904223585775 3.407658366422173
-3.2038291768750655 2.618293969119671
-4.013560870191069 3.205094262950202
-5.009248126155795 3.112320946153642
-4.923966743668014 4.10867785299023
-5.638855122489124 4.807916443048391
-6.368323308628168 5.491931183687081
-7.352501524160662 5.669112559884684
-6.688772071038641 6.417085295389357
-6.282546722648218 7.330858224691314
-6.640326479829184 8.264664224538995
-7.119099409479836 9.142602993379814
-7.264764598773045 8.153269049441684
-6.892141458703052 7.225286293414193
-6.456529388521894 6.3251517899579115
-6.177572116806311 5.3648482751476205
-7.006917197253838 4.806111541490806
-7.583700271208995 3.989214188331403
-8.078737051112256 4.858086207988504
-7.097982523797198 5.053331072584262
-8.017631684001989 5.446071982262158
-9.00542428450595 5.2902972141203835
-9.337782733117423 6.233450362679287
-10.208290835805807 6.725604447447331
-10.789470200592314 7.539379936108886
-11.168969652339738 6.614187974339111
-12.164777701361766 6.522720332503631
-11.488443863190067 5.786125098101495
-12.449919513193102 5.511234984690259
-12.61410881701252 4.524806136515544
-13.578763532659673 4.261289003145226
-14.078680346424866 5.1273624291980395
-13.268389602320457 4.541334349650033
-12.270652063721393 4.608563837750708
-13.262485498587198 4.481023893096889
-14.144722020787695 4.010217437219771
-13.759724532561068 4.933135057627567
-13.5559065559103 5.912143858606386
-14.365892527312415 6.498593111425224
-14.611361241169488 5.529188598068002
-15.583158260884028 5.293369700449645
-16.159561839636627 4.4762045308534395
-15.159568582653462 4.479876858208346
-16.151226346406418 4.35097813987304
-15.451089228236377 3.6369697255244753
-15.11774312191515 2.694165199972928
-15.071515124205126 3.6930961146150376
-14.589951290336268 2.8166850957947993
-13.639871493097807 2.504678078438901
-12.816833238219516 3.0726640210527094
-13.627921841304389 3.6575873305094544
-12.796825177728616 3.101459345425789
-13.557920374726235 3.750099539298444
-12.58029912442611 3.5397267963833503
-12.827356557744155 4.5087276346917085
-12.875631746026476 5.50756170809745
-12.128912521888802 6.172701092214216
-11.138215641801464 6.036614017937432
-12.132310064525583 6.1451325818276725
-11.134425689054607 6.080118943328509
-11.018747711317308 7.073405712326571
-10.441052892731792 6.257152873691724
-10.45149348696483 5.257207378181063
-11.403408488216249 5.563569631718458
-12.038963402556467 6.335625297365694
-12.997123867223154 6.6218568888256835
-12.309192400536709 7.34763254089913
-11.359959413400592 7.033058644759219
-10.366647733292263 6.917594770926889
-11.330492702198653 7.184058419317888
-10.444312706562227 7.647399562897677
-9.641747178073263 7.050835591071326
-8.64852967674352 6.9345643777281225
-9.369309083739893 7.627728893878479
-9.767124983373147 6.710263630231411
-10.702677155313436 7.063452154362373
-9.870400353139953 6.5090918702836165
-10.578620703611785 5.803100414827139
-11.537671317173364 6.0863351595657695
-10.549993423858014 5.92983474724634
-9.905434606496545 6.694389474497165
-9.089531722048028 7.272578442870472
-9.422912798612613 8.215370603311277
-8.57264675323006 7.689017440435326
-9.482706024922326 7.274539308313808
-10.294641547332208 6.690792182026243
-11.27763372869712 6.874439592504722
-11.078050971736298 7.854320566462231
-11.345086875005943 8.818007147444328
-11.505875432061131 7.8310182721675545
-10.513397323140762 7.95344050590738
-11.509693649986039 7.867454291229628
-12.267786937564663 7.215308167014944
-11.69005889278158 6.399078844905577
-12.051051683790654 7.331647450874853
-12.828176186912255 7.960994339838326
-13.177582755902797 8.897965550466623
-12.188715856135744 9.046768287488145
-11.860636564890363 9.991418476000236
-11.7108648854433 10.980139085695212
-11.1036957712453 11.774711717217352
-11.665256396543821 12.602147312363183
-11.978191247824615 11.65237271865483
-11.727616046330855 10.684275580761962
-11.442100317884876 9.725901557319151
-10.612364264447965 10.284057522643305
-11.505587758643742 10.733670455527456
-12.208416409068759 10.022311271892528
-12.747488748281485 10.864570740878019
-12.90675794625424 9.877335549762389
-13.804904923402589 9.437640192225738
-12.817386066436937 9.595141008532357
-12.011193481135685 10.186794213886037
-11.639971108940637 9.258250219030714
-12.460471018768327 9.829896873855837
-12.930274861810757 10.712667709952365
-13.880336120937306 10.400604248606959
-13.611387863240848 11.363758875176359
-12.62639604000485 11.191157866609707
-12.548665313148712 12.188132256502655
-13.3737057843548 11.623058614512486
-12.642319940180627 12.305022504276181
-13.604906255841257 12.575997752044119
-14.504425242469335 12.139116083058575
-14.343877916736309 13.126144226628947
-13.82739272176455 13.982440345605895
-14.252455420751124 14.887604254481104
-13.788077004945126 15.773241136579808
-12.788294727459036 15.79410732034023
-11.810610879606068 16.004188956014115
-12.809393123607062 16.053524836145492
-11.816563321930868 16.173061378272195
-12.624084081650512 16.762900528059497
-12.952537336202063 15.818380300867673
-12.17184969078311 15.193458865573435
-12.543466526481218 14.26507267038001
-13.540189660625076 14.345961445018059
-13.808471797429764 13.382621061212049
-13.925336634355757 14.37576889003224
-12.925740982741067 14.34733417053296
-12.47679850277193 13.453773512446919
-13.469533545261005 13.333452544140409
-12.47613076198758 13.218775126203775
-11.542543583342235 13.577125485306464
-12.08232252867878 12.735318684329323
-13.064563297442927 12.922943501924491
-12.232512383039367 12.368244235798963
-11.238415729913555 12.259746105658113
-10.297640764731083 12.598777763303707
-9.369077028662517 12.969950752701354
-9.761841831417136 13.889589708877704
-10.656367998143454 13.442574119617193
-10.778445415552211 12.450053538390382
-9.778531359876474 12.46316388781752
-10.13179926326599 11.527641686886524
-9.17023333786863 11.253067523654218
-8.735396728955202 12.153576892594192
-8.345613233619993 11.23267036814979
-9.325602524854535 11.033620150702985
-8.59946850860521 11.721173341696689
-8.81533940170383 10.74475142596927
-8.85816604841912 9.745668907690062
-7.859504769996155 9.693942212661192
-8.293003740274177 8.792788151044702
-7.523995312983068 8.15354951113371
-8.495484448525916 8.390633588039375
-7.942476273270046 7.557457761397619
-8.2577882233282 6.608469682362627
-9.190741529483324 6.968467083095222
-8.225036748666707 7.228109676496092
-7.572801315436127 6.470093225725716
-7.031869133468792 7.311159438643616
-6.950838418844415 6.314447833771141
-7.771523599318838 5.743067194836233
-7.179646507334066 4.93703896457153
-6.44816375021426 5.6188989032953165
-6.2499934227897915 6.599066501886741
-7.040826837241196 5.987035039797468
-8.033852658148462 5.8691379702348465
-8.544869897073282 5.009567506851155
-7.56704352055386 5.218984739625582
-8.557405132799788 5.080478866141294
-8.266956445566896 4.123588297641065
-7.384959986418963 3.6523322673873304
-7.731954822028913 2.714465227738307
-7.479268788970027 3.6820135566071874
-7.554107019556595 2.6848178690700464
-6.690051554109686 2.181421253436483
-5.939584134021151 1.5205138080361014
-4.943165181160996 1.6050671662253082
-4.194627218444869 0.9419752281256277
-3.551595012254158 1.7078143638463787
-4.223872994584745 0.9675155630412485
-4.8008874798159145 1.7842494755448306
-5.754929973597377 2.0839208289626194
-4.786133064330767 2.3317767318486795
-5.207042214076441 1.4246739330103266
-6.201666583014555 1.5282227848362115
