0 0
-0.9362864900321333 0.3512372539798535
-0.5205162116343602 1.260706921204131
-0.9718974850596027 0.36837573492797815
-1.4619224121748173 -0.5033326858216028
-0.5134572747884723 -0.8202141828559067
0.12212941550120615 -1.5922436894983747
0.04801931796897131 -2.589493755150798
-0.6919658061101531 -3.2621169900613998
0.27075714964028186 -3.5326063807427093
1.0778938454414395 -4.122970975117397
2.0705385436493158 -4.244035020646178
2.762985846245245 -4.965503476732528
3.476429719138443 -4.264791096200291
4.270342917141918 -3.656759983479984
4.569622322047895 -4.610925502558894
5.486767088914638 -4.2123712696006335
4.580096780161495 -4.634211228857079
5.36568463103089 -4.015461094662018
6.34180311479475 -3.7982222729598583
6.689013469857389 -4.736009545926002
6.956857592514675 -3.772547286178404
6.95535954038439 -2.772548408259126
6.476920801595246 -3.650669341403219
7.022534973077892 -2.8126328410780213
7.80269444540984 -3.438213529503372
8.416582824586493 -4.227606370813617
7.647872972853034 -4.867204028601639
8.461292982422362 -5.448880818608113
7.634723987149904 -6.011716226213461
8.444870999466238 -5.425489462550355
7.946667891326481 -6.292549819757329
6.978527844765344 -6.542959185086582
6.619515220418152 -7.476291888659827
6.489497559457002 -8.46780356677471
6.65954502693418 -9.453239439272053
5.742865088735656 -9.852861624472464
5.477891015204542 -8.888606087617047
6.074660643850598 -9.691018706115566
5.887717603009952 -10.673389460709396
6.034026676612196 -11.662628387855742
5.362597573067875 -10.92155959286187
6.294708531037168 -10.55938675838423
6.924022738530189 -11.336537727146048
5.974734329042449 -11.02213111841742
4.982528464348542 -11.146740596656505
5.463922383810514 -12.023244957344483
5.402938911931231 -11.025106181343094
6.399150750157051 -11.112065789085609
6.017908913602328 -12.036541133300036
6.743484813405839 -12.724683279679928
6.239029085878998 -13.58812083906993
6.031987923062373 -14.566453071442726
5.032519257731979 -14.599047350429672
4.660206111720301 -15.52715452166955
3.7922158276386244 -16.02373570006822
3.981231811770715 -15.041761689341572
4.961415518790956 -14.84367105227849
4.202369217671829 -14.192634407566864
4.05877020073669 -13.20299845311934
4.917040444375028 -13.716196454757098
3.9192894197511787 -13.649167409843287
3.1408057946382764 -14.276832324770888
3.596052902883305 -13.386467191561742
2.8026274616546454 -12.777799737847394
1.8626466517069153 -13.1190270476132
0.8626535254859168 -13.122734811191703
0.5939620171383514 -12.159508527631132
-0.05292569845828632 -12.922093790674003
0.8703802090492944 -13.306159151207341
1.1194587380208463 -14.274642442960673
1.8117849478343615 -14.996227101337812
2.8079175476803124 -14.908364461244613
2.6953429153776693 -15.90200773333069
3.3114496138403773 -16.689670437861874
2.3528079785214775 -16.974286345767787
3.178468514505432 -17.538453589870713
2.3830488966632783 -18.14451268892941
3.264015886608111 -17.67133496055714
3.8086839983900584 -18.509986645112704
4.793037973713366 -18.68618894721231
4.57580846091153 -17.710068391764434
5.0707717309314715 -18.578982289300413
4.077815582493579 -18.697464723776527
3.127132243026235 -18.387301560168694
2.1698220263987267 -18.098239025168752
2.819404231709702 -17.337947660925195
2.019544452490144 -17.93813457646638
3.019365987596983 -17.91924283391563
2.0412847828533778 -18.127466648421315
1.0597222331749758 -17.93632544127635
0.5535802416473559 -17.07387527783938
1.1226895751263486 -16.251613417756417
1.831754284863227 -15.546470001559573
2.2255714416410672 -16.465658799917897
1.2524853430382992 -16.235216953227578
2.049077847186337 -15.63070030140138
2.8218914355605924 -16.26533339037808
2.006197850215305 -16.843817594852627
2.9286837416540656 -17.229848396857385
2.7909948347219165 -18.220323921495844
2.5170145720647574 -19.182059236265097
1.5274473384832241 -19.326131059401305
1.0001006524980989 -20.175781265533516
1.9473554951958263 -19.855299966569437
2.468851394861149 -19.002046178630433
3.427383999013079 -19.287029067200464
2.5961245748859625 -18.731144394089345
3.5849188575495488 -18.88042890960185
4.529230841246842 -18.551377428149962
3.645954317818376 -19.020229839000244
4.32940472152435 -19.750226788085747
5.313277921877488 -19.571359447224225
6.142210546082246 -20.13070791153696
5.41431017133719 -20.81639081525121
6.107716339526754 -20.095843879988376
6.449062537238661 -19.155906236680256
5.7558542033228 -18.43516897124326
6.564611588398835 -17.847026563245866
6.159718568245971 -18.761390627626948
5.51526194747687 -17.996749755094704
4.976996556027667 -17.15397435893744
5.866129228066418 -17.61162388806779
4.872002404304161 -17.503402548784052
5.522944654450494 -18.26252980226296
5.156951127003059 -19.19314719833214
5.966092216730243 -18.60553278656614
6.5492628718393275 -17.79318311615343
5.607192950345004 -17.457766564660098
4.607347665822147 -17.440176595433094
3.922155211971677 -18.168538662805066
3.545386965051995 -17.242231106907422
4.256318502446882 -16.538969882939156
3.40949980715891 -17.070851540181422
4.387358434667108 -17.280118127595138
3.711448509547642 -18.01710236970958
4.339327639024078 -17.23879150715663
4.364352972471156 -16.239104689855402
4.199693173126607 -15.25275427013642
4.453135594107905 -14.28540379629194
3.8512617429962948 -15.083994972894887
4.341446419352269 -15.955613572435873
3.4050962096008384 -16.30668092309448
4.117047959380919 -15.60445253717927
5.010707886698016 -16.053197380389307
5.9161598035376874 -15.628748530359806
5.208658669037187 -16.335460738178877
5.4589485010042775 -17.30363169416438
4.5677756771741596 -17.757295664594757
5.455632507690133 -18.217415484322323
5.160103779991253 -17.262081631104152
4.485889924593136 -16.523545459214645
3.521501113213272 -16.788034061020724
3.8690916030389153 -17.725680503653965
2.9331272439655183 -18.07777526155917
2.0423517535743074 -18.532218905720136
1.2840125261265893 -17.880358785668296
0.6042619454630874 -17.146915435376243
1.5208859021432994 -17.54666601015996
2.5169157677955116 -17.457646311616124
3.438701015114965 -17.845347172879308
2.647325398010382 -18.45667738859937
2.5904813501164816 -17.45829431872136
1.5986962926582895 -17.330378722320255
1.9670888754046483 -18.260049042905713
2.698820932694842 -18.941641440408695
3.42662555802062 -18.255856906203963
2.490952727507274 -18.60872565551331
1.604852227126849 -19.072218808888376
2.4921512106977075 -18.61102414960217
1.9070295649114208 -19.42196968392143
2.6389112822539196 -18.740537991218634
2.32741838982469 -19.690786473441086
2.902199800064747 -18.872479483099166
3.061731270772939 -17.885286639803752
3.7886511116887185 -18.57200895987423
2.799673464049934 -18.423944067104685
3.5799898562589076 -17.79855912321015
2.7255797363124623 -18.318158340812623
2.618272460623005 -19.31238424501353
1.6561138110461222 -19.58487412197117
2.1677883902452626 -20.444053454242017
3.0398191263290033 -20.93350457062163
2.586579327427684 -21.824893197816237
3.5365958803305886 -22.13709273210558
2.950063002329681 -22.947018150291704
3.3054120893259253 -23.88175181630087
3.9589084074020544 -23.124822121903204
3.188126200117683 -22.487723394127176
2.9982497439404656 -23.469531385228073
3.8857468150980954 -23.008718029641855
3.9142748617587464 -22.009125037192565
3.347425059214889 -21.185303878593206
4.3418302261360715 -21.079670720917903
4.729415472386779 -22.00150458712633
5.599498554347338 -21.50859949434881
6.026338669592699 -22.41292660110683
5.056290138990737 -22.170015406887675
5.8403568538684825 -21.549338851328486
4.849058416075522 -21.68097246112946
5.659686315931087 -22.266534078703355
5.521924225474106 -23.2569994271295
4.667319210220448 -23.77627803048544
4.670895036161679 -24.77627163719942
4.74226693692052 -25.773721411264297
5.392292412818934 -26.53363382771967
4.980396703242038 -25.62240283371642
5.548714197522653 -26.445212183258953
5.928056944812589 -25.519955959243937
6.451193567568423 -26.372204792585244
5.971247701044177 -27.24950289768196
6.963920888277658 -27.128672672375032
7.960862061793651 -27.206828264296256
8.742688558072217 -26.583332210004986
8.768435924268836 -27.583000691619734
9.16318683612111 -26.664212512771204
8.723518762754946 -27.56237284659946
8.016722418312948 -28.269789928301215
7.041624153140644 -28.04801668091109
8.040201571357908 -28.10133778204884
8.788453867729569 -27.437923506520693
9.46053874844014 -26.69744939277987
8.973679590180003 -27.570929879120712
9.86619946114991 -28.021937949917525
9.493683527127422 -27.093912153455296
8.948363408119814 -27.932140026891588
9.618797157226775 -27.19017062856145
9.484093483103171 -28.18105655548624
9.627492174366928 -27.191391553910535
9.903021911057987 -26.23009900520387
10.594004713761928 -26.952970201453525
10.962623089707058 -27.8825510171525
11.369038874315489 -28.79623926268328
10.733626156861373 -29.56841196260058
11.68675772597318 -29.870968092868114
10.701342166326883 -30.041133232679343
10.916063837462989 -29.064457951972127
11.767220237596058 -29.589370118446208
12.06533738301495 -28.634840827325558
12.94019601424965 -29.119219166389296
13.794708232477456 -29.638650460112917
14.288189575226307 -30.508406842302087
15.120175583448232 -31.063203455596494
14.643802014021361 -31.94244643813972
14.542255903796486 -32.93727727174823
13.594490971525879 -32.61830762874424
12.659334369619376 -32.26407305969333
12.9724184615063 -31.314347651268694
13.958337942966208 -31.14712691069557
14.373202030262211 -30.237243517577497
14.369495357209257 -29.237250387313654
13.412991249351162 -28.945531530105917
14.241926712006027 -29.504875787923197
14.374832244746088 -28.513747078134664
14.828434265156652 -27.62254272049302
15.719733275975662 -27.169126715798594
16.390744212262884 -27.910574167330356
15.76130760681506 -28.687626005834275
15.008380292513396 -29.34572969020208
14.24832316753782 -29.99558595644398
13.328078149572217 -30.38692865397325
13.164622975525878 -31.373479416011108
14.163362023013404 -31.323276676805868
14.65763697123527 -32.19258230520147
13.684711314873777 -31.961464008233104
12.685401192226458 -31.998602650838894
13.470230465609548 -32.61831469012889
13.055369258225333 -33.528199396345954
14.054925456614248 -33.55798876126538
14.514731837034354 -32.66996956523133
14.793922761173949 -33.630205175838476
13.81659524254204 -33.41847203878905
13.196654114125561 -34.203120365938034
12.92430608497878 -33.240921555390095
12.66777620676026 -34.20745785661276
12.707555400182404 -35.20666635125774
12.694162687785294 -36.206576664863235
11.711290116965298 -36.02229017721508
12.69592544670956 -35.847666961635355
11.703241125054355 -35.72692824564109
11.265092666342989 -34.82802562125464
11.582893996000667 -33.87986829524391
12.372325791142465 -34.493706580803874
12.03972833539521 -35.43677547141073
11.043481758468818 -35.52333618976753
10.922182027956902 -34.530720264357434
10.900353104050565 -35.53048198500946
11.856668543158746 -35.238145225563564
12.612711246400332 -34.58362293344881
13.26890213221668 -35.33821787205598
13.045132705307877 -34.3635757615452
12.345912000068276 -33.64866988986401
13.32636349518081 -33.451908954382404
14.159260400913267 -32.89848077980028
15.05601698219899 -32.455956617837636
15.582420431827455 -31.605721704287706
16.319826447481685 -30.93027195184349
16.999650715588327 -31.663647002205355
17.497754401463688 -30.7965295256675
17.210000899503274 -29.838825018990455
17.340196918774478 -30.830313292529752
18.126491686632306 -30.21246174236628
17.167621753353544 -30.496307565048205
18.143256243781888 -30.715709800876887
19.101764250248696 -31.00077541006015
18.11781899764648 -30.822304852596005
19.117145012565448 -30.85901337893768
19.33709791372861 -31.834523871587507
20.325427188785504 -31.682191195954484
19.68700779943722 -32.451879888416684
20.670196311012155 -32.26928648572352
20.200547014301744 -33.15213955283005
19.31198857057474 -32.69337611479096
19.939075047932548 -31.914426469489687
20.15960287921509 -32.88980715190544
19.773330286725383 -33.81219182452922
20.772695576596185 -33.776568554024564
19.822870561958343 -33.46378677455488
19.593953655241858 -34.4372327411187
19.626718524457356 -35.436695828653846
18.707332777029617 -35.83005297861649
18.383498157791195 -34.88393927541655
19.266425387661503 -35.35344913341055
20.20127958415089 -34.9984172597623
20.792731053227826 -34.192076661921206
19.83018013331404 -33.920975709187495
19.89507533748965 -32.92308362460369
20.747484353497303 -33.44595920199172
20.585024115451606 -34.43267429311688
20.168116385073294 -35.341623105950035
20.9815724914857 -35.92324941462285
21.934840393352108 -35.621123104495425
21.31580562555271 -34.83575952228936
22.274145449184434 -34.55012902244469
22.934132126080126 -35.30140632565582
21.957765727227393 -35.085284473009345
21.068706342469078 -34.627492587571034
22.06395847161981 -34.53016222529422
21.10086634045651 -34.26099026001676
22.019715937732567 -34.65559818896096
22.957321430952064 -34.307897255564704
22.082086330821152 -33.82419949921387
21.209670323650716 -33.335435435034846
20.594196730294083 -34.12359294206036
20.183055605535237 -33.212021235867134
20.291301310235642 -32.21789706484326
19.37786572192553 -31.810913740850047
18.518485011729908 -31.299577457232633
17.530020077682536 -31.14812755079911
16.64374607098837 -31.61128884566114
16.960218992137513 -30.66268730118668
16.507413456965104 -31.554296603133015
16.902637465500852 -32.47288137498422
17.040960198765724 -31.482494167139663
16.441476272152872 -32.28288096221617
16.134668316130423 -33.23465240438142
17.121106056387557 -33.070516532018324
17.998893093589995 -33.54956759121699
17.433250965637804 -32.72491676627002
18.24622284926797 -32.142613824128375
18.773662117779413 -31.293021087558603
18.84859772821585 -32.29020946208396
17.882533116691608 -32.03190892712416
18.197855897044228 -31.08292444664479
18.912470112648823 -31.782443226132393
17.915784638645764 -31.701091730071777
17.79529336355825 -32.693806116301666
17.91657081544484 -33.68642476395236
17.696674182652956 -34.66194794198904
16.757217083245074 -35.00461448306378
15.839556202888062 -34.6072500298695
16.742937452857326 -35.03608836444789
17.448623376882374 -34.32756357544407
16.807488359933803 -33.56013547454969
16.283983681854476 -34.412158274731155
15.894612712568717 -35.33323929629086
15.44248044539411 -34.44128839350554
16.182657084085946 -33.768875913300974
15.505745261094445 -33.03281179660031
14.914321731926032 -32.226450705558605
14.958544564634872 -31.227429013568283
14.010280906772268 -31.54491292682537
14.215001330764483 -30.566092438686482
14.833912071671644 -31.35155376478074
15.018819799709876 -32.334309651108434
14.034982577908327 -32.51337478171126
13.958943829856935 -31.51626991822158
13.361746362341252 -32.31836416754198
12.679546111809223 -31.587198783942593
11.731263998673406 -31.269769998375395
10.734430922812411 -31.190247555822936
9.978686540661629 -31.845114281842463
10.662753009443309 -32.57453395959222
11.574180367710605 -32.163072940051
11.104335886730599 -33.04582214774967
11.753432574991127 -32.28511623263581
10.777984635469489 -32.50534637880792
10.102121217673249 -33.24237327145485
9.527534395810994 -34.06081690674212
10.313552345327597 -33.44261323234531
11.26241162396243 -33.12691389856619
11.060817886037349 -32.14744467249046
11.28764224810346 -33.12138035248853
11.385798934365921 -34.116551325207276
12.382373945656584 -34.19924501826192
11.739248276884366 -34.96500566896571
12.323708884936849 -35.77642775249248
11.407026015693262 -36.17604321419954
11.173133956724813 -35.20378064433916
11.69316632879813 -36.0579271961649
11.266466054115336 -36.962320294096116
10.87167066985507 -36.0435512237815
9.91070948469883 -36.3202344372642
8.980961294973486 -36.688430449874936
8.31103708982602 -37.43085994777863
7.760306744234849 -38.26554317298747
8.584058556579912 -38.8324937454876
9.23533342627129 -38.07365183566153
9.782977321736652 -37.23694031801669
9.028532011513542 -37.89330323126085
8.179077666758344 -38.420965354381806
9.154225819557828 -38.64251914038366
9.322485485417616 -37.65677643315994
10.307420416817168 -37.82970179540897
11.28419475901712 -37.61543120848709
10.541896429595585 -36.94536166721693
10.18175255443496 -37.87825844027614
9.56168756220063 -38.66280888824328
8.562956498885898 -38.612447562106816
8.127055976277433 -37.712452709682836
7.265693978826978 -38.22044435267331
7.995243500376769 -38.90437234274717
7.642603842500783 -39.840131538103066
7.584809496493379 -40.83846004794818
6.945928088026531 -40.06915481209221
7.7898530270400785 -39.532693539202
8.204700004362827 -38.62280234493415
8.39624066169083 -37.64131766518089
7.587853073054708 -37.05266708415759
6.989719411025566 -37.85406344199035
7.162215591115082 -36.86905325531484
6.755102891616091 -35.955675321540085
7.660538025802508 -35.531190671899104
8.228119619886773 -36.35450782467607
7.318044446021332 -35.94006461033448
8.262459125652317 -36.26882122684205
8.568907318225293 -37.220708565379944
8.14253775456177 -38.12525762164023
7.395758396206566 -38.79032948988801
6.6224770384053375 -39.42439253224033
6.375502334793587 -38.455370604843495
5.850267694556685 -37.60441316014064
6.204809710329676 -36.669373075945515
7.114504698899085 -37.08465012536157
7.581843435855724 -37.96872846178871
8.086487750719309 -38.83205581307318
8.079754529589819 -39.83203314468287
8.342808434012948 -38.867252007135214
9.22059809804602 -38.38820576122914
8.419474078485274 -37.78970738589063
9.41291837672473 -37.90402460373429
9.961582907468477 -37.06798200152807
9.372918226858367 -37.87635932295798
10.211711234779868 -37.33190887538538
11.097860898780809 -36.868509724554244
10.279227870753314 -36.294192769012675
10.965636158389195 -35.566976389477134
11.736022531281863 -34.929399071451094
11.028240718620674 -34.2229679667664
10.886514946651378 -33.23306200882912
11.145114099088909 -34.19904672835557
10.43206212024723 -34.900157900331855
11.409749265155442 -35.11022419149069
10.645001361168624 -35.7545537991821
10.253503419742136 -34.834374815582265
10.461300445728027 -35.81254678205412
11.36114390734026 -35.37633382420702
11.84298413543423 -36.252592915224255
10.843238308435076 -36.23004781824559
9.845102191684616 -36.169020837013434
10.610236274625398 -36.81289181409065
10.02496218249333 -36.00205629619631
10.402694299924498 -36.92797122072284
10.612890269183195 -37.905630493939945
10.634943551912786 -38.905387290726466
11.594271724212383 -38.62309407821098
10.606366273153201 -38.778151550677016
9.78136404678906 -39.34328102831397
10.76442632306143 -39.1600092056838
11.750542778775895 -38.993953986647654
12.499200054728862 -39.65691121238902
13.22922264746323 -40.34033422494961
12.832823861178463 -41.258412654187524
13.627715448660116 -40.65166116951617
12.862722400282268 -41.2956997055787
12.814467035421986 -42.29453473688377
13.227523961146094 -41.38382952875583
12.258022203912727 -41.13874517037812
11.91146001321719 -40.20071817290933
11.859451764085895 -39.202071517669204
11.74218203670782 -38.20897141645046
