0 0
-0.191592548062192 0.9814745516451441
0.6894673063176913 0.508469759914554
0.9432247295407801 -0.4587981296378585
1.9363840119653886 -0.5755655897191522
0.9363929735544854 -0.5797991577041508
1.6335262483690514 0.13714239998818933
2.222304404583301 -0.6711522757117986
2.838310140282385 -1.4588939424946532
3.4565019105944885 -0.6728666305528941
2.5887794670453292 -1.1699156834250186
3.4068521915355072 -0.5948008971038726
4.280930639035331 -1.0805856926834565
4.603381967758519 -0.13399964767505335
4.773913959520265 -1.1193517876665244
3.7781074272915793 -1.2108359413253924
3.541664368945565 -2.1824812882292837
4.430267649000005 -2.6411578743730413
5.066110892685388 -3.412976097440915
4.2861536218053615 -4.038808867117752
4.753943539861839 -3.1549691799771975
5.207808926714435 -4.0460394413018275
5.732408540969504 -3.194690367934485
6.441006077131044 -3.900303244620984
5.896178130548495 -4.73885110170646
6.683235076403887 -4.121970753518269
7.677703480028452 -4.2270069101140315
8.056155366933007 -5.152627874277215
7.482393218436505 -4.333605898410463
6.496503898119618 -4.501004369386474
6.710762905437982 -3.5242274870930053
5.737972962135252 -3.2925386306301387
6.3859463078975285 -4.054201642192104
6.019803715869148 -3.123642884078067
5.412105101007992 -2.329475147705056
4.429793571937989 -2.1422211494669594
4.683853737249486 -3.109409565651673
3.8819270151468084 -3.7068319726449617
4.445761069777169 -4.5327200757431285
3.9574341077183735 -5.405380822039436
3.9870506392998415 -4.405819487724686
3.245097867854383 -3.7353673380940036
3.9245688922670063 -3.0016649958709056
3.1850093161597637 -3.674756099205421
2.6266666370057603 -2.845145676998028
2.5749770707181403 -3.843808877850546
3.427264126142818 -4.366883227398994
2.5790970814345915 -3.8371543681975027
1.928229943710567 -3.07796271319138
2.8185719910381772 -3.5332549696162827
3.784223123433223 -3.2734129204707183
2.9529470410885477 -3.8292726823906547
3.94266395206096 -3.6862327014929135
3.1615065517238383 -3.0618985634718134
3.7952383927052624 -2.2883457509720495
4.792682311607345 -2.2168920691547016
4.835927133790733 -1.2178275640528904
5.482126134483591 -1.9809965174986859
4.532492973761491 -2.2943602997980355
4.300162528309259 -1.3217233870109628
4.066316022598594 -2.293996914248495
3.1681104432056495 -1.8544212812257062
2.1840332753760516 -1.6766795366734553
1.9273270845661075 -0.7101900480602327
2.796948490933401 -1.2039092087049972
3.7925780183653 -1.297300022523773
3.5498921645242043 -2.2674049531088194
4.165240886620482 -1.4791499498170686
3.305668365533287 -1.9901637275098074
4.2911362113203815 -1.8203016513428687
3.3273908564181114 -2.0871253588808187
3.288999944857124 -3.086388156101608
3.17082686463634 -4.079381168721099
3.2552621309456953 -5.075810135483541
2.4657120371005337 -4.462124019208213
2.529641474129612 -3.464169597863658
2.406598343766025 -2.4717682737662297
2.0591384115440423 -3.4094631044549217
1.3427935651760023 -4.107209520484377
1.8641753866412847 -3.253886020136739
0.8726487454105218 -3.3837895217432856
1.830938683903725 -3.66958734150875
1.9294427944112975 -2.6744506975180307
2.138955104906307 -3.652256706781137
2.040556935634566 -2.6571095818373074
1.4544627191816577 -1.8468666741605715
2.0268439546580366 -2.6668543089908376
2.9230091012034976 -2.223133642222709
2.3264531144906853 -3.025705106154179
2.2159854821770706 -4.019584828359549
3.0208087391062386 -4.613099381766562
2.7095852368043203 -5.563436128196441
1.8037401235916186 -5.987045182477234
1.522408510643281 -6.946655792858282
1.0264156336444321 -6.078329203396457
0.6312200913867356 -5.159732184361644
1.5476978525971608 -4.759646552019358
0.9996604326801612 -5.596100368061056
0.09408130853691588 -6.020277748311291
0.8764399926635084 -6.643105886220704
1.4255951504978883 -7.478826301565392
1.0100504642536565 -8.388399065963153
1.42468357583397 -9.29838773775046
0.7122139050845521 -10.000090643731486
-0.18940345703051098 -9.567556099061727
-0.8336970088778167 -8.80277781808875
-0.07910828962336003 -8.1465797803182
0.6973241267413436 -8.77678030619712
1.475864495137722 -9.404374836747882
2.039713059036009 -10.230253034177649
1.1351469839761466 -9.803919578006548
2.044427399299723 -9.38773557265677
1.0580439116769944 -9.55219716496702
1.612953346740297 -10.384107928737826
2.015311778720268 -11.299590147142215
2.264950794835602 -12.267929117561648
3.2414966892465324 -12.052619767766624
2.3713541909879368 -12.545419963306651
1.626543411470557 -13.212695695455448
0.6557294828270335 -12.972861761343264
-0.32681275864376114 -12.786822131894196
-0.6684347235717099 -13.726659582243334
-0.8642637901092591 -14.707297627955937
-1.7978040905267156 -15.065770092026032
-1.3062645148715508 -14.194914854018737
-1.7113595644403128 -13.280640277748084
-2.5340508177816217 -13.849128713580956
-3.2924707428531663 -14.500894942572973
-3.0511181770901543 -15.471332441332997
-3.2499518476853706 -14.491299191163579
-4.111426061799056 -13.983497873306675
-3.235024883276939 -14.465079615366154
-4.2329445247623365 -14.40060955147867
-5.232595051100794 -14.427044853467587
-6.227712434841873 -14.52574334675046
-5.275931236590253 -14.832521036054475
-5.547712134805968 -13.870161880975115
-4.8106812000047885 -14.546020890788625
-5.318816503278558 -13.684743633706521
-5.546488538321041 -12.711005761145525
-6.3259073632351175 -12.084502532606708
-5.437781156787608 -11.624902879189568
-6.227892588090455 -12.237866113098884
-7.224997992392989 -12.161834457121385
-8.14852315683505 -12.545372291816038
-7.29003313578992 -13.058202559805293
-6.446328407543504 -12.521395023033833
-7.115460205678054 -13.264538775429845
-7.859356066257584 -13.932834330265159
-7.340804556133942 -14.787880721608044
-7.826088274340914 -15.66223746392963
-6.866951688294783 -15.379293990232545
-6.743307123280801 -16.371620560239872
-7.398594937747807 -15.616241264646556
-6.568102640446397 -16.173271375253716
-6.9545970388218485 -15.250979620967472
-7.572995440005418 -14.465114863255558
-6.831342019000263 -15.135898139069251
-7.402083011874926 -15.957028286519973
-8.172702760700615 -15.319733062373555
-8.541395569621743 -16.249284358779434
-9.307167730266219 -15.606172394980058
-10.153110826907035 -15.072899221788544
-10.748517432913461 -14.269474692959664
-11.73282026593966 -14.092986923138069
-12.653427065050051 -14.483477795543196
-12.787702719391014 -13.492533776614122
-11.860666421922007 -13.86750537977222
-12.61651552297607 -14.52225123614381
-13.611287337891211 -14.420128583169872
-14.517442317900686 -14.843074386085597
-15.273019552872352 -14.188014814754432
-15.291942786685532 -15.187835754334142
-16.136625073683472 -15.723103756396592
-15.284245755405593 -15.200179767874227
-14.327345951038902 -14.909761510178555
-13.424440251866656 -15.339600198993647
-14.013778562412682 -14.531713848246987
-14.917204570305106 -14.102969812412601
-14.016817226213032 -13.667880590989201
-13.039835386755973 -13.881203082468888
-12.059692156484696 -14.079493899587044
-11.94026787343969 -15.072337210799436
-12.800618826939719 -14.56263510484774
-11.986245438714407 -15.142976370441033
-12.954507404392611 -15.392913894276454
-12.778371563860215 -14.408548024449617
-12.378451887189764 -15.32509821522577
-13.374084941877836 -15.231745012749915
-12.993390207162614 -16.156445785411055
-13.689352768911206 -15.438367716783182
-13.135636584889111 -16.27107317944811
-12.691162818196107 -17.166865047418415
-13.619510348031858 -17.53857846370556
-14.296340723657208 -16.80243945330681
-15.026466481548281 -17.485752249662905
-15.713509431118293 -16.759135441815648
-16.690419570319154 -16.97278604426403
-17.224916884331932 -16.12761587127333
-16.261335164234016 -15.8602018314528
-15.544017181710633 -15.163455886399236
-15.18613507621697 -16.097222665936517
-15.888546210982577 -15.385451215429198
-15.305434280794897 -16.197843040149756
-16.034850856563754 -16.881912816556838
-15.94722599926235 -17.87806636113865
-16.650843262333453 -18.58864552429243
-15.952995429256307 -17.87239947587783
-15.098625471410978 -18.392064728835322
-14.4277638405767 -19.13364727466173
-15.371052684000203 -18.801674146422787
-14.61872438243613 -18.14288576866729
-13.707549278010246 -18.554905099614857
-13.75744665624299 -19.553659449615644
-13.81904027957253 -20.55176075988687
-14.081966068226393 -21.51657681990077
-14.407486320837341 -20.571041751730316
-14.645126377075714 -19.599688467043933
-13.943245035185543 -18.887394579728834
-13.019818267833688 -18.503619899300194
-12.155656147512932 -18.000406396100274
-12.291320962408788 -17.009651604035522
-13.248439355189062 -16.719954551579498
-13.306699835311791 -17.718255967213008
-13.80922313606887 -16.853692301427653
-13.570267469976441 -17.824722779652888
-13.184391347402261 -16.902172175064113
-14.124836155558029 -16.562225763385946
-15.090398747134097 -16.822396633678736
-14.894493100842764 -17.803019383644887
-15.747640640171294 -17.281349683415257
-14.79655755843639 -17.590284905812506
-15.755113908128235 -17.875187914686485
-15.162710378325887 -18.68082931002173
-14.388589319225876 -18.04779172357217
-15.009242917010587 -18.831876611551078
-14.63564638566749 -19.759467917983176
-14.707554381015726 -20.756879187322458
-14.842817599957122 -19.766069487328753
-15.719581484533078 -20.246990573062455
-16.71340241145603 -20.35798591174839
-16.30465474767299 -21.27063335044085
-15.570324479358804 -20.59184099851162
-14.869756988229316 -21.305427146339994
-15.834312349072524 -21.041546575117653
-16.777771927713683 -20.71005898338872
-16.253681261983584 -21.561721460015807
-16.280429941473884 -22.561363650074593
-15.588924979580323 -23.283735360260273
-15.047391764454279 -24.12441471466078
-14.08800595640159 -23.842317441885786
-13.343504721503015 -23.174696358310307
-12.458476332688033 -23.64023341482843
-12.47913690481875 -24.640019962427083
-12.768611650311076 -23.68283431077838
-12.555490689114073 -24.65986013228898
-13.38448327043905 -25.219119732213873
-12.64968959417423 -24.54082904724081
-12.230306525666471 -23.633019682974822
-12.870550197988782 -24.401191564815885
-13.52808197007357 -23.647764747733405
-14.101773000748638 -22.82869295520055
-14.777701859433439 -22.09172607806355
-13.971275564277907 -21.500391460032674
-14.494315318380911 -20.648083173303117
-13.497212554183303 -20.72414944460314
-13.635984546780128 -21.714473802614545
-12.694904524051752 -22.052657762644525
-11.72417475613475 -22.292832111149526
-12.722147135972808 -22.229183630567814
-12.358115579637193 -23.160570245240727
-11.726479183466688 -23.935835014872843
-11.403305726233707 -24.882174761760865
-10.737217413788347 -25.62804764638913
-11.503796078416395 -24.98589723493004
-11.846976051969824 -25.925166901081283
-12.004582061705053 -24.937664827313668
-11.033753959571827 -24.697888272770903
-10.895817067907613 -23.70744725286209
-11.570831335408108 -22.969642577713735
-12.279221731411507 -23.675463409688923
-12.962251000187822 -22.94507240618813
-13.117140091142314 -21.957140541379992
-12.329813693904356 -21.34060413190177
-13.313006674740205 -21.52317346786791
-14.02354782214806 -22.226829120755262
-14.475826962455784 -21.334952683549687
-15.117355028063132 -22.102052247516514
-15.814241467277695 -21.38487075665186
-16.79197872764658 -21.594703665620752
-17.73981774754898 -21.275954246248016
-17.585316849225066 -22.263946894205027
-18.511211303553182 -21.886164603137225
-17.513316639709178 -21.951020133908802
-16.584260335749924 -21.58108178218845
-15.69475037674849 -21.12416599909788
-16.20930392761987 -21.981624244895105
-16.565384381446314 -22.916079546342292
-17.182761749528627 -22.129412408742304
-16.19068955096836 -22.003743188788487
-16.726645815824202 -21.159497441294445
-16.55721979978902 -20.17395453249217
-15.613855099847713 -19.842197026315375
-16.210680536188324 -19.039825916082187
-15.59418721962716 -18.252465775717297
-16.099957676595206 -19.11513387229809
-16.473724166301086 -20.0426567082288
-17.17843647159899 -19.333163532249134
-18.04878412175311 -18.840725751538514
-19.030877799251797 -18.652332522846237
-20.025008187436658 -18.544143931546518
-20.91884898903849 -18.99252838867209
-19.919724804207245 -19.0343717069595
-19.93968459442987 -20.034172490503035
-19.102783220515704 -20.58152620643139
-19.784345829353697 -19.84976640278408
-20.537235486048353 -20.50791316821122
-21.285412458621206 -19.844413946122966
-20.307820164588115 -20.054921206442227
-21.131617847293448 -20.62180512574963
-20.510364695414932 -19.838195196460184
-20.249415132582882 -20.8035476324429
-21.05268201802353 -21.39916689905076
-20.54308929519636 -22.259582645560315
-20.53820966171523 -23.25957074007799
-20.206269332372617 -22.316270354328086
-19.326801928146253 -22.792229475370362
-19.55591058005732 -21.818828619802886
-20.49064289235222 -21.46347597192781
-19.664197899270206 -20.900458500254267
-18.671724478290322 -20.777998267327458
-17.693777900384507 -20.569143076436006
-18.0969007002399 -21.484288970945045
-18.34555689875971 -22.452880781223076
-18.211997455150936 -21.46183997730887
-17.925870761001214 -22.42003177172946
-18.153552556111975 -23.393767362213417
-18.515071255247086 -24.32613222114776
-18.87180084251997 -23.391924534621836
-18.08911222071746 -22.769511069712145
-19.034427120279958 -22.44335199707251
-19.338411905328094 -23.396028883776097
-20.271368168667532 -23.756018620707184
-19.455558285687967 -24.33433880437093
-20.31870292471477 -23.829382041747348
-19.41213751098891 -24.251447381044542
-20.098909994989512 -24.978319828740588
-19.146365608032344 -24.673920106539022
-18.6692901569377 -23.79505776580366
-19.66539542331392 -23.706885784440228
-18.814133846378102 -24.23162736620476
-19.813735232114553 -24.259859787882146
-20.67023992071935 -24.775999031108235
-21.50752882391165 -25.322759758109576
-22.5074281254887 -25.308568679724896
-22.577566950936585 -26.306105919713858
-22.296758958116232 -27.265869886097367
-21.380097470366678 -27.665534391497552
-21.33977689141153 -28.664721186302568
-20.94564705630286 -27.745666414769765
-21.491969067912507 -26.908091188517943
-22.490657526682785 -26.959290429909288
-21.51108317270147 -27.160372714116743
-21.4700707152517 -28.159531349336362
-21.98608224005523 -27.302949709170093
-21.294206810062875 -26.580932819220216
-22.19177037014823 -26.140047737133166
-23.17160576300185 -26.339854150722406
-23.945847521681795 -26.97274410886378
-23.15069222896194 -26.366338254291446
-23.38529896838265 -25.394247889243843
-24.38031695535553 -25.493943453841485
-24.40492598102992 -26.49364060591073
-23.591866979536963 -25.911459311045224
-22.86059472004598 -25.229373625446303
-22.690256956312798 -24.243987890697532
-23.260286659552904 -25.065611975923858
-23.47026155559919 -26.04331875355729
-22.815604495113526 -26.799244763928854
-22.03300632702529 -27.421771957957308
-22.84502275634449 -26.838137381774835
-22.554418956370355 -27.79498085457516
-21.696404525861382 -27.281355273983266
-22.62704049330481 -27.64730157619253
-21.635602972826923 -27.516719636443362
-22.628435281461623 -27.397203918100164
-22.04713499619862 -28.210893034626338
-22.928014080063047 -27.73755167829862
-22.198280917725864 -28.421283725072335
-23.098103601351692 -28.85753954226268
-23.99621627321944 -29.29730496681374
-23.465107776568082 -30.144608787638795
-23.39775870670127 -29.146879313889485
-22.523055671162194 -28.662220052532888
-23.5154772006094 -28.785100107422462
-24.12375683584601 -27.99137730608914
-23.386716057205817 -27.315529031236377
-22.38699588745231 -27.29187354164051
-21.787739234078472 -28.092430512372253
-22.13776598573747 -27.155690808333265
-22.783775348944037 -26.392361323346968
-23.650869603467104 -25.894217213903644
-22.729708328130133 -25.505036144451946
-23.265981683231775 -24.66099178032881
-22.781804476216607 -23.786021819583304
-21.806826554340898 -24.00832353315053
-22.142069107053718 -23.066191678869725
-21.41561689798281 -22.37897469134977
-20.983230925612162 -23.280663313268164
-21.17749139746538 -22.299713330305035
-20.21644437717304 -22.576098251723003
-19.94527260493655 -23.538629222623225
-20.586123476610407 -24.306294618661667
-20.248566671670748 -25.24759977823476
-20.564418897191395 -24.298791382596498
-19.585533569018526 -24.503201544496285
-18.952362361870662 -25.27721331600814
-19.318567641985524 -24.34667922592009
-19.13943499966077 -23.36285429410867
-19.893197976582993 -24.020000681621642
-20.285028808064027 -23.099963400039595
-21.039100672630557 -22.443171482405738
-20.55526802671355 -23.318332022389658
-20.836670478762453 -22.358742182936954
-21.677664374764362 -21.817697575822596
-21.229940960499224 -22.711869675766877
-20.408836559747108 -22.141091642670375
-21.24137682828148 -21.587127111974848
-21.259387005441457 -22.586964915580346
-20.347193539567282 -22.996724699864338
-20.574789328921316 -23.97048039646812
-19.589352739564696 -23.800437083288237
-19.84118844904374 -22.832667081980496
-19.04131567365065 -23.43283667733247
-18.18478856212333 -22.9167346455416
-17.405257820986858 -22.290370674975584
-18.100234320647743 -23.009403125508317
-17.187625432850787 -23.418236854442224
-17.584871433252033 -24.335949018012705
-17.831481354444254 -25.305063844423675
-18.572422045749903 -25.976634311290336
-19.03381512615723 -25.089438489979035
-19.712666640165942 -25.82371406626363
-19.38399260304374 -26.768157488243894
-18.43363681018271 -26.456992151203476
-19.089775789416116 -27.211632224304914
-19.56320074881886 -26.330798069759062
-18.965995644933255 -25.5287095061372
-18.201348916199187 -24.884259833752854
-17.277014790853602 -25.265843932899568
-18.095376077120022 -24.69113983065184
-18.69071900799138 -23.88766811698576
-19.104814803495067 -22.977434810549347
-18.709409184616938 -22.058928198401343
-17.93212797084531 -21.429774866758166
-17.88894405591078 -20.430707727126936
-17.93512298235898 -21.429640911455145
-18.920215867372843 -21.601664188644794
-19.841914742768374 -21.213758036212777
-19.756851686521422 -22.21013360619727
-18.7921546050984 -22.473495602494957
-18.088310419205722 -21.763141210669954
-18.760570580125176 -21.02282622632846
-17.854921183899307 -20.59879890277994
-18.837294174004814 -20.785730195802707
-17.85507155034737 -20.59801041108229
-17.932759156270475 -19.601032660133985
-16.957801123871338 -19.378643732665903
-16.15416896518156 -18.783517398582447
-15.855736176477373 -19.737948051184425
-16.667411398302065 -19.153839042286393
-17.563267531412844 -19.598183265572576
-17.865672561207415 -18.6450037452539
-18.221140815306644 -17.71031539059891
-17.221250354043868 -17.725116251239786
-17.117380008677173 -18.719707097444097
-16.168899531316956 -18.40287151852889
-15.295258034139746 -17.916301344340255
-14.498320597921845 -18.520363197757966
-14.326513710094058 -17.53523254992747
-15.320093412073483 -17.648366876347346
-14.529163420612942 -17.036460226107106
-15.039340272738874 -16.176390705920003
-15.848633278031963 -16.763795874082216
-16.731965524254395 -16.295048455120114
-16.657312249144972 -15.297838904165332
-17.482289159171124 -14.732672470339239
-18.222917220386982 -14.060757241355969
-17.256907345001512 -14.31926240698665
-16.327083780681207 -13.951256783069455
-16.293923527330996 -14.950706830644496
-16.6943590800209 -14.034381905663224
-17.37376359101078 -13.300617971930716
-18.216676318217097 -12.762567663582505
-17.462022990153226 -12.106443929487996
-18.086973999940255 -11.325779958648958
-17.598821619648746 -10.453021542123668
-17.641702942762247 -9.453941369100484
-16.89384764127106 -8.790079600332673
-17.172868976703086 -9.75036450304318
-18.029024004827956 -9.233645461574316
