0 0
0.8027849427997471 -0.5962686773712056
0.46140146487060635 -1.5361927812205556
0.14207570692701837 -2.483837788759641
-0.3762121799371088 -3.3390440015118155
0.5985161168208422 -3.5624377066589035
0.9422304729147228 -4.501511953678259
1.6853704421171505 -5.170647953437512
1.2036231403269577 -4.294337770215915
2.20355592385902 -4.282743443248743
1.5285770350290582 -5.020580484629744
1.3441659802786579 -6.003429691215294
1.8755376899869192 -6.85056846740354
2.842535591879817 -6.595784131670878
1.8523927490903347 -6.735845371393945
2.3826521500009346 -5.888009911091693
1.5958001511115003 -5.270868167370121
0.6922959263307223 -4.842288984717388
-0.30676518943652753 -4.885612038186618
-0.7552534914150317 -5.779400739719837
-0.010832692773314778 -5.111689968090662
0.8517917848325869 -4.605845119708132
0.2890186611231921 -5.432456522502921
1.2742555567985852 -5.261259970551912
1.952560628544231 -4.526479575029457
1.0313021383455667 -4.1375286857942255
0.7454230145324974 -5.0957943726305395
1.7452272249917307 -5.076006984020893
2.5991288905365035 -4.555572602393523
1.8224535215924305 -5.185473682941563
2.6270904559581227 -5.77924081225623
3.6240931867693154 -5.856607179335372
2.989366201714563 -5.083870707798468
2.002301635071619 -4.923547467817555
1.3847971238499703 -4.136980128919662
2.0208332021493005 -3.3653208082984385
2.396904305332758 -4.291911616233838
2.2320633479697563 -3.305591455852003
1.6763826943238376 -4.136987276844414
1.2729826679532283 -5.052011002615605
0.7145390039722408 -5.881553451294086
0.9562351721976157 -6.851905429838558
1.9378116573775865 -7.042975060449324
2.9027424700363604 -7.305479397140508
3.820870789312304 -6.90919617854107
3.1656091738373453 -7.664598200834595
2.199709359224203 -7.92351430332785
2.4928333617589686 -8.879588735125918
3.491163238534524 -8.821818006055697
2.562198417350582 -9.191986023316355
3.5357612471827715 -9.42040541034193
3.828190293901865 -10.376692633217443
3.0363403638803645 -9.765976915125183
2.060023747227213 -9.549630285738582
2.8745826418663407 -10.12971114834679
3.0823018819714005 -9.151522660738099
2.412673879997615 -9.894219327603244
3.389908401735788 -10.106381269343897
3.9680704075624225 -10.922303260111716
4.422884276367107 -10.031716742841825
3.4371987914619417 -10.200311300426788
2.8002776674078076 -9.429382327217441
3.236755106341533 -10.32909752954641
3.3739378037147083 -11.319643292013454
2.86184768646146 -12.178575019109127
1.992724972926865 -12.673171530235381
1.0166338349256794 -12.455809872357202
0.4402437296349673 -13.272984545559304
1.0009186569530941 -14.10102055074073
1.2977667509306836 -15.05594526458045
2.094561077392072 -15.660195875932182
1.1434353705906535 -15.351391909213
1.5423565886846862 -16.26837711179501
1.735818711324771 -17.249484856695435
1.3954826003424556 -18.189788707352996
2.1631869659032326 -18.830592895150584
2.9606759751859153 -19.433926368507837
2.0866726446834196 -19.91984629840426
2.9552017235043504 -20.41548451247019
3.042039934019501 -19.419262084899657
3.967701749984348 -19.797614040708876
4.910562430591636 -19.464426800609917
4.028717234783689 -19.935965824053834
4.977440026678437 -19.619856564240973
5.784936762977096 -20.209728601946622
6.525493730466439 -19.537735017227998
7.060831021178515 -18.693096641842974
7.292865916284928 -17.7203891794202
6.296545878500955 -17.80610021902504
6.198349514160315 -18.801267277377697
7.198010532195364 -18.775231743560838
6.295245954499983 -19.205366742437327
5.480666515502765 -19.785418755245644
4.692801286141468 -19.169571062740857
5.683905138448686 -19.036480289425075
6.610512224489902 -19.412511282959127
6.262076304704154 -20.349843886575933
5.5432928802328645 -21.04507793975898
6.237646773968557 -20.32544423414613
5.288487750069201 -20.640241228017455
4.347797791352521 -20.979508676455428
5.307644796474395 -21.26003269816938
5.568819979430217 -22.225324117279687
4.819109146357905 -22.88708968511623
4.724983700823397 -21.8915293401331
5.655593150088817 -22.257543073397184
6.016267725648676 -23.19023479660733
5.0407616444678185 -22.97026233110502
5.270872674335252 -23.94342671286863
4.351843750960702 -23.549236608983442
4.4956839332027005 -24.538837539648217
4.524285282826682 -25.53842843736572
3.656009262936757 -25.04234703952449
2.9357510722868327 -24.348640949885876
2.915398633227865 -25.348433817546148
2.8753036472392512 -26.34762969028511
2.1640761180849624 -25.644667812390523
2.079850716280266 -26.641114540364896
1.9610636179780663 -27.63403428801671
1.4132013518018893 -26.797465738942396
0.4577709783061542 -27.09268227201905
0.3126447322283539 -28.082095417625762
-0.6663495438589262 -27.878207685311278
-0.8584291909507479 -26.896828345212313
-1.3142179201571065 -27.786916337676235
-0.6108239330136548 -28.497716519760086
-0.8761323838046036 -27.533552930975016
-0.9136779286242799 -28.532847848436422
0.06664691017177982 -28.730238857450207
0.07392284120163588 -29.730212387513703
0.8886453744515891 -29.15036137749925
-0.041124673365905084 -29.518502190479087
0.3391808679061608 -28.59364128457066
1.2736533586844794 -28.949676625482997
1.7177296565308524 -29.845665599573113
1.133110342192514 -30.656973344699814
1.6387760092358832 -29.794243819776977
1.5526976090238134 -30.79053218617344
1.5653950133526324 -29.790612801461197
2.5553585352273 -29.649289677530593
1.5648031234481992 -29.78640268273118
1.2733578036790891 -28.829815192961068
0.27351253817496146 -28.847406243213413
1.2133294451101229 -29.189084719911648
1.2927478465281017 -30.185926090198922
0.41812522946573083 -30.67073046076809
-0.1153993274903512 -29.824945885876343
0.8235210507791141 -29.48081143065524
1.7958584302255993 -29.247230565576054
2.794573056820538 -29.29791680261662
3.6314105607081553 -29.84536816309273
4.456221526583929 -29.27995957581175
3.461787652230066 -29.17459701349682
4.1572154298826085 -29.893193009915706
3.5143223941798194 -29.127237042091934
3.19439409175653 -30.074678798248243
2.6985749702875426 -29.20625298173556
2.0240783103383233 -28.46797508302983
2.000085262542911 -29.46768720842268
2.0942667562170723 -30.463242252731785
1.3117148293704877 -31.085827573622584
1.6454489314051894 -32.02849482623036
2.1658191040356805 -31.17455403001758
1.5873492254078605 -31.990257774964427
2.3208505972636706 -32.66994574564336
3.1617527196801407 -32.12875851324086
2.5453401755586595 -31.34133513573059
1.9804238017219487 -30.516186972931216
2.9166526238948176 -30.164796033189162
3.663408232186229 -30.829894568359197
4.5365710038077 -30.342465830742803
4.734638093089453 -31.322654296367375
4.763673451647191 -32.32223268146453
5.227451673352255 -31.436281350367786
5.758177178830609 -30.58873758286386
6.739478884439848 -30.396261707574517
6.421316216016601 -31.344297844239044
5.555970401162216 -30.84312260471299
4.5561355580123495 -30.861296388674578
4.55004466085616 -29.861314938360707
5.4559003929146055 -30.284901284572264
5.611280986914757 -29.29704660345355
6.611027360454876 -29.319567451425627
5.701728775773008 -29.735711758001543
6.145887230277592 -28.83976350765887
6.938134824553313 -29.449963269510945
6.003458233420212 -29.094464085281494
5.1540016179861725 -28.566805617619554
4.2749517607653456 -29.043535466192143
4.760878596365689 -28.169535975091925
4.971277415937591 -29.147151613634367
4.583820249055407 -28.225263906898004
4.047417547102076 -29.069226075088714
3.3039030442289783 -28.400506265289895
4.204701848833764 -27.966269562991954
4.2065620721136385 -26.966271293208777
4.585987352170326 -26.04104891083041
3.679692305093299 -25.618403329233193
3.806922440185887 -26.610276553352243
2.806923562143123 -26.608778583655134
3.8056449822002945 -26.659330785575392
4.2638693577454365 -25.770494230489888
4.945245472189954 -25.038560769945494
4.666558509790284 -24.07817877459758
5.267682980987019 -23.27902336409944
6.217243562494056 -23.592607008519902
5.483774774663432 -22.912883875708992
5.370581364826087 -23.906456848353375
4.42122111724345 -23.592267223588596
4.526983634004362 -22.59787580666647
3.9139727844720262 -21.807801317548105
3.0540092103696677 -21.297445900983238
3.930734903006527 -21.77843660761947
4.807283776938807 -21.297123745119354
5.7474276956905985 -20.95634608735109
5.17889626344421 -21.77900762805168
4.791544291164465 -22.700939539621615
3.9478917041082537 -23.237829018335216
3.9256272598907853 -24.237581134873952
4.921982722715562 -24.152282883431003
5.572108799622342 -23.392456532133682
4.740156277773635 -22.837609705171882
5.496158686260752 -23.49217853910891
6.3309239271812405 -24.04278456209718
5.3557342642482935 -23.82141355833037
4.504413452528523 -24.346059034373756
5.431283428116767 -24.721441570399406
5.221695081064796 -23.74365185641177
5.629291265284882 -24.656814136956267
4.649534831029464 -24.85700736744898
3.865165487311206 -24.236713297966617
2.9595049941891665 -24.660716919646838
3.0453058714099015 -25.6570292248344
3.2940918611375563 -26.62558770593672
4.2914447705730385 -26.698300662420273
4.307003460900069 -27.698179618672132
3.329669357809179 -27.486476876754306
4.102926239181567 -26.852383984970896
5.0549206422229425 -26.54626855481767
4.2886415097427015 -27.188776368875466
3.6406545180352508 -26.427124966606733
2.648516701537355 -26.301974844454225
3.0866278545637935 -25.40305403726716
2.9623647840741367 -26.3953033453105
2.4916874590664806 -25.51299792442517
1.5080246213045576 -25.693018538817416
0.9170017811546969 -24.88636371646699
1.8106512439956148 -25.33512939871569
0.9068632471607416 -24.90714895900237
-0.06766138198307725 -25.131429469060873
-0.5442508964725588 -24.252303519791553
0.061407790024969544 -23.456578972306627
-0.8099937726753291 -22.966008573155314
-0.20177566902884547 -23.75977852622527
-1.1999704994673135 -23.819837501290767
-0.6320224886758106 -24.642901931963102
0.1878195590336812 -24.070312186327094
-0.7880958134558762 -23.85216272898519
0.11221378129669879 -24.287412810658303
-0.3265516587745108 -25.186014440191165
-1.2639863817764485 -24.83785335662455
-2.116777567808411 -25.360105396377577
-2.7857235803975127 -24.616794403427022
-3.697826544001588 -24.20683320552573
-2.909798311293706 -23.59119410308397
-2.631616442284652 -24.55172252419114
-3.627373209739151 -24.459698287880443
-3.3814314703588804 -25.428982900793805
-2.6545869365361243 -24.742180874259244
-1.8971568356719923 -24.089264614464046
-0.9954971576374109 -23.656818288307175
-0.25819753663721146 -24.332384176191518
0.28822525621367967 -25.169893657602344
0.6964475710379547 -24.257011112211366
0.2540907240554134 -25.15385023932819
-0.5645636124739262 -24.5795636581845
-1.2370097623530931 -23.839417608061495
-1.6458909181902366 -22.926829968214626
-0.7482734136249883 -23.367605211959162
0.2516341797456322 -23.381199501928624
-0.05462408940495295 -24.33314796302139
-0.7973488290095279 -23.663551098348833
-0.5412608962666146 -24.630204588852777
0.2565988648093662 -25.233047687557388
-0.7351699101541048 -25.361089465924668
-1.4628141815398137 -24.67513479226207
-2.2448842789355554 -25.298325262952545
-1.8329269273819155 -24.387122134939418
-2.4228007495469557 -23.579626702181805
-1.4250536208477982 -23.51253969023026
-0.5295794018363796 -23.06742630794897
-1.3842456630330542 -23.586604102131364
-2.0333340142722713 -22.825891073265975
-1.5226952112181706 -23.685686405199963
-0.8762030547424651 -24.44860703777939
0.09769320705707163 -24.221613488855883
-0.056719578626141964 -23.233607065993386
-0.7783277522589805 -22.541305366048718
0.09176902221599448 -23.034186287822166
1.09020755651718 -22.978324912771956
0.2317775534340626 -22.465394186643447
1.2266717150129036 -22.364470417112503
2.0398265325831266 -22.946517874509524
1.0817388348605403 -23.232992940566998
0.30887921904249427 -22.598415904867167
0.3008954767516803 -21.598447775445518
1.2830857360029215 -21.786336824173695
0.3247664328610871 -22.072036164785025
1.171575597423371 -22.60393299577138
0.4589908358653306 -21.902346965697184
-0.287025827934106 -21.236419689387258
-1.269062209917825 -21.42511135443987
-0.3457969638908416 -21.040948256942553
0.12648062997777643 -20.15949838637153
-0.4640123012127879 -20.966541197016653
-1.2042798060067388 -21.638853640264685
-0.2880021706331696 -21.238309891200714
-0.9770367253461865 -21.96303837995456
-1.5526250033522628 -21.14529873054162
-1.0028477580772193 -20.309987422957562
-1.978907031400622 -20.52749212396283
-2.9494030266536386 -20.286374884434306
-2.0758385624477667 -20.77308334632572
-1.7063911364308042 -19.84383171226235
-2.7011857057085233 -19.741930952031836
-1.709908777671991 -19.61013545915573
-1.075429762681802 -20.383075547090804
-0.19496796774367586 -19.908958443777358
-1.0256407440930402 -20.46571937867854
-0.5467833813090863 -19.587826659658955
0.005208709371764431 -20.42167600565965
0.40389708368560545 -19.504589542894557
-0.08050560968464976 -20.379434689566608
-1.0338389253279785 -20.681354528736705
-1.9713548268310157 -20.33341209897433
-2.6401298787514107 -19.58994728479085
-2.604491784477583 -20.589312046145047
-1.8731288873156202 -21.271300545061898
-1.805780469455491 -22.269030062822967
-2.2417801716976573 -23.168976872164908
-1.3344712970394215 -23.589441622133805
-0.4397258379419918 -24.036018114377327
0.25458275342739045 -23.31634070056565
0.9634473634169817 -22.610996128952383
1.3360513376351963 -23.53898658062567
0.507324338558296 -22.979333508623924
1.3843245775195223 -23.459823446980547
2.292136823580287 -23.879200277411258
1.8617982697759903 -22.976532714512476
1.2465957817717532 -23.764901853148302
0.3441693702879043 -24.195745875801958
1.1836670990871683 -24.73910907232973
0.883519926365612 -23.785216167068736
1.5044901319950272 -24.569050335576694
1.9359037342742025 -25.47120459276806
2.9263488713550787 -25.609111918290836
2.062420511387308 -25.105497195667084
2.088810929303655 -26.105148907936012
2.1890844398556437 -27.100108818224655
1.2887167567485442 -26.664978912085864
0.8381567219439385 -25.772232780737834
-0.04564317903209658 -25.304367698652463
-0.43640807318929054 -24.383877178606593
-1.4339258104892678 -24.454292828656378
-0.43506825597132515 -24.502079707424876
0.10935920788626174 -23.66327178149809
-0.12737123577017567 -24.634847150188666
0.1955184796271806 -25.58128374695076
-0.7600244001979395 -25.28643157243696
0.148943034116087 -25.703298701575942
0.25559387661302424 -24.709002167440026
-0.570852633352856 -24.14598692238425
-0.7829626955291047 -25.123232705963584
0.021046539282317145 -25.71784951563007
1.0209773317152813 -25.729614308207257
0.46435601656019565 -26.560380648109774
1.4640682327374996 -26.584369912914333
1.1111715979866963 -27.520032226562563
0.5008601823511333 -28.312193811054588
-0.49913895002457875 -28.31351109911082
-0.3392815071004487 -29.30065120970392
0.25368112789015373 -30.105881185241962
1.184752723340194 -29.741044668229044
1.7490747089832488 -28.915489887175795
0.8736825937192367 -29.398903420844018
0.26764455974691315 -28.603467753188262
1.138045981440479 -29.095810484538912
0.1536832822087013 -28.91965692550269
-0.8002599328812331 -28.619669688467713
-0.7072648221558084 -29.615336253830417
0.2548826992267942 -29.887865421255327
0.49626221048786645 -30.85829621814059
0.2941909117013647 -31.837667031574775
1.220290935537617 -32.21494510654136
1.8791276957533811 -32.96723103847708
2.7476746390438054 -33.462837946521006
3.4802145011118917 -34.143562083364465
3.1652587600147184 -33.1944557241244
2.6924590831127144 -32.31328578278428
1.7722582549930204 -32.70473237675059
0.934761548714021 -32.1582900037854
0.04357793675888144 -31.704647226059812
1.0258939153144595 -31.517416570785638
0.03339750176687606 -31.395142824236412
0.15325953190102115 -32.38793338308159
-0.686105132760653 -31.844364657236
0.09999176296255352 -31.226261372554273
1.0330244628906189 -31.58605295231253
0.0443097551035343 -31.73586358813489
-0.2080725265462003 -32.70349119414315
-0.11671143152007249 -33.69930902402752
-1.0308439549106942 -33.293893521512516
-0.5685348975568906 -34.180612380840905
-1.3227906734499517 -34.83719308763327
-1.0781841799485876 -35.806815521025236
-0.9252822423488162 -36.795056887027606
-1.4283248010079848 -37.6593185280702
-1.4287237527575487 -38.659318448488946
-1.9546502007899873 -39.50984850160875
-1.7997798603806816 -40.497783305966564
-0.8143574436266076 -40.667908731928
-1.6464192567988478 -40.113225814343075
-1.7391361741940012 -39.11753330496644
-0.7942673125323924 -38.79008432533405
-1.4081684632753892 -38.0007014162738
-0.5532133865624086 -38.51940346639766
-0.5099070402088667 -37.5203416262869
0.462700180064764 -37.75279634246104
1.4496113550322067 -37.914061133176126
0.5947944610299141 -38.43299087575047
-0.32663725587362546 -38.0444505418285
0.6549351410015593 -37.85335990968578
-0.33081902257049056 -38.02155244519306
0.37924808572859126 -38.725686453540746
1.3194083152906155 -38.3849537977094
1.8651825060055307 -37.54702150166784
2.51221918640212 -36.78456262787768
3.1735392947071936 -36.034458825493395
2.178949499591681 -35.9305784161176
2.71429447131929 -35.08594490905908
3.7015736139522355 -35.24494143267503
3.543911143286905 -34.25744837176589
2.5606299859957096 -34.43954220943232
1.751924904612371 -33.85132788510421
2.1913547017061634 -32.95305094928425
3.136542108074134 -33.27957930462784
3.5046635651665867 -34.209357016141794
4.409150108345478 -33.78285485529346
3.5768973853729795 -34.33725128845737
3.330647852128942 -35.30645775117679
4.185658100113267 -35.82506885387493
5.1753861966962456 -35.96803141832533
4.234563371734604 -36.30693024103086
5.221810064718548 -36.147732354134504
4.370924591527799 -35.62238112732243
3.459339275191983 -36.03349207468449
3.289503398271278 -37.01896443599686
2.40826473081515 -37.49163600376897
3.1858312729676035 -38.12043666576375
3.9368061145075597 -37.46010584914678
2.9555442481804723 -37.26742697201625
2.391786205610661 -38.093366963442904
1.3945209199865496 -38.167271970641735
0.5640347294517255 -38.724311185895886
0.21533319846602017 -37.78707736112843
1.2153300623953072 -37.78958178353513
1.035072946962842 -36.805962257327984
1.588759705837861 -35.973237228854316
2.4725252679210796 -35.50530728615377
3.1425192139098677 -36.247673848128635
3.9817781207708127 -36.791405847605006
3.9135712843817445 -35.793734645519976
2.915677419997724 -35.85860247595021
3.5802401880902743 -35.11137003067955
4.578362106138479 -35.05011126223149
3.934648546209144 -35.81537778623675
3.4319730099100907 -36.67985294794266
2.6646745185605902 -37.32114307352763
1.748327000394847 -37.72152692179262
1.2651670484941673 -36.845994820222764
1.816006934488022 -37.680605759522194
1.028986503151739 -38.29753269252095
1.1919223467673092 -39.284169358606945
2.1582166464897066 -39.0267294115824
3.048977959315433 -38.57225797840647
2.1446734999431447 -38.145369884452805
3.1124478670955433 -38.39718881599445
3.0496846477559294 -37.399160370358686
3.5074704321627554 -36.51009784410138
3.2422375501615 -35.54591346427286
2.9672886865084758 -34.58445461316382
2.072070551635818 -34.138826415004054
2.927190416876846 -33.620396076317974
2.201031697306134 -34.307923176868506
1.3527421409472722 -33.778390525776544
0.9686703229636522 -32.85508730438568
-0.004133887598105956 -32.62345835992209
-0.21072097051700153 -33.601886577611594
0.09042687442591621 -32.648309115898996
-0.7100722537551247 -32.04897519746838
-1.0457328357281557 -32.99095819822239
