0 0
0.3226793534944444 0.9465083384885774
1.1402895807937607 0.37073623407958467
0.4286917629282758 -0.3318508036666864
-0.49120990408332943 -0.7239999118248839
0.21775147983455478 -0.01875261043817289
0.11838222877886666 0.9762980173917037
0.6165029248963723 0.1091903123749558
1.51969350775938 0.5384300717491081
1.0271926890619711 1.4087420523528351
0.3887686745990102 0.6390571962220957
1.3213508277407582 0.2780994041722476
2.319639247985429 0.2196166716317829
3.310824361279829 0.3521009015747001
3.7263042625598426 -0.5575014574989503
4.434815837629126 -1.2632006483677256
4.396416577020709 -2.262463124789575
4.746118615144065 -3.199324098751225
5.004759269678517 -4.165297706994219
6.004580444121432 -4.146386886398863
6.612673772056862 -3.352521340780203
7.612673771916284 -3.3525045730548033
7.719731077008181 -2.35825172119746
7.814789770269929 -1.3627800516682018
6.830143487435232 -1.537341495577831
7.709578400282009 -2.0133606486233604
8.351492434870739 -1.2465840369573433
8.672264675399333 -2.193740396650011
8.305494684888385 -1.2634287423853774
8.180494934210756 -0.2712719693245217
8.351549291650244 -1.2565335624057519
7.766778948592084 -2.0677324565615827
8.632757898863906 -2.5678129077753
8.163754033892328 -1.6846167944223698
9.163165021431812 -1.650299481221108
8.729574569132382 -2.551409529813829
9.287093722276735 -3.381573606293414
10.247997253030547 -3.1046902290660015
10.076083708957352 -2.1195781880451876
10.758657941930892 -1.3887619207928892
10.557411655692068 -2.3683025949229024
10.602500742036876 -1.3693196249516468
11.03583950040064 -0.4680885111413484
10.282720391103188 0.18979567867553182
11.242998238405573 0.4688412949827915
11.15229308929821 -0.5270364966791228
10.717519402222486 -1.4275762465106228
10.82987146611493 -0.43390778382344064
10.344049601255449 -1.3079656283763372
10.04166032959687 -0.3547811087864555
10.948097128168225 -0.7771225940749742
10.143268230417513 -0.1836156898646064
9.300832002699337 0.35518037751893505
9.491932491462261 1.336750855474834
10.37427680984947 0.866146452807568
11.073003883332598 0.15075811296570052
10.86303753219454 -0.8269504997557839
11.245542068588515 0.0970031136026086
10.508888608949537 -0.5792673059796208
9.520588589736903 -0.7317896716323559
8.535175715139012 -0.5616089836071839
7.793305827795433 0.1089348779356879
7.555511707193889 1.0802504580677779
7.880649831235441 2.025916995645766
6.907535428638392 1.795594700897325
7.337436905559799 0.8927188954064521
8.083622732511746 0.22698117553770336
8.506534366598306 -0.6791897519115476
7.531957502077306 -0.9032431721943375
8.316926100919424 -0.2837076212920181
8.863038608064954 -1.12141946288149
8.815816407564455 -2.1203038725004864
7.9838177730331195 -2.6750815506184806
8.807899187555764 -2.1086101724903727
8.641211373855356 -3.0946198949392834
8.720552702559928 -2.097772387263514
7.7265923599822965 -1.9880325249392077
7.277070911387716 -2.8813020627907058
7.653524958060329 -1.9548667705312766
6.763963956012725 -2.411683170889301
5.776750491623476 -2.2522793574826667
6.4890664002901115 -2.9541383506290293
6.130159751982721 -3.887511811683475
5.9996035249738915 -4.878952718439505
6.652769740896409 -5.63616728141189
7.6452803801895355 -5.514009060689952
8.094975515659511 -4.620826948724738
7.372848569350868 -3.9290663879705456
6.676246908394913 -3.211608287484249
5.700750680887772 -3.431624446252957
6.163601464582395 -2.5451882375874524
5.604362217117127 -1.716181926336156
4.758806222950708 -1.1822951773628931
4.553888203389541 -2.1610743175467904
4.220801205850268 -3.1039704157836385
4.365659396830983 -4.093422842384228
3.4164864927210115 -3.7786677024683843
2.5089807728559825 -4.198707424890271
2.986769831312139 -3.320232829002843
3.9849591023165916 -3.2600815260111435
3.8790600446284014 -2.2657046409314705
3.80312826163475 -1.2685916261074712
3.3893930027594275 -2.1789888666367743
2.549876346476586 -1.6356549142431498
2.4844616611859545 -0.6377967484959692
2.363877057016325 -1.6304998024034576
2.177572657296171 -0.6480077308604283
3.1418230145784447 -0.3830148092926864
3.664338406749412 0.46961504295529855
3.8820778971370804 -0.5063918803427477
3.3460028895403857 -1.350562234140015
3.115016562354351 -2.323519230442064
3.46692348556632 -3.2595542283964596
3.9503420304117416 -2.3841648804491964
3.86882156480405 -1.3874932125027732
4.158826625154899 -0.4304681005172516
5.136143924006722 -0.6422484049956788
5.678242953025041 0.19806620438428213
6.635204524867494 -0.09214845757617374
5.654880503122728 -0.28954352435892616
5.9529978670539965 -1.2440727472340938
4.978814545078659 -1.0183143472018967
4.5252835419971245 -0.12707384697546698
5.353280424789704 0.4336588541270926
4.358489014723483 0.33172725716883233
4.454582705825483 -0.6636450362623207
3.499221901243761 -0.368203446317768
3.201592554411309 -1.3228849491783232
3.9808790057573034 -0.6962170732276188
3.9778719799256774 0.30377840565998493
4.863107961286956 0.7689205960741995
4.327027662029445 -0.07524639732697413
3.6689351817591733 0.6776907098816707
4.354542334629497 -0.05028101479796887
4.720044618453021 0.8805294280526622
4.64131468490973 -0.11636655326347745
3.642044584336689 -0.07816621163222906
3.70916895469875 0.9195784044411913
2.746204353238511 0.6499505565943433
1.8083643090051904 0.30288276576315265
2.0774450381435363 -0.6602348600782479
1.110683587362899 -0.9159149282973362
1.3585201009645531 -1.8847167978897608
0.3601162827576432 -1.8282383436805352
-0.6265680684454644 -1.990885173009922
0.0005584999496487386 -2.769802541678107
-0.6750656694959852 -3.507048756765643
0.32185959581149637 -3.585407007075406
0.6140470233194835 -4.541768082823611
0.2193672505301303 -5.460586822810419
-0.6062957205904694 -6.024750503066693
-0.029758655582614812 -6.841821499169314
-0.8258269198144204 -7.447028338756376
-0.919420811891167 -6.45141788111447
-0.6173692367036656 -7.404709466059364
-0.07039790048406191 -6.567558131261324
0.7880709678540685 -7.080423807724713
1.78047119406243 -7.203475792761903
2.6678717017851916 -7.664475075725972
2.7432647388300624 -6.667321180900729
2.108351752256711 -5.89473752880828
2.362972022640488 -6.861778643709654
2.728266119805822 -7.792670808558066
3.397657932609034 -7.049761257568156
3.478975576099947 -6.053073021028221
3.0628510049122752 -5.143765404622268
3.6768744784938505 -4.3544776409449035
2.7347374352100102 -4.019249671240132
2.0252707053497856 -3.3145107414076453
1.5839879712249245 -4.2118788646231335
1.5136440971281528 -3.214356063190977
2.2266999728922334 -3.9154632718533326
2.981839101655174 -3.2598987088916465
3.091239061428378 -2.265900897625635
4.012886580920361 -1.877872741670071
4.972912506977342 -1.59796164632293
4.491665926913809 -0.7213763799756374
3.494026706979945 -0.7900494230839132
3.2379119215558307 0.17659695315051915
3.8152025027494165 0.9931357365926604
3.1117660345509517 0.2823775954444422
2.118460394705657 0.39789342055740695
2.085953955353164 -0.6015781055005507
3.0690440421685166 -0.7847006906870386
3.9508824616652283 -0.3131489947940631
3.721280001925758 0.6601355013742386
4.101766653452216 -0.26465091072867686
4.384916175827422 0.6944248672882077
5.370004980557018 0.8664715086283313
6.084717483657995 0.16705315176948
7.084683987908135 0.1588683867908799
7.278329661338318 -0.822203146361403
6.928001406374981 0.11442384117117044
5.989565584405579 -0.23102978530366158
5.09522921977345 0.21636541683488203
6.080293867252082 0.38855031828619424
5.970017024735853 -0.6053505912639736
5.01407329007807 -0.3118006361140356
4.064806539257268 0.002671359119432115
3.0804594802301457 -0.17356957649047405
3.958518088095041 0.304983535665703
4.905862257721335 -0.015233616084585733
4.672409115743127 -0.9876016690874097
3.6902349577348588 -0.7996284706235073
3.0148070719453237 -0.06220242612963478
3.829428086786807 -0.6421960486623588
2.883579408911869 -0.3175881643430913
2.3084446032812194 0.5004704859700722
1.5382352936903334 1.1382616895935862
1.855576321274956 0.18995020478939184
1.2291355438456395 -0.5895188147192435
0.23012375132754948 -0.6339647190276568
0.5166320884060553 0.3241130297926095
0.9182518093075721 1.239919559460851
1.8924114529441285 1.4657801109298874
1.3312327574969183 0.6380854378914732
1.249377237067771 -0.3585587683201886
1.842318640238719 -1.1638043783086363
1.19982260541451 -1.9300933872570674
1.6401361023238032 -2.827937485327278
1.013530510560566 -2.0486009518765207
1.778325368605556 -2.692874826178392
2.5315311130614337 -3.3506598264016163
1.9476896061921032 -4.162527484863603
1.5748154459484334 -3.2346455631609667
2.205169921535949 -2.458338127213849
3.163959627057011 -2.742454829621214
4.087851631423956 -2.359801508367068
4.5919913945488835 -1.4961794271091013
5.575453271173439 -1.6772946866156022
5.41380554898616 -2.6641432129415343
5.927414727815166 -3.522167461679642
6.539585112518504 -4.312893343444093
6.8604362546838376 -3.3657637089318992
7.58804275750729 -4.051758444370171
7.262752865731724 -3.106144101041645
8.010432781821727 -2.442084809204202
7.402089196644698 -1.6484110208163285
7.162309606917025 -2.619238373310081
6.45075453506891 -3.3218687026634504
5.86993744932197 -4.135902800784918
5.68715768967923 -5.119056684703882
5.1737248245107 -5.977186449346056
4.892906968820578 -5.017425368698585
5.245529557361469 -5.953190996433822
5.335248296208454 -4.957223854455882
4.642823870685909 -4.235733442225911
5.190089370683344 -5.072692504852368
4.514260427922439 -5.809751010078838
4.741441232859053 -4.83589841247058
3.7500766499269247 -4.704763887238635
4.7451994742647035 -4.606120263612968
5.181635813676292 -5.505855403329658
5.012657171939394 -4.5202356903385095
4.959989539776023 -5.518847787462465
5.281788450854314 -4.572039749458548
6.279684946660686 -4.507212412189758
5.644048868990571 -3.7352235672158485
5.025788218048514 -2.9492504331351066
5.334848159280204 -1.9982078721916627
4.531340093344261 -2.5935017390976483
3.770532634838478 -3.242479405186375
2.862449054691092 -2.823690423159978
3.1137517077986048 -1.8557818652160343
3.9522327982373273 -1.310851171479032
4.946822365438996 -1.4147337629638375
5.933558781381127 -1.2524030959484
6.591121666479584 -0.4990034329932106
5.591382226196019 -0.476176879562962
6.233741667610365 -1.2425803947074638
6.13846254654163 -2.2380309907132974
7.105696189266071 -2.491918919496861
6.113282168024649 -2.6148595980513187
6.003992195950139 -3.608869508466679
6.0548641177213804 -2.610164322951303
6.395864155803925 -1.6701010410241217
7.255709890793667 -2.1806549676762934
6.296139761384698 -1.8991853125692923
7.29564161691961 -1.9307454263565875
6.903613222546216 -2.850698543643017
7.8081690390782 -2.424343322286274
8.534576970127773 -3.111607112768704
7.6531416058958435 -3.5839117799924405
6.696512504359776 -3.875220485825784
7.627745409263848 -3.5107959026485167
8.553329216626057 -3.1322531500446984
8.650746542853032 -2.137009529341311
8.314171764879985 -3.0786662708519295
8.310764624585413 -4.078660466532591
7.945527846169125 -5.009575121961375
7.030673579126554 -4.605790934462657
7.67271809073168 -3.83912357170503
6.861184569372539 -3.2548177068444817
7.256504108288487 -2.3362740431293143
6.481532807184324 -2.968270469119938
5.798689629439607 -3.6988354522716733
4.85582262544405 -3.3656661067783586
5.259616520434447 -2.450816124339443
6.1435804436862185 -1.983261012732975
5.338116577902266 -1.3906161267208117
4.339930326293016 -1.3304147388773921
3.9699464302419023 -0.4013765713821924
3.2873218201479903 0.32939264095104126
2.3272792401883065 0.6092466112004444
1.5414731022554613 -0.009226277119703474
1.6288123274119897 0.9869523513145032
1.9648543235814575 1.928799354181975
2.8864937834569195 2.316846652846025
3.2463823410341317 3.2498419508647203
3.6706532060640695 2.3443066213017327
4.137149422400585 3.228829814973733
4.926727845126978 2.6151801475209586
5.869575169579582 2.2819551142888117
5.080139946811737 1.66812123688102
4.2133549142032525 1.16943926683808
4.860754685039466 1.9315898666024696
5.795082837785565 1.5751759176806273
6.214960303147912 2.4827567207394465
5.23246598066179 2.669049249528276
5.982565332371413 3.330374405986734
5.451166983623508 2.4832523398427813
5.155387810551025 1.5279959968768955
6.149569204418834 1.6357148721358747
5.598875115636713 2.4704220187330685
6.337196345831643 1.7959727908119107
5.8646900375746345 0.9146455027643132
6.864299878576246 0.942576950502149
6.1635701838827535 1.6560038177946304
7.156544423273893 1.5376730952176576
8.156541154345799 1.5402300163159444
7.779389911528219 2.466381699379337
8.768702674556641 2.6121906734140943
8.516189716344293 3.579784186173894
8.814594425288401 2.6253447540044235
7.975725259760874 2.0810116545816992
8.699008592596986 1.3904602658773637
9.202327678693598 0.5263596365691382
8.614125169177859 1.3350733113634918
8.55442442746875 2.3332896313259446
9.163098529095283 3.1267099726388783
9.258185071455221 4.122178982433775
9.085474391687258 5.1071515815928015
8.723925101001356 4.174798584920125
8.403075811705842 5.121928847111426
9.023204941220726 4.337429093939309
9.889121612086848 3.8372408102739164
10.817459207139104 4.208979037542238
10.994593048209927 5.193165809627444
10.089619099460636 5.61863279082001
10.559784230318323 6.501211257431096
9.563112852025778 6.419687250583801
9.351107927943243 7.396955848342247
8.363161892822234 7.551754529501609
8.366428484078803 8.551749194178157
8.88425472734948 7.696263377942624
9.23159558093695 6.758524431631271
8.32668784853527 6.332916635838419
9.31063726580653 6.51136423109133
8.359267542432148 6.819415605778329
9.085932963762389 6.132424073484848
8.440334619212736 6.896101215682222
8.933641042973855 6.0262456114144705
9.228226977633303 5.070620618490563
9.58447432108605 6.005012308459422
10.139591397062075 6.8367845320638345
10.287398095009355 5.847768263217906
9.772949413712261 6.705289431651481
9.724563043748494 7.70411812527303
10.546339935076464 7.134308735319391
11.30624487879351 7.7843429471224255
10.416377231450795 8.240561721629506
10.734064438957775 9.188757291217561
10.12817375519783 9.984305202617563
9.138694575590284 9.839629865662099
10.118761479104355 9.64096214146831
9.84722007073806 10.603388898963368
10.478278760728307 9.827653809008172
9.802625008599296 10.564872912961663
10.392792145680378 11.372153998030253
10.784284556902216 12.292335334482864
11.783917721140028 12.265251447097585
11.815624964705624 11.265754248149298
12.712340416749617 10.823146749268476
13.590339699517779 10.34448480231782
14.290348426080131 11.058619091325534
13.436162077369376 11.578586091890173
12.600625385654265 11.029151439908915
12.661583350026824 10.031011105797747
12.562905761977099 11.026130562755899
13.495631862951543 10.665544899478764
13.694765856687805 9.685572628167659
14.546323620832537 10.209833416635407
13.634207180641141 9.799902203463517
13.042342026974264 10.605939200055413
12.635396705207189 11.51939171939722
13.169269454068017 10.673826885677308
13.676518642063163 11.535626317841349
14.560024039918849 12.004047295125527
14.16944019811067 11.083479936091782
13.916366717264147 12.050926995776303
14.220309949001585 11.098236851038255
14.872219538416838 11.856533552355382
15.7871283769159 12.260194074621676
16.65076567056607 12.76430777709029
15.837665044798577 13.346430936203987
16.76247593649626 13.726858083759646
17.760869515520636 13.67019891536746
17.431108531976612 12.726134461141967
16.650697358241942 12.10086779810125
16.274731100985733 11.174234443745409
15.662987077405552 11.965290225352453
15.603808707521694 12.963537649860971
16.585943856937398 13.15171455673902
15.723642222574426 13.658109552147693
16.59668846448057 13.17047212588351
17.088759701160793 14.04102706270944
18.034081784963767 13.714888813075328
18.99341818686456 13.43262356904404
19.218423613971293 14.406981079289903
19.104145567053262 15.4004298842077
18.105034522341505 15.442585789309815
18.94899793565342 14.906185046403078
19.852923929936747 15.333873948362081
19.660577395185896 16.315201014415667
20.520221834134627 15.804308228613676
19.530761825196084 15.659501838176858
18.545829990007864 15.486558841693139
19.43138122314332 15.951100565860385
18.581568100683594 15.424016457870728
18.066977182666324 14.566580636893937
19.0666878995266 14.542528971780785
18.37893916766829 15.268477786661894
17.450992973496156 14.895763605657931
17.91122032746436 14.007962511572423
18.51172047577783 14.8075871559372
17.541280383770978 15.048929294457869
17.746719838315123 14.070259467337095
17.439051661765035 15.021753184152054
16.708515522502115 14.338879148014474
15.718757254490184 14.481632680026898
16.3016274805519 13.669067421373317
15.486499174068538 14.24834787501349
15.101704963053184 15.171350266759617
14.674680691458757 14.26711010426447
15.067236716805837 15.186838198302976
14.419799712405652 14.424719227712876
13.530048168052797 13.968274061979125
13.447856104013738 14.964890570275571
14.313062094538488 14.463473983034895
15.106030481540378 15.072736764776584
14.602625137789039 15.93678714518423
15.079002865788489 15.057546415767034
14.271597058817662 14.467549921820005
14.056138372857257 15.444062878541121
14.113204505645397 16.442433278988073
13.62650010194444 17.316000004211794
14.535010925400023 17.733861325302964
13.600995936702365 18.091095143534265
12.65650102324884 18.419621182776847
12.57036677866246 17.423337642859856
13.4112534303561 16.882126372648806
12.497090265363669 17.287472777309095
13.047954704357785 18.12206751120795
13.606564884787272 17.292637184826923
13.207862406565601 18.20971751601929
13.948335592078346 17.537631612628502
14.129061274484952 16.55409807089306
15.006307812340573 17.034138185696317
15.26356194027095 18.000481972173358
14.88309212123391 18.92527530952064
14.20210526068211 18.192979675397506
15.176169102986211 17.966706320545967
14.854669465925499 17.01979661874234
14.447955188475282 17.933352033874968
14.635501804005175 16.951096330402965
13.96810867350237 17.69580191609282
14.131489492654715 16.70923883755546
14.292286396596287 15.722251322090951
15.083881498532802 16.333297306113526
14.08991859327023 16.22358065759569
15.084508039299525 16.119696905992562
14.08566598148667 16.07158720276981
13.142954749684638 15.737977350645664
12.215168037582387 15.364866352621624
11.228310787818062 15.526460809790157
12.077839801950603 14.998918911788689
12.286336003150476 15.976942088449253
12.017196081486523 15.013841002079436
13.016306924577385 15.056001685402492
12.92864085575763 14.059851766776942
11.979500818869871 14.37470600349086
12.130915900779504 13.386235734352583
12.936916798909692 13.978150045898882
13.070618741254691 14.96917163527682
13.92593821429071 14.451070680784952
13.140989787894425 15.070631789875891
12.426647648805979 14.370835170619593
13.327259010037734 13.93620984229612
12.329023606771939 13.87682904012256
13.316823057715306 14.032560362328411
13.270508649989806 13.033633450268757
