0 0
0.9748015802404348 -0.22307370791007877
0.22956229091266012 -0.8898708297111805
0.8163675322943663 -1.6995989375887306
-0.18317798706561117 -1.7297444965882383
-0.4335927898807026 -2.6978831367276963
0.5647408073293334 -2.640176736028383
-0.021988341976748593 -3.4499599819371642
0.8222628684544038 -2.9140123224726096
1.173174399583364 -3.85042093911426
1.6068997955383424 -4.751466043925166
1.0146976020312768 -3.9456766409137964
0.28686825926734094 -3.2599183396065374
0.2309930325463498 -4.258356098827851
1.0585133771725435 -3.696920368552563
1.2558831361065335 -4.677249485868956
2.0430912430209225 -5.29393692404835
1.1231956621631967 -5.6861003087726605
0.22988201561935695 -5.236666521771118
0.0932911002133468 -4.246038982365643
1.0882028848487166 -4.346788874641831
1.1090484759291428 -5.3465715816999735
2.103168697300172 -5.454853553704624
1.1398654119922496 -5.723268867192815
0.9058688357761562 -6.695506287949261
1.4244001465658118 -7.5505649290556835
1.7503105249600457 -6.6051642598921125
2.749602094323353 -6.567529709284741
1.7560985133152078 -6.453728854613118
1.4705666310103838 -5.49535964382457
0.7224387505857128 -6.158914219222321
1.7219071900611789 -6.191515423072434
0.9992937903403196 -6.882767818760045
1.030797835976882 -5.8832641944001685
0.05645798707483363 -5.658182300766909
0.2649654717317732 -4.680161529595849
-0.714160468844269 -4.4769070278226275
0.17145542216741283 -4.941325474471321
0.6983970290769823 -4.091423984351695
-0.22634991383523595 -4.4720065530204485
0.2250202909470117 -5.364343338228159
1.1667719930763454 -5.70065232046994
0.17880543373566726 -5.545984684474098
-0.8115923135564189 -5.407737434379346
-0.9731241759398046 -6.394604931784623
-1.0959626494293797 -7.387031608890167
-0.17859933022485708 -7.78508253600636
-1.042868385848828 -7.282052716322825
-1.043186561951077 -8.282052665704807
-2.0279762756087636 -8.108302212830544
-1.4011970180779736 -8.887499082902
-1.3212648504476008 -9.884299388167758
-2.1625416414658027 -9.343694762869273
-3.040902455186089 -9.82169296466572
-2.048682485739179 -9.69719584730643
-1.0609228249184246 -9.541212346719771
-0.06482507565688533 -9.45295548343937
0.5238685807967307 -10.26131170371065
0.9534621324367896 -9.358289344967922
1.3037156693461438 -10.294944276029776
0.7523852344642507 -9.460657304075315
1.6886620162902448 -9.811920435948787
0.841159299477421 -9.281129380075685
1.5032709915329256 -10.030534549021962
0.5828844115352871 -10.421544195143705
-0.41617073662409043 -10.465004647698228
0.583482376301207 -10.49134195619326
1.4095118480494926 -9.927715030112498
1.5617199222831686 -8.939366558095632
2.556431219315929 -9.042077003306446
1.9108001422223015 -9.805726472821696
1.3500427054925552 -10.63370660371391
2.267280502464592 -11.032046689326549
2.0118069738744055 -10.065230638472158
1.8847336123133338 -9.073337317201384
0.9646110128917331 -8.681706876564249
1.9468260549920426 -8.49394742654405
1.4224188611847643 -9.345415039012765
0.7711701368496172 -8.58655069075819
1.733887969857724 -8.85705831358641
2.22563712133383 -9.727795226794143
1.6744523833896021 -10.56217846287775
2.5117223780000315 -10.015388781075824
1.6783575883980313 -10.568112154429633
2.157626795335962 -11.445780102620226
3.0828440273449975 -11.825217941526072
3.670466014179765 -12.634353530032943
3.294221604745061 -13.56087398008741
2.5530342363180134 -12.88957577147652
2.210457231373562 -11.950086018640818
1.3893998895812678 -11.37924029387013
0.3894763994820313 -11.366870413201266
1.2844326559426644 -11.813024309320049
1.1492194546535854 -12.803840836330554
1.7591447590548204 -13.596299745707602
2.7430838793548995 -13.77480410852013
2.42626287335664 -12.826318763267894
2.4146161400106285 -13.826250937768929
1.652946027702188 -13.178285938701814
1.1414252583660076 -14.037556852056689
2.009105682323656 -14.534679253363123
2.709596921017322 -15.248340254478789
1.743716179365718 -14.989353009799542
0.751006012576914 -15.10987904331158
1.7075197245720959 -14.818191678543755
0.7175261077213589 -14.959303827541623
1.5191771456966205 -14.361511544793522
0.6885438182584069 -13.80469175765506
-0.31142057570714543 -13.813130406901573
-0.1978736058352713 -14.80666303627663
-0.2397804949914467 -15.805784556734103
-1.2302661369116321 -15.943400664621073
-1.8069268065899682 -16.760384429481878
-2.445229534896006 -15.990598987272772
-3.3748339957559588 -16.35915772933335
-2.3951143673002826 -16.55953100504314
-3.004640524430897 -17.35229696279712
-3.919864223177226 -16.949350835811032
-4.6536795294073965 -17.6286998597614
-3.9443387426150665 -16.92383416461598
-4.099380744077087 -17.911742043814566
-3.1148418218777922 -17.736576092001293
-3.981850900046006 -17.23828374972228
-3.3753826157155196 -18.03339142802833
-4.19238777869759 -17.456761075323378
-4.565575636188982 -16.529005276084707
-5.128866374574464 -15.70274651271264
-6.046617827966972 -15.305591291425118
-6.194776038010039 -14.316627619293106
-7.167264107370729 -14.549580307517815
-7.731700391016563 -13.724103668415243
-8.378800985209669 -12.961699037661383
-9.100450379265983 -13.653957769681538
-9.005969461696834 -14.649484442460974
-8.094314746370785 -14.238527413048189
-7.713626176716477 -15.16323072381038
-7.584992538073502 -16.15492290740843
-8.546911298101689 -16.428258413894206
-9.375576485321432 -16.98800300519462
-10.374567202598834 -16.943085894940527
-11.339455348647752 -17.20574701809027
-11.430743969337934 -16.209922541722833
-11.88385964243194 -17.101374271653604
-11.81198226058532 -18.098787747589675
-11.861196689047702 -19.097575983419034
-11.304671129404188 -19.92840647242595
-12.045793996372309 -20.599775890896105
-11.123019759816195 -20.21443486226266
-12.01406413764045 -19.760518662124586
-12.215244999400642 -20.7400727754136
-13.192669989407742 -20.528790052718108
-14.173073853258696 -20.33179192139164
-13.199129397956368 -20.558578600863452
-12.818117485836924 -21.483148729530328
-12.497259427775461 -22.430276021174397
-12.434199741581102 -23.42828577863024
-13.02666524942158 -22.622689960605268
-12.840919539055562 -21.64009211251042
-11.911629143393453 -21.27074219640083
-11.085497398117058 -21.83421920520117
-10.753510666578649 -20.89093514931851
-10.443598290351188 -21.841700272291078
-11.379266325748473 -22.19458173615081
-10.756450501002453 -21.41221324979292
-9.931821947509937 -21.977887845974188
-10.06518059841989 -22.96895568937719
-11.041607623031881 -23.184803472797295
-11.02305683570047 -24.18463139213611
-11.199964410050312 -23.200403923439136
-10.202570607898199 -23.272553791273754
-11.163937653673914 -22.997284099341506
-10.791391683898649 -23.925297838681722
-10.81191942743691 -24.92508712235365
-9.8997422393311 -25.33488314173326
-9.938170793650919 -24.3356217914285
-9.459783008649705 -23.457473098346497
-10.095229259878018 -24.229618202455747
-10.646827669511886 -25.063728024055628
-10.361175070791816 -24.105394787209242
-9.371609413946446 -24.249477439850672
-9.998592936482963 -25.028509956802115
-10.369041686689343 -25.957362864140265
-10.060155874714715 -26.908461994179177
-9.128488164703027 -26.5451504500169
-9.200847681089094 -27.54252906437976
-8.791078981988433 -26.630339603117818
-9.70787455101511 -27.029696441813552
-9.71537994334864 -26.02972460766725
-10.699287431420519 -25.85104597179803
-10.515993764369929 -24.867987768221482
-9.681763211261636 -25.419403568013827
-8.72735254512547 -25.120906867252295
-9.043630173801148 -24.172240191544073
-8.33505211772905 -24.877872630178445
-9.261854458025757 -24.50232313674176
-10.170102256658113 -24.083890422581554
-9.378421434299753 -23.47295550337167
-8.39762949244705 -23.277898673712194
-9.184497965571262 -23.895019412306493
-9.269674104223666 -24.891385321701364
-8.46572805497286 -25.48608755802978
-7.532091157200158 -25.8443083602138
-6.826076948955312 -25.13611069165198
-6.072004952880177 -25.79290245829896
-6.954234971005455 -25.32208381474428
-6.814741648090782 -24.331860803063464
-7.794154632729248 -24.533727604498395
-7.817170301011408 -23.533992500076465
-7.585546240776627 -24.506797873581544
-6.842681341126605 -23.83735650880942
-7.81838566973894 -24.05644795804273
-8.758260721491814 -23.714929456212257
-9.512240644459297 -23.05803199407532
-10.003920811961486 -22.187256125734322
-9.726417410603018 -23.147980780479106
-9.474947851580803 -22.18011557246449
-10.464134412839181 -22.326778270604894
-9.464148234110281 -22.332035869978565
-8.857040997868216 -21.537415958509868
-9.497772912223239 -20.769651271950927
-9.559855672143316 -21.76772227690033
-10.508507368058474 -22.084044833537217
-10.138514741606139 -23.013079524154797
-9.540594001540502 -22.211524292995172
-9.856212700435398 -23.160410396227743
-10.526750638981275 -22.418535155388255
-10.603770363396581 -21.421505586092042
-9.707757218847231 -20.977478059023298
-8.708040759096395 -21.00128982299102
-9.28028438143091 -20.181206146347304
-9.33779803450679 -19.18286142646851
-8.487850195277693 -19.70972826978833
-8.715220543527929 -20.68353663119039
-9.657643329279757 -20.34911280892923
-10.651688542310332 -20.240144398593937
-10.605823328376287 -19.241196761252127
-9.886289822247226 -19.935654487508824
-9.798416520469491 -18.93952282812103
-9.722560020164252 -19.936641572986176
-9.836983799843933 -20.93007360319449
-10.464215692588608 -20.151241045629043
-11.384866535154869 -20.541628066522456
-10.72647656574915 -19.78895107857481
-9.727147122135909 -19.75233601162623
-9.04554581972386 -19.02061224916515
-8.056800073483629 -19.170217895087518
-8.640024983013987 -18.357907175656027
-7.856884742669239 -18.97975230424736
-8.573958133377742 -19.676749974500144
-7.595861146424367 -19.46860030692239
-6.95568953335001 -18.700368372013553
-5.95588825653861 -18.720303438762738
-5.006520937386452 -19.034471695157052
-4.550865924662677 -18.144315242964687
-5.369322753523461 -17.569747214537113
-6.369104935418281 -17.54887645111952
-6.638102605600487 -16.585735623703016
-5.6552303007773626 -16.77002353001181
-5.637870759402919 -17.76987284181998
-5.253673011902286 -18.693123669501947
-4.7107691513963745 -17.85332881464287
-3.7378146087732684 -18.084325476932747
-3.0789603710590874 -17.332054851794382
-2.4164948737541208 -18.081147279256097
-1.9826639888844062 -18.98214159851297
-1.2333171512922698 -19.644319306526963
-1.5375179159161805 -20.596927250437904
-2.491002485648401 -20.898369077798613
-3.4026836206280278 -20.487470661979984
-3.9696488318689775 -21.31121239895979
-4.906669013619614 -21.660487618510224
-3.912512816969911 -21.55253644129109
-3.32731514271418 -22.363427113358345
-4.095788821925823 -21.723545714692214
-4.442597483371064 -22.661481614605723
-4.209027186633834 -21.689141696427885
-4.0525940834608 -20.701453140135136
-3.0533854103154705 -20.66167843069371
-2.0658474782376812 -20.5042972605763
-2.4120548664791244 -19.566139254520266
-2.2575862866714416 -20.554136955859796
-1.2585962941596822 -20.59907018255625
-0.40255241081262017 -20.08216702936014
-0.5479136858551157 -21.07154567260954
-1.2532502334060749 -21.78041826672564
-0.28376445021085017 -22.02556580634687
-1.0727588624246307 -21.411165434036246
-0.7338261281943156 -22.351976042855664
0.22249010926348645 -22.059641895047797
0.11616907770758118 -21.065310039856136
-0.13460909191979947 -20.09726545945793
-1.0794487280269778 -20.42479875859079
-2.052087076891623 -20.192474325269934
-1.6088989280833776 -21.088902941923777
-2.1106694665189947 -21.953903708835593
-2.931205301441419 -21.382308621725706
-3.930868331293209 -21.408266794765026
-3.0504694263240895 -20.93403291983708
-2.0722834674668476 -21.14176406794573
-3.0719070782673814 -21.169198293469748
-2.335178689791002 -20.493009502071224
-3.2594942212429423 -20.111380364927953
-2.271274197101516 -19.95834055348688
-1.6924408840406142 -20.77378644114034
-2.672736532394928 -20.57625051575563
-1.6847311870239552 -20.421830835926972
-1.6748327255744346 -19.421879826896564
-1.8053282148478005 -18.43043092388678
-2.125258785068069 -19.37787191425955
-2.781139011467003 -20.132736888025644
-2.308392114850444 -21.013935147068075
-1.9104554174610515 -20.09652227116605
-1.401640341059434 -19.23564642760531
-2.1800220140964863 -18.607855084020485
-2.8858653126833627 -17.899487073844984
-2.006762686349221 -17.42285453994448
-3.001904185113127 -17.32439948706284
-3.960468681408176 -17.609275085250225
-4.5690549591449985 -16.815787377374143
-4.924549053343962 -15.881108850291351
-5.907213625530401 -16.066501241099715
-4.911850070340978 -16.1626854030011
-5.854128768476752 -15.827855811955818
-6.825427964068599 -15.589994775544573
-5.854450252329802 -15.350824787238158
-4.85456641919269 -15.366066841923617
-5.479204831602913 -14.585152727733307
-6.417823115698079 -14.240195169818938
-5.874946204149585 -15.080007445811358
-4.8762329159981235 -15.130720048482639
-4.3393540028954645 -14.287060737702685
-4.879343741666351 -15.128732337569373
-4.268747450405503 -15.9206743613934
-5.147908624013488 -16.397198894676034
-6.058229943175245 -15.983296616499654
-5.062033053736842 -15.896165924586592
-4.550385975921275 -16.755361634400597
-4.085176143728637 -15.870161198323379
-4.060440298589354 -16.869855220494784
-4.430495570658341 -15.94084548124877
-5.2354678203445255 -16.534157942971227
-4.706015914175031 -17.382497897855757
-3.706023425466813 -17.386373788352742
-4.6815254487122235 -17.606364248700707
-5.278199633440419 -16.80388065554821
-4.627129231926027 -17.56289800203766
-4.532426903406655 -16.567392367210307
-4.435501077352017 -15.572100759567789
-5.434809918132954 -15.609273878041488
-4.972088866712862 -16.495777814057952
-5.9291379326715585 -16.78570381383649
-4.980117885007302 -16.470488095428713
-5.4349849116851265 -15.579928727367676
-6.4227884943729405 -15.424223614962465
-6.262079546182983 -16.41122545587852
-6.283121977541554 -15.411446872349886
-5.465711147001232 -14.83539172384813
-6.222403790574953 -14.18162093590987
-7.118215072591867 -14.626055573411508
-7.850381508605463 -13.94492980677575
-7.60461524969811 -14.914258928376192
-6.817200968770671 -14.29783476419091
-6.108057926603357 -13.592770124781381
-5.382329072273915 -12.904789289297081
-5.616199779813932 -13.877056995309541
-4.871969947804472 -14.54498061156156
-4.206238233973836 -13.798789426140475
-3.5783064103135174 -13.02052107599727
-4.41324918193262 -13.570857852999326
-5.384204971001695 -13.810116824980001
-4.427364237277736 -14.100729643497347
-3.4578352975719757 -14.345706448670866
-2.6852644379475583 -14.980635001233427
-3.6218077688566677 -14.630083165794401
-4.621577682149657 -14.651533584767657
-5.339936893436429 -15.347205952739426
-5.896430189326636 -14.516353853007317
-5.873015318226097 -15.51607968732958
-5.855753571194493 -14.516228682384634
-4.893060194246389 -14.245634037241283
-4.1840720514520235 -13.540413636673492
-4.838049179948867 -14.296927956037655
-4.264466486637204 -13.477780292955266
-3.29855589150297 -13.218904411097897
-4.29833927159372 -13.19809112461273
-4.959850502001215 -13.948026383181604
-4.607820446238308 -14.884015079608844
-5.304839641015525 -15.601067547781236
-4.574418645854199 -14.91807035171998
-4.606796249527191 -15.9175460596691
-4.098116668826771 -15.05659014664077
-5.096467885355761 -14.999189376131264
-5.08427831497412 -15.999115080558303
-6.04079080384742 -15.707423704906905
-5.254380336754782 -16.325127984677685
-5.4260212504378105 -15.339968405345456
-5.6764679994489144 -14.37183802884146
-6.414672866767942 -13.697261440256815
-7.149056172888949 -13.018526470116939
-7.757470238511608 -13.812146230929702
-7.28544381303451 -12.930561831310861
-8.182589067821358 -13.37229748961053
-7.559745920786559 -12.58995075433787
-8.31290145610168 -13.247793242798593
-8.098089035830967 -14.224448567924831
-8.342009908835943 -15.194243704906086
-9.125181400041518 -14.572437935101048
-9.968686421950668 -14.03531664710918
-10.185944798484314 -15.011430778666533
-11.185852365938612 -15.025026974738617
-11.196797741223541 -14.02508687715283
-11.951694454839279 -14.680930571772333
-12.524526257676582 -15.500603509997186
-13.37756075122897 -14.97874897776639
-13.823649011868378 -14.08376000368922
-13.907597251947596 -15.0802301201441
-14.767200561569881 -14.569268135172209
-14.195509535442767 -15.38973712949541
-14.982510909117526 -16.006688373787892
-15.619932189956227 -16.7772038575609
-15.954446936750463 -17.719594373311768
-16.282608264088896 -18.66421606649877
-16.80584277868141 -17.812027329927382
-16.342991838855227 -16.925591202785657
-16.82536370105473 -17.80155774698594
-17.809091516043082 -17.621892541622618
-17.35732424963951 -18.514028370410053
-18.21572523228717 -18.001049079415246
-19.13597855580633 -18.39237224580326
-19.3419670511591 -19.370926659099883
-18.5071280226642 -18.820432520619104
-19.38875199592475 -19.292385028581805
-18.394891508969287 -19.181744473319938
-18.685279725049163 -20.138653394775865
-17.827942990071765 -20.653409378576242
-17.287331365120874 -21.49468167157534
-16.39106343536482 -21.93819469065234
-17.19349762278998 -22.53493531676332
-16.237745932937575 -22.240760696266797
-17.215501546961523 -22.031013326212605
-18.101751042930765 -22.494221520110624
-17.465410252411875 -21.722813457978916
-16.556976856966504 -22.140843081378495
-17.51690767767795 -21.860606004159493
-17.723373784843517 -22.8390597570737
-17.09380827562009 -23.616007161726195
-17.827507283218484 -22.93653253655677
-18.822777397239836 -23.033678818708605
-18.705702005457653 -22.04055578874754
-18.790795042340264 -23.03692879875639
-17.926112439118913 -22.534610179067304
-18.17325347596699 -21.565630660240586
-18.126923025730147 -20.5667044921076
-19.12427968551975 -20.639365989293697
-19.280922977118337 -19.65171074620674
-19.200324793852417 -18.654964071843473
-18.589956780233805 -17.862846095812586
-17.963670048798456 -18.642438893385794
-18.9256610635789 -18.369357792828303
-18.1748555250768 -17.708834482600288
-18.913564737547176 -17.03481022531321
-19.546386273979078 -16.26051254158429
-19.155648732670993 -15.3400104102383
-18.206589027871487 -15.655106707782199
-18.593033655284145 -14.732794098118918
-19.073752269351335 -15.609669011712253
-18.961487523770074 -16.603347343417024
-19.77784792069376 -17.180890157704074
-19.269452449722955 -18.042013868384704
-18.35498979245051 -18.44668416437172
-17.922402929358665 -19.34827642580721
-17.42763526575715 -20.21730171833574
-17.517295183364173 -21.21327415729914
-16.712664532134877 -20.619498513556216
-15.714349143268137 -20.677519064672627
-15.255986375391712 -21.566284260337184
-14.445892973894141 -20.979983415335152
-15.039389920163728 -21.78481965629891
-15.168147401993012 -20.793143544419138
-16.09228271284341 -21.17520888862015
-16.642561200066478 -20.340227699311377
-15.642561609671839 -20.34113280182254
-16.59756240567309 -20.044529565769775
-15.605591282504571 -20.17099414895331
-16.397231186260388 -20.78198208891733
-15.536391502038166 -20.273105838667643
-15.953040366174363 -21.182173341119476
-15.496808204557812 -20.292312557228712
-14.76740227691289 -19.60823142701355
-15.749563079033997 -19.420188456454095
-15.918580123017547 -20.40580158483818
-14.971849624930638 -20.083774623246274
-15.623329881999867 -20.842440211400245
-15.959683706415161 -21.78417589873571
-14.987664006191386 -22.019075243938886
-14.049862416170791 -21.671903560538805
-14.219412917690004 -22.65742506077844
-13.395182416540106 -22.091170629471996
-13.878918008493638 -22.966384818729328
-13.284874901953884 -23.77081802762401
-13.350869984449828 -24.76863797585433
