0 0
-0.46936391908970093 -0.8830048196112843
-1.0302031856797993 -1.7109295245517038
-1.3880235756318293 -0.7771390938154613
-2.218267123948936 -1.334539892592984
-1.2224880494938817 -1.242757351347736
-2.1872391613489306 -1.5059213537767282
-2.6720141280232363 -0.6312824387461163
-2.253791456971191 0.2770620979898585
-1.7417992222746774 -0.5819279785596148
-1.0356592485357834 -1.2900002471085492
-1.0620466309207663 -0.2903484547073808
-0.06474544409405614 -0.3637674083503965
0.12699289023832336 -1.3452134899806838
0.8619274348240319 -0.6670754397471069
0.1496923800851686 -1.3690164820014608
0.049289811449637524 -0.37406958682997093
-0.9123719115295579 -0.09983113118108627
-1.9093417903501217 -0.022042566954009954
-1.7055043230281839 0.9569621760966955
-1.0196825008962864 1.6847316645253354
-0.019692059576542298 1.6891039944698136
-0.7310987754527775 0.9863234564594119
0.07586775478678187 0.39572628488378847
-0.4682766634354242 -0.44326528367790863
-1.2457469348087797 0.18565440684755152
-0.6173380974187299 0.9635376455730597
-0.008563107066870912 1.7568805796955576
-0.5139297701368215 0.8939758712499825
-1.1129820577049854 0.09326596325623848
-0.35284955199056767 -0.5565021290323263
0.39322790405204766 0.10935703744732761
-0.30909673255719605 -0.6024997633291304
-1.2259090658756486 -0.20318141229179715
-0.3392036898347258 -0.6655163299652579
0.12652983180046878 0.21940868766351262
0.13446292102250396 -0.7805598448890849
0.09359021339368417 -1.7797242066289787
-0.645124649528328 -1.1057061421098497
0.20168494949804827 -0.5738100028149798
0.9859216021575641 0.04665181923807593
1.8548539274214395 0.5415827377625855
1.1497575292378568 1.250694202391764
1.4915996689436581 2.1904515921053855
2.3687859199740338 2.670601861295433
2.8918702160193086 3.5228828121742026
3.8588744729657005 3.777643026979333
3.798885366595338 4.7758420587945745
3.404604059923443 3.856852259499118
4.018274794801009 3.0672902105410715
4.361112469696127 2.1278955497767527
4.825468119562929 1.2422467308666953
4.564440137933121 0.2769154961051403
5.056922606627074 -0.5934068683260568
6.016108180882703 -0.3106295104278322
5.955087505381326 0.6875069918409484
6.5492548273176245 -0.11683447392035817
7.062989739422717 -0.974783446811155
7.166657464774857 -1.9693954328239485
8.148367959063515 -2.1597753304064367
8.763596278183128 -2.9481243110953548
7.81608430904252 -2.628404014061703
8.712062527403111 -2.1843060156161114
9.575783449299308 -1.6803356106528995
10.547527595206875 -1.4442989294053121
10.233321632342545 -2.3936537697576954
9.55371527165644 -1.660076783671716
8.94810791565982 -2.455840398297808
9.513476808186864 -1.6310022230399306
9.178049025801089 -2.573068145788313
10.122401589041594 -2.2441331426325437
10.174087570219562 -1.2454697562256571
10.547343033547076 -2.1731983582942593
9.599260732666103 -2.4912234371107593
9.012935452412561 -1.681147721059719
8.030731205050033 -1.4933318099578945
8.429255998037355 -2.410489369690361
8.206322819278048 -1.4356556414021617
7.219673749362761 -1.5985163574613144
7.394172679481979 -2.583173720906715
7.584307980655412 -1.6014158244537822
7.862116569868576 -2.5620522737723532
6.922025136221608 -2.902974693662258
7.764576760030143 -2.364359096768145
8.754889969387218 -2.2255075668057795
9.286252473715148 -3.0726521170416587
8.327252484439086 -2.789246011658393
7.546024030650948 -3.4134912383055775
7.735143998966548 -4.395445227851068
8.673179893316838 -4.048907118964832
8.483161286658719 -3.0671266296884827
9.21143958819384 -2.3818451433537673
8.697379157990024 -1.5240911727429243
8.238205272534643 -0.6357447634431468
7.333041335248816 -0.2106821249565114
6.372127706160088 -0.48753045424807373
7.351656863297574 -0.28622811864929154
8.311997353371686 -0.007398164870622059
9.30806986697542 -0.09593938489350023
8.340583131904497 -0.3488611464360874
8.820762683046397 0.5283090757358484
9.746381953624118 0.9067651048002145
10.745431904807143 0.9503448597466791
10.342283875675104 0.03521007917774377
9.56780655457448 -0.5973915957337297
9.433044731996304 0.3934864245974351
8.461992464443036 0.15461931995626432
8.11954677718259 1.0941569462792984
7.559354020385839 0.26579466126599827
8.53281240235555 0.49465876629977534
8.215012407413605 1.4428165396766008
7.6782485721923575 2.286549071465305
8.476843605811043 2.888417804894423
7.522330010883804 2.5902504071141172
8.329257341995717 3.1809011349597753
8.615888656437535 4.138942099418683
8.952465397700394 5.080598139191633
8.294331072465447 5.833498670435662
9.029499069181245 6.511383628673325
8.662494455531242 7.441602749934339
7.802262582908047 7.951505804762599
7.702969413238852 6.95644758211578
7.592735892239998 5.962541866844862
7.595143628608882 4.962544765446275
6.788779788945665 4.371124983832914
6.012182370083895 3.7411278020795056
6.814297800977488 4.338296819630137
7.813985156008796 4.31329297611545
8.808687753216043 4.210498311326099
8.43786264560988 5.139201029944322
7.65522339216018 5.76167657079689
6.685788127614537 6.007023810144145
6.930717841225346 6.976564647546328
7.728000981340302 6.3729591518055795
7.900018072544099 5.3878651865749605
7.041510587618198 4.875064154666672
6.361006962806096 5.607808869159782
6.802646589043399 6.5050014017507385
6.686867222879121 7.498276357828157
6.188599639935527 8.365299665350825
5.97351577457165 7.388704083310781
5.635012074089294 8.329669143639672
6.634254961295122 8.290763458083948
7.600929889526835 8.546770456285586
6.9620603361086815 7.777455375375762
6.2066779388054565 8.432739614347243
6.766481145996274 7.604114023854845
7.062881266978358 8.559177879459174
6.478424911144561 7.747752733111417
7.1241305375416175 8.511339168323033
8.116987633574261 8.392029542317315
8.675249085424593 7.562364458456387
7.6852107755909955 7.703162700852498
8.463779239869059 8.33072237644654
9.323286607857263 8.84184573178651
9.573499890783939 9.810036473865289
8.773463140229328 10.409987469999155
9.27266948031768 11.27647060890931
8.768472760007887 10.41288177895095
9.492934265922514 9.72356651983658
9.276613323686636 10.699888828272776
9.00092024826888 11.661134545124977
8.019667294296264 11.853858804936799
7.020423739200095 11.814970277081272
7.864731656703263 11.279111955841914
6.891927121122977 11.047484376407978
6.967885201885349 12.044595388265181
5.967940102025029 12.034116969236798
6.593118560749242 12.814598804225428
6.921031408433298 13.759306782557216
7.420601745791178 12.893033455002838
6.422155508830231 12.837309924079854
5.98960392650741 13.738919112492452
6.1381159518013435 12.750008510697176
5.98090775253032 11.762443028269827
5.349615946784471 12.537988420879534
6.083286777541339 11.85848337152631
7.083219555040292 11.84688852425565
6.637280905653343 10.951824995234976
7.46359093059379 10.38860945684588
7.735131569206559 9.426182482171038
7.426428310321466 10.377340880101542
8.42626046002729 10.359019515124317
9.41943980622646 10.47561619725288
9.02904819822333 9.554967299789395
8.586188390564203 8.658376428343493
8.301765324589642 9.617075296362867
8.75688956499871 10.507503241674597
8.763568134531004 9.507525543568782
9.504636296901174 8.83609574178657
8.638365099637634 9.335669773128865
9.63773790676184 9.300258018291187
9.7720872980771 10.29119204286256
10.762693656117722 10.154447597236814
10.759346048889963 9.154453200489588
10.474238708700243 10.112948794934312
10.7595029423144 9.15449988287873
9.777518815740017 9.343463305677812
9.052882080806082 8.654332256903858
9.93402392626509 9.127184293148913
8.935802718540886 9.067565332661216
9.610211352547193 9.805923642953548
9.15663761592569 8.91470489009474
8.809282958130026 7.976971057012208
8.446300768922404 8.908767134659051
9.444188318296954 8.97373203905562
9.0859327253285 9.907355587444808
8.650166668163237 10.80741555401517
7.65900260327581 10.674773944872975
7.862188175809877 11.653914191780435
8.572695064300316 12.357604437135333
9.5726380647292 12.34692755119976
10.336546660064055 11.701603091742715
10.351139350196224 10.701709570714248
9.833443210862029 11.557274125448998
10.01376587751034 10.573666614348742
10.68421369916118 11.315623296671667
10.818005596749034 10.324613847604788
9.988111415906308 9.766693021139792
10.595188289003795 10.561336129805674
10.855224545328369 11.526934983055149
11.60235507755571 12.191612324186686
11.471722887609756 13.183043224930618
10.685732105076774 13.801281439353822
10.51248795601675 12.81640253064653
9.552644018332238 13.096937047756793
10.045299756314853 13.967161342885817
9.52992883892694 13.11019412209453
8.598650097192504 13.474501554345817
8.845492318523165 12.505445870822655
8.817105224663113 11.505848865573949
7.900301508240911 11.905186999934342
7.930768983848081 10.905651241229268
7.841831077726388 11.901688413655423
7.505695451730069 12.843502005050272
8.049491770728235 12.004284772479322
7.358514598730936 12.727161351003357
7.0607881412049185 11.772510128572353
7.753903161183104 11.051683124998931
8.018533394686038 10.08733316802471
7.552491294216658 9.20257062327607
7.468898935439317 10.199070657171724
7.425672369264889 11.19813595232353
7.912985777742397 12.071363094548298
8.852125568636561 12.414898322959106
9.614890521835497 13.06157415068999
10.127239221581327 13.920351659634395
10.559573161230423 14.82206523091271
10.892706775195595 13.879185601667013
9.969454571302625 13.494991161302796
10.940372840140256 13.734402345747759
11.799108888658315 13.221984158155253
11.060186102564709 12.548194045292455
11.987384062809294 12.17362236654688
12.98432388408579 12.251795205520471
13.81649182581404 12.8063188901001
14.772288753179463 12.512291283166983
14.814289278058355 11.513173694536947
15.813588079395155 11.550615725021888
16.80796057702205 11.656555972157943
15.854722720025025 11.354334880922208
15.564978346479888 12.311438949453386
16.521056131883224 12.604552013403554
15.878838059521923 13.3710739945186
16.876476105391784 13.30238389746694
16.638127847513008 12.331204146871741
16.843366382873715 13.309916128816885
17.842826667619875 13.277065874402021
16.967606740806943 12.793340663451044
17.6387164549887 13.534698708885825
18.25955808062735 12.75076269371982
18.991122780618415 12.068990671906823
19.799589197052953 11.480448359496325
19.88514188886193 12.476782006887719
20.614386798915753 11.792529231109212
19.94935580288184 12.539344987714644
19.643320588923434 13.49136518068191
20.078826064505968 12.591179099508896
19.07990998257219 12.63772650818082
18.942306436422538 13.628213895322647
19.864681525266356 13.24191841841364
19.437009144944874 12.33798460716961
20.434352959179662 12.410822208774853
21.100640505436107 11.665127294145844
20.709377611346795 10.744848343115857
19.79402114950852 11.147492786478628
20.124898693367072 10.203819087062282
19.665303113080384 9.315690772807557
18.78614900137635 9.79222833467849
19.663000675657305 10.272989336955806
20.589935270015165 9.897766392851066
19.754989945401682 9.347433489140878
18.757309710861243 9.279358900582944
19.746541040883915 9.425719331374797
20.058837936794358 10.37570388325167
19.543755542282465 9.518563214012428
20.124640701977075 8.704577691262442
20.039544739968242 9.70095045145302
20.93731900754093 10.14140631131224
21.021712204131756 11.137838842078464
20.131962518763057 10.68139005263292
19.34806426491325 10.060500748802339
19.432959064266687 9.06411082861911
20.201947180541485 9.703373902031094
21.09562598339601 10.152081153285748
20.958548491987592 9.1615208263247
21.903899309972104 8.835465875532634
22.225536972653526 7.888603048115256
21.377556599703134 8.418630676726174
21.166317404721607 7.4411962786699375
20.349939398634906 6.863678355850305
20.134604803735595 5.887138027835353
19.70114091864319 4.985967089377727
19.188479541159744 5.844557976842052
19.909794065518028 6.53716562692237
19.865171129312674 7.536169527597644
20.82738559768142 7.808462231983659
19.83320427044527 7.700742741755754
18.877301203603153 7.407060384774883
18.17302266779126 8.116984144057986
17.244642611562707 7.745351972149964
16.641886714117568 6.947426331444577
17.1275650140142 7.821563957341963
18.127158806901708 7.850063943671119
17.131741220466917 7.9456873122393725
18.129843972690544 7.8841170596524215
18.518538513544573 8.805483736882652
18.43468583009129 7.8090055748150204
19.34862369884054 8.214859701400025
18.38131211538276 8.46845051453883
19.326042847171575 8.140603226287475
19.6055065268288 9.100759490523897
19.370687448357337 10.07279858458638
18.803740918957864 9.249043989575286
18.14375152564921 8.497769072703921
17.989648252421787 7.509714326659657
18.820147870944485 6.952695131628053
19.605188250171917 7.572139723970622
19.48089099758231 8.56438475066447
19.268934798978588 9.54166391747069
19.985433952606304 10.239251878125666
20.855665879207116 10.731894135676356
20.740651229429357 11.725257931239945
21.285824745735447 10.886934701740454
20.298026832988917 11.042675780372907
19.76875172636667 10.194225509873798
19.57556447269801 9.213063604263944
20.363624052455425 9.82866257985809
20.609158739866565 8.859274774447936
20.26635502992942 9.798681830230109
20.17182157704339 10.794203515722415
19.41621381434869 11.449227873250829
18.46945555271499 11.127282545550097
17.47050455244096 11.17307445587844
16.48746110320915 11.35644723718043
16.222988619367992 10.392054005510438
15.267630431364456 10.687504056474387
15.51873859885947 11.65546308877756
14.641539350590405 12.135589612556647
13.641731656095368 12.115979053448845
12.93717231821521 12.825624133334468
13.933456489627684 12.911751073329802
14.68344595936101 13.573200841104441
13.733596221984689 13.260494147210412
12.959405991974142 13.89344713737336
13.88549228433481 14.270758917075074
14.318230033066193 13.369239066587635
15.31526564792941 13.446180490374362
14.439680214414674 13.929243787072437
14.395674540137595 12.930212505964874
13.564032421969314 12.374900533026622
13.306706981932068 13.341225332413266
12.309752035754022 13.263245621647409
11.911906912041792 12.345793030208265
10.975613069692878 12.69701068463285
10.928858669052437 11.6981042695865
9.960358947405647 11.94711890604406
10.680270941719716 12.641184263516065
10.862432611829657 11.657915670535106
10.9855300594306 10.665521082483492
10.473496240590396 9.806555793101017
9.490790526093253 9.621381608359576
10.245753816518361 8.965614553598135
10.731561994835928 9.839680005312001
10.29342959038706 8.940769555838944
11.15272753766435 8.429294201784582
10.801442265626404 9.365562676982389
10.770802306515504 10.36509316321364
11.76929462512517 10.41998478076583
11.71713965252271 11.418623784026186
10.778313700075607 11.074231811106097
9.841834381772754 10.723509005473183
9.386492051338166 11.613825444788104
10.310924935884993 11.232480663824166
11.071065900550145 10.582722467386498
11.840097649481104 11.221933050165125
12.580422790218496 10.549684073972404
11.60015111667597 10.747338939963951
12.570159545590176 10.504267658576385
11.582045367471904 10.350545926210227
10.597082208994097 10.177781414688264
11.50808233579724 10.590187487588091
10.604654649807033 11.018927987408645
11.521320683320234 10.619273908231195
11.36755052722174 9.6311672646479
11.278308305903195 8.635157311919448
11.324841310582045 7.636240558893673
12.113325014087042 8.251296206219216
11.122912045618001 8.11315804390213
11.358621713076504 9.08498156320314
11.99044577945618 9.860093393291837
11.459612775982599 9.012616949711713
12.181087246109021 8.32017591326471
12.258053671808563 9.317209598410322
11.298592353762286 9.035369255001324
10.730048673620141 8.212716178807948
11.544981973723749 8.792270935825991
12.527632955716246 8.606806525253017
12.404771546164248 7.614382687347611
12.883534477113573 8.492326908781303
12.732945189839485 7.503730496407536
13.629279630728426 7.947109081903395
14.59215113094461 7.677148947677177
14.350579085650846 8.647531834445378
15.334263828777694 8.467630955794188
15.860826536325737 7.6174946637682135
16.762517574809507 7.185113730888349
17.460738358758498 6.469231242723109
16.908601885007652 7.302984991952449
16.428467227061535 6.425790195890044
16.68573983067722 5.459451328085997
16.698330216802336 6.459372066033371
16.198468677743982 7.3254773955229275
15.20522285484571 7.209448367710338
14.21487128117338 7.348026001276288
14.83431819068779 8.133064552108696
14.030418396571607 7.538299791030876
14.965049235554705 7.182680338776435
13.966154588366171 7.229685485495654
13.553800214326996 8.140709014396394
12.595262371917212 7.855743745164518
12.108869627954826 8.729484037597425
11.122200085223948 8.566747399291108
10.69010664015206 7.664918560361067
11.553653221893127 8.169187636513191
12.54958247630844 8.259325975746606
11.585256904189345 7.994606896424432
12.13258931973054 8.83152220091936
11.67582553216722 7.941934182581203
12.27619120676476 7.14220856915805
13.011731344568068 7.819689716999297
13.959530897816236 7.500822962911368
14.332359017010319 8.42872338512175
15.201880860112466 8.92261787220198
15.473583325127269 9.884999174236096
15.120115190298339 10.820445740139546
16.002872883955316 10.350617203022638
15.426806498637054 9.533214291536295
16.08645529759236 10.284788281265067
15.93312594633951 11.272963422646583
16.73595678275076 10.676756539000298
16.532654895180283 11.655872641671621
17.387180186902178 11.13646285565714
16.42482288928438 10.864675380372196
16.032698648295597 9.944763113017872
16.88577059900061 9.422969813980467
16.778925505668326 8.428694134889998
17.703431004448536 8.809862841272293
17.03144291439594 9.550424794674887
16.044559376212188 9.388990962836814
16.06144831251877 8.389133591093008
16.966845183924526 7.964567335664401
16.623346804815213 8.903720605130719
17.130281257050836 8.041735999040466
16.95665477614778 7.056924420549828
16.010562832737758 7.3808226061184605
15.561008041169355 6.487569848284549
15.154738631857501 7.401323188665527
15.795084659073945 6.633236627509744
14.911510226277699 7.1015273723561405
13.951358843873612 7.381007824029455
13.030183572466193 7.77015576421091
12.118110760032373 7.360127491016169
12.228351280606384 6.366222552089125
12.210977240477309 5.366373492115774
11.51303125424741 6.08252389552666
10.54830479244051 5.819269543445754
10.052114792184337 4.951055581541329
9.308880030269872 4.282024873216256
8.469902692833902 3.73785851329601
9.447076009049113 3.9503021765975213
10.414984641931627 3.698999812120975
9.443754214217698 3.9371414848341333
9.99090261109245 4.774177106416268
10.829676547435238 4.229697277853239
11.588341618152054 3.5782164182155616
10.648327815594534 3.9193528293495152
11.463508290750752 4.498559867397295
10.567902852307654 4.9434091661841375
9.711769872158357 5.460164737320708
10.392195839449615 4.727347909569219
