0 0
-0.01906689387385732 -0.9998182102552459
0.44934789187820967 -1.8833268907382648
1.2883053818780763 -2.427523849543736
2.2625558046467793 -2.652992503096738
2.915114842785552 -3.4107303876870487
3.872706561508062 -3.698859005207193
3.6318436659180597 -4.669418156175334
2.8637375863956116 -4.029095541706147
2.5054120000682145 -3.0954988545959545
1.507831864654345 -3.165024917533861
0.5418222697226347 -2.906518703875711
-0.3653836348399525 -2.4858318289594883
0.5226507789190139 -2.0260548395616182
0.20875911135791297 -1.076596035275876
1.1445124648574274 -0.7239408759283733
1.7432246337317445 0.0770233797296499
0.8419376032949233 -0.3561990674800677
1.8077408528173464 -0.6154751427587716
2.7139158272263653 -0.1925721801836509
3.6159151740440745 -0.6243095752983502
4.60566704497082 -0.48151169717333486
4.844923356413819 -1.4524681418374046
4.43432728044875 -0.5406508013562712
5.423643239603415 -0.39486351466128256
6.4209653529782695 -0.3217293764390253
6.871874437484126 -1.2142992602633063
7.718939704442889 -0.6828103765488105
8.701636191779016 -0.8680335224491977
8.216722625372197 0.00652855831729604
7.736387902841991 0.883613818900228
8.415772730299283 0.1498316603403289
7.495940959067439 -0.2424813685441175
7.841798916851517 -1.1807682505996149
7.548227995021213 -0.22483095461430547
8.041862318718703 0.6448386116392929
8.771552629332763 -0.03893916702564448
9.16000865116228 -0.9604064312865006
10.002357610234492 -0.42147393908551956
10.584593978398596 0.3915456250007787
11.581678398510139 0.3152392742111535
10.58662910181896 0.2158566944781296
9.691210045965299 0.6610810361466155
10.329966309609684 -0.1083281109624269
9.37617242206626 -0.40878978919244624
9.373713106375511 0.5912071866861477
10.348252032463513 0.366988807557132
9.551960972964 -0.2379248627803326
9.981059794518325 0.6653326870584109
10.24483732547538 -0.2992508573596968
10.470629262745195 0.6749246920480801
11.197450503806154 1.3617513685412166
11.268965391492621 2.359190900963705
10.509120547982327 3.0092953647161207
11.283848628091649 2.377000811608057
12.203142408458469 1.9834287783296747
11.858036460106437 1.0448650434602493
11.185037225269525 1.7845082208836138
10.44211581000432 2.4538868661512576
9.64275886657742 3.0547433190542814
10.636833687692837 2.9460453428801494
10.775497289206093 1.9557058023106673
9.96004382235071 2.5345284378334467
10.809956906804974 3.0614513438390976
11.73794474032729 3.4340618386383683
11.777641107843 4.433273627202763
10.77764249483055 4.434939152098724
11.767026086185206 4.28961155954259
11.198246240160623 5.11210136905773
12.180830444621778 4.926283498164108
12.283139211166366 3.9315308071458204
11.989530911020005 4.887456623349758
12.333845443604105 3.9486022668857785
11.366710222857119 4.202864857116193
11.62702094686828 3.2373399599929833
10.867373295805443 2.587005087612059
11.46484701972405 3.3888935768839965
11.339402488204044 4.380994211654344
12.277243411910556 4.033928797328287
12.93199156377362 4.789775909932353
13.527505136982585 3.98643066402379
14.491953629562921 4.25070155753936
14.708478738183263 3.2744245080616263
15.067027894083692 4.207935355777436
14.81621245624848 3.2399004307135053
15.724744456214607 3.657715706927225
14.734880516463024 3.799734652070026
13.80720955978277 4.173133361403551
14.741225363184634 4.530365049521458
14.361121592532784 3.6054212006656225
13.39603093242426 3.343505149665891
14.173808238591738 2.7149652050236583
14.266840946895165 1.7193021519852674
13.384531042412076 1.2486332317759097
12.49952952817228 1.7142213757328477
13.295022393098172 1.1082584215417555
12.685691426134666 0.31534242807251134
12.404222646181392 1.2749128141889312
11.92725890982387 0.3959898402032288
11.627161530728603 -0.557918731443002
12.606000821504498 -0.7625492346270174
12.490466869512959 0.23075429699723726
11.607185035886808 -0.23808810977290856
12.409008641791761 0.35947268630860923
12.390729341651902 1.3593056059438835
11.414828778936974 1.1410899060213358
10.541014089655521 0.6548308302233028
9.68192364508136 1.1666546358843632
10.663122723615455 1.3596529993070654
10.246914871112336 0.4503834993705823
11.159403490642271 0.041281410365461624
12.149260099532494 0.18335144181596874
13.062811199541388 0.5900754116930106
13.68852529177464 1.370127893761183
12.958413127935156 0.6868005723305047
13.110683658357129 1.6751394239219066
13.15116927384246 2.6743195452908086
12.969996648962743 3.657770855724728
13.12136815917375 4.6462477982461206
12.136520175004296 4.819667658923501
12.900954163584782 4.174965652487247
13.655344798563966 3.5185398989890304
14.61757683604496 3.7907705108701655
15.595147724983963 4.001377151551328
15.964426602845561 3.0720585246179817
15.157785591337136 3.6631002139704876
16.076245382753594 3.267585850702555
16.9832874651869 2.846545875527927
17.09455317724512 1.8527551826150894
16.506846852380498 1.043680849989146
17.49948516693198 1.1647972257787063
17.927061145361748 2.0687766407378216
18.452071898483755 2.919872234138623
19.286824563838234 2.369247146003697
18.43912999523685 1.8387625389096627
18.42656043522869 2.83868353886976
17.47652621803409 3.1508293159666794
18.39419138282183 3.5481838746860763
17.400042738961606 3.4401631641214894
17.392528549499083 4.440134932201329
17.436749562458182 5.439156704743285
16.54207349552861 5.88587220174717
17.112372947468458 6.707309074012535
16.32679250946895 6.088549528282124
17.302129695714033 6.309269652257105
16.53922172398466 5.662762555102114
17.05574012644762 4.806486466496862
17.99325195589122 4.458533064942415
17.80806105360891 5.441235629155954
17.301009244332107 4.579320051672218
17.5368036518643 3.6075170894537743
17.251414881582274 2.649105252195431
16.295047098464135 2.941270724853812
15.435076541847366 2.430927074210206
15.138861280330927 3.386048280573434
14.55138421541339 4.195289096521244
14.318004298084096 5.167674726910429
14.315686100343282 4.167677413934421
13.47468121982658 3.6266498814121952
13.886996058464481 2.7156084587320835
13.361962163735804 1.864527141003844
13.087112282980877 0.9030399892181311
14.034332530016009 0.5824564531363423
14.425638863399286 -0.3378040281699759
13.492597614046408 0.021965379931967288
14.018278347312407 0.8726473220659954
14.61321873546601 0.06887749522273812
14.424885306298732 -0.9132276516215773
14.274869300361088 0.07545591654496031
15.274344070028596 0.10786247140784391
14.643640988549617 -0.6681617698455591
14.528868035493819 -1.6615535199858806
13.766014711650572 -1.0149819413487506
14.607468057392156 -0.47465216524873555
13.73001650632026 -0.9543174397074194
14.37100475584737 -0.18676674824256767
14.18701329713533 0.7961610940332606
14.794722726459444 1.5903205550425468
14.663805523498695 0.5989272496541485
15.005308217440302 -0.3409535459952918
14.07392752704589 -0.7050002594270028
14.860329330861198 -0.08728495044071105
15.735508732283987 0.39651357717718966
16.617310106387574 -0.07510738994474325
17.595038156612013 0.13476843001629193
17.73606220375803 -0.8552377407354651
18.704527267569077 -0.6060883474440738
18.34790496639657 0.32816029949443015
17.791314786124836 -0.5026269002294698
18.441848991499178 0.25685005639131786
18.352280416361797 1.252830714008653
17.750888440886236 0.453876590273378
18.644980049438903 0.9017607220705481
18.78531856665049 -0.0883428586657573
18.94217122341589 0.8992791561079287
19.214011774347032 -0.06306315038672705
19.71659716308996 0.8014644240850873
20.571523898307166 1.320213185443467
21.50363879210856 0.9580504806357824
22.23142675800824 1.6438526946097574
21.236809775218724 1.540232920692434
21.371325123585507 0.5493214104889429
20.374366470311948 0.4713891086945708
21.12499715421691 1.1321111201187182
20.32289532456855 1.729298406382207
19.99511599151335 2.6740527177361644
19.78880796764719 1.695565620586468
19.005981262121633 1.073325836326414
20.00067424581754 1.1762134846917047
19.04026009980222 1.4547896289210163
18.215331172949092 2.020026097702841
17.59000371149592 2.8003885557648185
16.640212107503906 3.11327177517148
16.694324852305808 4.111806607237945
15.733340859911888 4.388410595572603
15.815908802280424 5.384996033401706
15.533428680717638 6.344269185805063
15.736522129093036 5.365109826340532
15.510489067870802 6.3392294572044765
16.273677791928215 6.985405107837971
15.938994952041332 6.043074275971979
15.011728250990933 6.417475751827925
15.917416984189817 6.8414190482209705
16.7183225446314 7.440209732228127
17.689292167417108 7.6794125575195045
17.081934363131328 8.473840966863705
17.35399811865907 9.43612019501328
17.172307405898785 10.419475921541915
17.94769014134595 9.78798434315748
18.111013682948425 8.801411780819349
19.110255901306115 8.762488920549297
20.101550783154252 8.894149306473413
19.39088179827257 8.190622765447959
18.47248920044275 8.586293128567817
18.194368251347868 9.546839190802503
18.416563483271236 10.52184138511312
19.359185452272058 10.855703367909923
18.918366610859472 11.753299462517997
17.952146546968553 11.495581034510554
18.595489613607878 12.26115905052663
17.62453568984397 12.500425592122966
16.888500694860966 11.82348210396434
16.007344964338692 11.35065594292018
15.241305608787691 11.993449615685407
14.606611885580337 12.766213407358636
13.786606793503212 12.19385718177217
13.677833993634742 11.19979054516838
14.550400960280593 11.688285057643657
14.054152064232783 10.82010475772242
14.286627566420353 11.792707009870048
13.340541998282426 12.116623816721953
13.929535127694056 11.308485775601566
12.955481072092116 11.534801256215276
12.272439207854562 12.265180480795827
12.172339073431882 13.260157848924651
11.198929378439123 13.489228942024816
11.97580603452242 14.118881752097824
11.000974775995937 14.341825730262006
11.962672165104593 14.615939085977477
12.787612175454479 15.18115937871645
12.286817025117987 14.315593542168212
13.015965404390595 14.999949181440753
12.78229039926751 15.972263941166597
11.809496635754273 15.7405911251744
10.828018962468885 15.932167681261776
11.790375798805599 16.203956789866208
12.613525613747806 16.771781042747865
13.169828625118107 17.602760560871104
12.469166051656918 18.316253348606722
11.472960406160055 18.22922282591393
12.308633446906727 17.679995578802853
12.18497870995058 18.67232088132633
11.70754304419308 17.79365417257796
12.69727059007604 17.650687795689908
12.674944222198281 18.650438531272226
11.678567904187394 18.735492825150125
12.386119191685163 18.028830829879222
12.283044099886315 19.023504407215356
11.423626076455072 18.512230839541907
12.294747167154746 19.003299109070912
11.336560500758262 18.71715524256318
11.890841982400602 17.884825957299004
11.841120910697375 18.88358909990524
11.46485430926306 19.810100537851405
10.856839965136917 19.016174497633013
11.36260387912151 18.153502565024223
11.245322201387609 17.160403875030163
10.460258670174268 16.540988625008954
9.715453333739015 17.208270432656644
9.134702924072505 16.39418876496465
8.21144442389588 16.778368074469483
7.803434573447674 17.69134559989781
7.49198554585678 18.641608459959535
7.666444688970363 19.626272873546252
8.449100147687584 20.24872803895187
7.5093386964455675 20.590559012913417
7.21956114080948 19.633464990233527
8.219087412138158 19.664242139610806
9.023687754885989 20.258058852452464
9.646080687392036 21.040763801693572
8.832804645832775 20.45888573867203
8.803518896760274 21.45845681913668
9.792305835397068 21.607789970115544
8.969993721672378 22.17682668916066
8.79330496608795 23.161093463795478
9.756642916171671 22.89280258819868
8.773699555835222 22.708894050141062
7.791016849672039 22.523597803530926
7.3602955414171305 23.426082792112553
7.78498629773948 24.33142127107738
8.577104563942513 24.94178890811878
9.257863048527913 24.2092809657284
10.074314749338512 24.786694699755813
10.66664960421601 23.981002810943934
10.916532036556577 24.949278995721585
10.395552809083233 25.80284835115867
11.318123967069116 26.188675331102512
10.350088473086936 26.43948857315858
10.504006339860547 27.42757221854892
11.482295555274797 27.634816545381213
11.529878034433832 28.633683857729093
12.35648245841202 29.196467231914657
12.084255090759157 30.158700187233062
13.083973861458501 30.182414729425393
12.136648855155348 29.862140889668336
13.07072584989932 29.50506923314815
13.968433061142697 29.94566174656802
13.764874895584597 30.92472460115634
14.22796272789865 30.038412207266536
14.800894603760545 30.858015199953464
15.800278445680974 30.893114153048437
16.547891646678412 31.557248553372922
15.913490855341209 32.330252845696535
15.474261805021335 33.228627957414965
16.06785752084945 34.033391355035974
16.238457592018342 35.0187317103027
15.393789236857028 34.48344172367015
14.970317776502752 35.38935116851848
15.896411983467551 35.01205881526143
15.08825943280046 34.42308559443533
15.821221731429848 33.74281633246039
16.78599616225583 34.005894833338736
17.662579454484234 33.524644657457195
18.556851526292697 33.077120957991575
19.54413205603136 32.918133047762694
20.452473156452566 32.49990291340412
19.596796780489097 31.982391619210436
20.419280820271553 32.551179808524466
19.503499834714475 32.95285777218704
18.8974817567673 33.7483086438323
18.365965060132087 32.9012608286542
19.365381171158912 32.867093051143584
19.310208262360046 33.86556986616468
20.30971738241691 33.89689906856678
19.312288484702652 33.82523600971135
20.12250493220568 34.411366804155364
19.638016490736167 33.53656914178855
18.749319799172767 33.07807356884998
19.647054178513578 33.51861072295797
19.56368948960153 32.52209161694816
19.315849306282427 33.49089254775508
20.315653525923352 33.471105623077456
20.64127315112226 34.41660647431204
20.893412145824453 35.3842975031795
20.035910499759158 35.89877872440659
19.809461545258035 36.87280175853122
19.438409499546047 35.94418968701106
20.07544121588967 36.715027278448
20.720467794108966 37.479187414408194
20.97125709232345 38.44722911180614
21.522768413074242 37.613061704696676
20.52278381681328 37.618612131779145
19.89485172788752 38.39688026789762
20.641731168533262 37.731920794590636
21.43641973521662 38.33893816006114
22.195723497677005 38.98967450937129
21.848951562096055 38.051725030618066
20.905474483721086 38.38316281147751
20.17546080680158 37.69973027529675
20.997212608256067 37.129884702526105
20.115746649154868 36.65763713721125
20.592890537982928 37.53646232423882
19.88328377283659 38.24106025132813
19.008259507910154 37.756981191886446
18.280809345633944 37.07082067028504
18.368369282072464 36.07466141718798
17.463677702592804 35.648594349675605
16.46439392463987 35.61075348393342
17.460242664479225 35.70177703781027
16.568061521019402 36.153454807082475
17.396549250408665 35.59344759083305
17.64858862851559 36.56116457005966
16.667468876508103 36.367763349223885
17.176042569529184 37.228781815208734
16.43629427066602 36.5558981296218
15.56691394726119 37.05004168495417
15.491951670526017 36.05285531467693
15.586245068806555 35.05731086311251
14.586249689633494 35.054270857762646
14.721296458475472 34.0634316325473
14.071795630331087 33.30307074833523
14.90024858528903 33.86312940724647
15.476599136310965 33.04592683607044
15.840965579740564 32.114671181106424
16.83902263653265 32.17697777295285
15.858376844866024 32.37276804668098
15.661809909696741 31.392277638773717
14.66194337710921 31.37594004374294
14.04069742793324 30.592324404138644
14.229944849683326 29.610394970135903
15.199169304756545 29.856573676948706
14.238502969870666 29.578868450103887
14.237337743381344 28.578869128980504
13.47612877922685 29.227375808121774
14.327801861264824 29.75144923936203
13.367161954336648 29.47365260652242
12.371552754984313 29.567259882762045
12.087956965922059 28.60831596968571
11.116150975867253 28.372534041426572
11.384059539185929 27.40908969861246
10.929416375690291 28.299763372797724
9.973890644165792 28.00485563062304
10.23931991850391 27.04072529694178
9.273658894703022 26.78092001002132
8.273664581398997 26.784292451215652
8.67917209387308 25.870200739554793
8.80347894356339 26.862444563985093
9.472222950569892 27.605937303084062
10.388649019681253 28.00614132586881
11.242724592700856 28.52629026182008
11.759747799859761 29.38226164174999
12.641288217712843 28.910153082527206
11.81042551759954 28.35367561347708
12.089842236135663 29.313845545000923
12.550029978016685 28.426023917520244
13.202513683984169 27.66822116386535
14.155782880750964 27.970343388297103
15.08472329051565 28.34057266199952
15.421383751328408 29.282198773641152
16.396463053200616 29.060342164408056
17.35442113095662 29.34725037492498
16.812820531047556 28.506614431024087
16.397799099736936 29.416426066228258
16.38558705819384 28.41650063598791
17.385549332214616 28.425186862740357
16.39611839377559 28.280181972961877
15.845780262119053 27.4452400942393
16.445056513428774 28.245782394568373
15.930229698012932 29.10307659735338
15.649987203334142 30.063005836503958
15.318181503551601 29.119658086418223
14.321541743006724 29.20156771772646
13.4950266910758 28.638653098151142
14.154375165382246 27.88681562274189
13.191109986250929 28.155367656197438
13.792803227446619 28.954094920975237
14.424921890680471 29.72896652039765
14.634722704226835 30.706710668237605
14.28423090281148 29.770144868552062
14.642464276731648 30.70377694266358
13.699432364414053 30.371074654798562
14.18661410194937 29.497774045264784
13.556310748370063 30.274122989017965
13.273253911945632 29.31501985204395
12.614393597136763 28.562754549394707
11.902246621072631 29.26478495078963
12.829045365466756 29.640343318276592
11.889602267473228 29.29763839325753
11.781567052866063 28.303491325462836
11.96175286580278 29.287123915821827
11.093975185823338 28.790171304268675
10.279188261496536 29.369931830646653
9.290080289497473 29.222740051909184
9.998493481104983 28.516942099265187
10.894731466270935 28.073368572163222
11.377991907888552 28.94884521123907
12.365205395419867 28.789441541155046
12.202119915406476 29.77605348422527
12.04862194428044 30.76420244711507
12.544221338592484 29.895651216411014
12.563211743413296 28.89583155040882
13.562799002657323 28.867103321138384
13.03084903776617 28.020327533310045
12.049085527906302 27.830221219086578
11.17695402146015 27.340949683572845
11.60069033968046 28.246735272231163
10.783500436670677 28.823103784919756
10.04075638007169 29.492679222332807
10.177508787863179 28.502073963431346
10.307973730916649 27.51062104037647
9.629735935620788 28.245463535767293
8.636732210968256 28.12738050215874
7.823889262810524 28.709863413178663
6.825883694168308 28.772989358392387
6.245312628870645 29.587198937149072
6.65197763933317 28.673621589977245
7.03048944453028 27.748025126432562
8.016097640047212 27.578979319238606
7.035102676433182 27.384946122687325
7.762564148126952 26.698797591244507
7.02494955150736 27.374019559825
