0 0
-0.37775908803786795 -0.9259039212600831
-1.2201336259839173 -1.4647964317110822
-1.684740204639504 -2.3503136405048752
-0.8372710346113613 -1.819469024961107
-0.2611882152064615 -2.636860354243784
-0.8796397142686719 -1.8510373822534607
0.11379810317505434 -1.9654109057309053
0.21605650312953925 -0.9706530358757588
1.073609465159497 -1.4850487175388594
2.0335396696088206 -1.7652879057083224
2.7914845702327282 -2.417606484025861
2.429302182283448 -1.4854992381258212
3.3264825474815582 -1.043834894644274
2.330780219448774 -0.9512234809303365
2.3858963929772834 0.04725646749906254
1.8901121066838797 -0.8211892368858117
0.9520565207848062 -1.167674038520091
0.41353450987541573 -2.010285481455746
0.1704762506854626 -2.9802971734675223
-0.6821188895239642 -3.5028692038052243
-1.3763672960580753 -2.783133731548335
-1.243957836627979 -1.7919386271145865
-0.6605286370678608 -0.979774623294767
-1.0600550511253972 -0.06305294008315787
-1.2217167435194114 0.9237932977940015
-0.29043727424622034 0.5594877253548148
0.2352138974103417 -0.29121248372949216
0.5860311503112665 -1.2276564249598514
0.2380642221976832 -2.1651632339693627
0.9163931680651565 -1.4304048783187975
-0.059365255471140355 -1.2115544753080634
-1.0336044252090235 -0.9860372029131528
-0.08705326352141907 -0.6634834890795549
-0.3008501355965926 0.31339464942640627
-1.213247376582225 -0.0959111954400042
-0.8757978901350738 -1.0372548330647315
0.05153586142525479 -0.6630194616511695
-0.8854961089600402 -1.0122630535406296
-1.5282337094732643 -0.24617665052429671
-2.383187883122384 0.27252688807935577
-2.052636161837712 1.2163147665540373
-3.0428866790794498 1.3556126958368182
-4.010078167707784 1.6096611642929528
-4.121891141841992 0.6159318959229089
-3.2404867875699304 1.0882944307097502
-3.556062050851786 0.13939388101837846
-4.274362776920226 -0.5563388743766452
-3.557764961507682 0.14114773549193815
-3.993701673624136 1.0411250591113146
-2.995125123843268 0.9877876967117964
-3.8410931295118953 1.521021354112607
-4.241798298986232 2.4372284088532608
-4.223065978678554 3.4370529435471693
-3.2853746520171367 3.784522331988728
-4.042133364842891 3.1308280222671976
-4.054712460876549 4.130748902308701
-3.729823360526479 3.1849967823143963
-3.3274220422927194 2.2695334138043655
-2.342166040279586 2.4406199722977107
-1.3445666522039095 2.3713707057959237
-2.0988894797817195 1.7148670334566005
-2.935223337597927 1.1666465684333949
-2.9766544142405222 0.16750520411689562
-2.848125048288107 1.159210907482501
-2.0174364864085246 0.60247352490214
-1.8346278735914336 -0.3806749944375837
-1.0860866275765182 0.2824132372589513
-1.0407550796440916 -0.7165587597269752
-1.2149672711360955 0.26814937588253285
-1.695958625213227 -0.6085759615539117
-1.28266007156043 0.30201961582855397
-1.3443759293413875 1.3001133754014513
-0.4461668312248066 1.7396818183777394
-0.3245300012892604 2.7322564914392835
-0.2593921646016131 3.730132767453326
-1.2270382904467123 3.9824440338228055
-1.414036692273479 3.0000838159219407
-2.236781128313372 2.431672351430417
-3.130805017088422 1.9836530591007933
-3.479143898157585 2.9210217293343805
-3.9803827780163954 3.7863306830138654
-3.0621986748392933 4.1824846337361326
-4.062048006206746 4.199843048527172
-5.031985830831157 4.4431959124159395
-4.492155335432163 3.6014221683271397
-4.874864324025226 2.677553221966199
-5.872010078141289 2.7530538514225604
-5.044576314377572 3.31461717517493
-5.9830893491670665 2.969373372145515
-6.554352205982623 2.148606201491785
-6.838887462092817 1.1899406247496627
-6.0441557646493065 1.7969015205893837
-6.80144462868849 1.1438214516834004
-7.472408761666853 1.885311257585406
-6.84092591271115 1.1099214127494106
-5.842558273929992 1.1670358403009082
-5.269834481707664 1.986784251597006
-5.271361351216524 2.986783085931078
-6.217683725876461 3.310007409301053
-5.302198900497266 3.7123599096044857
-4.340343101276084 3.9859168899661332
-3.510949331513392 4.544581346217675
-2.6577929921808865 5.06623665449773
-1.7350469463388478 4.680828124645467
-0.8096128171008041 4.301919596843012
-0.9868518573128586 3.3177517642937513
-1.9592129467425021 3.0842696198732473
-1.259651477740448 3.798842045235217
-2.2355784819744757 3.5807446302876857
-3.234905321785397 3.6174306934931786
-4.1743763072607045 3.9600591620273233
-3.9111093583030287 2.9953361377418464
-4.855470682317122 2.666426287317224
-4.0444850518694 3.251492358122318
-4.491044019393566 4.146246563769741
-5.433865011506134 4.4795460939702405
-6.381484367724436 4.160144222152918
-5.559500952260506 4.729655648466958
-4.605078301356984 4.431197270393409
-5.508760049468441 4.00299253182759
-6.440904042407772 3.640904729731027
-6.567535540750775 2.64895490054237
-6.438054703765399 1.6573729761137495
-6.9448844675546 0.7953268111449688
-7.127217790459754 1.7785635879990311
-8.037393078729098 1.3643402851492066
-8.28391599215501 0.39520332209599585
-8.49097734003659 -0.5831246383617756
-9.490325358462268 -0.5470200947603299
-8.651527536013525 -1.0914631248885942
-9.427594799190029 -1.722113268015297
-9.075103286531016 -2.6579282783156026
-9.329511079034523 -1.6908312433116208
-9.352438000191341 -0.6910940997152308
-10.220885871042068 -1.1868745910769232
-11.066451788223613 -1.7207456239125045
-10.809993138850981 -2.687300827282682
-11.656689570195025 -2.155224560992539
-10.969720497130906 -1.4285379073009883
-11.764227369121112 -0.8212827464663218
-12.533592633122431 -0.18247362744235118
-13.506761660685108 0.047617753953643344
-12.508813247907495 -0.016405409312821
-13.167782875778485 -0.7685749577150214
-13.449377375294608 0.19095854239962506
-14.01563791315777 -0.6332677634526709
-13.015957902916425 -0.658563556064587
-14.01488689838639 -0.612294105999058
-13.583326949665105 -1.514378365178699
-12.592943128986338 -1.3760313820611458
-12.620487954997177 -0.376410812764959
-13.500081319848407 0.0993154872329412
-13.284634563706032 -0.8772001016173994
-13.091684467883217 -1.8584086729833282
-12.622898208975014 -2.7417203073790555
-13.595422084164639 -2.9745234692694273
-14.09548580768691 -3.8405120791350775
-13.287152118047413 -3.251787486312766
-13.305846883655924 -4.251612723911238
-14.29642564359272 -4.114668500367194
-15.295801099538766 -4.150005422313412
-14.69238828969238 -4.947434404049898
-15.470946626860968 -4.3198621646819655
-14.471137305122928 -4.339389585549075
-15.418246065024281 -4.660302341478348
-14.844268107464666 -3.8414315920705477
-14.09277920931168 -4.501177327905809
-13.450846337316255 -5.267938169271425
-13.46060265080637 -6.267890575312374
-12.686944545260944 -6.901493870540439
-13.659149323383515 -6.667361708299442
-13.561090753914714 -7.662542353686867
-13.148201194756979 -6.751761253784958
-13.608602274665468 -5.8640502390853
-13.434550265959817 -6.848786700411642
-14.17751238003811 -6.179453228183997
-15.140381214024485 -5.909483584450265
-15.658967195793387 -6.764509069165653
-15.849883139379902 -5.782902680390361
-16.74956553544906 -5.346357624063688
-16.45253346569411 -6.301225127719085
-16.67539234342324 -7.27607584481238
-15.729775096158376 -6.9507943948721485
-15.080799877665058 -7.711603941198659
-14.233127826047332 -8.242124527892706
-13.412671025198355 -8.813833053227654
-12.634150393801818 -9.441452067032955
-13.591642775328197 -9.729910624401155
-14.50321821939039 -9.31877778725139
-13.568967651465583 -9.67539505594736
-12.815595061091972 -10.332988958043295
-13.311688458340777 -11.201258122073746
-14.308361054052732 -11.119749000149922
-13.516796079528953 -10.508663988791298
-12.860201768134319 -9.754420055939196
-12.937292837716168 -8.757396000567047
-12.24185300630156 -8.038811669481252
-11.263747954640003 -7.830699901639684
-10.51662436287142 -8.495385044111526
-9.697093190424791 -7.922350440105577
-8.772520120863996 -7.541345664488616
-8.332446009654594 -8.439307120589742
-7.341542540730101 -8.573881692011708
-7.5918295307934205 -7.6057100013467505
-8.189618544879925 -6.804056525936405
-9.168807638283722 -6.6011064844014244
-9.822912242793274 -5.8447023818481645
-8.980305909716385 -5.306172375758698
-8.96588434900739 -6.3060683796444605
-9.696576495014487 -5.623361277174051
-10.204170018366257 -6.484957943283742
-9.500496409000341 -7.195481307770755
-8.663385807392583 -7.742514981940724
-9.64854417520964 -7.914162849157392
-8.997552565341191 -8.673247774499007
-9.435581525188837 -9.57220863590221
-9.669934425950965 -10.544360227941423
-10.051829504859176 -9.62015454266044
-10.647237705161228 -10.42357788997683
-10.974557566005352 -11.368491488512158
-11.743531232718578 -10.729211033702521
-12.738013636299517 -10.834114555892569
-11.987375233460673 -10.17340131387032
-11.396437441071749 -10.980118442439254
-11.94504370496919 -10.144037604713326
-12.73532145532164 -9.531288816629766
-12.310878963062045 -10.436743713775098
-11.832119768705672 -9.558797454702688
-11.548652741198412 -10.51777943801426
-11.209041002062794 -11.458345154294244
-11.916376374856656 -12.165223269951086
-12.850586558912703 -12.521946316593672
-13.120197612935094 -13.484915620127765
-12.660957595793507 -12.596603396494771
-13.142290704694664 -11.720065640162765
-12.733477978356614 -10.807447343839462
-12.264442696279225 -9.924267914636888
-13.070678486656773 -9.332673585459967
-13.473652588783228 -10.247884967062806
-14.11465000525014 -11.015428003043684
-13.16687725407227 -10.69648159355655
-13.848225254751199 -9.964521962175949
-13.665797101886088 -8.981302775502792
-13.52075660532709 -7.991877056028147
-13.168649121401502 -7.055917484377965
-12.183580912810662 -6.8837529571848375
-11.596476583868093 -7.6932642337813375
-10.874143187756744 -7.001719249805426
-10.789669939795322 -6.0052935022562925
-10.61736299260507 -5.020250195619485
-11.374358812804767 -5.67366991387123
-10.90240654432715 -6.555294015333316
-11.763013984651304 -6.046025094566785
-11.216359714437104 -6.883383505796158
-10.865614453394587 -7.819854413970147
-11.551195140764861 -7.09185776486735
-11.212384267657928 -6.151003263754389
-11.129360239881288 -5.154455718068914
-11.62102054347585 -6.025242802188392
-10.762150841932336 -5.513048663437709
-11.745911188803142 -5.692535654399811
-12.718349133260888 -5.45937381322765
-13.701477258799558 -5.64229207031212
-12.701650979922102 -5.623653077151026
-11.9862680601538 -6.322385699907241
-10.994525284884261 -6.194142697366454
-11.961019183516047 -6.450832284041745
-11.221145345593104 -7.123577929852385
-10.501663270462673 -6.429066919452976
-10.41533870435378 -5.432799852203379
-9.70802788602705 -6.139702537357405
-10.602389898696865 -6.587046465776244
-9.684899969272243 -6.984805474982072
-9.879344030067173 -6.003891866542686
-10.846265777913027 -6.258965059063417
-11.683705638687421 -6.805494545537995
-12.487481784111889 -6.210562693939357
-12.360430812581502 -5.21866650449553
-12.646263833044499 -4.260387064867922
-11.832477415905258 -4.841551127142662
-12.230645430816264 -5.7588636321821545
-13.085821096974174 -6.2772019194149
-12.411476867568421 -7.01561905103304
-11.43215851725937 -7.217944454153758
-11.692581544678909 -6.252449841641787
-11.03239721661897 -7.003553464974843
-11.358299703446045 -6.058150075368095
-10.777262358565668 -6.8720269726040115
-11.469663106877405 -6.150513837770454
-12.442933351851833 -5.920850975628104
-13.210142356201253 -5.279453794744706
-14.123928563969638 -4.873258316566682
-14.519979684749956 -5.79148677927553
-14.267223836677683 -4.823956686066401
-13.495400466564355 -4.188119690172875
-13.894874505580058 -3.271375182606846
-13.372814260169129 -4.124283794453086
-13.52877207428918 -5.112047511247186
-13.872744372101025 -6.051027307801958
-13.15115147659044 -5.3587096833342205
-14.142923669795556 -5.230694384306658
-14.5330225205428 -6.151467367536335
-14.419912520885557 -5.157884895882604
-15.318383565424154 -4.718852115642082
-14.818778959229157 -3.8525985514538927
-15.293207523233058 -4.732892557827443
-16.23040180537626 -4.3840847633071816
-17.123184468953486 -3.933597121283613
-16.95327293642528 -2.948137801416012
-16.307923685710627 -3.712025453235335
-16.145880577298662 -4.698809133185601
-16.322650360407586 -3.714556907493617
-15.590297538500536 -4.395482266284712
-16.54938432966459 -4.112370049991179
-15.766138502637691 -4.7340821814836795
-15.757798337666694 -3.734116961264368
-15.964399533525476 -4.7125421990161955
-16.291847127892563 -5.657411540747214
-16.294775120273155 -4.6574158273260915
-17.02780056491941 -5.337617045717504
-17.253418172907054 -6.3118329842885865
-16.483096905916508 -5.6741770068038
-17.06236894229056 -6.489311295050257
-16.270883319510926 -5.878123509723085
-15.705882279670746 -6.703213701750306
-16.671725965741004 -6.96233910397521
-16.96816345935745 -7.917391360335248
-15.997957548747646 -7.675109518221966
-16.52078416561106 -8.52754856513333
-17.36587507960177 -7.992925943941197
-16.811555380609935 -8.825229777471716
-17.566051228010565 -8.168924957852656
-17.299877762177548 -7.2049998123737975
-17.356968625052296 -6.206630825788068
-16.649298114901775 -5.500088223347634
-17.631604819838316 -5.687367526626759
-18.300188545330506 -6.431004401725745
-19.267932330890932 -6.6829408332103055
-18.305819218881155 -6.955591451582723
-18.630362347084006 -6.009720552391768
-18.479319856535206 -5.021193281119591
-17.610691269854343 -4.525729479817409
-18.12543059560448 -3.66838274335293
-19.01282356608985 -4.129396534831182
-19.906588677023695 -3.680861222422657
-19.050371139515427 -3.1642457673080475
-18.05795574165695 -3.0413162017292055
-17.5197898326291 -2.1984772762160167
-17.189190758553433 -3.142248568542877
-17.759633366811954 -2.3209111039869157
-18.616320662364366 -1.8050750082752107
-17.755631048130734 -1.29594497778166
-17.47019820838876 -0.3375462643033752
-16.61748307817492 -0.8599224761511205
-17.59661336397628 -0.6566889075003051
-16.614993895336596 -0.4658402271602561
-16.115172348658056 0.4002881821855371
-15.741690683126887 1.3279257436889855
-15.85657352465588 2.321304791546461
-14.90258832496045 2.6211584871416083
-15.784847388357601 3.0919227010041106
-16.772145712744745 3.2508000708915112
-17.540588647708248 2.6108817513344933
-16.552221340137617 2.7629674683679517
-17.33479807972612 2.140413336862081
-16.807583763781757 2.9901456859363735
-16.08489579981581 3.6813201261023547
-16.30740264583155 4.656251253657593
-17.101421503536535 5.264144380456104
-16.185559256591965 5.665637026243846
-15.234348090578461 5.357096400634787
-14.676878660666564 6.187293867936214
-15.539136854862628 5.680824908826436
-16.508840395146684 5.436540148842182
-15.56454424686648 5.765637071257406
-15.374744670741695 4.783814215084842
-14.38255666068632 4.9085657790123385
-13.607751463601048 5.540765831661538
-14.545061084597389 5.1922680922317195
-15.528419938804065 5.3739418763980975
-16.266831620122392 6.048292073916154
-15.310045189839323 6.339083626108069
-15.456825240976782 5.349914471419102
-14.512510614121107 5.020870575401525
-15.027218364535061 4.163504882325457
-15.451601564978063 3.258022193820726
-15.51275565194871 4.256150531083418
-15.475223704496715 5.255445959332972
-16.470738160347207 5.16083640277181
-15.750582082275786 4.467024307736858
-14.843064109895986 4.887037557298889
-14.902347772470826 5.885278734245479
-14.787605670170151 4.891883420203974
-14.68556802718288 5.886663958520643
-13.928603529061418 5.23320795496438
-12.928703918920494 5.247377275344275
-13.788592549446864 4.736895597816585
-14.059699270585012 5.6994448930496775
-14.878498484114255 6.273524894376927
-14.752655427207573 7.265575056933429
-14.529929573608001 8.240456174884915
-15.450664037934532 8.630645931543565
-15.817026822003706 7.700173841446778
-15.114095451627941 8.41143152227817
-16.11373373628185 8.438325756868284
-16.6527242317815 7.5960139109578515
-17.604672928093958 7.902271448969596
-17.85399888614779 8.870691072191132
-16.955925041776517 9.310535783488433
-16.54611617585122 8.398364366807872
-17.54611502896397 8.396849846030383
-18.528671790833123 8.210886920410228
-19.513568193252464 8.384031589694148
-20.488428484624173 8.60684858255301
-19.518823212601205 8.362174071282901
-20.10250704855648 9.174155093009723
-20.82994305931555 8.487979568635
-21.442088908762308 7.697234692581346
-20.45518964800484 7.535897005984688
-21.206521615447535 6.875972559779904
-22.205519356032585 6.9207331932200535
-22.31339426116238 7.9148976689700365
-22.067504880863268 6.945599772213772
-22.35047244532388 5.986470293226065
-21.384595821991038 5.727467689958939
-21.16696413408247 6.703498656894961
-21.308473712173402 5.7135617703670745
-20.828401922078463 6.5907909743696775
-21.70542724946041 6.1103468307581785
-20.871208150589965 6.661779959142558
-21.805714130267685 7.0177273905795365
-21.005415789899395 6.418125383908645
-21.550455700528683 7.256535483932028
-22.473124056997488 7.642129965182937
-22.94863388924011 6.762419558605527
-22.269694015469266 6.028225682436546
-21.97380583119192 5.073003099786274
-22.090200289871312 4.079800033948914
-21.1650567037553 3.7001826672908456
-21.357816826283447 2.718936757662207
-22.18392213352863 3.282452526156172
-22.755229251552212 2.4617161635551312
-23.551369901546778 3.0668277775787174
-22.555902667343815 2.9717226482307084
-21.84429496749196 2.269145619349494
-22.329497024402436 1.3947435585274461
-23.050107213306898 0.7014031258054878
-23.914614541853407 0.19878291243422042
-24.32743402107089 1.1095957788225945
-25.30240822171981 1.331913812434353
-26.040686310061837 0.6574173600537327
-26.951071478400937 0.24365553814626428
-26.057391384451645 -0.20504914165859411
-25.349472699439435 0.5012448023976905
-26.347957380882967 0.556275166040026
-26.06361552132254 1.514998122321828
-25.063655593816613 1.5060458386833402
-24.66681870212667 0.5881566942906944
-24.107753824915125 1.417280607266579
-25.021811890339904 1.8228639563231046
-25.039271271048854 0.8230163829274095
-25.74486720628295 1.531630788779505
-26.687222726399717 1.8662441084568024
-26.147897599295042 2.708341731819752
-25.596580037877168 1.8740462527044408
-24.616817592668035 1.6738824423944259
-24.120492557140686 2.5420192168192726
-24.78088386698897 1.7910975711884722
-24.89561727731796 2.7844938891574285
-25.887975380383093 2.907885117698886
-25.418701015509868 3.790937534304396
-25.96733835339188 4.626997981569866
-26.851958579547986 4.160685794858517
-27.453238356537327 3.361647228965951
-26.54274750901226 2.9481180080237257
-25.593753214185536 3.263411249921385
-25.313793663072513 4.223423046588798
-24.385571471476176 4.5954493400521645
-25.37820721021369 4.716586824676158
-26.362635666283914 4.892372531942707
-27.359219543859275 4.974959304230155
-26.561307020509027 5.577732565980242
-25.83640902122246 4.8888763468529595
-25.134964897911825 5.601600797024954
-24.35809513067825 6.231262106586254
-23.360949756084697 6.306767748274016
-22.70515234628329 5.551830825546188
-22.787060633598294 4.555190954545071
-21.833153687889464 4.255088407190922
-21.326618342370548 5.117307604228446
-21.24233075251434 6.113749073757004
-20.24251192696558 6.094714471625644
-20.609976692685596 5.164677028317938
-19.62477061968119 4.993303186337206
-19.87239787880631 4.024447809855154
-19.307829800588337 3.1990613033884787
-20.063433412642777 2.5440321578916665
-20.81431790852797 1.8835986079873326
-19.846821113415924 1.6307153316562828
-19.251827844456262 0.8269846492180073
