0 0
-0.9998919737678191 -0.014698326254879223
-1.0928062017956819 -1.0103724427357619
-1.2110289403774575 -2.0033595444053782
-0.3294909780742764 -2.4754726887027547
0.39459690103954526 -1.7857649655906762
1.3918228793687644 -1.711331450657334
0.45072847163383944 -2.0494753781941903
-0.5258328205031326 -1.8342358774054932
-1.4160129723014192 -1.3786271666191658
-0.7540697413520904 -0.6290731932454244
0.20109431506255349 -0.9251502530348027
-0.15021379132906054 -1.8614101605303328
-0.49068776219151394 -0.9211562186799659
-1.4382424983482145 -0.6015626924830078
-2.10682081331602 -1.3452044320019851
-1.9336912565624027 -2.330103491082811
-2.7897343070362064 -2.8470080235987343
-3.782908673730742 -2.9636471137053886
-4.755966321387513 -2.73308516034649
-5.715017695048741 -3.016317331327316
-6.2796336509359705 -2.1909635754398487
-6.401908159858548 -3.1834598950641295
-7.037435933467904 -2.4113818880135884
-8.022157413456371 -2.585518635569415
-8.054002933813738 -1.5860258327773344
-7.979148898659623 -0.5888313314782416
-8.717608052695367 0.08546687986508728
-7.956088233418873 0.7336085039327721
-8.809187414331195 0.21185972575813639
-8.036294513424243 -0.42267676943157007
-7.299838181043121 0.2538083157667257
-7.339521007232866 1.2530206422047028
-7.477018651498641 2.243522736004288
-6.523677457759706 1.9416277736077254
-5.653456363334439 1.4489663819630274
-5.716030945360047 0.45092609135131045
-6.706492426026431 0.3131361957995875
-6.193173482061816 -0.5450617194664965
-6.752087017451196 0.2841642207684577
-6.918199630788337 -0.7019425684234155
-7.593856331164358 -1.4391589703278949
-8.558770535070607 -1.1765935897081958
-7.72566207980396 -0.6234839244850865
-6.838512450167536 -0.16200203466062602
-6.151259602159272 -0.8884203183681129
-7.002905674131661 -1.4125376412014663
-6.204869642665768 -2.015147376006812
-5.436333957078591 -2.654954299991734
-6.390909070973844 -2.356983912315604
-7.074940784836189 -3.0864361824680406
-6.5526476378398275 -3.9392021929308387
-5.715222675929421 -3.392649877805055
-6.6329352558790795 -3.7898949162915563
-5.6428076576893025 -3.930063883266928
-6.640705864742648 -3.9948648736892842
-7.405060806850685 -3.350069152181286
-8.028118355377803 -4.132245149782452
-8.155373268061798 -3.14037510426349
-9.05055783468564 -2.694679477542198
-9.980703198426454 -3.061870983859362
-10.897012000312792 -3.4623434293354816
-9.908060580109554 -3.314103460103166
-10.559754607331412 -4.072585427511329
-10.43192003101087 -5.064380931179775
-10.469612169964453 -6.063670330033332
-9.504441033955215 -6.325289668413807
-10.449735685960919 -5.999071917686756
-11.01576831773492 -5.174689082004815
-10.926169800049651 -4.17871111757558
-11.376908724943664 -5.071366942395756
-10.55005682906877 -4.508947221646125
-9.96218529218949 -3.699992923723682
-10.580693439294413 -4.485771309761906
-11.561307488726387 -4.28982211722306
-12.005040719337964 -3.3936631915569637
-12.810630165006684 -3.986137364012748
-11.828065549875795 -3.8002159368111195
-11.438557160427992 -4.721238854305456
-10.440083319553233 -4.666012148004908
-9.544001110829985 -5.109900281671113
-8.670184961305543 -5.596156733381811
-8.848532803866318 -6.580124236429507
-7.849934550586745 -6.527194768767468
-6.876545191811462 -6.2980372765856885
-7.844718865347387 -6.047757956880778
-8.63130964019152 -6.665232614603754
-8.846098563645736 -7.641893107488246
-9.492038802015827 -8.405281087780306
-8.492101916599209 -8.394046089635603
-9.335695035796224 -7.857063176272942
-8.836558577029965 -6.990539780437446
-8.677391236125375 -7.977791398612551
-7.790138980875561 -7.516506849170325
-7.960082874598376 -6.531053109522274
-8.027073195667855 -5.533299484180322
-7.382443330953955 -6.297794309224246
-6.884742071858635 -5.430445788331443
-6.403598201406387 -4.553804142089246
-5.757215468853356 -5.316817486046792
-6.562210270920914 -4.7235356233169306
-5.687727478569663 -5.208592162167361
-6.687726460552106 -5.207165265508027
-5.694874482627833 -5.087813055927057
-4.695506105332739 -5.0522765048483365
-5.580391549430628 -4.586467798592559
-5.46469862820628 -3.5931827700239327
-4.945215010478595 -2.738702360118266
-4.161850960510135 -3.3602655228113356
-5.0331347710165275 -2.869486018808306
-5.719982780360955 -2.1426849373151664
-5.294879697086309 -1.2375399938998102
-4.3043940203520314 -1.0999241365859063
-5.034785014340671 -1.7829534155339521
-4.036160511222033 -1.835385292966049
-4.701783438227037 -2.5816735208279735
-3.846250314495311 -3.0994216006871222
-3.2965465935010405 -3.934781295145176
-4.097559624524175 -3.3361343840772824
-5.040777144499622 -3.668310105663563
-5.2010215710367556 -2.681232741034131
-5.538067528105362 -1.7397445452378655
-4.943988184053922 -2.5441509928571096
-5.781031208137146 -3.0912880651101347
-5.987837231420728 -2.112906100469724
-5.01136928639847 -2.3285686895852393
-5.212130421900955 -1.348928466609604
-6.212020257422218 -1.3340853934351116
-5.699246674636696 -0.4755615132795855
-6.124046951954314 0.4297255817299893
-7.0825647968423295 0.714758107998895
-6.235778914953716 0.18282421150975092
-6.672141722962634 1.08259501554074
-6.38699578139758 0.12411090403498382
-5.638076992346294 0.7867726936425895
-4.770644568108331 1.2843277050540423
-5.363061317647667 2.0899593794966798
-4.601572792766281 1.4417809885625403
-3.8485778485074587 2.099807290408183
-4.203624358248068 1.1649586524346278
-4.089811067110261 2.158460808829057
-3.1108331242458007 1.9544946660875022
-3.652812849290691 1.1141031039926266
-3.328289957411111 0.16822526164398877
-4.222286188460242 -0.2798492175109276
-5.0117191315115095 -0.8936860267895942
-4.893270752959252 -1.886646238287689
-5.108878266892452 -0.9101661309964321
-5.858646370740347 -0.24846545058849145
-6.183753882187447 -1.194142512804063
-7.051398729090846 -1.6913270053638945
-6.379827875296367 -2.4322673459674773
-5.475821844349606 -2.0047476434836216
-5.857436849667671 -2.9290690095225624
-6.466947099742251 -2.136290821720941
-5.5670188495047706 -2.5723288297254103
-6.4217464676039935 -3.0914056052205474
-5.523387291344303 -3.530667247559154
-6.492899797218407 -3.285625412449891
-7.089816617328875 -4.087928540867827
-6.593877691865781 -4.956285945517843
-7.553622709546946 -4.675413196686314
-7.3677067185763665 -5.657978840448311
-8.037761327601391 -4.915667032025246
-7.375365455227881 -4.166513036999833
-7.114224375380511 -5.131813682610385
-6.9384097504212665 -6.1162369745181095
-6.615886034985893 -5.169675590886936
-5.62853671377684 -5.3282357306069255
-6.539777755806357 -4.916362250857428
-5.788904973993599 -5.576809118919326
-4.84531193222856 -5.907916611333197
-4.846336331691951 -6.907916086635929
-4.249376973196023 -7.710187564568511
-4.482617872802219 -8.682606549754883
-5.3172118755883595 -8.131741003080009
-6.074837695246451 -7.479051860082055
-6.434805939023762 -6.546087303696401
-7.4034791852510935 -6.2977485390151635
-7.443081864460353 -5.298533032830712
-6.47908650862676 -5.564452106857499
-5.872142089193368 -4.76970782614913
-6.10032693209169 -5.743325655418638
-6.042538718269477 -6.741654520243871
-5.111787064917575 -7.107306485619008
-4.618011350669985 -6.237717189445646
-4.706047847650931 -7.233834439170458
-4.218127929121415 -6.360946042465501
-4.016425256083758 -5.381499243660449
-5.016386874394856 -5.390260630802301
-4.228359533226469 -4.774620387176948
-3.270841629560861 -5.062994214283047
-2.9746439315222473 -6.018120867495398
-2.7747200753102073 -6.997932304312354
-3.0535941675544587 -6.037604630716021
-2.5476551874392768 -6.900173902369033
-3.5032643532646706 -6.605536630133331
-3.3401015385571142 -7.5921357867804
-3.211812312084342 -6.600398989857437
-3.0524411614373346 -7.587617727696954
-3.0290442530796073 -8.587343982568406
-4.02811945819168 -8.544347069536542
-5.028112547937758 -8.548064657476557
-4.603858634668582 -7.642521385691166
-4.351512390503342 -6.674884380892518
-5.266066581514048 -7.079347768240192
-5.5344834605775715 -8.042650617314042
-5.165229333272979 -8.97197907887568
-5.957953971991154 -8.362399184875608
-5.916705519665383 -9.361548105297748
-5.702224485733008 -8.384819951672954
-5.677064832089005 -9.384503397483934
-4.982180823742954 -8.665381561530578
-3.98223088893475 -8.675387953341238
-3.288325937194919 -9.395454559948531
-4.285556360360412 -9.46982850103794
-4.981261757824532 -8.751501277594967
-4.8532871265139415 -7.75972383595752
-4.580140705255754 -6.797751366209116
-3.582405718711489 -6.730484014354634
-2.6357111158394346 -6.408351543323037
-3.275466057670695 -5.639772585503815
-4.048816962215081 -6.273750801565202
-4.3062613143965605 -7.240043927655758
-4.608538974990237 -6.2868240076446344
-4.283470168489504 -5.341133640219763
-5.260214381401846 -5.126725751973435
-4.515438574443378 -4.459410985637965
-5.400875929107586 -4.924169730542513
-4.708400675943558 -5.645611359335457
-5.044335226584384 -4.703726027840298
-5.916628161875147 -4.21474235220089
-6.907016197357053 -4.0764255449275435
-7.516966908184541 -4.868864899301771
-7.797520341645197 -5.828703308083915
-8.729079105919622 -5.465112509653172
-7.916521000584529 -6.0479927078536635
-7.083199486616287 -5.495204091511326
-7.90923176242326 -6.0588269080519215
-7.348536799628658 -5.230804469529414
-8.285010132419295 -4.88006568215055
-7.489196827849135 -4.274523623934012
-6.9146046620948685 -5.092963507525851
-7.154032682709897 -4.122049390343301
-7.761044760688826 -4.916741995812675
-8.359711575237213 -5.717740151340194
-9.332545511742623 -5.9492442160634464
-10.162836322143072 -6.506574611936994
-10.05143568534178 -7.500350189278411
-11.024638982155782 -7.270403797546868
-10.89521378651776 -6.27881460905495
-9.93087160305116 -6.014156049422215
-9.015001964676879 -6.415631833877719
-9.922938355928261 -5.996523841301324
-10.763394125305949 -5.45464368875857
-9.76412169107212 -5.416504441513814
-9.87496271864537 -6.410342590613809
-9.080549313644438 -5.802965161040711
-10.02513950829405 -6.131217143779288
-10.662890328977074 -6.901459891695898
-9.835825093115385 -6.339353944716995
-9.27975355366013 -7.170488376086471
-8.609831579111793 -7.9129198867440245
-8.51139397881291 -6.917776661450601
-8.980701068631658 -7.800811686489731
-9.769117507326836 -8.415953555650995
-9.263605991127559 -7.553133697864963
-9.997889921400919 -6.874291220008497
-10.811412530345583 -7.455824507736608
-11.78533555830449 -7.682703188117456
-11.908356369893568 -6.690299097075926
-11.546863006659985 -7.622673779453173
-12.508187181536488 -7.347254406862919
-13.103306436464978 -6.543617005783701
-12.103308585783301 -6.541543691522463
-11.103371377870474 -6.552749950108621
-10.467738628896509 -5.780758364382583
-9.880943228815424 -4.971023124663032
-9.443444022418175 -4.0718043279279
-10.357595073209575 -4.477178052208321
-10.555664150327365 -5.457366116147944
-11.0372439110958 -6.33376838338498
-10.445390494725974 -7.139813998428797
-10.535621736852299 -8.135734840134774
-11.38117089848531 -8.669632410143958
-12.013792635885832 -9.44409334354754
-11.036496566734067 -9.232215092609623
-11.447456717512805 -8.320561784343857
-12.186081198390315 -7.646444675639123
-12.83143369412681 -8.410329585980122
-11.944536171379166 -7.948363370609245
-12.86615296621367 -7.560262245283673
-12.755839241169804 -8.5541590618934
-13.041864736660603 -7.595937054251515
-13.734703094685983 -6.874844127057873
-13.745811489734443 -7.874782426934144
-14.708986166887072 -8.143658869360635
-15.70222062013981 -8.027532555065658
-15.903062843429145 -7.0479089531939
-16.849031565210513 -6.723651065994033
-15.865155894556946 -6.902504818249868
-16.322800337419032 -6.013369528253205
-17.321940696463532 -6.054824840680302
-17.053521980171872 -5.091522503537733
-17.773470515983288 -5.785549956728887
-18.66834122853185 -6.231875407294758
-19.643090282065202 -6.008572289009693
-20.22522877379445 -6.821661937478543
-19.56090179438844 -7.569104018467625
-20.470044800920235 -7.985588104207195
-21.346378346632058 -7.503883301802087
-20.368993961944067 -7.292412820249504
-21.184071695700066 -6.713061210313721
-21.75112694736717 -7.536740966989068
-20.891839064012654 -7.025248705542116
-19.91307257692807 -7.230227152604483
-20.837184546755232 -7.612348948923615
-21.595658309747886 -6.96064537301524
-22.551049591558257 -7.255988391623658
-23.50272099430652 -7.563106514161472
-22.52555791187137 -7.350615784185232
-23.482209608744316 -7.641850278828489
-23.935645744184498 -6.750561509081515
-24.8960370976057 -7.029216220640094
-24.97588955867797 -6.032409527012537
-24.97506575234316 -7.032409187684041
-25.79131885084141 -6.454714736272221
-25.21248848897544 -7.270162718783742
-25.789498569079832 -6.45342569411918
-26.35396553632406 -5.627970036382132
-27.108352655959056 -4.971540242932128
-28.031404062773827 -4.586863625008358
-27.16731250056993 -5.090198277230944
-27.266569482990192 -6.085260110204565
-27.927533728990156 -5.334842716010042
-28.039282695729323 -6.328579184311738
-28.30434285327503 -5.364347307177486
-28.368547450295054 -4.366410550803868
-27.406405849727857 -4.638960620438779
-27.660584870982994 -3.6718034330313856
-26.784263998317602 -3.1900755761132227
-26.843701237617726 -2.1918435316544307
-26.717572038156533 -1.1998297086442478
-27.691584766713696 -1.426322985826217
-26.777561866797637 -1.8319855776793978
-27.74691543157943 -2.077655409862403
-27.452240962368855 -1.1220577135511023
-28.242006803366056 -0.508649271814291
-28.559346003870182 0.43966282439845006
-29.348688372056365 1.0536161009482456
-29.1428075765312 2.0321931791765913
-28.527962377717973 2.820840997595131
-29.494259742387932 2.56341255504868
-29.361495550983538 3.5545602077628136
-28.717751241404482 4.3198008652586
-29.08820189036181 5.248653015327218
-28.81095620160402 6.209452072396498
-28.268735263153406 7.049688023725489
-27.569625178869973 7.764702072575727
-27.12013420349706 6.871417200287886
-26.120166020534175 6.863440166885109
-25.331041082548623 6.249207448569567
-25.52259795563988 7.230688963612769
-25.729848377679925 6.252401039449221
-24.901642321511417 6.812824743913805
-23.912318334159725 6.9585575406705775
-24.370009295457844 6.069446195592806
-24.643504465825067 7.031319571763393
-25.409203556875102 7.674518531623521
-26.197631346067958 7.059391210470848
-27.166093067283633 7.308553596355986
-27.939817421147264 7.942075990781239
-28.939425831031947 7.970058608382507
-28.43883314872496 7.1043756604040365
-27.618371090900254 6.53267467940956
-27.7694902162896 7.521190238185222
-26.77060703701686 7.5684384568392336
-27.19971605237946 6.665185749710969
-27.093030051329844 7.659478512019959
-26.506918162273134 8.469708635815895
-25.663882131143687 7.9318515449288185
-26.534023656092067 8.424653459048995
-25.90347447943345 9.200802759000453
-26.242593693351015 10.141546166498976
-27.13467837635149 10.593414419816183
-27.25920134531881 11.585631145234357
-26.272809016199513 11.750039700530625
-25.362005024506193 12.162878759626922
-26.040192004513596 12.89776815276608
-25.091110775594533 13.212799612962487
-26.00497373409126 12.80677683886279
-26.504387166569465 11.94041304491689
-26.345310786738867 10.95314676605389
-26.47450456074027 9.961527399180051
-25.870840722381807 9.164288432333645
-25.12887285891035 9.83472388006564
-25.455016336899863 10.780044160058036
-26.428401056911632 11.009221355362483
-27.424315201216395 11.099526489068767
-27.07925618636541 12.038107479857556
-26.446780027311707 11.263527652965145
-25.66563390096111 11.887875896565989
-25.35359913076734 10.937805213832268
-24.356259079247963 10.864916108779934
-25.019771976129505 10.116751263527323
-26.004896929512004 9.944911727264184
-26.999351126648047 9.839741152489177
-26.236330072354285 10.486114783374932
-25.75349918949434 9.610401166627604
-25.75902767673123 10.610385884425266
-26.58293852092731 11.177105321903898
-26.241873802239716 12.117145138968342
-27.148655373646722 11.695544401591567
-27.962000748583034 12.277325546928635
-28.084541064983547 13.269789083214206
-27.17953173590339 13.695180801842913
-27.126106375992126 14.69375264748966
-27.296566068164527 15.679117297426165
-27.577703385092047 16.63878484873276
-28.539606688467995 16.36539495324568
-27.542073632724698 16.295196643440963
-27.77401710225348 17.267925910474165
-26.774084131108385 17.27950404577051
-26.565575485651713 18.257524569466113
-27.380480700236365 18.837118816541377
-26.530581840701124 19.364064666283735
-26.975187035544025 20.259791310254265
-27.27878283541299 19.30699039175034
-26.394798799406985 18.839473307477974
-26.66333555514607 17.876203869149773
-27.642269124009637 18.080382878237486
-27.05424903540935 17.271536554513066
-26.431504562950504 18.053961836582832
-25.75384019939032 17.318590494769342
-25.87681464019056 16.32618065659266
-26.84682102596811 16.083101221940588
-26.584127940307322 17.04798066661024
-27.255966750310662 17.788678049738664
-28.25319743517963 17.86304848173801
-27.380450027484216 17.374876419488505
-26.547525503753455 17.928263027356714
-25.705211165915404 18.467249628556083
-25.241760230456087 17.581127046504434
-25.560095317393344 16.633148791255586
-24.566048243155922 16.524197360792176
-23.82362485597365 17.19412833795684
-24.008163189504106 16.211303021098445
-23.162679252970047 15.677302166171346
-23.22225553542563 16.675525921933936
-24.213185429813095 16.541146070731255
-25.104386818241466 16.08753821667299
-24.10558033291941 16.136380870968217
-23.570418082961123 15.291631579036235
-22.675524608718963 14.8453517679773
-22.54525688370892 13.853872913023395
-22.46139097381822 14.850349962010577
-22.95783738018377 15.718417335897382
-23.757504584217994 16.31886080766811
-22.7722763621934 16.14761434631415
-23.32946094802468 16.978003012730078
-22.900859628263376 16.074509289066835
-21.908496565003478 15.951157958804721
-22.67936023492237 15.314157799935687
-22.73747724379933 14.315848021720932
-22.44827783748281 13.35857914445281
-23.218296926849955 12.720558296823057
-23.53716063035715 13.668358876367972
-24.53516310918169 13.605184100863218
-25.516416226865633 13.797907527139163
-24.52130499310967 13.699147046922214
-24.3029920410607 14.6750258585416
-23.396447930572915 15.097136952615081
-23.089067687118522 16.048723725292128
-24.065384222261578 16.265070722512473
-24.446226789402736 17.189710619474166
-25.271841324596668 16.62547605896187
-24.932715451142208 17.566217065803684
-24.101050082817235 18.12149421743959
-24.341170507946032 19.0922373252884
-24.069227159159105 20.05455058771938
-24.184744855512275 19.06124516549052
-24.58415108347815 18.14447111204983
-24.099216818015336 19.019021715605756
-23.36579525925534 18.33924762287637
-24.342406551440064 18.12423510236354
-23.75143229984147 18.930925522504673
-24.735946242139246 19.106231818516225
-24.032621637676208 18.395362983387752
-23.634457249007564 19.312677062422914
-24.485625490128232 18.787784096850363
-24.19383750461009 19.744267118919897
-23.845064340501096 18.807059948654217
-24.73706296520979 18.35502183796243
-24.852839068843366 17.361746501599228
-24.00557735152055 17.892922162147784
-23.792052348554254 18.869859761541033
-23.843725666124893 17.871195719807655
-24.709631885155435 17.370989342554996
-23.91134108330796 16.768717148538276
-24.48384423718984 17.588619666399577
-23.664426938663112 18.161817093884352
