0 0
0.8276936315471305 -0.5611802315623056
0.5819397306740397 0.40815202324285615
-0.39605871284463445 0.1995398364582614
0.5865672095175313 0.38513697194774843
-0.349111140831491 0.7379910844193653
-1.2659550019320533 1.137237041646502
-1.9419447737741127 0.40032603727425065
-1.0123820205421468 0.03166211470546004
-0.7686850280337492 1.001513534172567
-1.0572095968210806 0.04404104203188697
-2.0222226288401846 0.30624296428513015
-2.143199328926494 1.2988983113398
-3.010659131541299 0.801391034159372
-2.4317351023952756 1.6167725206289472
-1.5261653232110504 2.040969850922566
-1.6212753119593564 1.0455030809898391
-0.7338029087667741 0.5846422195885017
-0.03016968426512623 1.295205577338825
-0.43606753140370663 0.3812871249108932
-0.29459170471792645 -0.6086545857284631
-1.164863567921334 -0.11608288118538879
-0.22551919460947967 -0.4590583151852013
0.7744465282252552 -0.4673379984887022
0.6283249431900568 -1.4566046371593901
-0.31099164819989433 -1.7996561509872169
-1.0578695006455945 -1.1346948938254942
-1.7389194245160542 -0.4024579095123273
-2.3958420058898273 -1.1564159468600423
-2.6907777602070237 -0.20089886128524936
-1.8636912585124596 -0.7629735171047837
-1.476554198031646 -1.6849956949303904
-2.4764209370937835 -1.7013206487510655
-2.8880379259895674 -2.6126775790765926
-2.9443628148071577 -1.6142650857154137
-3.932410006090303 -1.7684167895577256
-4.904633013083164 -1.534360333390076
-5.246398765794557 -2.4741455057957777
-5.8836179011954215 -1.7034628386240196
-4.926723162877275 -1.41302788931687
-5.858012130100536 -1.7773091810794743
-6.65908198958038 -1.1787383162414473
-7.52174037870828 -0.6729513021067862
-6.607964477042904 -1.079169964326567
-5.7295618461399735 -1.5570913156207007
-6.094402895380574 -0.6260214961178786
-6.586050878909989 -1.496815536228087
-7.562831930121172 -1.282575535306743
-7.730031279996019 -0.29665242603227804
-8.508777960133305 -0.9239909376630854
-8.443253951001815 0.0738600553350357
-9.169764569841975 -0.6132951823751092
-8.226439773138003 -0.28142423166774516
-7.538637381606954 0.4444737433977382
-8.490352843009767 0.1374921795753613
-9.374279434110607 -0.3301335057166775
-9.654726206162655 -1.290003084381189
-9.899978019059857 -0.3205436740546729
-9.41481702179409 0.5538811693321596
-9.00251178559038 -0.35716459911144804
-10.001902205618201 -0.32225344965147973
-10.30704901510142 0.6300518714836127
-11.29482471244771 0.7859337874714885
-10.585631785578546 1.4909482500740285
-10.583910197645343 2.4909467681404247
-9.780514735613673 3.0863925940447805
-9.495283483545851 2.1279338662719973
-8.768162450705361 1.4414245774776075
-7.917072754903538 0.9164042638706394
-6.9301234680004145 0.7553728846881483
-6.549827008235286 1.6802375248869776
-7.193103861712515 2.445871177347758
-7.184830092509052 3.4458369491335565
-8.09165840336353 3.0243367538396346
-8.844333505716937 3.682728878866422
-7.845604645749586 3.6323238764528334
-8.043131400051632 2.6520263801105752
-7.084930885103063 2.938123869006051
-6.856652340995499 1.9645280050562648
-6.31236483395651 2.8034267532263177
-6.814305473121486 1.9385246808767045
-7.656581090793106 2.4775717881650112
-6.847271153717678 3.064953627985555
-7.14822721953952 2.1113156220078997
-7.29783230255407 3.10006145342071
-6.806226551670539 3.970879336619166
-7.286296274743665 4.848109671815397
-7.105279826430048 5.831589740469523
-7.994256690369532 6.289541850826405
-8.985549123536794 6.157863029654087
-8.621665635497141 7.089307503110287
-9.318619218106866 7.80642374451573
-9.512369024547375 8.787474717964237
-9.894974975664212 9.711386340453087
-9.014461523798884 9.237365179444208
-8.501107511199493 8.379188240958849
-9.018640404609652 7.523524928528949
-8.703585754415867 8.472598459606111
-8.137331368936804 7.648367926972352
-9.136030153957403 7.5973705074456905
-9.537027711849458 8.513449629882507
-9.029256493424352 9.374941585584406
-8.239119530663666 8.762011263215443
-8.54367284381072 7.80951597217661
-8.725618538676875 8.792824552490883
-8.785526089547266 9.791028482231049
-9.777643639569975 9.66571780057566
-9.057267382259454 8.972134317566379
-9.956002610216224 8.533642595832099
-10.563286490357221 9.32812751634406
-9.679126250196244 8.860943751944562
-10.305900422110879 8.081742791074566
-9.769532789026458 7.237758334950274
-8.901388915059414 7.734070952252608
-8.773025621130182 6.742343739370136
-8.365241823274918 5.829265224560628
-9.354388170167892 5.976198898128949
-9.981266672075002 6.755315926467246
-10.943635073199278 6.483567770047554
-10.700449058906209 5.513588098893435
-9.945276446557518 6.1691140904135695
-9.381118136747212 5.343447449769794
-9.890268005222637 4.4827695707514845
-10.359568070516167 3.5997308124200686
-9.388000663664725 3.8364939302065317
-10.363020418848322 4.058612090206381
-9.489108745250334 4.544696842846458
-10.180744564199557 3.8224504209470904
-11.007202769215333 3.2594523433641363
-11.576557068065465 2.4373600843196455
-11.610386404669047 1.4379324601342012
-10.661767258068949 1.754352615471531
-10.62688704110521 0.7549611153753162
-9.975971047344954 -0.004188651842654378
-10.975307541331905 -0.04061078502935738
-10.970810620622842 -1.0406006738303075
-11.424147998119015 -0.14926166864491053
-11.434196792620854 -1.1492111782347996
-11.135803741328525 -0.19476810138817402
-10.416165796560655 0.49958139882787544
-9.416476539668647 0.4746537103128389
-10.233877813452303 1.0507224194238765
-11.233761155742227 1.065996639899249
-11.757566692116775 0.214158767963883
-12.7509323479309 0.09916018602057042
-12.614143155708199 1.0897603661593895
-11.646797241418502 1.3432201896167422
-12.04918298045002 2.2586904059668207
-12.76860004489078 2.953268758200346
-12.422539866980175 2.015056440404166
-13.028729033767105 1.21973594269889
-12.260212732383302 0.5799057351380407
-12.51737235935483 1.5462746741338385
-13.008909888742911 0.6754182811487137
-13.505602654508843 -0.19250815377292685
-14.505198631299377 -0.16408486782325643
-14.82823654837799 -1.1104708906117964
-15.000700519606637 -0.1254550640242006
-15.499789861139263 -0.9920055987124722
-14.795561580275189 -0.282031987631587
-15.67708103364176 0.19011571524993764
-14.915082559323286 -0.4574631024520611
-14.956304051755348 -1.4566131355109975
-14.13293525003795 -2.0241198018669593
-14.937433662668752 -2.6180746015567324
-14.336971713444742 -3.417727931152815
-13.568333459507599 -4.057411630010666
-12.828955613507974 -4.730702355362616
-11.834920059790875 -4.839758845065609
-12.45439393949061 -5.624776113900989
-13.448225235275363 -5.735678573381378
-14.350448191219211 -6.166948486275779
-13.828547304891575 -7.019954620398171
-14.796973410898865 -6.770653843817835
-15.017863002604647 -5.795355023826724
-14.058664364535879 -5.512621982377695
-14.06308315436093 -4.512631745277111
-13.156301574914027 -4.0910310251926
-12.15641776906168 -4.075787180722603
-11.315280117572268 -3.5349660908538025
-12.003015414728512 -4.260927633254921
-11.154017227415977 -3.732531874433913
-11.461469815225673 -4.684095275500348
-12.053582832252957 -3.8782403412430417
-11.104803861775588 -4.1941809451227945
-10.406218024908906 -3.4786546852767444
-10.885597685733144 -4.356262308755506
-11.66949208435028 -4.977156479944669
-11.402878084855486 -4.013353089582615
-10.747720442926013 -4.768845289556522
-11.205280287946916 -5.658024117590819
-12.2008419293983 -5.752135849434555
-12.84593237770232 -4.988029630701245
-11.855454913257738 -5.125704582771079
-11.570938396250124 -4.167033444397833
-10.576822412031191 -4.05871257881589
-10.935191966317795 -4.992292389309037
-11.746313538672764 -4.40741479967134
-12.003280530266265 -5.373834980147403
-12.420968728216488 -6.282425410040375
-12.959453066607505 -7.125060928700483
-13.645852729721279 -7.852285448692279
-13.195136886536812 -6.959617969334755
-13.564128829759781 -7.889050562822059
-14.097849678184497 -8.734711284362797
-13.727479667613784 -9.663595591082341
-13.271451227258316 -10.553560793540818
-14.185948591189662 -10.958152651297024
-14.207241999479177 -11.957925920975413
-15.027951544210401 -12.529271563460822
-15.671198418868087 -13.294930402790142
-15.177330133424148 -14.16446712808279
-14.37135678064406 -13.572515310272907
-13.887544882977723 -12.69734329993637
-14.55082954279658 -11.948976103936314
-14.19029895253078 -11.016228713973419
-14.49502683013475 -10.063789256259188
-13.501070390607 -10.173564464395254
-12.501703004513725 -10.209128879378436
-13.27534383400865 -9.575504489902775
-12.324769150005432 -9.265008483274379
-11.542260434221483 -9.887648113977527
-10.569929901046283 -10.121257476493739
-11.085563754321441 -10.978066515519712
-11.631804368326959 -10.140438201999403
-11.90038763287244 -11.103694673561414
-11.30744157823571 -10.29845248869357
-10.38396218412136 -9.914804461660728
-10.153345547621505 -10.887849150752391
-11.070869195888312 -11.28553037343102
-10.517575461683451 -12.118516594019116
-9.655302039450705 -12.624959626660525
-8.662575247725503 -12.50457060311191
-7.737988465906673 -12.123599104327685
-7.044919233057605 -12.844470131958845
-6.046263788949808 -12.896309344470787
-5.921250436570808 -13.888464403787104
-5.870227633146223 -14.887161892284345
-6.8696187133483395 -14.922054138019567
-7.721124804730347 -14.397709426651808
-6.967347308509736 -13.740579693500592
-7.404598203364266 -12.841240127514022
-8.23529126629261 -12.284509460851291
-7.403038264178662 -12.838905474971451
-6.417769514711289 -13.009918606990606
-5.839332486189527 -12.194191566838747
-5.713891693561952 -13.186292674360034
-6.684243695499228 -12.944596600051163
-6.985160362790184 -13.89824703881083
-5.996751982595419 -13.74642848276197
-4.9967879626379625 -13.737945630026962
-5.521655223023289 -12.886761537732232
-4.542078145441814 -13.087830553438128
-5.325958502356468 -12.466918654660729
-5.230671197624806 -13.462368467336876
-4.584499501672218 -12.699176394952895
-3.627864402306539 -12.407887386128982
-4.627624148438776 -12.385968216126331
-5.203470037785357 -13.203526478100757
-6.112668170246948 -13.619890208423602
-6.518918446132194 -12.706128361253803
-5.7430258070474345 -13.336993333029927
-5.280017298583439 -14.223347168182652
-6.134363266174986 -14.743051860926583
-5.142495400081347 -14.615779962178857
-5.109443812742731 -15.615233609215275
-5.138779118135723 -16.614803236533703
-5.151137990231979 -17.61472686275748
-5.8333442632303365 -18.34588662716037
-6.075483582992925 -17.37564513669271
-6.392270008612306 -16.427148241313873
-5.416458319676025 -16.64576102167065
-5.4031943093159205 -17.645673050815798
-4.925548442458273 -16.767120590302593
-3.956751796205365 -16.51926365937445
-4.7660838579418545 -17.10661501405524
-4.036516605837149 -17.79052409036319
-3.1675284201689857 -18.285356923923324
-4.033363250622324 -17.78502698640825
-4.84509000416203 -18.36906438040618
-5.684962559870722 -18.911848029908768
-6.666303705849705 -19.104122716772785
-6.7395681498463365 -18.10681016734514
-5.930941860535495 -18.695132803519698
-6.834818162214582 -19.1229267156584
-6.593963069350482 -18.15236562832725
-5.743930353028519 -17.62563573437561
-6.735358686110112 -17.756287410074986
-5.841257392730062 -18.204152207950553
-5.162006299762785 -18.938058164257463
-4.785276059636834 -18.011735150306798
-3.8050695632348894 -17.813757312124274
-3.658991892989904 -18.80303043631991
-4.323624215396798 -18.05585985605593
-5.054728357372461 -17.373593974169673
-5.686688946706824 -18.148594499026377
-6.666349775784363 -17.94793393994436
-5.699520392690572 -17.692510871318053
-5.879022090761998 -18.67626853476443
-4.962890256100681 -18.275391419528237
-4.681131597265506 -17.315906110536275
-4.822005861608931 -18.305933605935113
-5.378657227478714 -19.136679810786696
-4.400972169975336 -19.34675581687644
-4.487072518121634 -20.343042286747973
-5.368135526532523 -19.87004337003679
-6.363119913460951 -19.770013025797347
-7.275657759396587 -20.179005299239215
-7.498361870042299 -19.204119214046948
-6.5328593014215945 -18.943725684966783
-5.663060054358852 -18.45031989881396
-6.123961741530915 -17.562868697472755
-5.195397170279068 -17.934039597484965
-6.150890609428621 -18.22905194933173
-6.86827497131499 -18.925729548599058
-6.069334264243303 -19.52713934780738
-5.8632548213347295 -18.548604083644413
-6.861770127721447 -18.494132229339275
-7.558398111711113 -19.211564771061834
-6.613622696926194 -19.539283271635092
-5.613742325443104 -19.523815798575907
-6.573871589513666 -19.80337222628831
-6.781120074933035 -20.781660560723193
-7.66599942744177 -20.315840282607564
-6.809352117214678 -19.79993778612137
-7.795523736431513 -19.634210487672245
-7.731732041014973 -20.632173723265563
-7.421928989741329 -21.582974474959386
-8.333663699312268 -21.17219494849343
-7.81465289228056 -20.31742727117737
-7.847639243179738 -19.317971468925787
-8.777897096052508 -18.95106504057035
-8.440355456925962 -18.009754442597625
-8.356647273380423 -19.0062447536431
-9.349841867507111 -18.88977802793347
-9.335872477489835 -17.8898756046228
-9.271549622075238 -18.887804745529767
-9.664876301562726 -19.807203529085275
-8.692305579435912 -20.039810903133745
-7.8452779650843185 -20.571359791314173
-7.501376965623322 -19.63235387942132
-8.376153810251227 -19.14782785111856
-7.458741777066124 -18.74988921091485
-6.712951780646877 -19.416070328360384
-5.713787992391772 -19.375183603868095
-5.325926628833636 -18.45346587990982
-4.42144700548453 -18.87998271538793
-4.206789731778303 -17.90329327915704
-3.7217694751510986 -17.028790362831838
-4.292582125123954 -17.84987069911506
-5.218638788624316 -18.227255192684385
-4.221416024118652 -18.152778632937853
-5.157333800495554 -17.800560070307043
-5.08994303835119 -18.798286728855164
-4.794968076410314 -17.842781746226617
-5.659161670606272 -18.345941195855332
-5.239323741507642 -19.253540288676703
-5.768872823225543 -20.101819588230647
-6.3208960879736225 -19.267990879695812
-5.621305696315129 -18.553446770561102
-5.971986062634001 -19.48994198180271
-6.6404264039359315 -18.74617621886376
-6.066999672485107 -19.565433067268227
-6.703763676838667 -18.79437431285348
-5.8264412609836365 -18.314472886893636
-6.033553164237629 -19.292790146033283
-6.8861898761420095 -19.81529434459334
-7.663410187725041 -19.186065779394035
-8.580516683871132 -19.584708068579012
-8.225183517835424 -20.519447786957898
-7.589103911471703 -21.29107122774244
-6.823041890975702 -20.648304566539803
-5.840220363052933 -20.832863078268616
-4.841314203137636 -20.786103227079003
-5.7427825982097795 -21.21894815622344
-5.441827073350548 -22.17258633292187
-5.96898507177997 -21.322819044370537
-5.422081903636483 -20.485623174412606
-6.383839834167402 -20.211722310849005
-5.471060666118527 -19.803268898112613
-6.456475662013621 -19.973437302539146
-5.474562051994679 -19.784107794908746
-5.541301444696428 -18.786337353643923
-4.546293689842047 -18.68653971950541
-3.985429585608954 -19.514447598790788
-3.102062506085448 -19.045765827421224
-2.9487643832997397 -18.057585841006613
-2.9254302117752102 -17.057858119854867
-1.9256446919363857 -17.07856836660886
-2.907605827229575 -17.267651228798194
-3.4642285899441205 -18.098416598820336
-4.232101257051498 -18.739019102022908
-3.511156778446007 -19.432011929379915
-2.8899396499310495 -20.215650416974565
-3.887387135519378 -20.28705429287442
-4.6691750176572455 -19.66350982185219
-4.969004867736366 -18.709517127434918
-4.202100676543807 -18.06775551941268
-3.5400376020332014 -17.318307398880272
-3.8217043264005683 -18.277819700200144
-4.475326800599392 -17.52099894122071
-5.470471889558058 -17.42258018324517
-6.3913530910197425 -17.8124235015084
-6.0338404293751235 -16.8785152100987
-5.221638627743215 -16.295138630670042
-5.108818989148951 -17.288754114218612
-5.620308302103133 -18.14804375266054
-5.237520036337086 -19.07187985478679
-5.215958989188652 -18.07211232118417
-4.424982233333219 -18.683958520564712
-3.5630377849289365 -19.1909612502073
-3.2608745950781746 -18.2377050376919
-4.25811304879008 -18.311971224064216
-4.0371639288720615 -19.287256559956976
-3.9291450463566115 -20.281405402444918
-2.961076286621945 -20.030720587536265
-2.0339912424269975 -20.40557165240077
-2.9949743384118745 -20.128964549760003
-2.63648519643697 -19.19543065370368
-3.5431198049387667 -19.617347335842222
-4.3729236146550745 -20.17540256373665
-3.967426728498566 -19.261306138124244
-4.310828834936785 -20.200494614040444
-3.323890235726837 -20.36159148362364
-4.003431419247179 -19.627954120957472
-3.0039401228049605 -19.596061357887255
-2.5330846047484887 -20.478271696250943
-1.5532519956740565 -20.678091760795
-2.2665036961021814 -19.977183769803037
-1.383307926736695 -19.508179257058323
-1.2897280086566574 -20.503791028248347
-1.3840365637604801 -19.50824801238503
-1.6164793050972426 -20.480858094586452
-2.3482602885780826 -19.79931822618856
-3.3425160370590197 -19.90634862660177
-2.9486609321988624 -20.825521165560367
-2.3101099400312086 -21.595100680881366
-2.6672612401274325 -20.661054135553147
-2.6168810660771524 -21.65978424827763
-3.0307729452136227 -20.749458200982005
-2.440236277567213 -19.942447393021496
-2.7081495211340507 -20.905890434369294
-2.202556304698886 -20.043118448561486
-3.028704459026584 -19.47966549835097
-3.8843753179787757 -18.962145082193288
-3.8570550875667187 -17.962518349352358
-4.217352799383353 -17.029680979357085
-3.24207800215164 -17.25067661253711
-2.465784881843965 -17.881048718013687
-2.9247794670322502 -16.99260965382986
-1.9255411606496375 -17.031632814358034
-1.347361431376811 -17.84754224600961
-0.7397873814617589 -18.64180528422165
0.1722861124932994 -18.231778527015962
0.47988164857105386 -19.183295729269837
1.0419034413848591 -18.35617330519807
0.3398240393023221 -19.068271973341346
-0.09250801200686676 -19.969986449997226
-0.018652646135115913 -20.96725541318216
-1.0110630722728609 -21.090225109014504
-1.9074356617678823 -20.64692365311571
-2.9072256847321536 -20.667415358293702
-3.895859051091878 -20.81776184784447
-2.9640802803964323 -21.180788461856835
-1.99124414328993 -20.949293644766477
-2.818295372163241 -20.387167088892138
-3.4803895384492654 -19.637746436007514
-2.7569507028244837 -18.94735795760578
-2.557054310745425 -17.967540917320314
-3.1618634094271894 -18.763911405316794
-2.305611998688476 -18.247352094484086
-1.9510174763757377 -17.312331921040858
-2.4037312636782895 -18.203987811385435
-2.100734017770787 -17.250996379644064
-1.3570355735430493 -16.582481141184054
-0.41544872839218827 -16.245710873733305
0.40086070210697444 -16.823325722640543
0.6620525186652313 -15.858038804173813
0.8326350469016258 -16.84338219663173
-0.165506560201924 -16.782445080120176
0.8170065182082471 -16.968638664201286
1.3087032264953913 -17.83940519264596
0.6500821010827158 -17.086930466718144
0.6732401176230267 -18.08666228389209
0.9540949267431882 -19.04641255151074
0.07224940865679619 -18.574874130773953
-0.3465026793938277 -17.666773536812446
-0.8029489506176472 -16.777022559580125
-1.4631618174723404 -17.52810109771013
-2.4630769884217427 -17.515076086952828
-3.2404924909436197 -16.886088697223386
-2.4626416015203456 -17.51453757646769
-2.6081225531678274 -18.503898629222316
-2.8820251503103345 -17.54214119240231
-3.055697618600315 -18.52694466201341
-2.0566340147212108 -18.48367902433064
-2.3199072050326817 -19.44840034536756
-1.371538071134757 -19.765569047905657
-1.1326033072467578 -18.794533426207984
-0.15760825725520822 -18.57230684703264
-0.4314560933305313 -17.61053381628325
