0 0
-0.6196591621621467 0.7848710230021914
-1.6194929397292923 0.8031033359605485
-2.468394303649949 0.2745520382290523
-1.5440439503148937 0.6560968249702137
-2.414203263177473 0.16332632033491784
-2.7778750761570743 1.09485346027456
-1.8142360266857258 1.3620608372946494
-1.4341663272691672 2.2870186869210025
-0.4658907853201425 2.037133763679678
0.20270485599082333 2.7807599254168633
0.9747946880763316 2.145246517855566
0.507431153448342 3.0293117453699345
1.5036897920071626 2.9428899593612834
0.7340617380374164 2.3043974703351857
1.3655528886832027 3.0797805541434804
0.445143324086511 2.688825015240489
0.844606835273519 1.7720759202149485
0.6348468492820392 2.7498288277927547
-0.302470794137217 3.0983049895814374
-0.017084997772735977 2.1398922667770024
-0.4070456594397308 1.219060749966115
-0.29042792537766166 0.22588387543558686
0.6681938128910714 0.5105667918858593
0.7472645532821213 -0.4863022155639717
1.1420394809030703 -1.4050800758337294
2.1311917997466168 -1.2581866106065958
1.1453513688716535 -1.0905004607543594
0.3208692335411283 -1.6563884430625346
0.3041714768446801 -2.656249025804602
0.9179165450356013 -3.4457532951225844
0.6289244991636593 -4.403084793310516
0.5462952424008486 -5.3996651492913195
-0.44906137180303896 -5.495921113057589
0.5320586142487893 -5.689321146588249
0.8528408153257279 -6.636474132896287
1.2143628972240834 -7.568837680178074
1.8784503190212156 -8.316492611420314
0.8808082849255993 -8.38512475990454
0.008751758979572255 -8.874529924931378
-0.5867770538375948 -9.677863873613106
-0.16635364015369491 -10.585191903173737
-1.1514062114453498 -10.41293792849768
-0.28739390976197066 -9.909467231694192
-0.9962608090436161 -10.614809502583174
-1.809700373706991 -11.196458945667459
-0.8147158612634237 -11.09642984991309
-0.3519773676181764 -11.982924681538705
0.6213592111548698 -11.753543112047211
0.6585641813612242 -10.754235456621744
1.4520819901605608 -10.145688427117616
1.687071482346315 -9.173690516336794
0.7538381771945359 -8.81441959049463
-0.16171330379537396 -9.216620393150695
-0.2518948211565378 -10.212545738709506
-0.5153933127685081 -11.177205546578694
0.012573581117389376 -10.327940594422726
-0.9726023811911249 -10.499487448924617
-0.3101542968805856 -11.248595275337674
-0.1541766605066651 -10.260834688479095
0.26127413727153026 -11.170450340623153
0.28997380715415316 -12.170038420258274
1.2899215515269082 -12.180261361314514
0.43588426476049935 -12.700473157425167
0.9966596392678271 -13.528441139503077
1.9625283652255203 -13.78747319199246
1.5736887843779814 -14.70877866813287
1.7508493944583374 -13.72459671430728
2.7508363323030203 -13.719485536359494
3.4503071045807516 -13.004824330801789
3.4822112799698446 -12.005333398580419
2.950691343741086 -11.158287616233693
1.9529402388958774 -11.225315467013537
2.8951435430618293 -10.89027377763927
3.237716741335356 -11.829764918536643
3.766645916999118 -10.981098949422968
3.0327178160303903 -11.660326115110882
2.211163840143419 -12.230456858628813
1.5449304026611248 -12.976200116580587
2.1214011957822363 -13.793317871055619
1.12235751743184 -13.837041191470592
0.2081475203378117 -14.242281960906906
-0.7828842833815088 -14.375908170973757
-1.7757908853580775 -14.494805100081887
-1.189763012603486 -13.684514206417933
-1.6510644189998644 -14.571757697493931
-2.643369690092907 -14.69557308006396
-2.6599135447712428 -15.695436221134969
-2.033196829576931 -16.47468339558994
-1.1318188639363096 -16.907716608008542
-2.0300900927043797 -17.347158071195054
-1.0324595433179664 -17.27835918362437
-0.46353377728116085 -18.10074806532173
0.06769625215770692 -18.947975694605844
0.7786733374368638 -18.244760518285002
0.20496394422843633 -19.06381944909793
0.7013185215613642 -18.195699564772816
0.29292374293639445 -17.28289416119993
-0.6415869666895235 -16.92695914803817
-1.477724340454834 -17.4754792408268
-0.9934845808475481 -18.350414584275377
-1.9933245672208297 -18.368303174188387
-1.782119116880612 -17.390861483985546
-1.2982465279600106 -18.265999940283333
-1.018256967618679 -19.226002985122186
-0.2950730440042173 -18.535347490229405
0.4970343881960736 -19.145729187082335
1.496572785894172 -19.11534841146488
2.055099189694462 -19.944835154130434
1.2320589934121302 -19.376852024712367
0.23318799726710326 -19.329346940139853
1.1476035452995634 -19.73412367553419
2.0310788663010264 -20.202601377438306
2.8544346428701552 -20.770126940906813
3.1637119805121596 -21.721098827147976
2.5664677971927476 -22.523158292207224
3.547783063070896 -22.715565020141824
3.073727039843948 -23.596059703170774
3.369535775078285 -24.551306892205666
4.229436760976539 -25.061767756965356
4.9132404326534544 -25.791433802907722
5.568472991356579 -25.036006576753305
5.861288265001227 -24.079837545922246
4.949240985943821 -24.48992261120015
4.022883668367611 -24.113276729538068
4.277488997016754 -23.146231680626972
4.360948326738995 -24.14274286485037
5.011804652324454 -23.383541940558654
5.981225525860914 -23.138137845336498
6.951049406496121 -23.381944409131794
7.676842416029622 -24.069857563034454
6.766572273188379 -23.6558427480196
5.809522444435035 -23.36591926624692
5.8796500527790725 -22.36838123762448
5.019993504071217 -22.87925364661101
5.505256726259464 -22.004885528944612
6.294607767658656 -21.390943403462078
6.078925164645022 -20.414479878921984
6.9181119699500435 -19.870636605724684
7.599939836690725 -19.139123953656483
6.7200547521487906 -18.66393742396458
5.720231852964531 -18.68275683593154
6.410679821685557 -17.9593747774804
5.569768200057345 -17.418202305332553
5.624766237963223 -18.416688767847948
6.437426311446992 -18.999426792148192
5.837982993891169 -18.19900958278943
6.6412577557690184 -17.603400938686537
7.622682484444823 -17.795248539514965
7.570878576098066 -18.79390581560121
7.769107561593203 -19.77406155287441
6.841662423473136 -19.400102309403348
6.357894838544087 -18.52490580359913
6.631555539181593 -19.486732098169302
5.646852711735439 -19.660974290589934
6.534062471804992 -19.199608013498374
7.2762413691252705 -18.529406189886668
6.866868779072606 -17.617038894049312
5.980857361776735 -17.153375472566267
5.241337497645834 -17.826510206892028
4.243206119602719 -17.765405770344817
3.2546743692920783 -17.614392596655296
2.59930169420793 -18.36969826772698
2.7055824209517128 -17.375362103684452
1.816279658958224 -16.918043180491072
1.1686907927525738 -17.680033115048268
2.1662914346773072 -17.6108019137633
2.8487127411401008 -18.34176098271697
1.8628873038027205 -18.509535256962348
1.5819855676438053 -17.549798722999558
2.2347145206575485 -18.307390244795826
1.4283273226439772 -18.89877817744226
0.5820132536231669 -18.366093940227152
0.7450677905552666 -17.379476882810316
1.246743316596652 -16.514421007984243
1.3654236409828777 -17.507353523618402
0.6558575500014904 -16.802714635584685
1.5560022285500241 -16.36712359150692
0.5682525136092303 -16.211077122035867
-0.43141443121757506 -16.1852701574596
-1.411364581404802 -15.986027332876047
-2.1583766058143805 -16.65083785880618
-1.164254033554807 -16.542577472126613
-2.021658032896567 -17.057221409147886
-2.9720029659869827 -17.368419911954973
-3.631794498727345 -18.119868601703065
-4.233202416733634 -17.320926478543107
-3.9980538621407167 -18.29288592073854
-4.660493943129515 -19.042000824541393
-3.933185938600904 -18.355689622134925
-3.098531512652508 -18.906463613209986
-3.988580072372 -18.450597885894084
-4.004001066181871 -17.45071679648899
-3.007230905359516 -17.531023997250667
-3.7536295296390305 -16.865524866016337
-4.736631316322589 -17.049120855561135
-4.292811262878082 -16.153004925471443
-5.284516558068371 -16.281537440779992
-6.192999526131231 -16.699459319532103
-7.177216406938151 -16.8764257896181
-7.7148167851484635 -16.033226030754207
-8.68977393935609 -15.810833253309962
-9.60239495630545 -15.402026600450304
-9.150811214091735 -16.294255340050334
-9.792540168269923 -15.527323824614067
-9.251324112870261 -14.686440252781658
-9.678064387397582 -13.782066028195207
-9.891176402077763 -14.759093801187845
-10.831415125112565 -15.099609797443359
-10.925112785761613 -14.1040091001812
-11.670620093931724 -14.770506552138036
-12.204659627033621 -13.925047045665782
-12.0033277681617 -14.904570135032834
-12.830095705071194 -15.467113269821997
-12.331663486129534 -14.600184597369129
-11.366944287683504 -14.8634655654425
-12.06195321639979 -14.144464460433166
-12.005133462316554 -15.142848913209711
-11.45065847553918 -14.310648523256528
-11.151804644767399 -15.264947421837592
-12.122450430308593 -15.505460953704548
-11.892352192652426 -16.478628360180704
-12.72233920446425 -15.920845642427922
-13.458493089723774 -15.24403144546002
-12.600274593092305 -15.757315978676852
-13.396007487582573 -16.362963698581865
-12.526708583939051 -16.857250473768264
-11.564490616626511 -17.129530813456835
-12.510637361040517 -17.453268883561012
-12.129052632723047 -16.52893501795028
-11.501079425464534 -17.30716997666484
-11.022796225501402 -18.185375636310138
-10.827114588989117 -19.16604311162064
-9.850805073078531 -19.38242178234037
-10.850803074250573 -19.38442119523429
-10.60298594758804 -20.353228024139167
-9.954465207931818 -19.59203103896664
-9.025326522381356 -19.222299645907356
-8.056282828286276 -18.975410361136706
-7.142453833529854 -18.569311151161525
-7.998478344930241 -18.052375917421625
-7.51468416996197 -18.927557724971788
-7.969817080224093 -19.81798123881019
-7.749844382535596 -18.842475209986357
-6.766769856475076 -18.65926910689237
-7.759710210636984 -18.540654381513
-6.763826972748809 -18.63129971505734
-6.915878360928137 -17.642927125720334
-7.385472881621973 -16.760044921723487
-8.364699787843511 -16.55727740427606
-8.79362293273954 -17.460618389603585
-8.66989257983144 -16.468302512592018
-9.240466031173069 -15.647055937789967
-8.265554185695736 -15.869647252867576
-7.357796084950285 -15.450153235590797
-6.384968171854441 -15.218623860561223
-5.886232912677738 -14.35186948863458
-6.061153019088477 -13.36728685808839
-6.996652175582434 -13.01395793456373
-6.395285479364936 -13.812931085977752
-5.45180422085918 -14.14435696735758
-4.9282888531618525 -13.29234073524417
-5.817829773870821 -13.749196237984632
-6.179435210888842 -12.816865015768512
-6.623130450681269 -13.713042751591903
-7.5707162025580885 -13.393541197855397
-6.91094391376721 -12.642075611854517
-7.332742293442687 -13.548765264879819
-6.354310228142963 -13.342196405674668
-7.139571441096767 -13.961361026296938
-6.258040867646547 -13.489234085662828
-5.769964745333514 -14.362035150526909
-4.774159708150343 -14.453535576321679
-5.349363404023056 -13.635525363516013
-5.9518880792587145 -14.433625617702269
-6.623421494712102 -13.692651345591889
-5.818399548182329 -13.099406315603929
-5.041560582539754 -13.72910562595719
-4.546323584949747 -14.597863541730069
-3.5677023968679014 -14.392192517428452
-2.6315609377700966 -14.74381613517651
-1.7598194577314086 -14.253850022083006
-2.4271470239747543 -14.998614360200596
-3.148591671662373 -15.69108646817527
-3.2475553050970634 -16.68617751891254
-2.430941221037749 -17.26336157769792
-1.615387119998493 -16.6846807431457
-0.7335985701472061 -17.156325687305145
-0.8504189230249893 -18.149478749603958
-0.9121164285629947 -17.151383855412835
-0.01678443415499431 -16.70598446184635
0.7495476645810479 -17.348429101054126
0.8327552348946655 -16.351896863621487
0.45922277723693866 -17.27951397378935
-0.14442989711414428 -18.076761393822043
0.31546418200749843 -18.964735174960232
0.6705380175810216 -18.02989691553184
1.606472684205933 -18.382070594005565
2.5211693320132684 -17.97792947695606
2.6447101329824396 -16.985589983387506
3.3481971257878573 -16.274881849936374
4.262785037471563 -16.679268981039773
4.493245188971375 -15.706187217480982
4.71825967044926 -14.731831798177923
4.170959332088836 -15.568768079880758
3.9345807433896565 -16.54042911275415
2.9516426618117597 -16.724365862165367
2.314585072802644 -15.953549653016978
1.8638510461673796 -16.846207951154156
1.4848842112737979 -15.92079769723931
0.8508280732389756 -16.694084716282283
1.7195290191820063 -16.19874779405895
2.6877975264061122 -16.44865997447039
2.8275983377710467 -15.45848032756701
2.705026715151617 -16.45093999794583
1.7974336434812943 -16.031089052661642
2.5985099475663516 -15.432526812762209
3.399057235812574 -16.031796400912334
4.387391763988363 -15.87949781124211
3.482146382138449 -15.454608650825651
3.167019530631771 -16.403658210890608
2.8874028201636617 -15.443546501126065
1.944633818812656 -15.110099938553248
2.6104516880837694 -15.856214249473013
2.8452151700933435 -16.828266772495684
2.247155331354547 -16.026815320885717
2.1788981407666097 -17.024483079176544
2.655365884684766 -16.145291126867185
3.2121456981393375 -16.975951249498273
2.6735148470135393 -17.81849312158268
2.2428237110212597 -18.72099250960335
1.2592139920615373 -18.90130313260703
1.3071797498004365 -17.90245415198757
2.2148533660948573 -18.32213093986487
3.2115410792204155 -18.403454998448694
3.1219795119688865 -17.407473710636793
2.6793524939978206 -16.510767893235098
2.8966537353581403 -15.534663303294417
1.9365939768372944 -15.25486827104957
2.548859001347798 -14.464215667334669
3.355051118488605 -15.055869510607932
3.5178952560852252 -14.069217704320419
3.0006781118141124 -13.213363496133047
2.375808278810111 -12.432634547136308
2.6369384361957486 -13.397938147514838
2.5368755124500986 -14.392919258537288
1.6280984401866403 -14.810201217083614
0.7598144438889307 -14.314133780364292
1.3281354584940526 -15.136940698394401
0.43190599682473485 -14.693349950028383
-0.5281372218904943 -14.973201729009512
0.30089463114473336 -14.41400034609547
-0.35427330204467156 -13.658517070754232
-0.8315904018222384 -14.537248193601222
-1.7905599243221975 -14.820757373198992
-0.8132230918316536 -14.609067232055502
-1.4299063504341272 -15.396278613172058
-0.6838633175264206 -16.062176347850492
-0.02943492448063867 -15.306052364382493
0.5967297794300757 -16.085743177189986
1.2292952947801075 -16.86025003241462
1.0270830684528223 -17.839591758026145
1.7686312043409718 -18.510491424266046
1.2682627023606008 -17.64467887975891
0.8517584279051202 -16.735545122075084
0.14837017593722945 -16.024739264619228
-0.6531721068344067 -15.426801166711732
-1.6529187758331865 -15.44930889484774
-2.5831503023714406 -15.816282064213443
-2.128556533763219 -16.706980950225194
-3.0031874180022466 -16.22219149454855
-2.0685393059672164 -15.866617442248113
-1.9921548969096174 -16.86369588552774
-2.934774228186411 -17.197565315549852
-3.9338928319356086 -17.155588945503673
-4.181825001685576 -18.124366339543744
-5.18014256060114 -18.066383138865707
-6.089374904523026 -17.65009412295691
-6.45360428148935 -16.7187848505051
-7.427154086517625 -16.490309956634
-6.622002136499548 -15.897241379332785
-7.029739120076033 -14.984141958555426
-8.010398501179335 -15.179864155186493
-8.351994949937495 -16.11971088002827
-7.724823029631096 -16.8985917325206
-8.63131516569006 -16.476369033861165
-7.645591636531139 -16.644741015088695
-8.639367727398259 -16.756137070767824
-9.013645885596784 -15.828820587416255
-8.37465227250153 -15.059608547453623
-7.514493226862096 -15.56963444503595
-8.489997426509609 -15.349653635713715
-9.243586547120094 -14.6923078839989
-9.12989964078629 -13.698791257400107
-8.665571591975215 -14.584454547306208
-8.019745608526573 -15.347939189655087
-7.035433011307408 -15.524372494208567
-7.319721995806088 -14.56563385761739
-6.437663483450272 -14.094493983715122
-6.213260162400902 -15.068990340559012
-6.9093806679931165 -14.351065385083832
-6.7277846280165825 -13.367692170955625
-7.694285424222976 -13.111028556603284
-6.863629464589215 -12.554242532420819
-5.864845077741343 -12.504950052376476
-6.29902519796795 -11.604123974157151
-5.944218544620139 -12.539063672073613
-5.202041753642991 -11.868859515913073
-6.0921756892496255 -11.41316051801924
-6.865382668023554 -12.047314259611365
-7.768482710781129 -12.476744478356236
-7.774818526018498 -11.47676454983503
-7.681498477602752 -10.481128387090987
-8.216925679463818 -9.63654700468475
-9.16101713235301 -9.306863325104498
-9.885014151906073 -9.996666424313453
-9.261988097797436 -10.778867508371652
-10.2552176939075 -10.895035358532702
-10.51396847961958 -11.860979472285347
-11.461854240557535 -12.179589867927225
-11.903543631217701 -11.28242183339955
-11.611287340222802 -12.23876186726507
-12.56368003440235 -12.543635867588847
-12.785286905683265 -13.518771957886546
-13.672210471714193 -13.980688171088659
-13.109362550593335 -13.154127696779653
-12.979212722629935 -14.145622034777151
-13.939268406938771 -14.425431046473152
-13.336580249995437 -13.627454238865155
-13.26908689334468 -12.629734515291439
-12.830630679464152 -11.730981963968466
-13.829189141543528 -11.677307036770827
-13.163497567950634 -10.93108004124774
-12.168559852802103 -10.830586544069956
-12.517418826721487 -11.767761776518997
-12.597431149040151 -10.770967902000711
-12.825537489785598 -9.797331677678853
-12.543546705759564 -10.756748791203718
-12.19149968737201 -11.692731107727077
-11.236819246428094 -11.990363860761969
-11.17023108973969 -12.988144406467708
-11.495399578662479 -13.933800503477435
-12.378525097328966 -13.464663723550677
-12.22804674952933 -12.476050418540325
-13.227554160823122 -12.507434088956373
-12.612077016044978 -13.295588822657658
-11.868621724228674 -12.62680318504996
-12.117938677425382 -13.595225126586143
-12.26986887261935 -14.58361635266432
-12.53577001134921 -15.5476166557878
-13.51302265330957 -15.335538194407352
-12.811791585393213 -14.622604123550245
-12.026207864431049 -14.00384874590958
-12.290913291083529 -13.039519426070799
-12.167255337046402 -14.031844327705013
-11.418673503553858 -13.368801916870726
-10.463726653716261 -13.072025041111766
-9.855956884010267 -13.866138324612
-8.91097893155326 -14.193272348171403
-8.076869954954063 -13.641672660756118
-7.33415277870055 -12.972067406820631
-8.30252574502742 -12.72256029652656
-9.260170468230786 -13.010512695580204
-8.479080290793787 -13.634930932590812
-9.478633975037345 -13.664804538250815
-10.086581834066237 -12.870827586002083
-9.247428568628019 -12.32693256202744
-8.347833328377305 -12.763657193481015
-9.302112902131315 -13.062572725221786
-10.273752002815911 -12.826103999972911
-10.402676130141842 -11.83444953928953
-11.287774011801131 -12.299854459635498
-10.745102951907132 -13.139799767827359
-9.949096500858866 -12.534511629921498
-10.498847779970713 -11.69918323275372
-9.731754126610623 -11.057648099674736
-9.425326223712807 -12.009541969980479
-10.356385022023002 -11.644672796043881
-10.1113133755653 -12.614177766687412
-11.082896494238502 -12.850876401050295
-10.276567210229457 -12.259409507852155
-10.06828146720373 -13.237477526576937
-9.717690699105813 -14.17400628391678
-10.520325735529822 -13.57753583342939
-10.633808670978615 -12.583995887900311
-9.694678737555364 -12.927558062984296
-10.680212931158023 -12.758081358862587
-11.557814971831627 -12.278691477653643
-12.524138318622338 -12.021360582798012
-11.527772376164641 -12.106536334690112
-10.537647448172661 -11.96634850722683
-9.658143967927163 -12.442240961712143
-9.003600140973317 -11.686216902176593
-9.61678905941931 -10.896280607090063
-10.399550322813154 -10.273958500355878
-9.45258763997775 -9.95261495005935
-10.099165525903704 -9.18976697212959
-9.939104290519678 -8.20265988527055
-9.74872527828586 -9.18437055125156
-10.257474818017073 -8.323455976033275
-11.2516408550278 -8.431316491767182
