0 0
-0.5899762430743746 0.8074206045227273
0.40871756327894615 0.7563257794274598
-0.3757339716672763 0.13613565590039534
-0.16760690249637786 1.114237451767437
-1.167415564228566 1.1337986359159233
-0.20969557224254431 1.4215005944603427
0.19769073345416915 2.334756526787521
0.22222525281984631 1.335057543413278
0.5838182818079747 2.267393577999087
0.6432084626777863 1.269158732676479
0.2869212656704717 0.3347822382971143
1.130393871209801 -0.20238995356011058
1.4768939090308888 0.7356600044858267
2.4473828587417117 0.494514408446454
3.109304120613583 1.2440877824946184
3.991196583648661 0.7726371661603901
4.217032231646333 -0.20152825105245242
3.897137496056345 -1.1489813412589343
4.8263741743081425 -1.5184663826226767
4.7225602963006885 -2.513063124389436
5.038073805697591 -3.46198420930011
4.092856758760449 -3.788426752758264
4.189643215579911 -4.783731922932887
4.7304366635426005 -3.9425764993394674
3.7458275915349875 -3.767805290840163
4.0203696256832355 -2.8062301915963537
4.932966909985915 -3.2150898211556616
3.9625271995346334 -3.45643349391141
4.835699557237814 -3.943845058959952
5.425292939708666 -4.751545277696198
5.1605813394208155 -3.7872176525225507
6.152074042967239 -3.657055373754071
6.762642338977578 -2.8650917660630157
5.763299608816861 -2.9013423891600607
5.28002641551819 -3.7768119892255942
5.5550435093979 -2.815372652567291
6.335102354745656 -3.441078811874298
6.974066638434119 -4.210315215179868
7.6975120165948905 -4.90069683777553
6.9119170005524655 -5.519437874695906
6.989384154314555 -4.52244296995065
7.552098000462148 -5.34909472695222
8.501234193872936 -5.663960549736594
7.655975927387209 -6.198318541103378
8.056508611962242 -5.2820360690528005
7.73009773780497 -6.227264052785765
8.467050782148759 -6.903207993088821
9.335355293943405 -7.399239519100084
8.881942357591658 -6.50793894737981
9.880668927904953 -6.558389296736828
9.06253643731182 -5.983359534171553
8.517149202873606 -5.14517532738176
8.264036778560392 -6.112612199047446
9.249307032635661 -5.9416077358470485
8.386848766970221 -6.447735921176973
7.420626309732294 -6.190026466307534
6.861706564948113 -5.360804711352694
6.031924676248527 -4.80271688924389
5.764873973016905 -3.839034409428315
6.214314049580034 -4.732344891611821
6.11662506105477 -5.727561883790367
5.746329027579617 -6.656475683662329
4.885376593851821 -7.165161153140458
4.053274928625916 -7.719784285301635
3.066651721509613 -7.882801607017893
2.4842067872463485 -8.695671767960624
2.1056472509913227 -9.621248711013108
2.1604899736973464 -8.622753705634418
1.7103953462696018 -9.51573457125287
0.7214735073830582 -9.664171751815076
0.03407902223023884 -10.390456008688023
0.5794078493356336 -11.228678216892897
-0.22497564076910903 -11.822788645051597
0.16320003706983827 -10.901203248501568
0.5469427872864263 -9.977763211652283
-0.24529536745959424 -9.367551194264374
-1.2361131731918482 -9.232347363534911
-0.3296087994431224 -8.810150939610654
-0.10887133972021537 -7.834817676630724
-0.9675885271631124 -8.347267471235192
-0.16107525581957305 -7.756051484351597
-1.0800856396901344 -7.36181815960839
-1.8883192801275652 -6.772956221234668
-1.8046700065007548 -7.769451479136936
-2.521622091300261 -8.4665739275645
-2.426524497225291 -9.462041881644968
-2.533330116035563 -8.467761961405927
-2.201293237466289 -7.524495556157667
-3.17538451413399 -7.750650778781175
-2.5737053681778645 -8.549388661519629
-3.4652264081629 -8.096409373622267
-2.502083412345038 -7.827419467478944
-1.9339436562141747 -8.650351553075055
-1.216086821968412 -9.346542306767354
-0.21707418496557906 -9.302115388028305
-1.1694995952114215 -8.997343607973066
-0.17390034928312126 -9.091056688740908
-0.4267192362130414 -10.058570311596688
-0.6978499978304669 -9.096027787806307
-0.7536822489321087 -10.09446795112954
-1.753079479120272 -10.059752302032525
-1.6368330051520157 -9.066531904895038
-1.1053879442548737 -9.913624666785985
-1.930277715016079 -9.348331056267057
-1.1434148274374052 -9.96545891672334
-1.7162161149628807 -10.785153179853904
-0.7183242876045554 -10.720254020449007
-0.9778127706074189 -9.754507818184212
-1.9647773445331191 -9.59357016001913
-2.67157608633546 -8.886155473582223
-2.6046652149109044 -9.883914430086852
-2.2131822593493267 -10.804099789405708
-2.828295806029488 -10.015661253633544
-2.7985414607525962 -9.016104012182538
-3.0978001523559167 -8.061931996506187
-4.004371169621999 -8.48398529960088
-3.0357299174494545 -8.23552177191602
-3.2854785351772566 -9.203832480285524
-2.3456248587115263 -8.862255158389221
-2.466057792243508 -9.8549766241191
-3.136088416440465 -10.59731008196553
-3.6146410966696365 -11.475368925236
-3.2289129899215188 -10.552756423876673
-2.242872716787826 -10.71926342000126
-2.563248720899308 -11.666553880203177
-3.446355313053649 -11.197381473839005
-4.43868391820016 -11.321009704466078
-3.633229319553661 -11.913667185241618
-2.916018149395023 -11.216811290956668
-3.4492778686267096 -12.062762868675478
-4.44793906689224 -12.114491111240396
-3.6403840637984763 -12.704283377193613
-3.674967961809502 -13.703685175270024
-3.7163358289503394 -12.704541191868124
-2.8483355774996775 -13.20110494757487
-2.38911941614099 -12.312780391375396
-3.35405119677079 -12.575281169908724
-3.156160328714051 -11.595057111675224
-2.169233375534633 -11.433888910444365
-1.8008423949454513 -12.363559865901477
-1.719390781289359 -11.366882568762218
-2.7075319192551186 -11.520430904668972
-1.9105266213097591 -10.91645859152289
-2.4770641020271387 -11.740494563396936
-3.031892978405813 -12.572459056591434
-2.549809914440023 -13.448584572392313
-1.5722720634548026 -13.659344506656863
-1.98318900061809 -12.74767171954937
-1.4768448703313841 -13.610003222930871
-2.2486820168582717 -12.974182950179811
-2.373936538652552 -11.982058308428542
-3.1227470177089875 -12.644842486313976
-2.755069311713252 -11.714889205490842
-3.6306691537731766 -12.197926384789325
-2.6428173690492645 -12.042527377656777
-2.260249193771804 -12.9664546427945
-3.206414302337632 -12.642770248155811
-2.373424520047378 -13.196058620164509
-2.9743633293687077 -12.396763588620171
-3.863235050698944 -11.938607432905307
-3.7154861916544775 -12.92763234394196
-4.695207485119316 -12.727267209421047
-4.161101601338015 -13.572684801448913
-4.990261577553225 -14.131696191174376
-5.792763308172013 -14.728345981548804
-5.012210948350869 -14.103255577225042
-4.032740211773018 -13.901669178408946
-3.0413345945763113 -13.770845242560735
-3.9991981359783932 -13.48362157352794
-3.7224077547631005 -12.52269125094118
-2.8955756126793357 -13.085140012000508
-3.7727202666042943 -13.565366267104146
-2.8675173502452864 -13.990345890398189
-2.0522284404316444 -13.411291494391318
-1.2202686722400815 -12.85645553294808
-0.24478474831329355 -13.076526235587929
-0.44623612655664613 -12.097027719915825
-1.3049839771747311 -11.584629311390955
-0.31731381578241014 -11.74117851226808
0.402403477679964 -11.046911260058101
-0.5697184736981037 -11.281387083223088
-1.5690430570221978 -11.244639604886121
-2.4119314272741526 -10.706551140696446
-1.4872165009190166 -10.325890786869028
-1.8130166991738574 -9.380452142208727
-2.658777369584959 -9.914014592523367
-3.3847292918821847 -9.226269140693287
-4.365275762812827 -9.422556222146609
-5.194472999167066 -9.981512341374668
-5.632566022169139 -9.082582698300804
-5.976415197522679 -8.143557807997736
-6.390648548155779 -9.053728523426042
-6.610683080366361 -10.029220606753666
-6.40684515761874 -11.008225254980596
-5.9670519564445295 -10.11012618460977
-5.5580375395399235 -11.022654105697221
-5.611347337283633 -10.024076083976071
-4.620979693535467 -10.16253882342862
-3.764413245362751 -10.678575566175468
-4.763122838270763 -10.627790243162686
-3.940965392169724 -10.058530079598944
-4.940963284160736 -10.06058337293704
-4.234367744158261 -9.352965719928998
-4.76050736309951 -10.20336392158535
-5.679151973449622 -9.808279019476082
-5.730044199727739 -8.809574868436117
-4.895429347781267 -9.3604088260952
-4.064544493662151 -9.916853216124839
-3.0940415104084913 -9.675764105014968
-4.089423859796191 -9.579774634095372
-4.148182346940908 -10.57804686159069
-4.776701568086432 -9.800252808739536
-5.54914765630897 -9.16517246674358
-4.570053951678222 -9.368582195007585
-4.36671051550518 -10.347689669683037
-3.8350590484773566 -9.500726436946714
-4.70338615812641 -9.004734470632217
-5.687041478214883 -8.824672783253574
-6.172529525578639 -7.950429478522604
-7.07350731724931 -8.384294686756961
-7.571895550664414 -9.251248646776391
-7.151844016508649 -8.343748394074835
-7.868502483214017 -9.041172685377848
-8.326398879381358 -8.152167122753541
-7.428195708012272 -7.7125865693364055
-6.983460459780471 -8.608248647901863
-6.063926391797155 -8.215238345469402
-7.063595786070463 -8.240950252307238
-7.1475446040173125 -9.237420320079133
-8.14732875405064 -9.25819658880422
-7.147507571483268 -9.239286197756405
-8.141217528245695 -9.127301726372137
-7.207484042167335 -8.769332765460785
-6.46047366837875 -9.434145146100795
-5.857505377614526 -10.23191029972238
-6.296144083509308 -9.333246800023549
-5.456263549401238 -9.876018104005569
-5.0825701942623045 -8.948465800183834
-5.504493214887496 -9.855097458944169
-4.76707139018803 -10.5305299518381
-4.232982122772418 -9.685101862387876
-3.8692148687394696 -10.616591736134945
-2.954943303232133 -11.021693580742895
-3.8062758862114823 -11.546319955563785
-4.213068033565321 -12.459840699089213
-4.249058226117005 -13.459192842250017
-3.300919481699374 -13.141336079958952
-3.3756117638770915 -14.13854270999261
-2.6911104056705204 -14.867554294683387
-2.021687719195394 -14.124672563293778
-2.0659703668671234 -15.12369160571248
-1.2870762854543814 -14.496536114673614
-0.9654136246571847 -15.443390450170298
-1.050630813174295 -16.43975284949157
-1.8473515198046209 -15.83540517172117
-2.0945242833698243 -16.80437659800346
-1.8887877704291816 -17.782984020437517
-1.3611019947352592 -16.93354436859031
-1.9318955328240317 -16.112450746111058
-2.3046564860114107 -17.040378152635316
-3.2849154058746057 -17.23809626012333
-3.769907411361488 -18.11261484461071
-3.823352332301989 -19.111185643515658
-3.237682546624153 -19.921735396550027
-2.2830997655308836 -20.21968122055204
-1.308283651827189 -19.996671031404492
-2.1339241766227843 -20.56086756082953
-2.5254800921682548 -19.640713244966506
-2.7193894213264063 -18.659693789468584
-1.7558305009311157 -18.927189970612655
-2.569706560744396 -19.50822848849491
-3.5500373892956523 -19.705589747591034
-3.9104786473330595 -18.772807833366485
-3.6931142549075187 -19.74889836241872
-4.544886969273771 -19.224986878424385
-5.328168553687997 -18.603319797489952
-6.155521033162239 -19.16500287067965
-6.042517124763253 -18.17140832727346
-6.816140960644054 -17.537763189552766
-5.8874791879928035 -17.908690826722385
-6.785537414094984 -18.348567425929712
-5.870070843154434 -17.94617339330702
-6.862572666393599 -17.823943565249653
-6.3966625813837785 -16.93911149491871
-7.258614142778496 -17.44610213172496
-7.124806368315507 -16.45509482625579
-7.899399051444432 -15.822634412282605
-7.045177651668823 -16.342543827628585
-7.357430567170397 -15.392544818807647
-8.357046871672287 -15.42024398439045
-8.419495295894032 -14.422195792010832
-9.122372462965156 -15.133507037535653
-8.128790375288329 -15.246620410077345
-9.125899998263057 -15.170644099485175
-8.709283132358488 -14.26156193210763
-8.974701998011707 -15.225695131284674
-8.205872089135601 -14.586241793489368
-8.965325731121814 -15.236803216933671
-8.014205184970425 -14.92798335570599
-7.018588588776471 -15.021511925582608
-7.125952540452084 -14.02729214008214
-6.831910258773873 -13.071499727167353
-7.824426839700471 -12.949389790692976
-7.922826039031362 -11.954242767599887
-7.914397867304459 -12.954207249929805
-7.021025413816281 -12.504890369155763
-7.84528063387582 -13.071108818347064
-8.819803519438885 -12.846820732364245
-8.939259332314425 -13.839660250499096
-7.970309717866861 -14.08691850549156
-8.914169279015589 -13.756571523019899
-7.9175433886682365 -13.838649746010823
-8.349531291282037 -14.7405291459282
-7.420279390348392 -15.109975900699716
-8.335107326126503 -14.706132059691882
-7.885549944200157 -13.812880605533799
-6.904577513052618 -14.007027687223134
-7.077071871557667 -14.992038192894993
-6.145600004822762 -15.355851553674103
-6.534317635974935 -14.43449461782815
-7.392041115417857 -14.948605921742319
-6.410338601308781 -15.139026965201067
-7.147096514282902 -14.462870343056451
-8.061667223757388 -14.867296377544015
-8.34952089671871 -13.909621974125674
-9.082985532367504 -14.589349587403657
-8.62298182376871 -15.477266581314323
-7.641244947287235 -15.287022776273536
-8.545691777547345 -15.713609146464192
-9.535479086584361 -15.85616118211876
-10.413889617864697 -15.378254351726266
-11.009968887546668 -14.57532876099235
-11.812040394464827 -15.172556772550779
-12.309301866115705 -16.0401575037697
-12.415712947143358 -15.045835281432026
-11.41590354109416 -15.026312177796907
-10.696032297809534 -15.72041980136248
-9.762897690194686 -16.079946996538986
-10.214172370754996 -15.187561898789594
-9.748233160251221 -14.302745165157642
-10.121492212248828 -15.2304723233792
-10.718269217379143 -14.428065190965926
-11.052802940841012 -13.485681411464848
-11.96442974845334 -13.074662478029223
-12.224879668249066 -12.109175119604267
-11.913616084910254 -11.158851500152933
-11.832422416651873 -12.15554984380298
-12.755566765880449 -12.540003365684822
-11.938714104442338 -13.116849731280961
-11.645812497459316 -14.072992319301578
-12.238249135104724 -13.267375269844827
-11.90125054629139 -14.208880421789214
-12.008876473760528 -13.214688961487724
-11.120776616074297 -12.755038395538223
-10.959743367657893 -11.76808941362251
-11.955549905866205 -11.676605325051996
-11.79453153284126 -10.68965391614252
-11.052199970649578 -10.01962119173717
-11.231076609820143 -11.00349270161996
-10.659278034960499 -10.183098656182963
-11.052282829811743 -9.263562234270307
-10.420479723321456 -8.488433319425026
-10.977349487469162 -9.31903314231092
-11.099375284097388 -8.326506213226752
-11.040642680550224 -9.324779963898667
-11.746039984305128 -10.033592099697225
-12.33429309989565 -10.84226896470453
-12.077313307646644 -11.808685741450287
-11.270778088142439 -12.399871786362803
-10.763209836110823 -11.538260232627845
-11.469633038068627 -12.24604993284655
-11.720251380760919 -13.21413590336062
-10.779870332428724 -13.554258651699573
-11.779330525933505 -13.521405621407299
-11.035524339722636 -12.853010261343778
-10.542263192737837 -11.983128981584729
-10.269047155800857 -11.021176281520713
-11.008165588711604 -11.694751772562038
-12.003924452715284 -11.786753320147401
-12.929718383003147 -12.164781888700297
-12.74707649062947 -13.147961393750194
-13.682805485036942 -12.79524160549728
-14.651439957648524 -12.54675164902321
-15.399604437455334 -13.210264957974436
-14.407041313210055 -13.088533925002363
-14.818906615558998 -12.177289186899028
-15.801423354027317 -12.363463456414378
-16.031323317752975 -13.33667772196896
-15.085714132702982 -13.011372835517665
-15.743050267637464 -12.257775326425845
-15.546643633761391 -13.23829785761494
-14.548236964953222 -13.181869817782124
-15.164247188348256 -13.969607975213133
-14.858364646883727 -14.921677232582155
-15.319347017997366 -14.034267939458376
-15.169721403115036 -15.023010664018756
-15.865325555477641 -15.741435930289299
-16.307448468526104 -16.638390405030098
-15.500409374824844 -17.228888416235765
-14.596875102036684 -16.800372584676218
-14.482703364280495 -15.806911556604291
-13.484702583912945 -15.870113157737189
-12.71748954250602 -15.228720805822126
-12.200939108931138 -14.372464039674494
-11.431124585170847 -15.01073169435215
-10.706523990250222 -15.699900743164324
-11.434579309994673 -15.014382361651615
-10.482802974571415 -15.32117513752529
-9.672589048236713 -14.735040858052313
-8.981524361040004 -14.012247942958567
-8.576831931337297 -13.097795080673517
-8.531448794955976 -12.09882542601318
-8.040574537838419 -12.970055856897735
-9.040124901891716 -13.000040348237777
-9.714013564966697 -13.738873258833275
-9.34475600595145 -12.80954616081552
-9.855049293720075 -11.949545718688723
-8.931403918405406 -12.332793968077842
-9.71346712003297 -11.709594843672132
-8.991341884294924 -12.401357190081844
-8.52279508341568 -11.517918513440492
-8.39088223609902 -12.50917983151601
-7.759277511291469 -13.284470403882768
-6.977639883280894 -12.660737593716425
-5.995755443892437 -12.471256862013126
-5.185267609408941 -11.885501392423425
-4.350851341948953 -12.436636124225135
-5.124459833482257 -11.802972252896206
-5.092990741681552 -10.80346752741401
-6.08265150523976 -10.660039590548891
-6.5927081143883255 -9.799898755880598
-6.607854785854649 -10.799784038472302
-7.0017442569054715 -11.718941851143935
-6.544453640836095 -12.608259169346438
-5.824644263435873 -11.91408738930442
-5.864697448743987 -10.914889840094718
-6.6282728520695455 -10.269171168043018
-6.2698460326547485 -9.335613341701128
-7.206532360010176 -9.685782906548505
-8.20161029966815 -9.586687528220157
-8.017078696560345 -8.603860947660563
-8.320905452115364 -9.556588244744525
-9.277839997020436 -9.266284478376742
-9.234655521664903 -8.26721736296944
-8.858888412252501 -9.193931493369881
-8.382460168918167 -8.314718135331367
-9.194857285122236 -8.897822693351035
-9.946130213470987 -8.23783103648688
-8.951008785429023 -8.13917332796027
-9.011737669503667 -9.13732762597188
-8.011752767748769 -9.142822738550016
-8.696690897049166 -9.871423973129312
-7.800012208094289 -9.428742000631942
-8.775069024822509 -9.20678659035359
-9.31706472851516 -8.366405333316814
-10.17994089859099 -7.860989944636111
-11.11877747076703 -8.205352966380232
-10.12610719295396 -8.326207091450595
-9.868615694696388 -9.292487655430369
-9.346107652466573 -8.439853298976699
-10.301988732224384 -8.733607211905602
-10.689950970510191 -9.655282481002189
-9.703280020422032 -9.492554375709556
-8.84907846629277 -8.972612354977286
-8.88162841960775 -9.972082464855113
-9.22029931866619 -10.912987360224964
-10.21251646972289 -11.037506937597053
-10.819655755859694 -10.242911513982436
-9.995632946502598 -10.80946813927177
-10.928961870782572 -11.168490588573182
-11.722742879501682 -10.5602869136444
-12.166741760794936 -11.456314253300027
-12.977402943007267 -12.041829793362037
-12.757277479972688 -13.017301361642637
-13.440038611169213 -12.28665970000046
-14.052079201010315 -11.495833349663702
-14.049338733893984 -10.495837104750759
-14.497254627509978 -9.60176140759409
-14.268806944567897 -8.628205217044004
-14.559386777345072 -7.671354465472375
-15.50952687086813 -7.983177817195739
-16.032860600358966 -8.835305628957105
-15.509720986653257 -7.983058631560317
-16.488020187849028 -7.775861447844625
-17.457136853913326 -8.022464139550161
-16.479347601883756 -7.812873637342983
-16.192993809813675 -6.854749686193088
-16.89915215271633 -6.146695737154615
-17.86096749222051 -5.872996536033273
-17.86930433080608 -6.87296178399062
-18.101754654955922 -7.845570053954758
-17.88436714725287 -8.821655435207164
-18.69507293790751 -8.236201661627186
-18.324497859666565 -7.3073991468875255
-17.339666944939037 -7.133882377101602
-18.163855906433128 -7.7001972680865505
-17.2978932593263 -7.200088586082588
-17.292379285485215 -6.2001037881519
-18.114346762639634 -5.630569358551369
-17.41067865610803 -6.341098172780763
