0 0
-0.36068126024006114 -0.9326891381975246
-0.25568712965796714 0.061783703333761375
-1.2426088723560027 -0.09941640147350117
-1.0403701257213576 -1.0787526508585874
-0.27113455951445975 -0.43978735940501135
0.7255172092775943 -0.3580239705095525
1.7238352767905558 -0.41599841382025765
2.568809882557166 0.11880801434750671
2.397743587140651 1.104067534764574
3.393661062942491 1.013799149421245
2.7452200016575996 0.25253428747126383
2.5394777442183947 -0.726071927256509
3.03862419719067 -1.592589566133639
3.0219552342654143 -0.5927285029478598
2.222700296936335 -1.1937206369688382
2.8325834280345075 -1.9862120037368867
2.240693397075022 -2.7922307325830467
3.023926512883982 -3.4139588775951477
4.0016063369478205 -3.2038585167708473
4.681502841179315 -2.47055043449315
4.291335922100804 -3.3912945766177596
5.288167869617468 -3.3117579912615014
6.262754485893627 -3.535768989597271
7.035228145866228 -2.900722184512374
6.203911316689451 -3.4565210056045657
6.2813583554527535 -2.4595245381149384
6.245414737744149 -1.4601707187166146
6.458554912155633 -2.4371923490052394
7.450954099716613 -2.5602527103256394
7.4843317482824165 -3.55969552138399
7.165144997296195 -4.507387358425366
7.706433412109678 -5.3482243533231335
8.700876041526648 -5.453504250731246
8.480392445180694 -6.428894933351474
7.638682082207918 -6.968824248043904
6.744625062433224 -6.520871074830908
6.360724738944886 -5.597496534557272
6.678310362679489 -4.649266935991026
5.689114251728789 -4.502668661512744
5.727668153392874 -3.503412139559309
4.7312873564217455 -3.418410331183375
4.56745155262881 -2.4319227086581234
5.53279644227184 -2.1709452306258457
4.810357444822009 -1.479510566348964
4.606250692724102 -2.4584592032794435
4.847632228321847 -1.488028909918568
3.8617973846433715 -1.3203099157961493
3.2168975042730055 -2.084576979261721
2.2519927783054725 -1.821976770188079
2.8705591729735764 -2.607709304443409
3.003039602261066 -3.5988949257353053
2.6312800972261794 -2.6705658513138393
3.610165376888922 -2.8749762455201866
3.208111871259091 -1.9593600712360255
3.0245780159311755 -2.9423734607422274
3.904519153804828 -3.417456183936433
4.835859513390411 -3.0533063046188684
4.744521746633537 -4.0491262744748
5.702743397024887 -3.763099582151725
5.531116901031339 -4.748261673318948
5.063524830799728 -3.864317299584653
5.078937529731808 -4.864198516885803
4.215760971758465 -4.359296318667878
4.170313258047729 -5.358263037492118
5.042453581553305 -4.869007218808692
5.904107507178228 -4.361510901132238
4.933998190710068 -4.11884257995768
3.9461226703285632 -4.274090627388142
3.0509613556567694 -4.719832952857763
2.6048892493041 -3.8248359272012005
1.8769200718254642 -3.1392260697450243
2.6823331529536105 -2.546512168484335
2.775225708519789 -3.542188307156134
3.6952325583122505 -3.9340905862193605
2.8620918273849947 -3.381029538531135
3.1711754366773057 -4.332064407748262
2.9730451319435764 -5.312240097278521
2.6428756740690993 -6.256161772570954
1.9591524771991349 -5.52642031831341
1.1230772493007124 -4.9778055050841274
0.12931661428805163 -4.866271652379071
-0.34498924087312605 -3.985911523931727
-1.0416855481998781 -4.703277717278798
-0.4409581718177902 -3.9038237665942743
-1.4136454327626307 -4.135943331464674
-2.3870496715260994 -3.9068490540212766
-2.8233597423929777 -4.8066454321314245
-2.730449839062473 -3.810970912088295
-1.8164155843774887 -3.4053339053168896
-2.657208554099347 -3.9466907026939047
-1.6573619101638244 -3.964203229949332
-2.0316480332412845 -3.0368899613762763
-3.0307979265942233 -2.995665082809923
-3.3511483005401805 -2.0483659548082738
-2.3562039204531224 -2.14879344374024
-1.9063043710044056 -1.2557142784890056
-1.9761554623020277 -0.2581568490421936
-2.78088252106605 -0.8518018278746655
-2.157005249245982 -1.633324156222582
-2.969019995023174 -1.049687237718961
-3.191138283171451 -0.07466751172872288
-2.4907375163528904 -0.7884173039108099
-3.4172681522147714 -1.164636629317385
-4.330552153912483 -1.5719600048349398
-5.261609751696841 -1.9368322422112865
-4.265840648298782 -1.8449415858972467
-4.495393191891419 -0.8716453156227991
-3.7467553049233477 -1.534624436105474
-3.0097168428906826 -0.8587736349041115
-3.775898485366619 -1.501397701316875
-3.3665078104269366 -2.413756882381236
-2.6872586257689046 -1.6798491598837826
-3.1208199196649717 -2.580973238152235
-2.1937922779687997 -2.9559662401285833
-1.3070145500413886 -3.4181623686843063
-1.90888602628482 -2.619569402221069
-2.681456747503039 -3.2544981231940304
-2.190647647548947 -2.383230984250839
-1.270120086306338 -2.7739086122163195
-1.291825419803008 -1.7741442007183914
-0.5288531331354401 -2.4205753956473357
0.3052214000453275 -2.972227163612675
0.14367445123949626 -3.959092191532667
-0.7162221998291703 -4.469560358494028
-1.6119545094749488 -4.024966578221925
-1.608595964567271 -5.024960938294072
-0.6117391184869233 -5.104184851494204
-1.0224776767246304 -6.015938018078675
-1.7586701174890287 -5.339165759367254
-1.402092518285161 -4.40490004997511
-2.112735264652511 -3.7013470050414172
-2.963751663393501 -4.226486119061613
-2.7527149941835156 -3.249007973910145
-2.668475856052129 -4.2454535407159195
-2.3581589883732925 -5.19608672004115
-3.2496009651219313 -5.649221580861281
-4.217800883311269 -5.399043807231888
-5.121597177546465 -4.971080889998717
-4.138350533675436 -5.153360996747529
-3.225563236418294 -5.561796242491578
-2.454208030495672 -6.19820110285648
-2.889024900565614 -7.098720002992717
-2.5091786294543774 -6.1736703771223596
-3.2494544325763397 -6.845973683162225
-4.051505928083753 -7.443228568913964
-3.1551853917398445 -6.999821875089696
-2.5253036344431363 -7.776512915223938
-3.0029166926664717 -8.655083212135091
-4.000318824929416 -8.583048591588218
-4.988867741526934 -8.73394935200338
-5.254591430938773 -9.697998583570607
-6.157244684142486 -9.2676300153866
-6.258224143165002 -10.262518526153269
-7.122796064109588 -9.760009428211562
-6.226477642756472 -9.316598459083533
-6.529754309029916 -10.269501005881507
-7.16081495422863 -11.04523450527507
-6.880111740947031 -12.005029121874573
-5.882835964913695 -12.078792436178544
-6.675083844941452 -12.688991827026753
-5.762781243467018 -13.098508570692967
-5.533955022242069 -12.125041282860494
-4.731981774505008 -12.722401232902401
-5.710073132659865 -12.514225117310847
-6.434281687756629 -13.203806126855525
-6.67756218985552 -14.173762103845467
-5.728362664317972 -14.488436953045866
-4.7337001698431775 -14.59161893832033
-5.71994422410787 -14.756914629212568
-6.71313558891741 -14.873408890306253
-6.322217348859711 -13.952983483447994
-5.9249688603946975 -13.035272396878664
-5.478995661337816 -12.140226082030672
-5.950884803784584 -13.021883973301914
-5.149675592036337 -12.42349964946835
-6.130448867416843 -12.228348983829223
-6.659741191454545 -13.076788513621871
-7.5381695145626235 -12.598914386720727
-6.884623640089084 -11.842027479740155
-6.808638987938577 -10.844918492398467
-6.666632431683791 -11.83478420954431
-7.127263898475283 -10.947192720287276
-6.842265628090548 -9.988664689462038
-7.463385206155092 -9.204948880163206
-6.5555189939137986 -9.624208871899418
-5.572134673823066 -9.442672982886563
-6.565019463274279 -9.561751926770107
-6.136340567941519 -10.46520884588484
-5.218961819252345 -10.863224211735814
-5.8827476572532715 -10.115301514346967
-4.933068121394681 -10.428524724169314
-3.947244555737441 -10.596309995855611
-3.896978092683862 -9.597574153556916
-4.749884539854378 -9.075510371653815
-5.603144347131774 -9.59699642255541
-6.5012461710247464 -10.036784000733917
-7.292132267220116 -9.424820617152147
-6.6575397011907125 -10.197667481116941
-5.668327802075366 -10.051175779479584
-6.073670027410794 -9.137010761356422
-6.49191091872544 -10.045346908843866
-5.623980205232067 -9.54866161957622
-5.517486299823794 -10.542974974666503
-6.342109780856763 -11.108656965301762
-7.087405603241089 -11.7753908980939
-7.2135960670286465 -10.783384866434272
-6.309191064134796 -11.210059907584531
-7.303074124311012 -11.32049750396711
-8.289938531981994 -11.48204824173145
-8.996847757078056 -10.774743959633508
-9.20733234006118 -11.752341136555792
-8.44478367565618 -12.399271994077791
-7.782161721905435 -11.650317959168074
-6.874723118378857 -11.230133260696396
-6.1752833178372315 -11.94482477835859
-5.292666963270758 -11.474730776427288
-4.454028876297647 -12.01941982448873
-4.068492427756278 -11.096727217578874
-3.0821360906821327 -11.261351566669992
-3.2898355983975494 -12.239544244262078
-3.417563434378438 -11.24773498844943
-4.215557225673912 -10.645069319065588
-3.237697305642074 -10.43580877143339
-4.23369415455424 -10.346420422321014
-5.233694147284484 -10.34629984241654
-5.155427241925931 -11.343232283219624
-4.262741624687777 -10.892552364900496
-3.3026745350591256 -10.612782489088302
-2.3184766554384653 -10.789854603635444
-1.536834112027909 -10.16612795330641
-0.5526274936505982 -9.98910441718113
0.44437480309104804 -9.911732456550148
-0.4923716643966479 -10.261741107370842
0.2422978456275473 -10.940166277187535
-0.3640875868359347 -11.735337143917494
-1.0503226113979842 -12.462717024766782
-1.3894339718895932 -11.521970786302056
-2.210564657283814 -10.951230567372273
-1.4346869666875621 -11.58211392365537
-1.415014362448429 -10.582307448059993
-2.387963873505995 -10.35128959391698
-1.39517528641283 -10.231411233327767
-1.1608158818233636 -11.203561257490946
-1.8478336287932646 -11.93020189449689
-1.9391340545487152 -12.926025288606946
-2.2196049778170974 -11.966162766575284
-2.3053394073284226 -12.96248079190473
-1.3270249309584172 -12.755355744349195
-0.8697323874248863 -11.866039417259316
-0.3789319216876596 -10.994767414477106
0.47906050497308955 -11.508429750835145
-0.44893209768206116 -11.135831133798904
-0.35789526685600104 -12.131678659996137
-0.09804109625212526 -13.097326530609319
-0.9877963420322673 -12.640888580164004
-0.18035053842076276 -12.050946825216814
-0.45092681833568765 -13.013645364089394
-1.0932482265759778 -12.247209973129262
-0.09497655986054587 -12.188441959438194
-1.0731078280252209 -11.980453444758743
-1.8611224216064746 -12.596110005109537
-2.4130127451851444 -11.762193300192175
-1.936684314427036 -12.641460737353087
-1.1497133318569246 -12.024470727229234
-1.9754167827156142 -12.588575160149285
-2.364242372923884 -13.509886540953403
-1.3868519234176881 -13.721328989894188
-2.27284644563047 -14.185024694649952
-2.83656609716185 -13.359058500137525
-3.052313949166853 -12.382609390170586
-4.052082105528382 -12.361077239198842
-3.5240845488249763 -13.21032312827646
-3.492824537138192 -12.210811841862274
-2.98146579291429 -11.351444496249378
-3.376967318218029 -12.269909815944366
-2.757337857489529 -13.054804287448217
-1.7761318443211758 -12.86184118288606
-1.255576206555214 -12.008013432113064
-0.3397259194921305 -11.606493505227153
0.6118340495537554 -11.913956714911487
0.172713326579698 -12.812384781400253
0.09692398362329442 -13.809508633032655
-0.6758689850350498 -14.444166830484026
-0.6531204814334228 -15.443908049792245
0.3252513300189348 -15.237053998453066
-0.19179658251067477 -14.381097541529716
0.6753192804465662 -13.882991046683564
0.42863771026593606 -14.852087637810175
-0.24225048438515412 -15.593646152209276
0.6036292973918944 -16.127019749963058
0.044568651924217995 -15.29789298360627
-0.8468325258162357 -14.84467786876241
-1.8464386362354435 -14.816613228864798
-2.6884412586571775 -15.356086660865785
-3.111572977724874 -16.26215484169922
-2.123735050121646 -16.106667772177158
-1.4024932061642863 -15.41398443722172
-1.5216323974681187 -16.406861999207823
-0.5427369282492036 -16.611223591349496
0.0908952910221511 -15.83758917465046
-0.4194410420665563 -14.977614275522834
-1.3764020292770338 -14.68739768578829
-0.5975474221734408 -15.31460219868142
-1.3372230544269756 -14.641638634251418
-0.38540126953226084 -14.948290374503841
0.4410375850162681 -14.38526389227364
0.8127762329913173 -13.456926465686905
0.19793518869229432 -12.668275408345773
-0.576652506844784 -12.035808885972802
-1.5765443617029682 -12.050515299140521
-1.2287305181345112 -11.112951685180308
-1.1505473853081833 -10.116012671127061
-0.3996634176408951 -10.776446821591913
-0.1756252603562865 -9.80186644826167
0.5673956889586864 -10.471134607431877
0.7174377767379045 -9.482454997095518
-0.2802533110698805 -9.414539657819928
-1.0204984508523287 -8.742202589803844
-1.868953480419576 -9.271470067363198
-1.0616162718562796 -8.681379708461085
-0.37626715567728364 -7.953165049893524
0.010979345285167086 -8.875141268400455
0.9853950147272329 -8.650387840961026
1.9213788492205905 -8.29834485840476
0.9325304010538865 -8.149419553106094
1.8830896820276366 -7.838876394503836
2.2430196593580645 -6.905897074572833
1.2458842440071396 -6.981534125367656
2.2410905282743667 -6.883736110280339
1.382936327795813 -7.397128132229468
2.070199497119672 -8.123536650964569
3.0189771519132345 -7.807592096074905
3.6578730455646014 -8.576885302255372
2.901639478133375 -7.922583543515384
3.8847288127094504 -7.739456919992835
3.1406554370806794 -8.407554825752467
3.549862966270781 -7.49511348623845
4.1210841038945665 -6.674317280148419
4.840643499603623 -7.368748180992281
5.360605677879329 -6.5145588968387145
4.369038332262658 -6.644151331443165
5.145146236530585 -7.274751459046107
5.188166793487125 -8.27382564632108
4.835454862237126 -9.209557602360787
4.152163517959511 -8.479411768410275
4.373246542049165 -7.504156777928619
4.307395828249638 -6.506327291747692
3.476400548741863 -5.950047824720736
3.2508891342577604 -6.924288350431599
4.201757799483938 -7.233882894135113
3.739781357598603 -6.346990698238134
4.1953170287424335 -7.237208229134678
5.170262052366434 -7.459654179672773
4.172339912275053 -7.524085556465746
4.976825974960826 -6.930114029417233
5.952989844416188 -7.147148819185912
5.0700328215935055 -7.616602646359686
5.301010762293193 -8.58956163363003
5.907768451568541 -9.384448485015334
4.908482995500721 -9.346651960157486
4.736432969552891 -8.361563746558646
4.44998084852562 -7.403469188407429
3.8095280495303547 -6.635471654388516
4.792693187491337 -6.818190869300805
4.02339021320319 -6.179306737590359
3.220338927518468 -5.583396817753379
3.353658935596001 -4.592323775315938
3.0299287299262825 -3.6461743400061444
3.5305438828182165 -2.7805043863315433
3.200961511167756 -3.724631210596831
2.9214199984980915 -4.684764817286211
2.186538208378277 -5.362960035899772
1.4040777399462339 -5.985660297133945
0.9339036866460468 -6.868234010544487
1.2853557577459405 -7.804439886257514
2.281461427044168 -7.7162724569430035
3.0433158606015445 -7.068524186340164
2.137061022832531 -6.645792393095015
1.8946564188709756 -7.615967639108972
0.9874614165553021 -7.195257254433879
0.81898075250616 -6.209552295614274
1.2798762739148002 -5.322097892083897
2.2489331105876165 -5.075260197843988
2.4916295788452025 -6.045362473016712
2.9473627828296043 -5.155246049852803
3.8391789883776233 -4.702848154718516
3.654686771258662 -5.685682129417462
2.6689060024951337 -5.517645597865579
2.819750572506809 -4.529088105507147
3.816587036913493 -4.608568060396301
4.483109583268606 -5.354052932945903
4.285245190728407 -6.334282335771944
3.9709988524484 -5.384940859338092
3.0639770669644584 -4.9638571614138876
2.141064532432049 -4.578847481531726
1.441221298932592 -3.864551010502347
1.3720228727939319 -2.8669480945984627
2.3420810730068085 -2.624075518543127
3.3420616806971384 -2.6303032182210537
3.690523820928316 -3.567626074458704
4.527664876913732 -3.020639006619233
5.109017329426694 -3.8342908522861405
4.241862988552352 -3.336251346721787
4.852354483685379 -4.1282741584956915
5.605769067665488 -3.470728369484706
6.574759175800922 -3.7178278845301227
6.971556839018122 -2.7999217812355814
7.263965343918713 -1.8436282769902577
7.444860279938376 -0.8601258509015153
6.686712743198217 -0.20804279443184326
6.562356469653981 0.7841948370003612
7.184726129320502 0.0014713821795809823
6.7646150352261065 0.908944064203018
6.359883654714361 1.8233796877594588
5.969414223906146 2.7439955813895374
6.773549447544786 2.1495491648778096
6.674816913675776 1.154435157964127
7.309048544502281 0.3812920674180421
8.30746878160305 0.4374795228475657
9.154068809134452 -0.0947501206183256
9.69479269644958 0.7464500206600844
9.328913574029672 1.6771124018581411
8.565381621084144 2.3228824513581072
9.431356311364457 2.8229702794382527
8.432509388568871 2.870978870563072
8.984401571867497 3.704894344705311
8.764323321789835 4.680376565887611
9.759415140026276 4.779332481723369
9.192604678516396 3.955484254971039
10.128435843626816 3.603035634023143
11.100486511512369 3.8378067972081715
11.288594344534161 4.819955178643403
11.487494201015865 5.799974998387656
11.977706305831656 4.928371824751814
12.398598569298898 5.835482458882746
13.0813068531262 5.10479141665383
13.668080407449185 4.295040346295061
13.165797419631811 3.430337044491922
13.426761638824729 2.464988570467629
13.087587631432518 3.405712224209528
12.543374439020749 4.244659183918538
12.173743025660935 3.315480719759135
11.944167435559525 2.3421898853064573
11.119893639342248 2.9083812918727863
11.014870985520737 1.9139114621724143
11.59933623233635 1.102492719928458
10.748805327063511 1.6284177898535988
11.152397306583913 2.543356866550405
10.23570685052363 2.9429549243134425
9.254570128533134 3.136270036919107
9.732771980202841 4.014519995108496
9.6589816416601 5.011793771930963
10.102962358218408 5.907830112334839
9.55151597596984 5.073619774647175
8.559904588136725 5.202874776560769
9.40489498399353 4.6680932969733036
8.677257270516545 5.354054927041623
7.6885849366711065 5.203964899762615
6.693015024010755 5.109940706038546
7.648934394761376 5.4035699903814685
8.624468630703442 5.623417561450445
9.577645030455173 5.321002695816613
8.998956486475107 4.5054540650984745
9.617387627231622 3.719615071320108
10.456744955644114 3.1760350171972176
11.456474553096038 3.152781372781483
12.361059613857366 3.5790745440233227
13.261120607798809 4.014838479182192
12.340257991579028 4.404725696270493
13.259898110359272 4.0119636157053495
12.423126837073177 4.5595162033196965
12.776892138057985 3.6241819786603355
11.779310711629694 3.6936895152682205
12.164474160756878 2.770841143401828
13.163006776740197 2.8249947657876873
14.142408255284398 3.0269173841973984
15.017188110775178 3.511437976564255
15.944994107847803 3.1383749365883373
16.261914215822433 2.189922699962081
16.290663340993774 1.1903360414867477
17.289862310446026 1.2303537806227605
18.132142356939074 0.6913135935497852
18.40430611809681 -0.2709373545466428
17.946875068373004 -1.1601824471665443
17.622773471464438 -0.21416016683625705
18.611781754458637 -0.3620202904966592
17.848598347228094 -1.0082022207051566
18.794285965279137 -0.6831254158344504
18.27159400037102 0.16939620255448762
17.974435463846785 -0.7854319517071967
17.749425514851644 -1.7597884177160203
16.838571941065837 -2.172518071510874
16.174833714093367 -1.4245531217602563
17.024873364709272 -1.9512718250362928
17.33342590639911 -1.0000645242775459
17.427587693980836 -1.9956214326255388
18.125028052580788 -1.278978602342578
17.15991514176796 -1.017144553024324
16.342641459275956 -1.593394262704039
16.96587990318335 -0.8113623950439716
