0 0
-0.4385555930331668 -0.8987040624250718
-0.9948741888791183 -1.7296731472386941
-1.6576239929577632 -2.478514049696431
-1.2550079058083317 -3.393882984262424
-1.9201173131826001 -4.140628909073701
-0.9634555336538082 -4.431830281990803
-1.4967450325122744 -3.585897477090032
-2.0395750244281468 -4.425740081318119
-2.2210702972000496 -3.442348264206825
-1.850363811568483 -4.371098339044342
-2.511703336502376 -5.121185022541798
-2.558458830177662 -4.1222786586561835
-2.901995803270756 -5.061417811347645
-3.632353736177658 -4.378353180554952
-3.3648176793807876 -5.341901030074415
-2.669995512977236 -4.6227194416878135
-2.40306590493871 -3.659003412791127
-3.137326784092044 -4.3378708235165
-3.215734504310767 -5.334792199257889
-2.244803416453305 -5.574151390917465
-2.9621398030544333 -4.8774243938389565
-3.005223918524953 -5.876495842231975
-2.386571795350954 -5.090830805150457
-1.4318386729517445 -4.7933670846838154
-0.709516171557613 -5.484923448243378
0.09702376881596841 -6.0761030525787945
-0.51797107412266 -5.2875719224647755
0.48070139576682036 -5.2360617498301885
0.5936069682979324 -4.242456027377151
0.8467750438099657 -3.275033717555048
1.7570163100716736 -3.689112015941093
1.8485782953429024 -4.6849113947585295
1.2866893599512594 -5.512124078585637
2.149491060099326 -5.006581571746096
2.9235870145109875 -5.639649856659737
1.9235882917649527 -5.638051574363266
2.052347997002598 -6.629727397557073
3.0188616773119232 -6.886342490205427
2.3178040901417063 -7.5994471525594705
2.440564776815114 -8.591883454700557
1.4571224487630752 -8.773104831462753
0.9137667313100594 -7.933602261894846
1.4818570606088175 -7.110636054959696
1.8603503893168036 -6.185032035886989
2.4807593150061567 -5.400753536293265
2.6864546492471146 -4.422137457602801
2.163155309050587 -3.5699885266348166
2.410046636128355 -4.539031700396325
2.4083643310602576 -5.539030285320154
2.3291150924548716 -4.542175452267483
3.2343485913435703 -4.117260975590441
2.505407290515131 -3.4326847709597645
1.9680646356412372 -2.5893207503535525
2.7495240152283085 -3.213276869047319
2.4697669741913195 -4.173347698720957
1.5923533537404118 -4.653082353136532
0.8992329560991744 -5.373904185750981
-0.07623026940536848 -5.594066615988916
0.8796801344258081 -5.300408141145575
-0.09144279171264413 -5.538987818252177
0.8749845064704302 -5.282047596942699
1.2565436329507795 -4.357703162762695
0.7383085656774185 -3.5024649415353135
1.726426587899867 -3.348767920877147
2.7036956687548512 -3.5607706180412513
1.7836281681217745 -3.16901074990925
2.3721745869282254 -2.3605473228390443
2.8592839611942042 -1.4872063484755333
2.8943968243075213 -2.486589701770947
2.421496997248422 -1.6054735042308756
2.517166057618659 -2.6008867002896157
2.397629876413415 -1.6080568551586047
2.2773957550327024 -2.6008024197701056
1.7743617605888513 -1.736535793992005
2.304123757153068 -2.584682141620936
2.641350234311629 -1.643258590235468
3.4184664714504627 -1.0139014944820475
3.9423299742341946 -0.16209926951949283
3.3113460925798406 -0.9378952098880954
2.817060993280369 -0.06859535333081301
2.48542796679084 0.8748131137402617
1.8988084964476104 1.6846758163104125
1.2335571407110515 2.4312952867842745
1.199676783532437 3.4307211826852413
1.6771454261779946 4.309369972185465
2.0435091456971834 3.378898250412006
2.419037007100113 4.305709355929276
2.1464286169091507 5.267834433867426
1.329705481982903 5.844864173894959
1.8741505112876728 6.683660698724031
2.8278907738249046 6.3830288447640555
1.9123883858135096 5.980716307617333
1.4532518040623228 5.092350617544919
2.1880383580239453 5.770649018042225
1.3122388498132147 5.287973949887838
2.201140172761796 4.829875229020532
1.4076365809492308 4.22130966165695
1.2372476480859869 5.206686549734667
0.2553411563475384 5.017320128524643
0.44884424115281807 5.998419795312294
-0.28951806769754984 5.324015539046696
0.7062941389332146 5.232593172389692
-0.2925705149721619 5.280231425700371
0.6804584170584922 5.5109145361165535
-0.14036097768565958 6.082102352173448
0.8477875496574414 5.928601577225368
0.3419481254372082 6.791229235548786
1.0627730668644348 6.098112070982481
1.1270233802021907 5.100178256926658
1.9960450485424723 5.594952286110764
1.2950247109142938 6.308093566806023
0.3529538381713211 6.643507446556539
-0.6311579485875253 6.4659574784847
0.06865765301075633 7.180281021257606
1.0562563396238243 7.337280493231696
0.5364178229033222 6.4830159460720775
0.49508204519121973 7.482161257566324
-0.49985893895878303 7.582622384668422
-1.0695495634564085 8.404481613709203
-0.6321037957171076 7.505236819291702
-0.575292326998523 8.503621743567924
-0.9209775433402949 7.565271206080604
0.01574463676088589 7.915344851627496
1.0109796166947183 8.01285041411551
1.2256908756488274 8.989527983878602
1.9314654516466039 8.281091502692632
2.930109970598558 8.229042249410568
2.8724628928215057 7.230705224942495
2.133967056787913 6.5564471881635145
3.005221412529927 6.065615396609046
2.3823884910764903 5.28326052063921
3.0762526049292283 4.563154562111332
3.422888397121638 3.625154760634199
3.630183866996638 4.603433140324409
4.526167243272651 5.047520732401734
4.039405940132069 5.921055753889072
4.989500996499756 5.609095205316527
5.552018029827375 6.435880901380686
6.227917793692334 5.6988873402098355
6.857977434481581 4.92234059400036
6.056664754162017 5.520586353165501
6.93798504200059 5.993105718106383
7.091562946479045 6.981242260926254
6.299307907624538 7.591432357051751
5.311259363066902 7.437289327376269
4.344141582761297 7.182960408421385
3.4118660364359967 7.5447093624265955
2.561201465808675 8.070418206064815
1.712820547819228 7.541031940667437
2.167607942773816 8.431631977378878
2.6660818749937634 9.29853666585229
3.4590412632493854 8.689262172231171
2.6161592166512078 9.227360541976395
3.605431393665349 9.373444626618433
4.335672388183985 10.056634270805485
5.294610453654877 10.340249832069222
4.519720073626525 9.708154191410694
3.5222763997646194 9.779611293736949
4.323135118485121 9.180757962236358
3.6313675027206758 8.458637774331619
3.8325339761137704 7.479080706069343
4.182105366901427 8.41599043637573
3.2035453151091318 8.621952144069803
2.7550704614815547 7.728156694504455
2.235442994950001 8.582549634565408
2.9414836053716487 7.874378287760536
3.6125483481974623 7.132979534769864
4.529338616108055 7.532348542911987
4.396049261480259 6.541271377428439
5.211336433728487 7.1203282198605855
4.663186931285726 6.283947850069572
3.7139029250654865 5.9695279468597855
4.563576814644116 6.496836472647415
3.5736728407296403 6.638576101644844
4.486213588259265 7.0475619010292165
4.299729398986164 6.065103939001754
3.427254562875097 5.576444895953365
3.8615869052283833 6.47719759030732
3.963939646719987 7.4719457575884425
4.886522952505226 7.086147826170478
4.05170449150176 7.636673154532222
3.062390818428605 7.4908703552775355
4.0583291641590264 7.400832521542198
4.623419167467201 8.225861786575365
4.637849224377131 9.225757667883801
4.0339758121881175 8.428677432241743
4.927378709233593 7.979421087210588
5.914494763224068 8.139427011957997
6.645964720871788 7.457553342530263
7.459760310886658 6.876402124969506
8.456612163279408 6.955688847572619
9.418282682574375 7.22989645563437
10.019124029485056 6.430528157637408
9.32577774885164 5.709923595389978
8.433058917090813 6.160537717915653
7.845825731372837 5.351119911346316
7.697385686950802 6.340041320363223
8.438159195879365 7.0117961926713175
8.34384593701438 6.016253622410122
9.296523703308875 5.712271593980588
8.299396666933823 5.788019025157535
7.315004750270791 5.6120288140420245
6.3151253590760446 5.596498100471079
6.248099113711755 6.594249313165088
7.217997218461524 6.837760434888114
6.831233342009441 5.915581654026313
7.760876615538658 5.547120823025401
8.555996021528966 4.94066791453405
8.791415355579659 5.912561806455965
8.957249370325274 4.926408126975251
8.80614628777748 5.914926138163998
9.606078475040748 5.314835731824916
9.457943034819747 6.303802814871935
8.499799799996302 6.590092076916573
7.9228063858023505 7.406840875493471
7.312265720350782 6.614855966653691
6.739105493989787 5.7954126465162865
7.727479039489276 5.64336747376565
8.348644868394928 4.859688321943967
7.376978848902298 5.096046411637017
6.377645509564753 5.059537825133674
6.148399944851148 4.086169204795449
5.197914358658191 4.396937849351863
5.277502116271562 5.39376571254494
4.646424411997035 4.618046091053003
5.199354663299204 5.4512736333215726
4.2801479525302755 5.05749828762638
3.3351300017238197 5.384516746820303
3.1982629055080953 6.375106166294121
2.6061857923418907 7.180987480176491
3.4674527972580513 6.672834800125754
2.676813004657313 6.0605532322533735
2.6837910782758025 7.060528885201272
2.9335184190029167 8.028845081127667
1.941448913693009 7.903154601638745
1.4382685994395723 8.76733604748667
0.501100490819029 8.418457936702126
0.7924656702758945 7.461846034099995
0.11371828050182797 8.196217861497324
-0.886006493730297 8.17275777227058
-1.872115335521082 8.006657344390225
-0.8803547498737689 7.878552150285932
0.0843420360112298 8.141915229139352
-0.9155166761836269 8.125105837477463
-0.010073625829787325 7.700638073606124
-0.27385903174264054 8.665219464483737
0.0669151359922231 9.60536464827431
0.5101777292354784 8.708972840284487
-0.16634556100022402 7.972551603648375
-1.1561667194820155 7.8302347943047
-1.839973588424113 7.100571744680009
-0.8541069207595982 6.933039916097901
-0.39659775629648997 6.043835010335304
-0.1675523592938328 5.070419268675095
-1.1656532360377263 5.0088186206016285
-0.7664804233003342 4.091942911701388
0.010545452000639721 3.4624742555216255
-0.638216879557561 2.701483166775399
-1.6095138285900679 2.939353376764258
-2.6068353222855576 3.012495964994352
-2.800887735841067 3.993487127438378
-2.761071658656674 2.9942801018437586
-3.3481405208121173 3.8038170998169907
-4.244259912991671 4.247630162896196
-3.952417138455008 5.20409646912488
-3.7615252557493233 4.222485400973609
-4.44772586805153 3.4950730559614582
-5.427995873605947 3.2974099177430625
-5.191374905515225 2.325807881176748
-4.645490483097463 3.1636683691827328
-4.721998415119932 4.160737341891063
-3.782680169745977 3.8176903569056333
-3.0499356246002267 3.137186549745712
-2.1769807939830166 3.6249875990497062
-1.4969926033390188 2.891764535729476
-1.440800082799491 1.8933445836875435
-2.4393937316572467 1.8403283176840526
-1.956868545125292 2.716210412695877
-1.058046909409191 2.2778958371127316
-0.06336047088275232 2.1749449312809275
0.934425840143717 2.1084432205646615
0.025958839964281166 1.6904866324063015
-0.8139874184638755 2.2331562215234184
0.18578834076487905 2.2543324170874834
-0.43972304954094843 1.4741173822428126
-0.7058286614708352 2.438061261988631
0.2938994171338486 2.4147424101861263
0.5340769368918878 3.385471393478001
0.6528298060648641 2.3925475514522465
-0.2798238976593834 2.7533204286609463
0.0907748727556758 3.6821134903096895
0.10253960841328892 2.6821826972070335
1.0794226318947324 2.468408146725098
0.22928994572261074 2.994976675885143
1.2054862517505613 2.7780878285522665
0.8039988851145705 3.693952389735686
1.7867366727759055 3.878956283485263
0.8856410647223958 4.312576745579333
-0.05961447434106204 3.9862456776899093
0.6317949312963982 4.708708848928453
0.4020275087536346 3.735463283031513
0.08958343077266873 2.7855271282639285
0.9549998446455575 3.286580449377948
0.056316244938740434 3.725177972875285
-0.7333671654926185 4.3386925295807455
-0.3720593376562214 3.406245934035379
-1.3704671410229285 3.3498379720400497
-1.5486673327993892 4.333832225910891
-2.4251107120925957 4.8153371613924545
-2.319128619292875 3.8209691228846836
-2.4408333053273084 4.813535478045516
-3.4158268411613144 5.035768700318656
-2.956162325967206 4.147676062430375
-2.2189339880795527 3.472032385766849
-2.8321668973631966 4.261934530954162
-3.706548077929778 4.7471742151010705
-4.613249675738025 5.168946917551065
-5.462797056561009 4.641434597565259
-5.785125764834842 5.588062403950916
-5.42948891448648 6.522686622915039
-4.432493506781716 6.445225942466108
-3.8049544673898437 5.666640844972503
-2.8149883778141387 5.807945981079395
-2.8912965866393607 6.8050302589947
-2.028274694918903 6.299863737527528
-1.058153369405383 6.5424840453830155
-0.21990865606475185 5.997189812370706
0.5578801133704581 6.625715571699997
1.3792319243585642 7.196137523054044
1.6988732245953992 6.248598901581069
0.7579712359025012 5.909919927220762
0.7377441993392457 6.909715339788687
-0.2386223836567608 7.125836360535635
0.15479753731200757 8.045195248992655
0.3751316604166878 9.020619707469933
0.4906013191630834 10.013930715115066
0.34560188270680176 11.003362452743975
0.13038129245795532 11.979927912676354
1.0909462534476595 11.701872242497075
1.7881162150849328 12.418778125155798
2.03137041349593 11.448815551158521
2.7482080451278073 10.751575413274592
3.1250923751234465 9.825315081724256
2.413154139804762 9.123072994484167
3.328062135762286 8.719410562577274
4.002069936027702 7.980686334477657
4.709736176546566 7.274139455615471
5.365396882545535 8.029195108272237
5.051588130772965 8.978681320552827
4.694757031243617 8.044512403060558
3.940259532310293 7.388209482068004
4.8997583562812865 7.106496850476376
3.902729734190502 7.029464865354922
3.5878221216986583 7.9785871944541205
3.7094604183632427 6.986012701136597
3.173188636120329 7.830058064591672
3.212830893644968 6.830844127830204
2.6606934223160192 5.997091039227545
1.9235250663307397 6.672800159288803
2.708102100140645 6.052768806841161
3.6339807181669332 6.430589908265805
3.030625938979444 5.6331170181738495
3.9317946920174207 6.066585446721971
3.6093012529777346 7.013157145948372
3.5306164202658294 6.016257603817321
2.772558332687593 5.364070563270495
2.274397631870068 4.496985840673567
1.9195294878618798 5.4319022007658395
2.2230917870963993 4.4790906084332045
1.3439111052839903 4.9555791484085825
1.3405534709854745 3.9555847852785107
1.4371090054183662 2.96025718656019
0.43943391725739656 3.0284071569417064
-0.11316565748798624 3.861854041866728
-0.43275100976198017 4.809411534904436
0.12087168374011353 3.9766439123112622
0.904579913572974 4.597773053868994
1.7803360270607138 5.080526852081757
2.170834013131098 6.001130633778842
3.1116018674384582 5.66207924489815
3.647220761597576 6.506539072373539
3.242736696275598 7.421084118230006
3.522256923025938 6.460944314431914
2.555570605063541 6.204980327386267
2.091935547613957 7.091006587439389
1.0970389216640135 7.19190606054712
0.23507737105318216 6.684932407120661
-0.4163761134257836 5.926243829665975
-1.0488900038277373 5.1516948134968334
-1.7571131999493037 4.445706212685635
-1.7540303753736355 3.4457109646006074
-0.8257569789637135 3.817609474301289
-0.03510211562669763 3.205347367780295
-0.5889999234971899 2.372762706357648
0.39090047253654725 2.1732753286794475
0.9152595516492947 1.3217780849070255
0.05364962915701099 0.8142070638047164
-0.9199704411752333 0.5860317832718863
-1.5083672018074865 1.3946041375343055
-2.1850084985299274 0.6582913265838415
-1.1996013444050546 0.82850513507046
-2.1835757164369514 0.6501951937199164
-3.0242192444863174 1.1917840218439046
-4.003657988518207 0.9900422396339847
-4.278193209546744 0.028465195183144942
-3.284888704818533 -0.08706039023689209
-3.5805913127874494 0.8682196564721248
-4.571834573549107 0.7361711881182759
-5.539846096730313 0.9870769293606804
-6.539731054740254 1.002245012478167
-7.512906291682848 0.7721798951706419
-6.7227475161916495 0.15927769292769844
-7.616091731708777 0.6086507145946515
-7.643740333863057 1.608268418919117
-8.454362310767811 1.0226986019382314
-7.49520241195591 1.3055630368026105
-7.782098053701576 0.34760119479253204
-7.4499877296389965 -0.5956393538752235
-6.8294085154755315 -1.3797831155339235
-7.331297849504427 -0.5148512705958197
-7.62733089875837 -1.4700289680686054
-6.660922319079475 -1.7270395848201732
-7.466917400865437 -1.1351173533261705
-8.348123021323145 -0.6623841786136856
-7.446990381481753 -1.0959276774837352
-8.426035490408506 -0.8922841784797029
-9.311306845661848 -0.4272093161533142
-9.334212468438004 0.572528315650769
-8.971574542221862 -0.35940179678774253
-9.865879767574516 0.0880556468948287
-9.44414501397269 0.9947748964999134
-9.32321442096609 0.0021139313788544056
-8.33357148441231 0.14566482175996462
-7.591339574210152 0.8158079344438562
-6.671715298932874 0.4230087588836972
-6.336558201189688 -0.5191534988152433
-6.7577896166162885 0.3877996943858739
-7.00884264775122 -0.580173639729257
-6.7457489288164965 0.3845966412480837
-7.435729383536605 -0.33923135772973423
-8.209148135020644 0.294664087002969
-9.128411979203662 -0.09897786296915989
-9.661206454770795 0.7472668101633468
-9.520801206409992 -0.2428273097226069
-10.319547325634112 -0.8444955214675911
-9.690682608892061 -1.6220102596153263
-9.675177275283447 -0.6221304745262959
-10.474771264274093 -1.2226714412971125
-9.772111682802475 -1.9341976267366447
-9.269996888991408 -1.069396647414773
-10.236700153545883 -0.8134966702758156
-9.240484735342866 -0.900415255944174
-9.902819117010214 -1.649623616055921
-9.926214391774838 -2.649349909157532
-10.869012675200427 -2.9827136695901335
-10.27692293458509 -3.7885857059942163
-11.214799410040651 -3.4416163748033273
-11.512019592790152 -4.396425341542933
-11.673008595688604 -5.383381541658096
-12.628996935955474 -5.089976883764269
-13.582308594507321 -5.391965098218289
-14.18556690227062 -6.189510967817374
-13.656034867727346 -5.341221026587101
-12.666715069612339 -5.48698225962827
-12.322597659489816 -6.425908885116422
-13.136786289524595 -5.8453084418492045
-13.633924186243224 -6.712979987796274
-14.613766508964536 -6.51320756075965
-13.76575880267985 -7.043191456818564
-13.404085041241604 -6.110886737165643
-13.965362828402919 -6.938514217158483
-13.230212656686849 -7.616418506144644
-12.93758818188129 -6.660191066282781
-13.846622068238874 -6.243468864506074
-14.846517953557678 -6.22903908548748
-15.464607137205524 -7.015147068564575
-15.321711604540189 -6.025409291805352
-14.491425207612847 -5.468072320954313
-13.625425993527548 -4.968026961808121
-14.464413453183997 -4.423876208303895
-15.067252897112894 -3.626013685782941
-14.353830411634378 -2.925279529905223
-14.072292357241947 -3.884829593179112
-13.355012608238821 -3.188044287887724
-13.019297962498264 -4.130008022134055
-12.073851001357088 -4.455784085817246
-11.63907677253269 -3.555244597538054
-12.627572963682118 -3.403998836992273
-12.314714026962267 -4.35379843991624
-11.481176948528342 -4.906261958056428
-10.748559623680233 -5.586902726253868
-11.703552020208692 -5.290272446995615
-11.97428211210935 -4.327617151814904
-12.106154124490178 -3.3363504004554976
-11.106347035040283 -3.3559917824264978
-10.71715878675303 -2.4348335401059398
-11.690682956342371 -2.663417641095891
-10.729856733637666 -2.9405691696195655
-9.753229438601098 -3.155508990475441
-9.078135927932639 -2.417776822372859
