0 0
0.10288672637312653 0.9946930790631959
-0.7515449038937954 0.47512923390130446
0.10524450104027627 -0.04053724318705476
0.14363204184695164 0.9587256835298408
0.6111873370337758 1.8426895096804143
0.021640268035271637 2.65042353362349
-0.973651692150379 2.74734573948884
-0.7215284499220881 3.715040872641991
-0.14506384529994987 2.897918752259828
0.729706178888653 3.3824570941700127
-0.16092285330418665 3.8371877034490076
-0.6705659371540664 2.976801785918982
-0.09368029259137489 3.793626707856044
0.612158399253421 4.501999308324772
-0.21854555663779718 3.945284895302546
0.5161330081188054 4.623700259579608
0.31329774483382195 5.602913135295665
0.3222770532412611 4.602953450098045
0.5505624946610559 3.629359203383445
1.434936058283184 3.1625793838043443
2.003803874376359 2.3401504155563977
1.0589708532563176 2.0125980347053716
0.1176720907147748 1.6750233916443735
-0.4588052871981372 2.4921365005556515
0.07224785837175185 3.339475014126424
-0.3930360834324016 2.454313529707231
-0.722289051846558 3.39855527989119
-1.6605358253782456 3.7445220296770305
-0.7473262786484081 4.152012304114942
0.1702535859267763 3.7544608079208186
0.9826920580326258 3.171413872381052
0.6709621515276472 2.2212431164690436
0.7657538045425862 1.2257459831137059
0.7177520323588316 2.224593233631631
1.7176967111887622 2.2351117544262444
2.696930386209848 2.437846580503805
3.683882664254661 2.276833534876582
3.3511944486295895 1.3337966579814067
4.322544603657431 1.571449506328293
5.322540356020508 1.574364168539147
4.638674600530882 0.8447563091594641
5.382992356533271 1.5125819436626387
6.369093568123891 1.3464362229849418
7.126573815528227 0.6935781413222672
7.855882153995089 1.377763311756927
8.854804370494067 1.4241788844105963
8.06324524685545 2.035271474600058
8.646223096026926 2.8477595221277747
8.471470299773369 1.8631471820661836
7.475160555872041 1.77731656860415
6.504448811858508 1.5370693833257245
7.496647755690514 1.6617339567162952
8.421886685953654 1.2823490309146492
9.271383719393164 0.7547556361706733
10.017644872905706 0.08910235498133723
9.22921807603513 -0.5260262380595032
10.173102230161508 -0.8563029456686425
9.638675524013056 -1.7015177679211375
8.639074686653599 -1.6732659370022063
7.641876832535597 -1.598456581020135
6.863226329093797 -0.9709986991748022
7.830799115673997 -0.7184063345447018
8.761998452193653 -1.082916685104674
8.911073260370259 -0.09409076434454944
9.541825537122739 -0.870075020223213
9.758062069633334 -1.846416027252926
9.597987143379639 -0.8593111604911043
8.61248443181235 -0.6896514849829837
9.045678406021104 0.21164923104315214
10.023401660293176 0.0017510698896362198
10.505827696391519 0.8776877797576732
10.259106353924171 -0.09139868654505534
10.023939000197855 -1.063353580427154
9.162004910733032 -0.5563332401858105
8.860841936534744 0.39723944344771367
7.973107656105639 0.8575956613388366
8.666443764445745 0.13698131172331784
9.305622387436188 -0.632077000703017
8.313200398556758 -0.7549533450032838
7.369682131575251 -0.42363283571927607
7.650389333887182 0.5361606142324358
7.985217563206733 -0.4061185677782535
7.603846596069483 -1.3305406496352363
7.590977211319413 -0.33062346359623507
6.796921118889878 -0.9384679519939971
6.350841644697304 -1.8334613054352826
6.461732132204008 -0.8396286737610527
5.462731884764877 -0.7949240250480225
5.751481189483421 0.16248071644042328
6.05595462434569 1.1150015442773644
6.083487224980365 2.1146224503724156
6.70571043988558 1.33178257477012
7.704859870816975 1.2905464902145984
6.705159966402869 1.2660495288841178
5.864561198264738 0.7243912316111439
5.698062938356877 1.7104329799401152
4.8169403206999 1.2375451151631507
5.538653374934066 1.9297374781288164
6.1741184079293365 2.701867125170244
5.203069735249238 2.9407488433619418
5.65279195590552 2.047580368633919
6.632541588713075 2.247806882895792
5.788272891626761 1.7118867702668876
5.260723846356047 0.8623621944987948
6.147295811535804 0.39977150008600687
7.0180552930420275 -0.09193768771407146
6.018540978941322 -0.1231007412838937
5.810152974419775 -1.1011469771907283
6.133384885378663 -2.047466760212232
5.440877551499678 -2.76887759498242
6.325204028429717 -2.30200857459179
5.785417937549869 -3.1438107936983046
6.534137514356343 -2.4809239290624645
5.985416488895924 -3.316929453097842
5.209822123422894 -2.6856978155459137
6.130821421763473 -2.296133581489243
5.721576941266584 -3.2085583483510547
5.584790852947819 -2.217957739607828
4.785655511407982 -1.6168065889792962
4.194351944933349 -2.4232556526369953
3.937834774669046 -3.3897953266078025
3.0526343654697037 -3.855005209943612
3.4986012143727754 -2.9599557310434426
4.468173448729508 -2.7151503341166325
4.328809884861756 -3.7053916163635803
4.397039413322447 -4.703061266822104
4.037892037666239 -5.63634212624185
3.13317983661486 -6.062365404090337
2.3697824333909265 -5.41643630213645
1.957377259200992 -6.327436835781392
2.544970875217693 -5.5182806441741
2.2210298647420896 -6.464357925231015
1.255653538486771 -6.2034967577380655
0.3843594315724066 -5.712735533458579
0.582453568481245 -4.732552533747636
-0.2890980111578052 -4.242248705464931
-0.4510757802777121 -3.2554542981485244
-1.3592976825007383 -3.6739432183392364
-0.8934614417767022 -2.789072269088388
-0.5640112928933595 -3.7332452402121876
-0.604506079721107 -4.73242498992681
-0.2301514165270817 -3.8051393887526688
0.7567037198729772 -3.643532025799055
-0.09727739311648964 -3.123228019801339
-1.0925077059799597 -3.2207812071284545
-0.1220906331241075 -2.9793465271218746
-1.0290683508037908 -2.5581679193643665
-1.0452018300198989 -3.5580377663186504
-1.6018569292911646 -2.727294063089251
-0.6176650568933583 -2.5501885625927954
0.30949204312669354 -2.924861369028501
1.268366779557287 -2.6410317725535037
1.6393385537347114 -1.712387630395888
2.6333980427701844 -1.8212257315302556
2.8336495579225627 -2.8009702546990134
3.694131894600401 -3.310450527394088
3.141425782055323 -2.477074289938695
3.236721499567667 -3.4725232972835247
3.44323510080185 -4.450967027145027
2.4485542287444897 -4.3479623536432435
3.3550668236499326 -3.9257835819388855
2.3551065658386854 -3.934698894500117
2.821021715218707 -3.0498694908418797
2.3116346013132163 -3.910406978803348
2.9966814529573482 -4.638905991192838
3.937704128542333 -4.300562491129845
4.298299136193459 -3.367840002681601
5.251375989364253 -3.670568448570085
5.67308763916889 -2.763838453246752
6.039202350526813 -3.694408180955162
5.634811416467866 -4.6089944111439465
4.657043296668744 -4.39930534632537
4.754257397231862 -3.4040418542531934
4.230180374205579 -2.552370982416009
5.208704654004843 -2.7585025759268804
5.920924897130512 -2.05654650516318
4.9529972311244395 -1.805317459509546
3.9709624040365537 -1.616617702258865
3.3039075000928557 -2.361626262696035
4.242877002603113 -2.017625865377021
4.521905233227029 -1.0573429661671647
4.367326211365821 -2.0453233941111764
3.5267431907742828 -2.5870061291999047
3.15352662123129 -3.5147503785588325
2.1687729892825454 -3.3407955442950024
2.903630908446289 -4.019016628191937
3.6997287808544765 -4.624184520224517
3.5393536444492346 -3.637128384220592
4.417430036799245 -4.115648863612635
3.4835915049697532 -3.757954026537036
4.467599853729596 -3.5798316821472116
3.532170257984686 -3.933344724911568
3.56807781354582 -2.933989609122579
2.8554431436249184 -2.2324542734289827
3.812566039247693 -1.9427720981494616
3.5958861572536254 -2.9190148081038236
2.8109041767933993 -2.2994962124565728
3.020849222021564 -3.2772094004540264
3.971807290717196 -3.5865292213234197
4.938423311102572 -3.8427585505079187
4.370444619971068 -4.665801809650804
5.343761555743933 -4.436336904844602
6.325460347627814 -4.245896672714598
6.970464713207334 -5.010075557782329
6.921145219185393 -6.008858611057374
6.773663510023148 -5.019793827808782
7.751922127116871 -4.812405115285954
8.706219556567019 -4.513546593331434
9.219441103498184 -3.6552904289110533
8.223051660788068 -3.7401908320657204
7.2702695030165 -3.436536160057935
8.251124663778056 -3.631274840364197
7.361690936053649 -3.174210682957092
6.9395755857817205 -2.267668554280875
6.0441499732370065 -1.8224573994353075
6.27355244787536 -0.8491257475150591
5.432942064067129 -0.30748547700909157
5.07725132648028 -1.2420891893893298
5.056828947784032 -2.2418806308651944
5.845972378155825 -2.8560895906671826
5.042609490003953 -3.4515793638289756
4.0532770218920895 -3.3059041513194694
3.3791624347684013 -4.0445309335492095
2.6567189224651653 -3.353100986605223
3.439156587332126 -3.9758299008187334
2.64264374556235 -4.580451512155804
2.9830091098547094 -5.5207447742767926
3.508856360644237 -6.371323794025749
3.6283206036310474 -5.378485290215795
2.725944742271878 -5.809435176903675
1.732080418882807 -5.920041264866247
2.1730609106704453 -6.817557953214008
2.1020176666649886 -5.820084716740377
1.6799543937336843 -6.726651092491494
2.150064359190559 -5.844043240510708
1.1533058477346114 -5.924494902023219
2.0551054440652625 -6.356649374472452
2.9449700691742193 -6.812874043884022
1.990766243011409 -6.513716797379356
1.0533323876584593 -6.165553377649331
1.2525217783074285 -7.145514390472235
1.5985643293314538 -8.083733209768024
2.292959907162551 -7.364139726272922
1.7477924330750731 -6.5258125674637375
2.746995871044586 -6.565718576408581
3.7452068664509004 -6.625508279953041
2.74525790169453 -6.615405414881034
2.265818166996928 -5.737830608500921
1.2699788518463953 -5.828957214936788
0.30838061659615235 -6.103418202990862
-0.6896100375851038 -6.040056904338857
-1.4255329441143796 -5.362991563588422
-1.704727589638891 -6.3232260921857035
-2.175007943448167 -7.205743167839779
-1.9595512930957117 -6.229229761982543
-2.9274666595722927 -6.480506190121964
-3.920341692441078 -6.599666456594512
-4.254800505018401 -7.542076825112052
-5.224031017543995 -7.788231682040315
-5.065183603356686 -8.775534826472665
-6.039080717867312 -9.002524716881636
-5.712472373203776 -8.057364947744087
-4.992833550680938 -7.363016357252292
-5.039979576311821 -6.364128349381934
-6.037323797126536 -6.291296315169713
-6.292752640192887 -5.324468457622267
-6.1095039794284505 -6.307535051667675
-5.350374802034604 -5.6565950451929305
-5.0711196675241785 -4.6963781062413394
-4.474715235957327 -5.499062199772176
-5.156441500916006 -6.230669539583286
-4.448809888040982 -6.937251099249184
-5.438871413663003 -6.796616197880441
-5.83870827383937 -5.880029876116744
-5.297588972755824 -6.720975713846412
-4.598060363545187 -6.00637112045519
-4.079945608657637 -6.86168223389159
-3.823687801005672 -7.828290704792506
-2.876537937768461 -7.507499282572814
-3.810269736233278 -7.8654726454584605
-4.535941342820588 -7.177431426204125
-3.565914661502962 -7.420429857334683
-2.906181599469048 -6.668929832810827
-2.031635302838449 -6.183987800141246
-1.9591599932532513 -5.186617593297002
-1.8928306622190547 -6.18441537834393
-2.8823236809421084 -6.328996033683221
-2.051238115595097 -5.772851463385319
-1.4908369026092438 -4.944630188312054
-0.8154597782802026 -4.20715765327564
0.17859852789507724 -4.098308749174893
-0.011126448980790321 -5.080146023446679
0.6144789172217013 -5.860285706951272
0.7353389562207555 -4.867616149156158
-0.23502965405276643 -5.109245535191535
-0.5465505779732693 -4.159006242192284
-1.3554628057323233 -4.746935666342738
-0.37606862554706744 -4.5449776513513775
0.5183410820233396 -4.9922262120017376
1.5168376197781064 -5.047041028354104
1.4218302184970306 -6.042517594477997
0.8207761684943821 -6.841725970920219
1.2361901453783581 -7.751358439453219
1.2183273747112788 -6.751517991469594
0.3150318086432935 -6.322499203627013
-0.23971155562959023 -7.154520717648857
-0.5891469491976751 -8.091481178779379
0.13549115112707877 -8.78061079181145
-0.8383978632889474 -9.007635432764323
-1.3937604801100716 -8.176027133240085
-0.39525586339094554 -8.121359680486265
0.44418152590482074 -7.577903270594627
0.3643126121801735 -8.574708646091993
-0.26766881298063827 -7.79972511191097
-0.9468802612007076 -8.533667758584942
-1.1337893863212387 -9.516044966660678
-1.4086541709595497 -8.554562075411054
-1.80645061983466 -7.637088378097419
-0.8860731227595736 -8.028119403564451
-1.398066578222155 -7.169130054641261
-1.0372521231036524 -6.2364924353176905
-0.18043033161643407 -6.752105097722944
0.8191756981782765 -6.724037586289683
1.4876813667233466 -7.467744632863203
0.48820741924728506 -7.500176535622971
0.5570543792380037 -6.502549302584479
-0.3580649918680009 -6.905732308955718
0.42664022867968177 -6.285863196283364
-0.47695094774167135 -6.714259024803525
-0.9576253223484927 -7.591158189814156
-1.9572591549133773 -7.564098980815363
-2.153433194760728 -8.544668073786363
-2.384225871801698 -9.517671023537423
-1.4080968645796763 -9.300479492257427
-1.580549976293315 -8.315461764366054
-0.9548778230537244 -7.535375643056019
-0.22893094466133246 -8.223126418956957
0.7487419248254884 -8.012993698350655
0.5253276978971093 -8.98771729158414
-0.36265235035410837 -8.5278353133465
-1.3366399947214775 -8.301234191063969
-0.7172574595734917 -9.086323533211507
-0.2944761420556223 -8.180091798191235
-0.5007308933668349 -7.201593470363563
-0.7082077622838525 -6.22335354638561
0.1667123766295483 -6.707620776872823
0.5694723640738704 -5.792315148946364
1.565204953699369 -5.884600629698745
0.7817678239249443 -5.263129581547014
-0.15049224996161437 -4.901340755521351
-0.46537876676533235 -3.952211427381491
0.028465920797189737 -4.821761555071824
-0.25903109944980085 -5.779543087233048
-1.012428591097736 -6.437108460088553
-0.7667847819662624 -5.467748300480485
-0.7764978020183702 -4.467795472972374
-0.012374771620369929 -5.112866007422194
-0.1961701558144624 -4.129901482757674
-0.7078495687606507 -4.989077936326464
-1.7053752046921948 -5.059381603793877
-1.5904063807144269 -4.066012503452434
-2.190018255121592 -3.2657215563151283
-2.8371621858651297 -2.503353710126818
-3.6791851592496814 -3.042795377309321
-4.358959101187722 -3.776217075830723
-4.546673478989074 -4.758440732828787
-3.596333838391168 -5.0696553975029355
-3.4900307559067865 -6.063989171773084
-2.763443150289273 -5.376915339231771
-1.7834236707322135 -5.575816871877223
-0.7982827683180062 -5.40406879360407
0.16034291422961333 -5.11939915918531
1.1521454737007848 -5.247178981639535
0.1591153423453232 -5.365039739401203
1.1378412152193027 -5.159867456265622
0.9112904671019849 -6.133866818959193
-0.07057176450614355 -6.323462594601758
-1.002894558268813 -6.685089762041611
-0.25976325100496755 -6.015944142490583
0.5699345667083123 -6.574156943563634
-0.3556629709409155 -6.952666122181123
0.6156617709191482 -6.714909427531991
1.6155652018837179 -6.728806504393035
2.5084430355112874 -6.278507521253458
3.335279023576179 -6.840950628456982
3.0206259747221957 -7.790157380880759
2.0466489803248207 -8.016804274494273
2.958473093380616 -8.427385310162036
2.037672748756484 -8.037351048410482
2.3216593076877525 -8.996179309542985
1.5455923702497232 -9.626829853517663
1.4543530326200382 -10.62265884650235
1.7764050330097372 -11.56938082736315
2.08455294684252 -12.52071928616764
2.446250129056868 -11.58842365259522
1.5367187979461825 -11.172788286284765
0.5413315115188054 -11.076850024789453
0.4783072901144023 -10.078838027107878
1.4718721490103281 -10.192102633967739
0.6246225424738673 -10.723297611564302
-0.3748406345429871 -10.7560597511064
-1.3742101713876664 -10.79156367802795
-1.4605060323978833 -11.787833232100795
-1.1644824508490772 -12.743013863796715
-0.9041801002351579 -13.708541018394072
0.09317984617489283 -13.781157389116801
-0.89470846911106 -13.625990780204052
0.02034708740218205 -14.029318597858923
0.11027228326843809 -15.02526712019751
-0.8597582931608617 -14.782284238511906
0.13846430984349412 -14.841879832738394
0.8759072294958193 -15.51728929392076
1.5667109474939673 -14.79424695546475
2.4759901588323596 -15.210433591275935
1.9494253862697692 -16.06056860425688
2.275111003823449 -17.00604672590681
1.7772315422912779 -16.138800485335867
1.8726055660625829 -17.13424199320545
2.867280282600329 -17.237306091127834
1.886653165633744 -17.43318987675034
1.8623565358864835 -18.43289467006831
2.125558885991234 -19.397635320657542
1.192313402948725 -19.756874611911652
2.167354321953116 -19.534849374005976
2.2701066934651233 -18.54014240703095
2.3916306660339672 -17.54755391017483
2.0114813896553114 -18.472479057237436
1.0124076839516754 -18.51551079635642
0.22571444069351598 -19.13285489895396
-0.06921189251199361 -20.088374892455903
-0.7266135618003613 -20.841915233258483
0.1440171240817435 -20.34997803320094
-0.8126650339571224 -20.64111244973409
-1.3586520583007906 -19.80331881807511
-0.386902190850382 -20.039331942943438
0.20904519683015998 -19.236308461894012
-0.5253008282737547 -18.557533156351685
-1.518056847368841 -18.67768092599589
-1.5489585612484469 -17.678158497993746
-1.9901552723015634 -18.575568918122638
-1.8513255768764372 -17.585252647596818
-2.227094894723479 -16.658539412682817
-3.0847366989009495 -16.144291869443947
-2.51332352236609 -15.32362934338202
-3.4934449705115402 -15.522027798227983
-4.4871720164834805 -15.633860521989325
-3.9191097462280036 -14.810874946713431
-3.1061198881597187 -15.393152793345184
-3.9581001731163052 -14.869578926498018
-2.962305844083591 -14.961195815040945
-3.0921320135213213 -13.969659045309673
-4.086616015350351 -14.07454741504683
-4.149163625158464 -13.07650543371173
-3.171447125586484 -12.866575811064726
-2.216990648088128 -13.164925995514862
-2.650717782965515 -12.263881727750478
-3.6271257213607866 -12.479815833066647
-3.7155156544096384 -13.475901783040653
-4.108666784363076 -12.556427917715306
-3.4337934506807555 -13.294361507874008
-4.215960895038312 -12.671293221899534
-4.157098908132287 -11.673027091803217
-3.9886112140971006 -10.687323334602958
-3.008157150359624 -10.884071470301034
-3.1532785054891144 -9.894657607306696
-3.9036257275096515 -10.5557015138712
-4.435918822838383 -11.4022616479818
-4.98667388256766 -10.567594729874584
-5.779233722057716 -11.177388876146502
-6.741306067965934 -11.450183306512407
-6.39863365620031 -10.510728348457084
-6.097571090680317 -9.557123958973415
-5.703946531361093 -10.476395249888533
-6.55428232509088 -11.002635725243607
-7.365819869174746 -11.58693600296246
-6.965384578089869 -12.503261042265528
-7.951948730835428 -12.339886709772829
-6.952781038368513 -12.380677913853347
-6.024775339898613 -12.753243912848685
-5.227447993696621 -13.35679101374346
-4.4859844779785245 -12.685797828339195
-3.617947141591958 -12.189298903225641
-3.720057110966448 -11.194525786301817
-4.71994437615942 -11.179510563861943
-5.493675733573276 -11.813024404716671
-5.098804638647668 -12.731760938436894
-5.565294569952362 -11.847234430077002
-4.599322011750986 -11.588589853868863
-5.5530031753544815 -11.287770575583904
-4.778976471909572 -11.920923528948418
-5.701638128258273 -11.535313015730909
-4.7267629926498635 -11.312560978764948
-5.626538237679322 -11.748914629411049
-4.7611919275877295 -12.25008901384312
-5.537635368975574 -12.880275956206892
-5.074461150865975 -13.766543209172138
-4.100263325040275 -13.540847404699663
-5.058667312289246 -13.255432273311586
-4.681086258480063 -14.181408810705674
-4.568533843385399 -15.175054599634686
