0 0
0.34802631693159036 -0.9374847639951447
0.27812689700900184 0.06006928020220381
1.0640410705026362 -0.5582663179173105
0.7864686891914474 -1.5189710452572127
1.6895712517381654 -1.9483959647967657
2.0582441332108403 -1.0188367647096304
1.950481549125126 -2.013013421783799
2.771448107144887 -1.4420371432807544
3.039501780481082 -2.405441123037415
2.195244994521659 -2.9413799995536323
1.4133761258176567 -2.317937081435603
2.3428031019415636 -1.9489309892729259
3.208767518843743 -2.449036606777137
4.207276596692439 -2.503622515707432
3.5555131920830885 -3.262044867970357
3.4488869332281418 -2.2677456972362173
4.429204543142707 -2.0703187900239683
5.390028138414852 -2.3474794271431483
6.204704681226808 -2.927395050826422
7.204222303304625 -2.9584518239348183
8.145368332229422 -3.2964520491404885
7.393486348320099 -3.9557497681359215
8.202995243114014 -4.542857381141862
9.063176530296877 -5.052845766480619
9.376950188324306 -4.103347956305111
8.68595822025165 -3.3804855212186853
9.476965602371727 -3.9922921258181607
9.892074023625591 -4.902064074497677
10.73314267603871 -5.442992463406947
11.6805348206618 -5.763067648803226
12.657862391953113 -5.55133475482163
12.951988545103186 -6.507101361286377
11.961087803618232 -6.372506708626731
12.856761227050182 -6.817219108451259
13.755805320275677 -6.379361005367225
13.150403619549895 -5.58344092096281
13.680047351864518 -4.735220715579894
14.344935421287495 -3.988277708959586
15.32478416216883 -3.7885367642505394
16.066987206761844 -3.11836168220342
15.147887177376418 -2.7243373987084696
16.139827256769077 -2.8510452472991625
17.021965196816424 -2.3800541064811784
16.172841215994364 -1.8518605196279312
16.30780767498649 -0.8610103518693911
16.380310515237642 0.13635785403829448
15.635722010873518 0.803881605802078
15.628651124108092 1.8038566067697774
16.253346502914134 1.0229880623281553
17.20468318499709 0.7148346633149545
17.448469235020223 -0.2549943741004649
18.425324387846665 -0.041092503149257525
18.304765507416395 0.9516136751076322
18.719322677543413 1.861636945522339
18.880907300744656 0.8747780855302365
18.950466114803714 -0.12279976676335635
19.41540900751393 -1.0081404393398832
20.054230804479147 -1.7774951765854086
20.659495153995344 -2.5735197159086223
20.840847150610717 -1.5901014664726978
20.156845765268784 -2.3195821755050328
19.797217032338146 -3.252677655319775
20.407099793139473 -4.045169307059622
21.2004988036996 -4.653871212791988
22.194283505802982 -4.765190419873657
23.036122487929028 -5.304919174131739
23.768296166017205 -5.986037155919645
23.37339516682795 -5.067313475567752
22.539751327535235 -4.515011068177289
21.618136870994917 -4.126904390193135
20.6939796949739 -4.508916842881341
21.527718370086763 -5.061076078628648
22.495229797382127 -5.313903367608473
22.813927609301018 -4.366046994164632
22.4957045724002 -3.4180311194106174
22.67766915856472 -2.4347260348198914
21.84736084671577 -2.992030356779223
20.861428750478954 -3.159176704660581
20.330609221070798 -2.3116918214922118
20.826543184548957 -1.44333158295705
20.142717364452874 -2.1729768719639204
19.65853915136159 -1.2980074679458533
19.041712770086583 -2.0851067090604527
18.11523536359894 -2.46145709801725
18.132032150950824 -3.4613160220333614
17.15354942533117 -3.2549872657633383
16.70811843181086 -2.3596709920301357
17.2442359891625 -1.515527660184583
16.952643682541265 -2.4720703548507994
16.743270657146113 -3.4499061980458015
16.373258084357147 -4.378932944688809
15.40239601570305 -4.618571930767223
16.279366847929882 -5.099115539010406
17.078096212534266 -4.497425085273038
16.577410467133475 -5.363054211603971
16.527121555160825 -4.364319499414289
17.433931007633504 -3.9427787339998424
18.354196629719024 -3.551484490740947
19.224004693097147 -3.0580942467328223
20.18851682022704 -2.7940556953442663
21.134182839729014 -3.119195326209667
22.129094842952142 -3.2199430598940735
22.495873006490157 -4.150251491948562
21.856132985150946 -3.381660114754602
22.11568074213887 -4.347390388610888
21.55169134734536 -3.5216083577089967
20.993936854549922 -4.351614337064869
20.00269196902737 -4.483650608314036
20.700510219916012 -3.7673757387794984
20.529314567434596 -4.752612790747938
21.266448141300287 -4.076865726914144
22.066473308477054 -4.676832169212199
22.899312787718426 -5.230346759640456
22.656900805561857 -4.2601733571463845
23.61269150332517 -3.96612550037963
24.241059187224042 -4.744041982935159
24.940145395909603 -4.029004590328557
25.712133907211733 -4.664641073247466
24.833061612725682 -4.1879525994335625
23.881012507603067 -3.8820073405469007
23.44408435101116 -2.9825109336740336
24.092577591776873 -2.2212905209937226
25.03930622895407 -2.5433229534420807
25.786277101500893 -1.8784661902466988
24.84730054656044 -1.5344850435654378
24.69433509201841 -0.5462535070737357
25.121895111520452 -1.4502404703223286
24.223935416129983 -1.0101627664400996
23.305964915998477 -1.4068114282156174
23.55636503771352 -0.43866899084129607
23.877617478429944 -1.385662586032805
24.822730447083554 -1.0589188386056254
25.777811626169363 -1.3552631339042847
26.385491308213407 -0.5610809104625543
27.382661950724966 -0.4859097077777421
27.724246658959224 0.45394128418881285
28.059718200492377 1.3959916251055655
27.08856629843694 1.6344533267142571
26.130665291201225 1.921552021132747
26.817684452922816 2.6481913205291976
27.647323417841836 2.089891053747876
26.657661110568867 1.9464737690045784
25.835700440064045 2.5160180220203228
25.973703912419637 3.5064497670779007
26.191864167781155 4.482362725789177
26.76685468172713 5.30052280112416
25.848846472243174 4.903961422116993
24.866168059726892 5.089280437802058
24.121736886162704 4.42158123320028
24.957269529069606 4.971022042238896
25.666130531099906 5.676370239798514
24.891679950396135 5.043735828746134
24.01013520583339 5.5158363088706555
24.934230810042617 5.133674936828452
25.257717915721173 6.079907515246523
25.228714998572464 7.079486842162034
24.2312318986534 7.150391463843955
23.646128563894177 7.961350209806803
24.6207653206451 8.185142954081599
24.261373065844257 9.118329541634788
24.433128845069135 10.103469101444897
24.5503925803666 9.110368292672653
23.59667518742042 8.809663895644709
23.456926336496124 9.79985087731299
24.20948686621349 10.458373958997692
23.84057649654512 9.528908984320783
23.180830694648982 8.777420144163841
23.39569953667242 7.8007772305421295
23.802013920693334 6.887043887964709
22.918389455528416 7.355240219178458
23.79169773900237 7.842408200490628
23.168158111218283 7.06061645546969
24.164106560990103 7.150542455031034
25.16275633891967 7.0985942015355965
25.466742258952376 6.145917676989164
24.691930391081865 5.513725799939949
24.149548035109927 4.673594036506183
24.711793633574406 5.500564342507143
24.11565375546048 6.303444934950576
23.861725009539615 5.336222007185185
23.942929509676116 6.332919468382705
24.492231258035396 5.497295396655807
24.25945852965399 4.524764236783859
23.264403085145602 4.4254432301729185
23.960013574471045 5.143862360723057
23.019005372447207 5.482246112880081
22.162087550017993 5.997699161763463
22.529723229735115 6.927669057512206
22.869955583682316 7.868010455796652
23.101268808813266 8.840889786381652
23.008980307105155 9.836622096017365
22.018946999707094 9.695788682927791
21.711830685583625 10.647460669275617
22.26076737511307 9.81159673843014
22.88959202265636 10.58914388339439
23.87098279292121 10.397122644884263
22.89997385944555 10.636165844140082
23.683321033759174 11.257750274845083
23.285914285416062 12.175392839448183
23.58742781111923 13.128854738958617
23.27617383161219 12.178527973976681
22.276774842769054 12.213192957740086
21.725345468879357 11.378971377096418
22.652877858235602 11.005228595634225
23.066153737329262 10.09462272712724
22.31814300868161 9.430936091863272
21.41104857474564 9.010008915356
20.81620441426827 8.206167870903817
21.688524284212285 8.69510349499032
20.696092075257557 8.572309722227846
21.63219885887396 8.924025644055895
21.151573038109536 8.047099865888482
20.15173013684542 8.064824785966064
19.86276093132419 7.1074863932018175
19.113537296338112 7.769803496090041
19.215482418387406 6.775013471969194
18.43013758006062 7.394072019211276
19.4233961005348 7.278151738391019
20.306768995551636 6.809480928173896
19.582777596396205 7.499289926338578
19.537135783994472 8.498247795800893
19.88138865800674 9.437124762572521
20.731974083256414 8.911287873078424
21.52650553251383 8.304064869445567
21.316885189724307 9.281847724628046
22.299756362998068 9.097553783470284
23.090568960993892 8.48549542444633
22.5538616059149 9.329263884987558
22.215901268006377 10.27042423795657
22.62488546488172 11.182965703702774
23.147262809406623 10.33025126737188
22.207535467114138 9.988326535672195
21.73887708138353 10.871706022350702
21.267503013306516 9.989772641678146
20.276262207243462 10.12183953531719
21.27624445686011 10.11588130977343
21.839427082410236 9.289548852297346
22.773662236538296 9.646206498775475
23.77257350045177 9.692857188232203
23.69047623999069 8.696232865919736
24.64051261213063 9.008372084236148
24.0291183318091 9.799698207898269
23.06023718883849 10.047224632338077
22.171498591596173 9.588810293806043
21.800510494337594 10.517447915105365
21.70959664308357 9.521589154210949
20.74890252922724 9.799198267176997
21.744675713159992 9.707351840134729
22.280405658677072 8.862962459886337
23.15821270765449 8.383948070994357
22.433243462746745 7.695166832909365
22.861203285540043 8.598964592407988
23.053110896293262 7.617551596297283
22.853943742120684 6.637586063893823
22.530751351507195 5.691252782935398
23.52880128171677 5.7536734270258085
22.622779852624966 5.330441611082768
22.151235938059937 6.212284191499868
21.15134025682574 6.226728105415508
20.329308751042905 5.657286094759109
20.806654609162678 6.5360015957808555
21.172617035274605 5.6053719687679004
20.212522826835016 5.885048766019221
21.209618847520733 5.96120338198377
20.408119502281327 5.363207730176163
20.743863756789104 4.421254548980294
19.759960277224454 4.242553841369572
20.729523858624567 4.487393506502869
21.72874098462678 4.447831718071626
21.283714568978404 3.5523142758209683
21.717730492866405 2.651409076695308
20.92399549941346 2.0431453508590103
21.495525963628374 2.8637261990843927
21.797484946942912 3.8170471169266746
22.79723420400588 3.8394395933875356
22.866577182605592 4.83703247193014
23.865375340146198 4.886045128392475
24.31238319320963 5.780575161035102
24.009154849606386 6.733493085956043
24.316325362232178 5.781838591838977
25.268616026953936 5.476646046248836
25.972623755142074 4.766453735215142
26.815596318742138 5.304410292027622
25.97261158895426 5.842347784069638
25.857999290797334 6.835758082542121
26.853308531728157 6.739013496555561
26.624374539248393 5.765571548061828
27.615145582216343 5.901117630322445
27.761462802701033 6.890355352505356
27.031004446042235 7.573312590688924
27.82469054421716 6.964985065778315
28.783646436754566 7.248540344635511
27.98253344283785 7.847053478140358
27.02281767577395 8.12802615732635
28.013596040295987 8.263518712085041
28.87716175777424 8.767755017398603
28.08895875778245 8.152339685444693
28.272543303847627 9.13534360936669
28.38133789930327 8.141279357922325
28.237884410567172 9.13093641800397
27.834070161842522 8.216095419509179
28.679201690790585 7.681537004761165
29.518567654672495 7.137970285142875
30.51781464256767 7.176770506565153
29.621604555324733 6.733140616314275
28.90991292540876 6.030648606461104
28.484221057123595 5.1257804208805275
28.695196243314367 6.10327183813787
27.71874157507156 6.318994532509219
27.626430455746824 7.3147247455935736
27.426576233614927 8.294550388193345
27.718905130008526 9.250868230928333
28.41449355787992 9.969308721860884
29.010128059822623 10.772564310136163
29.096336155817312 9.776287157841196
28.471417021196807 8.995597670794549
27.482961123658097 9.147106543871159
26.623924053008295 8.635193161305894
27.406589120947388 8.012750078423693
28.2963932722272 8.469092682576775
29.128399301394545 7.914326094335211
29.415015925777027 6.956280734956235
30.195052414375375 6.330546704832287
30.167625467447664 5.330922894300432
30.925579846881483 4.678615329805666
30.113147379714505 5.261670632751258
31.020101040323457 4.84044022370174
30.260575128937145 4.189963175734025
30.691583104981802 5.092311292918235
30.781611955681495 6.088250450719399
29.788268456006737 5.973060643644703
30.718894512919228 5.607089139022402
30.243333964943286 4.727406147707449
30.820456278494515 5.5440638698905405
31.15041399116216 6.488059583785013
31.623384979662266 7.369137584893447
31.91638355096327 6.413024705984492
32.916188336609224 6.39326640141541
31.920430644923055 6.301252166387184
30.975749645133156 5.973261604577915
31.5493145517616 5.154101487211166
31.45348258091753 6.149499012506533
32.26085678654785 6.73953875022156
31.261058542640864 6.719452150695741
32.17611929949147 6.316136131584169
32.90364452114208 7.002217068400102
32.6025719703952 6.0486158314111975
32.2785733477331 6.994673383842898
31.36128114282793 6.596458604081761
32.35547057695038 6.48881396148735
32.613704722821566 7.454896321281886
31.716103258615473 7.0140884136224635
31.142059572019626 6.195263740154785
31.954283356578237 6.778609712796482
32.2738839584821 7.726162062412422
31.662305350294222 6.93497838841063
31.226411069957226 7.834976264168953
31.039330705074647 8.817320876347083
30.066303651652195 9.048011910650585
29.56235521011317 8.18427817374413
30.153158487430055 7.377462527198013
29.187030397939274 7.635525532483341
28.665701323703583 6.7821698057453315
27.92464017489757 6.110732263057772
28.3575509214441 5.209295473524238
29.327514207957964 5.452546830797373
29.50155234799174 6.437285743308493
28.63801503838988 5.933000789214498
28.804256503111624 6.919085864351105
29.736333545011412 6.5568257534316965
30.09551167236165 7.4900947783292215
31.087395999198847 7.362951228847859
30.492747927202906 6.558965115490475
31.174172568773095 5.827076833127013
31.73274465624613 4.997620852923109
31.766541094359127 5.997049590137962
31.54663821258387 5.021527820730976
30.566072898313614 5.217720747336591
30.778620053817964 6.194871557952337
31.641387833195715 6.700471952401932
31.953607124005185 7.650482012583629
31.09401297831361 7.139504611231306
30.487783202458807 6.344215067186474
31.02640578157533 7.186762227448655
30.987200197771397 8.185993392994742
30.248517821058027 8.860047060244678
30.659396340279404 9.771737162440841
31.5269499981238 9.274393568171439
30.61422351117117 8.865822448272944
30.559752637323562 7.867307088399958
30.344862666130943 6.890668823595207
30.645223308080126 7.844494533443643
29.7524498892368 8.295000496341803
30.664561848679508 7.885059313436764
29.676238844944912 7.732685955237162
29.993168955127228 6.784237060852322
29.013962068416085 6.581372887037749
28.949602311569755 5.583446125346952
28.21038481296836 4.909979355742468
28.093314995397662 5.903103042809676
28.897166736020306 5.308273336845065
28.71299910476064 4.3253784881475035
28.957456060709454 3.3557183432058646
28.994695732387793 2.3564119803454604
29.990920654271378 2.443221570933384
29.28920942325868 3.155683042362292
30.241032407155977 2.8490350237402216
29.3354074306543 3.273114499707095
28.33834754332947 3.3497407425211305
28.662091921701307 2.403596156597483
29.410974545516204 3.0662988167310585
28.414140746957848 3.145812199577724
27.44354166376511 2.9051102683320105
27.30507258449217 1.9147435109712314
26.333311319080273 1.678777320500921
25.700392957120684 2.4529958601228996
25.41056738110223 3.4100753424468966
25.725224449089193 4.35928076255671
26.725209536496767 4.353819539024366
26.68537132078851 3.3546133958441002
26.542783361634854 2.3648312612789244
27.45795720655349 1.961771918778549
28.457946911813014 1.9572343671292272
27.522563140061553 1.6036000934169508
26.891421322158592 0.8279326352274601
27.82761981220553 0.4764608906535376
27.70117057244738 1.4684339698066902
27.00371491647334 0.751806027322016
26.068405676167167 0.3979746762550276
26.728685516947202 -0.3530449851783396
25.733864349691245 -0.25140421983542494
26.416585397889765 0.4792748960196216
25.514309035006477 0.04811672900650943
25.165401357975803 -0.8890403725026553
25.973675078949373 -1.477847295002333
25.424276015512866 -0.6422872019539109
26.29004700962484 -0.14184681014448963
26.61427778179888 -1.0878248259437073
26.11403773766576 -0.22193805606805228
25.967867738914116 -1.2111975424845047
25.017523056606077 -0.8999982738336374
25.524920122584824 -0.038285898712936195
25.13663656758097 -0.9598258495091955
25.97420314815803 -0.41349058330312494
26.971134945543216 -0.49176568382901953
26.63340221930344 -1.4330077385772388
27.633394256789433 -1.4369983481313073
26.64059583184986 -1.5567952071782127
27.020028488673177 -0.6315758499790677
26.020753494838686 -0.6696479749142755
25.726468293410495 -1.625365621617719
26.62246050896447 -2.0694353792759923
26.394578659807 -3.0431241708436945
25.461392965856607 -3.4025187459367556
24.564796225909596 -3.845366672336319
24.337841487279615 -2.871461365536219
25.295738025672204 -2.5843477613035146
25.79243883190246 -3.452269594817464
24.86846570171348 -3.0698122054408445
23.91207895579897 -2.7777088123776057
24.07221593191281 -1.790614009999883
24.116184343689167 -2.789646931762657
24.806634589697477 -2.0662670469254683
25.75560908653719 -2.3816198721035717
25.049265580796618 -1.6737506384889758
25.434556071183 -0.7509552993060004
25.8351721624639 0.1652907088199913
25.322068158652883 -0.6930357333179087
26.23909329235892 -1.0918651506775383
26.120850436284066 -0.09888044435660936
25.675917765010812 -0.9944444666540923
24.937949376564877 -0.3196091847856145
24.020876505133803 -0.718328821228523
23.25943492091685 -0.07009528782780983
23.154597031636758 -1.064584612542407
23.116243993222568 -0.06532036098309113
23.05599823355809 -1.0635039355035547
22.056027298576577 -1.0558796852322092
22.58333878433644 -0.2062076326226603
22.1666969177314 0.7028630769439108
22.432005732894844 1.6670265654646954
22.613655865431546 0.6836633419560073
21.682219501748687 0.3197590957465814
22.682197197285426 0.3130801415593235
23.603315864217354 -0.07620176327257139
23.315079037346212 0.881357389801146
22.777462270203472 1.7245466993200642
23.28329364509715 0.8619143209727339
23.911991662667095 1.639563858170321
24.434289296774054 0.786800595942008
23.807823997285436 1.5662499070178697
24.45934319857572 2.3248820513078865
23.74786885319751 3.0275941231187
22.76474374837037 2.844659631404791
22.165083883505524 2.0444046429978
21.21985263871395 1.718003212440622
20.64343925862714 0.9008449564969512
19.770051986314424 0.4138185993435073
19.270705896551522 -0.4525840106701624
18.27487456512816 -0.543797821880847
