0 0
0.42047779294825594 -0.9073028301715825
-0.5748343283769823 -1.0040177780496335
-0.764601168348311 -1.9858469619952404
-1.7644300434567879 -1.967347759328151
-1.9028336904028915 -0.9769718556875089
-2.590154743988181 -0.2506181062661904
-1.9493242023084134 -1.0183004734275156
-2.6516311900524663 -1.7301746863091698
-3.4563510919707245 -2.3238293666214442
-2.459904689259972 -2.23960011680405
-3.2507114919273024 -2.851665963633518
-2.7709930595970556 -3.729088453476701
-1.7736900740154518 -3.8024829692801267
-1.3424597136425156 -4.704724830585967
-1.7845988600910254 -3.80777835772497
-1.081153443527834 -3.0970290728739487
-0.08150203153319835 -3.123430862531682
-0.40536075429590457 -4.0695363152643615
-0.01038003501792284 -3.1508469056167656
0.9589244211640172 -3.396710427160392
1.9588461406751905 -3.3841982391095904
1.0726292087406506 -3.8474687319671985
1.6316735511946359 -4.676606490828892
1.8457964138877538 -5.65341322691956
2.1293018815661067 -6.612383846801357
1.1546425059278425 -6.836078061032367
0.5979021505512027 -7.666764630500715
0.7389620412532787 -8.656765694760304
1.7388223157581366 -8.64004949103248
0.7580700883332072 -8.835305908087182
1.0521517492141643 -9.79108620540111
0.19995248444226366 -10.314303572393293
-0.7975714226660618 -10.384631765511989
-1.7929057026315345 -10.481118402543313
-2.7334005303842295 -10.141310399443874
-2.57164947273319 -11.128141993662853
-2.107875810476885 -12.01409571152704
-1.8373195312412287 -11.05139155148297
-1.412291665101098 -10.146211286008535
-2.1985089368018786 -9.52826112484715
-1.3230239628521985 -10.011506466664667
-0.37249290115439126 -9.70087694336136
-1.33826372346445 -9.441480106883825
-1.80118689146 -8.555081697288589
-2.0674657935937972 -7.591185672668495
-1.234595291997114 -7.037717762514628
-2.2287751119961685 -6.929984362370351
-2.9819294691497453 -6.272140525049834
-2.9112824874902956 -5.274639144608479
-3.817583783956316 -4.852006964073191
-4.775959314181043 -4.566496293403123
-4.98875784547618 -3.5894001952230963
-4.696001668882457 -2.63321306862798
-5.630390758444798 -2.2769589047128624
-6.6122103042536455 -2.087142205058413
-5.614790619604191 -2.0153510309923535
-4.764989016598811 -1.4882483507397428
-3.7704795695915894 -1.5928951844873045
-3.752622472131597 -0.5930546351644116
-3.5591169112024224 -1.5741538135808884
-3.5112710131872586 -2.5730085427798457
-2.5113239605655835 -2.5627181611919276
-1.7684385332292818 -1.8932995762606752
-0.9627293957477158 -2.4856109688395374
-0.5007716028571905 -1.5987090590503463
-1.4426329221385248 -1.9347109269642386
-0.44263378873182824 -1.9333944217967998
-0.6059877133333684 -0.9468268897356265
-0.6230145066693141 -1.9466819233823522
-1.6199350428251758 -1.868263528915814
-0.7277532037628308 -2.3199399241893905
-1.2023205613100876 -3.2001591145906305
-1.6874019247982817 -2.3256900923854786
-0.6874621085324555 -2.314719046570886
0.10014024551681533 -1.6985352007131362
-0.5348881341244256 -0.9260463936419787
-0.5201885753107326 -1.9259383492905293
-0.424739999311188 -0.9305039871452098
-0.2576624773326034 0.05543977476491846
-1.2321297162391787 0.2799695061988544
-1.28143231478911 -0.718814381224358
-0.40477615059968053 -0.23769696334315515
-0.6010647799978324 0.7428491977165855
-1.128578992048972 1.5923954036901424
-2.116236426149999 1.7490248800506767
-2.6216687174271875 2.6118911494889314
-2.887672951681331 1.6479192892363268
-3.5971818790127275 0.9432228425040825
-2.633219394580677 1.2092610514282687
-2.4572186358463863 2.1936510823230124
-3.3802876119509753 2.578285539117026
-2.3818997370001522 2.635045129946944
-2.2697678523453253 1.6413517967481366
-3.057728851259748 2.2570769498723084
-4.004863725413354 2.57791262457516
-4.108378150678029 3.5725405770086938
-5.019354667692834 3.9849987996780634
-5.934744051490979 3.582429208141826
-5.349176972818831 2.771805253169259
-4.91774017984913 3.673948420117842
-4.5091374193310125 4.586660742866349
-3.514642829662401 4.481872808828791
-2.560264657649116 4.183272231494149
-1.9170292115573875 3.4176037909200483
-0.9877060374058512 3.7868712251529
-0.022990778031921955 3.523575823880693
-0.48328257504294964 2.6358081394021697
-0.14451715106206053 1.6949372728561551
-1.1307769377453383 1.5297354775527876
-0.19876952812722148 1.167296257245537
0.5727105684761421 0.531042801031062
0.7281846075756196 -0.4567971774908107
0.9666444022007599 -1.4279495477949438
1.2146442807422877 -2.396709611094101
1.4122952757443126 -3.3769820651469065
1.8956509695539845 -2.501558011752341
0.8956513141353232 -2.5023881699051
-0.023043644974219513 -2.897355981386891
0.580932568467895 -3.6943583236645816
1.319519277983443 -4.368516815806448
0.4037737459951408 -3.966758031654239
0.27925157714614535 -4.95897485748675
0.9565964153762713 -4.223309192851649
1.7005537666704025 -4.891536294558412
2.302956968704278 -4.093344348859049
1.5817708618664108 -3.400602983482302
1.6042098931648823 -2.400854770243395
1.301874684252009 -1.4476531014179521
1.8706969959058874 -0.6251926599590707
2.7487041531424015 -0.146545157258539
3.433829909719916 -0.8749699630374801
3.2889479434446227 0.11447898251160926
2.6002806636817186 0.8395564802895791
2.732535530090208 -0.15165926328558865
2.274631601132776 -1.040660945986666
1.7514374180450307 -0.18844744762892063
0.7640332353923217 -0.34666558843437867
-0.015299493470680492 0.27994473523013474
0.4696076116504288 -0.5946209280582575
-0.05117149456563791 -1.4483123960540403
-1.0371932374708177 -1.2816957026579954
-0.06232690460523782 -1.0589051439594357
-1.059376511494221 -1.135665038452092
-1.7011186824562798 -0.36874458233626795
-2.194804749305724 -1.238384776553811
-2.9471902321603123 -1.8971078482536476
-3.87323719567131 -2.2745161435679675
-4.737462474968844 -2.777621169008084
-5.353377797339706 -3.5654335297062363
-4.362177202581195 -3.697801882987425
-4.484975997207514 -2.705370295401498
-4.474625697168369 -1.7054238611915953
-5.11686261085836 -0.9389176663738659
-5.501950167979315 -1.8617977091479063
-5.331051746366085 -2.8470863620258875
-5.492577963943539 -3.8339547833643763
-4.734145120352217 -3.1822035871537513
-3.7546125377527657 -3.3834892538715997
-4.726710687684172 -3.6180637343675337
-5.599040965934974 -4.106980788321349
-5.044839764487185 -3.2745980468413087
-4.523419976658613 -4.127898348529294
-5.507578053386127 -4.305191552042572
-6.498732342836529 -4.437906187648702
-5.772070892128028 -5.1249019198437535
-6.352470712218365 -4.310570262078255
-5.667646047029022 -5.039278144530686
-5.697861753809653 -6.038821545821368
-4.958252386753733 -5.365785154410665
-5.0832490521680125 -4.373627992648825
-5.873735596630882 -4.986107398852129
-5.009545608388252 -5.489273041778195
-4.678990728473665 -4.5454862695861635
-3.864964942553513 -3.9646575341941563
-4.850440833728217 -4.134472927823307
-4.117554246385503 -3.45412209913773
-3.1790552769357934 -3.1088400631992346
-2.409528206724344 -3.7474542567557068
-1.5023718437710425 -4.168247951044651
-0.5348891337617263 -4.421185108917964
-0.3332113642111684 -5.400637035900147
-0.6135760270582162 -6.36053060074297
-0.3173068533756607 -5.40542611602653
-1.2750492156393405 -5.693053596503598
-1.4283191559735309 -6.681237954500604
-1.7914332333672416 -7.612982644208313
-2.736791632799309 -7.939015612822285
-1.752323947877452 -8.114581490328703
-0.772872975236362 -7.912899086057972
-0.3884517503880629 -8.836056885075092
-1.377264772045653 -8.985217229001975
-2.1552796785061212 -9.613463045005002
-2.779968904130345 -10.394336511956599
-2.6519444045906053 -11.386107517540852
-1.7931474460041414 -10.87379141987981
-2.1929794997115755 -11.790379838325132
-1.4171921209864435 -11.159385430258952
-2.067720366169038 -10.399903368443367
-2.7026005565002715 -9.627292765406509
-2.444144186346916 -10.593315697187712
-2.353840123273199 -11.589229938572169
-1.3591638697852584 -11.692279202262862
-1.6300524243730559 -10.729668486036758
-1.181128190729211 -11.623238311202808
-0.2981509733853177 -12.092654154194536
0.7007815384587001 -12.13884762538908
0.5776999654284828 -13.13124418240669
1.5165751434122883 -12.786986429892853
2.4817198057484537 -12.525269443886959
2.4452799305909028 -11.525933596687178
1.7120568388155866 -12.205921756648399
2.684543017864032 -11.972961177236872
2.9438035499470563 -11.007153755177988
1.9541948914343221 -10.863366749518136
0.9968451350268992 -10.574435193770675
1.5913288463207111 -11.378542846393342
2.3729975585202587 -10.754848991711174
3.2365222031623926 -10.25054235077168
2.2375962048075184 -10.204208240110983
1.274135495434943 -10.472057939560681
1.3961975721713045 -11.464580407529445
1.0390843649329526 -12.398641517530251
1.3703322863151453 -13.342185270930154
0.7328298220204217 -14.112633587183849
0.39936776834476473 -15.055397109366593
-0.44761665291952124 -14.523779398849344
-0.8311399809502036 -15.447310587741343
-1.0263024923159227 -16.428081506028292
-0.2914634693611863 -17.106323063545176
-0.5834845527330067 -18.062734944936423
-0.48152174706262557 -17.067946733174832
-1.2377772910339646 -16.413670375499716
-2.1898634225339646 -16.10784036028642
-1.48987903474216 -16.821998505831044
-2.471413576901039 -16.630713528509354
-1.5156568372555372 -16.92487174209891
-0.9740060134796977 -17.765475325902212
-1.849262019160729 -17.281815399384328
-2.3908579822950435 -18.122454330624496
-2.9778765837377583 -17.31288088642055
-3.9355306403888948 -17.600802243356124
-3.1957311542234987 -18.2736296508459
-2.455579309396078 -17.60118987912016
-2.94421636128116 -16.728702726478325
-3.927509008450887 -16.910734509477752
-3.7901838202034845 -17.901260527648308
-3.6055881170100257 -16.91844598442944
-3.687405442071383 -15.921798641925681
-2.8297106540362833 -15.40763947340155
-3.1002111000987735 -16.370359322932032
-3.890278642038363 -15.757339519684587
-3.1844150935769564 -15.048991687787382
-3.7822146156771956 -14.24734604825784
-2.783143990757448 -14.204242841619994
-1.7831558320712069 -14.209109307206093
-2.769026678810976 -14.041602072888853
-3.7507106534570562 -13.851085475388597
-3.3602134846325296 -12.9304813470359
-2.629283499356156 -13.612933804445118
-2.5776030350717924 -12.614270132525812
-2.217709113751547 -13.547263361545582
-1.313482273893562 -13.974315843192091
-1.9990686497823522 -14.702307135170006
-1.203528905274978 -15.308208542091249
-0.3966920902212705 -14.717434174101244
-1.382488310931149 -14.8853800321452
-0.8196995613766247 -15.711980796344493
0.023577124194376076 -15.174501092939437
-0.25963133148249645 -14.21544271586684
0.7390626334598984 -14.266534441103309
0.20573369923128482 -15.112442384034791
-0.6447627984268793 -14.586461673864545
-0.6773567490779895 -15.585930349902444
-1.0374245061754368 -14.653004195108393
-0.2634832220747907 -14.019746831341777
0.6185839546003961 -13.548623178961359
1.2977703643374026 -14.282588996168506
0.6121728158880223 -15.010569766216864
-0.325900333473245 -15.3570070137054
0.2509500804956113 -14.540157211168877
-0.29295575322807943 -13.70101095214049
0.6989804662066372 -13.574272889296047
1.6250180059262007 -13.196841471644921
2.5631135948094768 -12.850464991326556
2.669017104719532 -11.856088580409276
1.7193261634009482 -12.169277207242088
2.4287833927168117 -11.46452871325898
2.4203632076307224 -10.464564163645788
3.1689130522416535 -11.127642688507626
2.965767214331577 -10.148494196939666
3.380763140451145 -9.23867092767021
4.380293678977366 -9.269309180777762
5.370838817592262 -9.132121978873228
4.569359785500066 -9.730144855623404
3.578591069236722 -9.86570794379229
4.57152985330378 -9.984335811915392
5.468235112707153 -9.541707663512776
5.569824571272781 -8.546881255586076
5.755629998265835 -9.529467813249028
5.208533918621189 -8.69239799558896
5.571419754076109 -9.624231602208825
6.466693471286255 -10.069748124094072
7.340320410804624 -10.556344435781458
7.943426973319474 -11.35400506176943
7.021142807737051 -10.9674925549654
6.085786203891971 -10.613786428861545
5.9107746627515 -9.62922004691077
6.8924112519425105 -9.819980647563629
7.889610224197402 -9.89477509744989
8.577708743750083 -10.620392370803692
7.635474511625571 -10.285437669668255
8.252447097990448 -11.07242231225935
8.814236325412104 -10.245141910005689
9.541960307543366 -9.55927180143482
9.330469982851694 -8.581891710292274
8.620332293705463 -7.877828884648105
8.190834593779567 -6.974760932742843
8.332810989662583 -5.984890889246188
8.01162408722481 -6.93190671472242
7.3065621040841 -7.641052397872003
8.293529483208665 -7.801972851960312
7.450787381993213 -8.340290370567095
8.43879250967295 -8.494711443217637
7.884245198128471 -9.32686364039
8.76027423113121 -8.844605272565982
9.377997524734077 -9.63100080443301
10.326332523690647 -9.94827155592776
10.161391730849456 -8.961968085966857
9.808073510436552 -8.026464887081756
10.799069777855722 -8.160354386151973
10.056723782809788 -8.830371120002152
9.071925198396679 -9.00407128735364
10.021158987007139 -8.689499809688812
10.60172972107621 -9.503709624627504
9.63579908300657 -9.762510711252691
9.980841428487874 -10.701097830184525
10.117472561066108 -11.69171982348489
10.311837826697383 -10.710790598965565
10.126017345550803 -9.728206888136581
9.220060309603003 -9.304837251746964
10.124491543562126 -8.878217815903756
11.013223169686977 -8.419789962555514
10.95988386976354 -7.421213516266259
11.937509329755938 -7.631566695407088
11.204571906916321 -6.951270631769189
11.600059108384903 -6.032799144201638
12.438843442409368 -5.488335333654844
11.839298180487459 -4.687994481950404
10.881023555508047 -4.402145320467344
11.72486770923173 -4.938733658233234
10.956000855486778 -4.29932474273992
10.898098746236764 -5.297647008215552
11.851113731782604 -5.6005701623736055
11.816331342496813 -6.599965072004213
11.108683588769425 -7.306530466461501
10.961540654190935 -8.295645705856604
10.038768889670274 -7.910298757505607
10.823474254901084 -7.290429827990679
10.701897426589221 -8.283011852217205
11.643607983597082 -8.619436029142623
11.249170441968918 -7.700513276266011
11.857257901363456 -6.906643235436219
11.266606972369242 -6.099716051560082
11.464810032219544 -7.079877031739347
10.685230745386137 -6.453573482699174
9.961981932432561 -7.144161025709648
8.97503318295868 -7.305195698721208
8.177988072501314 -6.701275925989758
8.985276214370643 -6.111118441925405
9.183725361612828 -7.091229627433891
9.101846323580158 -6.094587353029055
8.290851735265967 -5.509533699314204
8.332130069360568 -4.510386012966298
7.414273212508804 -4.113474448092962
6.428246469385368 -3.946887348216085
6.51291934668503 -2.950478544637054
7.211094420542918 -3.6664056123216984
6.778634659220788 -4.568058846573762
6.861946418535833 -5.564582379040423
7.582569510314448 -6.257909401155839
8.477993921263163 -5.812695829622867
7.664878016940304 -6.394797647295016
8.630507897374091 -6.654718662246539
9.45357872848315 -7.222657397478998
8.491725756379177 -6.949090476864032
8.092343725373098 -6.032305882038475
7.145142121050453 -6.352944496008483
6.165985113401192 -6.556049282686058
5.167837498689468 -6.495210649850525
4.330288251887969 -7.041572488911637
3.801565175043481 -6.192778103908945
4.377501514969357 -7.010272649672271
4.256354799653888 -8.002907261887799
5.255982253813974 -7.975613436772469
6.2559387657997485 -7.966287444211701
6.62137463780981 -8.89712396232229
6.277700312692852 -7.958035064370981
6.5521200124281735 -8.919645083244108
7.3646835550907435 -8.336772464968336
8.346458900452596 -8.146727282867825
7.370717133531271 -8.36565193722464
6.655469885521497 -7.666780436722263
7.2186530854005015 -8.49311250276717
6.313325267715063 -8.068399019904993
5.313354562688162 -8.060744668985249
6.209108853691362 -8.505294160211317
5.49268175708498 -7.807632196758995
5.958503632813436 -8.692510708246772
5.710854468669668 -7.723660930676021
4.745883038953494 -7.986015918872404
3.877358219761116 -8.481661597202043
3.2764874324143136 -7.682315428816135
2.4033348503009258 -8.169762419112232
3.2102168349253604 -7.579049745396377
3.8490098803934707 -8.348428355094864
4.848562393385112 -8.378341124476746
5.64641531976565 -8.98119326875925
6.043654152720126 -8.063478002681059
7.026582662290257 -7.879490108855833
7.454422228463302 -8.783344801611733
7.7116714154987145 -7.816999699813406
6.86281223841312 -7.288380652220938
7.253080337305095 -8.20908191266715
8.191459627848985 -8.554689069824441
8.751638106272255 -9.383061010628444
9.66584313078279 -8.977809023391252
8.723908024377138 -9.313603983628264
8.27952497560249 -10.209440858266582
7.284934120574772 -10.313311119146364
7.871416521077027 -11.123273089797525
8.865830853738737 -11.017726251867797
8.538490436261972 -10.072819774439402
7.785196962901235 -10.730504305952891
7.770655059087125 -11.730398566879247
6.875121714676496 -12.175392981505672
5.912002768875282 -11.906316976929347
6.67036202510852 -11.254480158020373
6.915164904551 -10.284907288032423
7.908416837221479 -10.168930573790474
7.809984190166688 -11.164074289036563
8.028884397708376 -12.139821540704846
8.992856192042344 -12.405826013841203
9.798324167078034 -12.998465314927374
9.196246023087943 -13.796902481227544
8.866994701728686 -12.852660156724356
9.55171788234368 -12.123856914464495
10.460182663303812 -11.705895502663044
10.070506077161825 -10.784943735080871
9.259554991724848 -10.19982978290695
8.645636607255014 -10.989199289038236
9.621059508274652 -10.768858271144529
10.257644293811868 -11.540064994936882
10.800550695601611 -12.379858206921663
10.90440809574483 -11.385266008864845
9.904445964034547 -11.393968603042826
10.772421508523221 -11.890575544365227
11.494781421397505 -12.58209282995703
10.56283666217829 -12.219492546223222
11.3495781384454 -11.602209912803938
10.43357306660608 -11.201043228787627
9.578932340335824 -10.681823401546556
9.011675240846655 -11.505364161363055
9.64489210535298 -12.279338581163076
10.437777592300533 -11.669967918439689
10.50708197530374 -12.667563479023508
11.045972563848508 -11.825187711578911
11.097495707960812 -12.823859512332684
10.200350633446702 -13.265595536757987
9.946735862998878 -14.232900839240454
9.057224089951381 -13.775988587697666
9.521331179699583 -12.890209490379688
8.56299539032924 -13.175853525521193
9.428246489033798 -13.67719226947637
9.56694839438264 -14.66752644613221
9.62422386553144 -15.665884858930282
10.609524388295107 -15.836714832417499
9.668086004742499 -16.173899900256885
9.325139944791369 -17.113254998163953
8.751485204908352 -16.294157788176182
7.753696699633274 -16.360626568373533
6.814178495659118 -16.018127598446355
6.183260778872502 -16.793977348491275
6.446212475601881 -17.75878634782075
6.902213812572091 -18.648765437845555
6.7874671549845065 -17.65537064997294
7.611455210988363 -17.08876348132522
6.957821438513227 -17.84557448248728
7.895169561334553 -17.49718031398939
7.475312844968143 -18.404770715945038
6.802932831431111 -19.144976847638056
7.752834880086397 -19.45752460072627
7.401522793438381 -18.521266186732024
7.313546002760983 -17.525143661988153
6.980087344404693 -16.582378938864075
7.504037929443908 -17.434127601579235
6.514903355034575 -17.58114050478187
7.259629658537311 -16.91377049281613
6.401233324258993 -17.42675756214395
6.339557446936116 -18.424853793053803
6.235306300736017 -19.41940479653023
