0 0
-0.9641959668237442 0.26519075692946975
-1.028393006797839 -0.7327464856156536
-0.5739889441594679 0.15804919682659047
0.4192214448248157 0.04171724414939999
0.492997229106492 -0.955557609466003
0.24113985068088567 -1.9233219717632415
-0.2750892085723748 -1.0668714137142121
0.3798994096363563 -0.3112326706517504
-0.19638332813698828 0.5060177231349143
-1.193019749250578 0.5879679770081964
-0.957416803831418 -0.38388142084612975
-0.12369964203404049 0.1683102977847507
0.8313027335321502 0.4649084479187872
1.0904721799084982 -0.500923420506032
0.2782371618829924 0.08240691086128715
-0.1842412244702752 0.9690374664796223
-0.17456780523838522 1.968990677865217
-1.0002241242173873 1.404817262211799
-1.9630824719380806 1.6748243032766132
-2.773415973285041 1.0888553479600571
-3.3216349702276666 1.925190168107599
-2.3470551594487628 2.149230772512595
-3.341926888884574 2.0480861138824986
-3.8769628259173268 2.892915413849944
-2.988119522451516 3.351126699049234
-3.6284144945371573 4.119255821477129
-3.1827733732351695 5.014467523257611
-2.1851057836713728 5.082727179966123
-2.783011187422953 4.281160508899605
-3.3337982473491294 5.115806310792766
-4.33034413287859 5.03276235836814
-4.33599840793727 6.032746372827151
-4.490622200211781 7.0207197949710105
-3.879152055942906 6.229452291109136
-3.621678059231488 5.263167063540459
-2.724781114873777 4.820927455181144
-2.874270911962089 3.8321641869685266
-3.5497741746932068 3.0948071892804228
-2.6219312316408594 3.4677783316332307
-3.5606212594131295 3.8125406146064345
-2.619141636500617 3.4754707114105043
-2.2255531794190544 2.5561839626470104
-1.472920843223943 1.8977429504724281
-2.217229734935062 2.5655784644425714
-1.3102481096210634 2.1444082715955735
-2.3051888769675326 2.0439449973506063
-1.3289377871706534 1.8273028738602617
-1.1506933728728768 2.811289118058646
-0.5070568146686675 3.576620406418817
-0.30800510090185096 2.596631419110034
0.6915445865957573 2.6266384553421176
0.04405286664926211 3.3887109404777047
0.9892554351031979 3.0622264774659365
1.0844893311077408 2.0667715537994775
1.6654623576883918 2.8806943648729346
1.8574636523419426 3.862089037189511
1.3396733752909693 3.0065814516056797
0.8183929913493032 2.153195981072211
0.948136552145953 3.144743563607616
1.9481226679313075 3.1500131211335956
2.6281702043366972 3.8831811429600798
3.037915636742541 4.795381055601244
3.7270338649593153 4.070732128506632
3.3715349313704546 3.1360554420437765
2.5976908935248626 2.502679246492641
1.6655462735459774 2.1405930586251394
1.3128763561450996 1.2048452670913
0.33038307601711614 1.0185472410594714
1.1494965043866592 1.592178822708088
1.0027596752522685 0.6030032553917574
1.6360157395948423 1.3769456027105704
2.5655543201415734 1.00822073607534
3.547835518361255 0.8208076959097553
4.470673729247614 0.4356199020636049
3.4745035627849656 0.3481842145568437
3.2568134470360475 -0.627833722524859
3.80000008378889 -1.467445702937916
4.358589487850487 -0.638001384330507
4.322926174169335 0.36136247736215976
3.63970072987347 -0.3688450220972187
3.0644735229018103 0.44914865780476143
3.7549315400353107 1.172521125193502
4.673003809700864 0.7761080733509325
5.036062343026183 1.7078744074603316
6.035645135004876 1.678991160065349
5.894971811716697 0.6889350929080089
6.739978205036916 1.223691294599916
6.298031133137856 0.3266501664235949
5.327642428841181 0.5681988417944621
5.60330751459429 -0.393054902279771
6.007756866158615 -1.3076153005144624
6.360471700736691 -0.3718844388514734
7.338560649139506 -0.5800718760619765
6.542009386825221 -1.1846428698298879
5.5888036276419175 -1.4869651823702983
6.535480168864345 -1.809150728754895
6.0801953534133215 -2.699496581117743
6.174701500311769 -3.6950208591734865
6.49831529064303 -4.641210118628186
7.0135860435912525 -5.498237569271497
6.505041263752688 -6.3592731126138995
5.575969039526338 -6.729171479967828
5.578973119950862 -5.729175992227606
5.385248266110672 -4.748120091167633
6.384892207528784 -4.774803239146514
6.893865259948015 -3.9140207858454192
7.544473344518235 -3.1546071170904586
7.255927133722566 -4.112073087365884
6.786464430443977 -4.995025390851389
7.609871768102706 -5.56247614315485
6.739354012183641 -5.070339133136668
5.739364743342739 -5.074971864840138
5.20781209051806 -5.921997116692198
4.490692425158257 -5.2250470571081244
3.492237516563693 -5.169479121179023
3.495551864536279 -4.1694846136453485
3.79891456509659 -3.216609452929762
4.075268779513289 -4.177665303634668
3.09939576458748 -4.396004165818227
2.2991129461881536 -3.7963814422871462
3.2491346146151776 -3.4841974748590703
4.057555610673724 -2.8955927746300394
4.413699429169322 -3.8300239280851103
4.637821924595741 -2.855462946389334
5.500811696276169 -2.3502415553388727
4.660450038226973 -2.8922676466673303
5.550796528409604 -3.347551214808626
4.556200400712097 -3.243731453832574
5.555003073965359 -3.2926520006624718
6.362272158111574 -3.8828355532812573
5.377057933000484 -4.054162523250239
6.3365095027016505 -4.3360360505598585
7.330969832027989 -4.230923475688201
6.691025126228206 -3.462502514548521
6.398414217899169 -2.506270923182258
7.014663009455352 -1.718719383976382
6.057200097386087 -2.007275742443568
5.486367954604611 -2.828342527039991
5.821053869659713 -3.7706722667085044
4.832286792144472 -3.920136865935105
5.331189038254714 -4.7867951312428065
4.488420620221079 -5.3250714483561294
3.5900111372345926 -5.764230190589453
2.7742396352021057 -6.342604512695527
1.9446983640680107 -5.784159099530346
1.0821331693324545 -5.27821316879188
0.8978964971235436 -6.261095078592537
1.1609546231545815 -7.225875065081186
0.7004677697660893 -8.1135415890959
1.6901800881402465 -7.970469834865895
1.330226787391647 -7.037499513108451
2.329461732759034 -7.076608641923021
3.325795025687807 -7.162165461649494
4.184785509059092 -6.6501739094950025
4.994218727134283 -7.237385852047639
4.866835093336988 -6.245532329676218
5.1583582040111455 -5.288968544065001
6.144911627226533 -5.125529432644266
5.219975540558283 -4.745406774047304
6.08073857376393 -4.23640087951698
6.857359379183953 -4.866369231570284
5.875993691682583 -4.674219843346012
5.626060789313718 -3.705956684740111
6.337850597839008 -3.0035641531172783
7.280512392269307 -3.3373136719505636
7.383612119336538 -2.342642647803051
6.9607915616447835 -1.436429220406815
7.107468340015166 -2.425613693943923
7.053860855340848 -3.4241757789375864
6.48295684929349 -2.6031589606694836
6.116631007689206 -1.672672325745095
5.725598226578095 -2.593049076916326
5.640453458535671 -3.589417667586968
5.901312139026098 -2.624040669304539
5.610729537468668 -3.580890580038775
5.8542780460236985 -2.611001862720845
4.97217889974404 -2.1399380707216116
5.652976387630597 -2.8724097633400727
4.69326649309267 -3.153402500481091
3.7675453946105093 -3.5316093854329407
4.575622117045777 -4.120686638989956
3.7266775617550723 -4.649168561142709
4.1264910289887915 -3.7325720351736478
5.086681406212931 -3.4532255845318605
5.894250954616929 -4.042997934248735
6.572880086179396 -4.777479044825973
5.69029318407053 -5.2476283405032875
4.985273194823106 -4.538440907759614
4.33988991522225 -5.3022998099212915
5.0430132023455725 -4.591231850366865
6.035221621942133 -4.715820983447146
5.788106213972196 -3.7468349282617
4.864170019479381 -3.3642883186751877
4.782561356067751 -2.367623868593734
4.182884709466206 -3.1678662815666567
5.16780184844921 -3.340892953896487
6.099170730127578 -3.7049698774184083
5.391391190193167 -2.9985364956687683
5.066831550022967 -2.05267126215366
6.062481154035948 -2.1458477936881395
6.964454154000557 -2.577640229164772
7.477406878608308 -3.4360570872922698
6.528983212346632 -3.753062685468013
5.555770355934733 -3.9829686143054257
5.809922965873933 -4.950132742497272
4.839655868226875 -5.192169432326632
5.78082616457288 -5.530102078390864
4.85754011805628 -5.145988974855269
4.865420269902677 -4.146020023733847
5.651640596510863 -3.5280737493473775
6.6500776522192036 -3.5839615457653844
7.232275591292964 -4.397008629111894
7.904394942655411 -5.137451454402357
8.644734428886062 -5.809684632048133
8.20138775233668 -4.913334407865298
7.346846169576568 -5.432717391157822
7.391289357355775 -4.433705477785402
8.372773137206613 -4.242160209272413
9.033136028929984 -4.993106846014828
9.720543218648476 -5.71937907839283
9.179598112583907 -6.560436979030349
10.175390421747831 -6.652075819103646
9.384655266070107 -7.264234224726998
8.408399709111563 -7.480856216933616
8.96579232074793 -8.31110526179497
8.55506623137785 -9.222864045416362
8.40249991152329 -8.234570810568508
7.554060554277417 -7.705278209943664
6.998427782554993 -8.536706031818815
7.820311997432722 -9.10636060902751
8.566367322494164 -9.772244571852466
9.366539304531873 -10.372015193975496
10.361104318636253 -10.267897795239472
9.396753260675556 -10.53252401655944
8.670549130811057 -11.220003152073927
9.647259583955288 -11.434564776598892
9.915030756793973 -10.471082239654606
10.87767680341982 -10.20031926412873
10.591419237585928 -9.242166559178806
10.301781832594234 -8.285030114553653
11.235393085236739 -7.926742480188061
12.234196400445882 -7.877835041825131
13.156486282047739 -7.491336174692468
12.739034636719055 -8.400035312918302
12.382971178279124 -9.334497090394404
11.771696927039544 -10.125915936373882
12.19691368782769 -11.031007482210455
12.724960050257298 -10.181791938826528
11.914174669508395 -9.596448393236543
12.404070717361565 -8.724667536427996
12.417325551158457 -7.724755385596225
13.33603538888788 -8.119688587618006
13.276090872351062 -7.121486877071902
14.095315615536864 -6.548014279511951
14.313012059254568 -5.5719977538359435
13.447676341691915 -5.070805080395552
12.953603719356964 -5.940225717290643
12.218699709487966 -6.618396858138192
12.106552096417465 -5.624705299915728
11.189695131427285 -6.023921163514607
10.506205924663723 -6.753881781793234
9.934753357708589 -5.933246684005924
9.478405376626332 -6.823048077667537
9.115583954310544 -5.891189389073205
8.95204965056445 -4.904651740780815
9.024035311826673 -5.902057407785289
8.577451816216188 -6.7967993713973245
8.75315312316818 -5.812355848011975
8.45274061144325 -4.858546473556513
7.815904460105047 -4.087547306015622
8.076543848042954 -3.122111078471124
8.915803154727508 -3.66584246081296
9.475314097045482 -4.4946654246758415
10.4030503217576 -4.121428908031364
10.045708375674183 -5.055402533766757
9.230868451870084 -4.475716499283493
9.454323585022458 -3.5010022829780905
10.414532086540467 -3.221718138042256
10.866990357067841 -2.3299325621152978
10.063217900077445 -2.9248693968999837
9.165068292340075 -3.3645593810037933
8.180555599719552 -3.189246066994029
7.565866467457239 -3.9780155331110967
7.171578564625074 -4.897002502376827
7.43635587574615 -5.861312087269299
8.362288475952276 -5.483623300203119
8.639509588934937 -4.522817151952258
9.577437425983057 -4.17598668545568
9.975692510832138 -3.258711978842742
10.910198051953724 -2.902763396020655
10.699358150350275 -3.8802840023977523
11.366586079431057 -3.1354303988926264
10.37027144725641 -3.049656546730692
9.423834742209097 -2.726767148733195
9.005178227898794 -3.6349118084793983
9.851584945117864 -4.167448820382269
9.603983734336737 -3.1985867866438635
10.577302111323277 -2.9691279950923364
11.547685936221644 -2.727559718251985
12.523106985991442 -2.5072105052604594
11.578318558943383 -2.8348914905434857
12.214416215822345 -2.0632829298645
12.470181146439407 -1.096543926686057
11.524988932825302 -1.4230583663717593
12.446947136380174 -1.8103477554568086
11.598060185886558 -1.281773309156528
12.51716951964903 -0.8877707297351443
13.47101646255528 -0.5874775238373047
12.495495172553428 -0.8073825323139702
12.52162478286813 -1.8070410957569099
13.035987863793855 -2.664613612212863
12.062620894113879 -2.4353610389753513
11.836651032057215 -3.4094953323056356
11.979926742132708 -4.399178145585912
11.08274613739667 -3.9575142886930514
10.295045041073541 -4.573571901949587
9.30349688873092 -4.70331110799747
9.365460854717533 -3.705232720835815
9.259583365279942 -4.699611902652487
8.936621463857618 -3.753199936207812
8.92618416423792 -2.7532544063029833
8.800117738826822 -3.7452762086763327
9.778901072207258 -3.5403782186991677
10.506550859831096 -4.226327040821477
9.507042053742646 -4.1949878233513
10.327232432593021 -4.767078500116163
11.288382109273288 -5.0431062143359835
10.290307614168198 -5.105132839431334
9.530527305680268 -4.454952954450271
10.251645398122534 -5.147765120013513
9.899261247356423 -6.0836205630648665
9.335348110317005 -5.257786455102278
9.886148620723008 -4.423149529405548
10.75786585041202 -4.913158785913332
10.285167854863236 -5.794383277745101
9.410918473123385 -6.27986038176494
9.918413286450285 -7.141515193418826
10.403748652108773 -6.267187118357101
10.257669117656352 -7.256459967279057
11.244905667878623 -7.415720740557447
10.321475489229599 -7.799487212725392
9.7595109064655 -8.626648507587992
8.759675149154104 -8.608525086234803
7.98096789487087 -7.981137636466586
8.19758802195152 -8.957393607277297
8.286207949358124 -7.961328093133549
8.446667657693206 -8.94837048432099
8.679200854457834 -9.920958944257885
8.664615004569237 -10.920852565091135
9.367147347157495 -10.209200748809145
10.054903855388384 -10.935142196438399
9.82237987789717 -11.907732860536953
9.846421665183154 -10.908021906078568
10.554621535871625 -10.202009906777684
10.066733378079933 -11.074916056078186
9.546825951844843 -10.220693445662373
10.338297000263035 -10.831900104261418
11.166065554166229 -10.270830392755784
11.508094935930778 -9.331141134538068
10.627034869692826 -9.804145531643186
9.644276139870037 -9.619252916979711
9.097004056389235 -8.782298159156696
9.21836919944314 -9.774906088830596
8.222797151150964 -9.868907666792465
7.3545106851192585 -9.37284455295898
7.235566461206292 -8.379943615504622
7.510144817939805 -9.341508343442126
8.052623894999428 -10.181577656625592
8.588770346863956 -11.02570263679919
8.608814163197268 -12.025501739332693
8.548368681747515 -11.027330239152334
9.042644227697382 -10.158024950616735
9.557401073535422 -9.300688733218406
9.743413153228447 -10.283236190702407
9.969044853086915 -9.309023515759725
9.846524698993784 -10.301489541294602
8.98586320098479 -9.79231198302547
9.98465413565678 -9.74315235714151
10.777804432863867 -10.35217830571867
10.04695551406091 -9.66963903367306
10.790666728370505 -10.338140065617026
9.865381272530652 -9.958868625601786
8.969786296890595 -9.513998262902398
8.257898526855737 -8.811705017260095
7.91335626536568 -9.750475825310344
7.752831248074672 -10.737507597252728
8.045214039280419 -11.693808963667488
7.051677899158555 -11.807325210397853
7.196901426142309 -12.796724082041841
7.099912172069195 -13.792009510747768
7.468651382968899 -14.721542401152977
7.081282846306226 -15.64346735298139
6.355344301922988 -16.331226925636503
6.624185611870326 -17.294411409557316
6.094882609983061 -16.445978541150435
5.097126735695124 -16.512935358009614
4.39711347319091 -15.798805515251164
3.8021706335685717 -14.995037502960237
4.026600152289848 -15.969527826732893
3.2845323507252076 -15.299202996608704
3.2702198615336084 -16.299100567689432
3.279208455909961 -17.299060169458993
3.7904089141446033 -16.439598656940433
4.105615349551329 -15.490575525990408
3.344481093988957 -14.841981165076351
4.210486776233917 -15.342015322229082
5.200939333048314 -15.20416129544777
6.0119063717092756 -14.619069454618083
5.100130649283198 -14.208380969273772
5.456992653536133 -15.14253808128469
6.358510869043661 -14.709796926426357
5.426195502006612 -15.071443240366612
5.713616969452308 -16.029247447943174
4.916675477313366 -16.633303950356115
4.4421497272652 -17.51354557203804
3.6824174358392283 -18.16378156409373
4.553882417069497 -18.6542392956969
5.553743224215637 -18.637554981714317
6.007707127261083 -19.528575057095193
5.875627781100989 -20.519814203980506
6.730061563475448 -20.00025389801278
7.626839991582333 -20.44273378555813
6.669073031071687 -20.730279346042373
7.667142448400171 -20.668171068062872
8.495991996078033 -21.227642628836254
7.737981792606347 -20.575399935176282
7.3469526474680125 -21.49577823112441
7.3584345544400485 -22.49571231185788
6.383964266137063 -22.27119581532656
5.414902768631328 -22.518015210941943
4.421687092767718 -22.634302016809134
3.82287030314348 -23.43518805893006
3.212554019027395 -24.22734589253567
3.6928162050253035 -23.350220911304085
3.3862352069192365 -22.398376338067315
2.425691602070321 -22.676505774092796
1.6070477282424358 -23.25080726968903
0.6361335169630227 -23.490234908727793
-0.15133078468232508 -22.873874645866692
-1.0584730778094817 -23.294698670870023
-0.05902768610650366 -23.261398385530693
0.8080733612231938 -22.76326610016892
0.0248988964558996 -23.385068124720515
0.440935255874612 -24.294416104122032
-0.4602967681138813 -24.72775296954846
-1.0919666368173475 -23.952515472408297
-1.6027717198734575 -24.81221202766721
-1.9167735512414135 -25.76163440464048
-2.4117729758960764 -26.630527706255556
-1.421503586364893 -26.769691408985604
-2.2886749073367887 -26.271681469241567
-3.0732301877381456 -25.65162259139661
-4.013745437434647 -25.311871115920304
-3.2064045895462794 -25.901956495616236
-3.015116657682748 -24.9204225292537
-3.820084769788443 -25.51374060456659
-4.810281327218967 -25.374059619272465
-5.651349214794819 -25.914989197395805
-4.651593865687208 -25.892870383442094
-3.89191199308435 -26.543165279961062
-3.069240735331726 -27.11168265143507
-3.601632144681231 -26.265184342369515
-3.104437066779731 -25.397545561245412
-3.6461978005271676 -24.557012809135514
-4.025148130754683 -23.6315957965296
-4.622797086280064 -24.433353693877308
-4.743430680388374 -25.42605079570269
-5.562616594235747 -24.85252273313378
-6.559131828060376 -24.935933696174896
-5.5830272332200455 -25.15323491552627
-6.554122689633675 -24.914543452476572
-5.763719038254771 -25.52712982833462
-5.731270121988635 -24.52765643307432
-6.71241062048475 -24.33436048844331
-6.028252998005341 -25.063694669462766
-5.223299867323191 -25.65703306987606
-5.936197654680645 -26.358301024926657
-5.145922411269678 -25.745549003590344
-5.011121056037979 -26.736421646581206
-4.509385162936346 -25.87140078349552
-5.46071703886099 -26.179569019771908
-6.1029825598151195 -26.94605124434957
-5.10392226827574 -26.902709187761886
-4.204058557292442 -26.466538003872614
-3.273983558030875 -26.833907702879753
-4.269850039197053 -26.743078458196692
-4.8421884276674545 -25.923060916260482
-3.9054149610819318 -26.272997299480835
-3.2097348677814743 -26.991349029335694
-2.877741417178641 -26.04806733823975
-3.5628898083014473 -26.776470854253937
-3.3744092037298294 -27.758547766567997
-3.050867910629675 -26.812333714855026
-2.35507780340782 -26.094088543139822
-2.007531166563967 -27.031751241138696
-2.866686040386091 -26.520035594721968
-2.151990514529312 -25.820599889799563
-2.1331563467504857 -26.82042251113001
-1.4459839525047617 -26.093928119832594
-0.48614640800788544 -26.374484510196826
