0 0
-0.9593021868818148 -0.2823815047834537
0.03419119819611571 -0.1684916729002035
-0.7863802065490978 -0.7400356954518063
-1.1074905913772783 -1.6870774689525838
-1.4662496860423424 -0.7536472830280533
-0.5149885719593198 -0.4452606866372136
0.43275892366549684 -0.7642821350335371
-0.5115573790217832 -1.093321221585614
0.11176486218767157 -1.8752862998427076
-0.7955802411596148 -1.4548997355572844
-0.261716284328946 -0.6093293507890488
0.19373023481141666 0.2809337946926269
1.1454945060167847 -0.025896405999734307
1.1992480963215724 -1.024450636639886
2.1622028805015407 -1.294113544035231
1.6957074693519394 -0.4095899257093185
0.6963061029373471 -0.374993555832612
1.3407348127932712 -1.1396579514424958
1.1989255649866097 -2.1295519544733805
2.0636887581448136 -2.6317318224079953
2.9817831525611207 -3.0280936305345527
3.5471853656118775 -3.852908965914119
4.4819237589740375 -3.4975723143078885
5.105710998511093 -2.7159781230610878
4.106866937346918 -2.6679100309722643
5.081757524221908 -2.445225627336673
4.79318726892767 -1.4877669035477996
4.110663427223294 -2.218630232430225
5.093516497886295 -2.034239773110036
4.620899309423446 -1.1529719402865113
5.398416342172052 -0.5241100605499491
5.699730370482931 0.429414903120678
5.388074735950032 -0.5207802165594305
4.892714475944863 -1.3894678547859747
4.428080760038979 -2.2749708248789555
4.944451770333591 -3.1313358053208944
5.92128690835766 -2.917342550470425
5.089084563236957 -2.362870498175989
4.299628765030497 -2.976677913150915
3.3005343297493517 -2.934130182421188
2.409531646434177 -3.3881282202199863
1.7272485190065203 -2.6570401721522203
0.7272700762605755 -2.663606300645872
-0.27244178425024856 -2.639602218618293
0.3093354762254966 -1.8262540648776349
0.17531720530203349 -2.8172329259330486
-0.8083849880009952 -2.6374274897226524
-1.5067803569555167 -3.353139658560711
-2.506018388213126 -3.314109453739101
-3.2448686186158 -3.98797912736592
-4.244613804233412 -4.010552648013051
-4.054654410736992 -3.02876070018374
-3.1123224057587136 -2.6940811633225543
-2.3842075946251255 -3.3795363564664243
-3.085377909699954 -2.666542535134243
-3.25993200175633 -3.6511901213021947
-4.1881332459882294 -4.023268675113554
-4.734475276292828 -4.860830843506235
-4.2888323358398965 -3.965620047311023
-3.355003728163862 -3.6078993021957317
-4.100874912672626 -2.941809085994132
-5.004105168861356 -2.5126528157320736
-4.059919094597446 -2.183240221610194
-4.472150677360173 -1.2721611239611823
-3.4790548489580235 -1.1548552178428293
-3.1770210372279726 -2.1081524309782798
-3.5603750428590835 -3.0317539177498105
-3.2487587704137626 -3.981961946945146
-2.7645378743445232 -3.107016163590598
-3.655244118669617 -3.5615955145517773
-2.779036511756568 -4.04352935813169
-1.961413124810262 -3.4677759411913724
-2.808520456885759 -2.9363541050348845
-3.5161248657808546 -2.2297453020100266
-4.104796009050292 -3.0381179172573844
-4.707188925005342 -3.8363176258561618
-3.7305227096590823 -4.051080527217671
-3.9546191758173324 -3.076513559864794
-4.950765051724765 -2.9888015657441867
-5.022851876918617 -1.9914032051913577
-4.532698048938707 -1.119767257724389
-4.800681669211406 -0.15634378942732796
-3.900995571387729 -0.5928812166690309
-3.280711575224929 0.19149609311517457
-2.7430554475617486 -0.6516681188780964
-3.673177946196737 -0.2844186974585302
-4.424909070477818 0.3750510264766189
-4.824594519218719 1.2917033826426765
-4.11732469650526 1.9986470847002533
-3.683930678682162 2.899851626030995
-2.7397951362816193 3.2294090225130536
-2.8230516956983536 4.225937168284204
-3.548333066700563 3.537484604284944
-4.379492038007408 2.9814497452912416
-4.440437601611461 1.9833086539234008
-3.4692577584610444 1.7449607731727388
-3.9546104360551797 2.6192792382369303
-4.937302113679122 2.4340305763560877
-5.714467299068462 1.8047339256270756
-6.714323502681165 1.7877759747722897
-7.084275739044018 0.8587251996205092
-7.725588740283215 1.6260045714542457
-8.484451590268183 2.2772550416365647
-9.26355660176443 1.6503616048696506
-9.99213784046131 2.3353210041181898
-8.995160445819474 2.2576288257913157
-9.960681548330214 2.5179536240846088
-10.06440318881962 3.5125599890824337
-10.734649742196979 2.7704214860482828
-10.75969440387233 1.7707351527809088
-10.326686060047635 2.6721250651818593
-9.67832431696788 1.910792647567463
-10.30505151599633 2.6900313901861503
-10.766669849962478 3.5771100303000463
-10.716838842689041 2.578352366642783
-11.65284443097637 2.226367226764844
-11.9956245423123 1.286951559835381
-12.07957501087837 0.2904816311232611
-12.127488778890012 -0.7083698447403562
-13.104304500191661 -0.4942879757791128
-12.747027674044151 0.43971056249488333
-12.922357851379438 -0.5447991271047552
-12.306383714842784 0.24296724887096843
-11.360396916678082 -0.08123789867930736
-10.69110817771245 -0.8242403104477987
-11.572714111072754 -0.3522541048613351
-11.895898894578828 0.5940817740474864
-11.309017208069186 1.4037544770822357
-10.722337432368667 0.5939354597802289
-9.802409059956133 0.20184900294904878
-9.298988659304637 1.0658906108637878
-10.286704406590493 0.9096292830710697
-10.213092467596066 1.9069162439993077
-9.241990767382775 1.668250184738977
-9.994428503644887 1.0095868010225675
-9.066764708941246 1.3830033030629034
-8.082169480592233 1.557852484680533
-9.082069944853407 1.5719614027924884
-8.626784863653558 2.462307119262696
-8.312245796606533 3.4115516479807635
-7.673386713353164 4.180875423607557
-7.101594182349345 5.001273681460563
-6.956512189659982 4.011854045816877
-7.915662551963501 4.294750815846208
-8.539914391748777 5.075973985321293
-9.191496174973421 4.317395591369955
-8.84790635427366 5.256515410728223
-9.47984146884225 6.031536707838943
-9.341745492847286 7.021955559342689
-9.008758807000019 7.964887087635414
-8.348463514130994 7.213881011618042
-8.572849925296032 8.188381262251399
-7.581427168184017 8.057687281210148
-7.08460521404807 7.189834790352088
-7.768687850837829 7.919239305037026
-8.089741906238512 8.86630017610645
-8.721436768466639 8.091083044565492
-7.73165232124237 8.233654949346729
-6.968193071985101 7.587798947808053
-6.68954555910758 8.548192389876027
-7.598440832523731 8.131167951789024
-6.687306108729118 7.719059331282593
-6.857069408409664 8.704544197772979
-6.244939685271405 7.91378683799017
-5.4348303330867 8.500065643255104
-5.496037736909144 7.501940574079243
-6.4916108739514 7.407950527798584
-6.03628361254603 6.517626381759015
-7.028278039585631 6.64390803807684
-6.757320279528251 5.681316799666326
-7.6300949518904915 5.193193484014447
-8.458015434855808 4.632347984891491
-7.834802455330497 3.850295824130341
-7.86466467706681 4.849849848539713
-7.077447974742953 4.233173382649897
-6.589120925136608 5.105834079955994
-6.016885640022415 5.925923574139572
-5.0172992156328755 5.954680837154955
-5.116925143150925 4.959655875374514
-4.3822350535436225 4.281252991954334
-5.219524260786765 3.7344927305653512
-4.980936222337007 2.7633718586298865
-4.374009257353382 3.5581294689588256
-4.328763019841524 4.5571053335276455
-3.376101045961103 4.253073816210346
-3.9564955924033276 5.067409232645199
-3.3940328965382722 5.8942318954697095
-2.439032002283887 6.1908348151676185
-3.379098291150561 6.5318265636549375
-3.972022111530828 5.726568006900854
-3.775726202515783 6.707112710677259
-4.414480635712764 5.937702043951613
-5.315931360737686 5.504820316048895
-6.313624691791637 5.436937938582638
-7.312105324241513 5.492041719056362
-6.4128962612656535 5.054522506835827
-6.026358838604604 4.132248783431244
-5.4885557047957 4.975319236753695
-6.244405261844924 4.320573906790592
-5.357198880402055 4.7819466809407905
-6.2270472252868325 4.288627456805736
-5.944682964713595 3.3293201940630173
-6.312630857735633 4.259166605047456
-6.686508216448721 5.186644756079449
-7.534379060255494 4.656441934300473
-7.861996470020494 5.601252408850195
-8.055906532931997 4.620233098387013
-7.387394133274552 3.8765321023514803
-7.428078578987202 4.875704147535418
-7.927724043851797 4.009474149532438
-7.2615556682517655 3.26367277158358
-8.059251489177331 2.660612760243175
-8.448643305301404 3.581684968886773
-8.68258957264411 2.609435441246664
-8.035220418221758 3.3716120467013897
-7.35625318724917 2.6374434698299636
-6.440221712329281 3.038549860898585
-6.8888714825400506 3.9322575220998437
-7.495608822975436 3.137355138330997
-8.397723530121873 3.5688514362874217
-9.053348939511482 2.813765134886908
-10.028980440588654 2.5943496064804124
-11.000745384142359 2.3583985639311913
-11.272298938254307 3.320821894513513
-10.298954825505817 3.5501714926772237
-10.043465058711613 2.58335973278627
-10.35840380444621 3.5324717316752943
-10.064084866936486 4.488178989690607
-9.876899717808527 3.5058543386989185
-8.877266249184144 3.5329269892153263
-8.290489625194665 4.342675835179006
-8.621187875220775 5.2864123807412025
-9.599268265091018 5.078184738600985
-10.577089779855978 4.868744806251013
-9.584775923177313 4.992491361126352
-9.327891565642092 5.9589335098624865
-8.335621627183638 5.834835285734756
-8.175778884652999 6.821977776796854
-8.780315709067363 6.0254005815878795
-8.815381190760244 5.026015564693166
-8.426295577284327 4.104813966026474
-9.296871420225497 4.596848214516628
-8.480435690050827 4.019411898985508
-7.808798969678275 3.2785312636283668
-8.588141406833586 3.905129512627532
-7.7530453685321685 4.455233690773161
-8.64330338191314 4.910690241512049
-9.085494713567842 4.013769494617742
-9.438416526965282 3.078116677795037
-9.644508432007326 4.056649317350888
-9.38258332961697 5.02173752095603
-9.73256809924766 5.958492911133505
-10.543363837522687 6.543822109785898
-11.413396908002692 7.036815473099375
-10.67861197391229 7.715115628365289
-10.701747956680874 8.714847955691624
-11.187549129614096 7.840778610401043
-10.665294716294952 6.987988877953075
-11.32229010037381 7.741883476222006
-11.056151984976413 6.777948569948392
-11.447789663498224 7.698068088686065
-10.477409221950298 7.456486221276166
-11.26766906158173 6.8437143339757585
-10.784753462083332 7.719381236262869
-11.759132091217193 7.944295191114982
-10.7602267652543 7.897517528037769
-10.176434673499593 7.085614335776116
-9.89714545318025 6.125407310487604
-10.865824387370123 5.877090733399459
-11.093276882591223 6.850879911002957
-10.470895962083215 6.068165410186979
-10.222780632205094 5.099434909438979
-9.223126030715692 5.1257156575459915
-9.539032550110866 4.176925337715721
-10.357452102369963 4.7515464620054715
-10.508632797314359 3.7630403176259186
-11.306999419523365 4.3652120012366495
-10.324723473870776 4.552652569397096
-11.169660050788249 5.087519077029592
-10.574903294044638 4.283613360973398
-9.61387898382371 4.007149484193107
-10.250547287419066 3.236011707140904
-9.95835251797925 4.192370539751349
-9.058917727553437 4.629425522301226
-9.72868278317608 5.371998596326132
-10.246239726473783 6.227647362143238
-11.219500301841704 5.997943525791941
-10.40866789703498 6.583221930754355
-11.275111962219206 6.0839477756982046
-12.200290177440172 6.46348073879963
-13.183453110384297 6.646211817942462
-14.18115196997068 6.578410744351893
-14.521675865094233 5.638174882001449
-15.520492234064166 5.589534764015177
-15.149305719001866 6.518093093381677
-15.22052663940761 5.5206325274962085
-15.143751449858758 4.523584098246286
-15.149495841879103 5.523567599090334
-15.758287124329641 6.316898031137555
-14.958693892074656 5.716356056807678
-13.972150872449067 5.879857954130076
-14.862097099612395 6.335923423945276
-15.832125249842111 6.578915991242956
-15.663044535048389 5.59331378351164
-15.280559436379175 4.669352123432607
-14.280793299723928 4.647726398070387
-13.738871464037087 3.807297505179499
-14.542830798656992 3.2126132290484413
-13.808554164165045 3.8914635984518764
-13.486692833332707 4.838250419079855
-13.935257468816301 5.732000813649541
-12.987891134971196 6.052152386341108
-13.928825161852014 5.713562432181437
-12.940478520146767 5.561342473470496
-13.04703871362903 6.555648726676732
-12.64239581817617 7.470123508811005
-12.569237502661647 8.46744384895808
-13.4081620706086 9.01169155845718
-13.53115439399596 10.004099180549927
-12.571918305604974 10.28670513718984
-12.928950319094714 11.220797285397639
-13.69350547960211 10.576238981951386
-14.560856732880985 10.078542484640463
-14.263402154976603 11.033278455516038
-14.572005751726794 10.0820877175077
-14.759167370134877 11.06441685206234
-14.126654883018489 10.289866689941228
-14.880227879000534 9.63250245321501
-15.796812921017372 9.232662659358779
-14.821595825022822 9.011412539178115
-13.985748804904313 9.560374977746555
-14.526185670505402 8.71899040794552
-14.323058282869248 9.698142727246308
-13.428086824082223 9.252019327325808
-13.194531463415887 8.279675821406208
-13.345530005649202 7.29114183603018
-12.572140893405528 6.657210230048161
-13.444288376866801 7.146453285279574
-13.95410265695387 6.286168797555134
-13.034926974144788 6.680016565268064
-12.453923304982649 5.8661156275489015
-11.900993696173806 6.699343596176036
-12.431786528241709 7.546845200555246
-13.01558059205469 8.358746974821521
-13.664251843601418 9.119815701952522
-12.742396198159243 9.507349144337036
-12.221845024565797 10.36117961677901
-12.817305531791092 9.557795036185759
-11.828776483983997 9.406764172976953
-10.846160090375033 9.592411750421189
-11.489985179216028 8.827239054241506
-10.536445104950598 8.525972848420347
-11.308217316430802 9.161871939146977
-10.323956435484535 9.338593523111353
-10.519013652219241 10.319385387983665
-10.298847954593816 9.343922899935503
-9.476044418306014 8.775596989324095
-8.89109173214687 7.964529572301809
-9.33151739250347 7.066740489220792
-9.529329429160683 6.0865005195432005
-9.296828603009132 5.1139043207850285
-8.349094681708998 5.432966092887348
-8.344339731390708 4.432977397727512
-9.31767126805703 4.203574434078882
-9.003651431894706 3.254158012008678
-8.149428423022211 3.774064783567601
-8.911366282824893 3.1264146482327053
-9.379081451094219 2.242535402311185
-8.892135514305178 3.1159675145240593
-8.429816014711648 4.0026809294984735
-7.977615294012868 4.894597129709853
-7.074473290810718 5.323939093710587
-8.01856863915482 5.65361161794491
-7.522936726379166 6.522144292654588
-7.499516815135517 7.521870008917473
-8.407303378820336 7.941302428734193
-8.472937033383463 8.939146215801431
-7.605123561013173 8.442256110071181
-6.606825346230186 8.383940808810696
-5.6143703862322125 8.261331052366025
-5.144516125046166 7.378587050265011
-4.872257948294741 8.340811288783243
-4.604359842521142 9.304258539504795
-5.433093050302212 8.744614661381485
-4.646802446115227 8.126757812453462
-5.247355249009525 8.92634291169919
-4.271939742649124 9.146716662295045
-4.866825554426698 8.342906441567704
-5.798365605381736 8.70654518189481
-6.652173025467926 8.185956198717328
-7.454462805359397 7.58902143755687
-7.117127047777681 8.530405836544217
-7.540996520596113 9.436129122108094
-6.5738651121258975 9.181852031613456
-6.517652157795313 8.183433229824633
-5.744804413262202 7.5488417362083995
-5.194127443701513 6.714123295537861
-6.12813534935919 6.35687095871001
-6.804502540569309 5.620306350101549
-6.8652233087964625 6.61846114185777
-6.134014301778439 5.936307648825801
-5.479030020944783 5.18066514614294
-5.274513093592557 4.201802118734915
-4.5688030893358 4.9103029231747755
-3.844788635998722 5.600087723934412
-3.0125283914112995 5.045702582287124
-3.874956253873779 5.551882572061906
-3.050513873064865 4.985936672945984
-3.4563999270729924 5.899860362956103
-3.1838120141615383 6.861991242688469
-4.165547752729245 7.052240919741857
-3.215485593276482 7.364301640076781
-4.044401154198049 7.923675390678366
-4.492334707859574 8.817742240250677
-5.42797604514481 9.1706944862601
-6.0429860005007745 9.959213829594843
-6.033529303319776 8.95925854515537
-6.808906476114193 9.59075695363265
-7.584265914819564 10.222277136057954
-8.332667058951671 10.88552349108884
-9.077383964482163 10.218142991960278
-9.22770785932845 11.206779794147128
-9.661887835518971 12.107605941788947
-9.167875670091945 12.977060932234169
-10.123898930682097 12.68377007794346
-10.350188495072585 11.709710001229523
-9.470720835466757 11.233751352072424
-8.896516593447377 12.052463443376167
-8.070269382715162 11.489155759461562
-8.98737605803488 11.09051388247921
-8.488752095813062 10.223695479179986
-8.483850631170395 9.223707491429954
-8.591847547300013 8.229556262437859
-9.253372391049897 8.979479512578626
-8.713276641868873 9.821083090111772
-8.822979395556452 8.827118651193878
-8.09426878041428 8.142296893815276
-7.844501194699279 7.173991077904776
-7.331142757177467 6.315816786385178
-8.327261809330505 6.227800685939106
-8.255082000289413 7.2251923217406055
-7.351328131536638 7.653244824027874
-7.022071073568051 8.597485148192158
-7.967040969198498 8.270327852152194
-8.920091523730493 8.573139081313627
-9.600433504684675 7.84024428057389
-8.806248413119803 7.232568346924962
-8.297367817865014 6.371731231221224
-7.550432237170308 5.706834819520678
-6.639681835138991 6.1197920875276655
-6.498740538394098 7.109810042350642
-5.592084442946481 6.687939535455835
-5.455390303315861 5.6973262344192275
-4.4743921587555295 5.89134334801797
-4.186661006528247 4.933632126386961
-4.143691981758329 5.932708531328205
-3.208015243343911 6.2855669182062215
-3.859644309831176 5.527029140828631
-3.134486849799162 6.215612220899525
-3.5136176077771792 7.140955329349041
-4.510713943480224 7.064804838033741
-4.279084330725599 8.037608889472232
-3.3318753011708493 7.716992211287909
-4.326465504903419 7.820868708337075
-4.855723162202528 8.669329863717955
-3.855729291451684 8.66582865524888
-4.693993492605494 9.211092929765343
-3.8464109755036078 8.680429310602289
-4.505779961231394 7.92860982385011
-3.597045567007747 7.5112349315111215
-2.9439988954468395 6.753917267143506
-3.020583192593717 5.756854157089524
-2.079976146817832 5.417356903143691
-2.8050018177986384 6.106078745703393
-3.7958477769976096 5.971081393362429
-4.504135567110962 5.265157596925205
-4.551443028695396 4.266277221665765
-4.257557447095102 5.222117828109882
-5.223379786285177 5.481322783929427
-5.910434943158262 6.2079280491278706
-6.851047041253552 5.86844479340415
-7.040355343705742 4.8865270949066275
-7.55264285763293 4.02771308531299
-7.706000342299147 3.039542309638638
-8.608210817867674 2.6082462885876514
-8.643369301307034 1.6088645391834289
-9.589869426278204 1.9315679842061946
-8.81972912779327 2.569442517832938
-9.815002167757646 2.4723262168321827
-10.551317922324822 1.7956881233315507
-9.551806959673618 1.7644177613243421
-8.975669650547541 0.9470648381430737
-9.33656723598737 1.8796702921394037
-9.871577597143496 1.034824795343929
-10.00798783331285 0.044172360093189145
-10.99711280625896 0.19124984951409543
-11.68691945930417 0.9152434830596995
-12.649220627148104 1.1872296267622795
-12.115564927323351 2.0329314619527645
-11.167410214694439 2.35074058850451
