0 0
-0.1792679727241176 -0.9838002815385778
-1.1475525557772577 -1.2336501689141914
-0.20834974261113526 -0.8902872767128911
-1.0695076116563627 -0.3819496678529103
-0.26205951811502404 0.20798895288356745
0.3102244996891216 1.0280444406195768
0.7918693657888803 0.1516779516666129
1.7904061286736437 0.2057550555796196
1.9377484589499234 -0.7833305007342696
1.3787282746800553 -1.6124845476874778
1.426180237161673 -0.6136110265364548
1.9861813414921028 0.21488083410473413
2.2889777706136494 -0.7381744226937582
2.3999620500282086 0.255647739326606
3.353752049612746 -0.044826280669347573
2.8997325597913504 -0.9358180330791662
1.9074457386786057 -1.05978119150119
2.1948440113138465 -0.10197002384533127
1.2448425874160005 0.21027554392475756
1.6764811950277063 1.1123221682291935
2.646465144685089 0.8691532199502984
2.582585589474174 -0.1288043955956003
2.4143674545241693 -1.114554190966587
1.473845678527554 -1.454287599503593
2.0807850614237475 -0.6595394724283618
1.5710881639313035 -1.5198935115811847
0.715046729002985 -1.002986303577789
1.3804215409331375 -1.7494957540530756
0.9430008358377353 -2.6487527399885984
1.2489738897105598 -3.600792912619847
1.1980743757145973 -2.6020891329759657
1.5205800569918477 -1.6555216047224888
0.5247096316534995 -1.7463075944809172
-0.08760012485092028 -2.53692555664058
-0.9088072172085822 -3.107555832266992
-1.8373006641199585 -3.4789046158150616
-1.8397990237933977 -4.478901494909662
-1.005808663031432 -5.030680506975296
-0.8385512445345455 -4.044767247120374
-1.7312396068482578 -4.495441728081591
-1.4301180963161606 -3.5418559501387423
-2.103713456310894 -4.28095627553007
-1.8209647811286276 -3.3217622457932947
-2.4561610726828356 -2.5494115021568415
-1.5074928093100626 -2.2331386356803016
-2.0188293698496103 -3.0925191811056596
-2.994011863125933 -3.313921766473074
-2.451615061551174 -2.4737993291810616
-2.509760722647758 -3.4721074389826603
-2.8338422132254824 -4.41813660738336
-1.8471401776289906 -4.5806761193481105
-2.176000381093737 -5.525054733346291
-1.8478662999614153 -4.580423575274821
-2.3485621244263566 -5.446046871728523
-1.3510318963819783 -5.375808391265671
-0.35109732648186043 -5.3872476184539995
0.25423011900339876 -4.591271058659498
-0.735167060251874 -4.73650611531494
-1.5324872120694437 -5.340062720370015
-1.252030000814833 -4.38019619180717
-2.2437872331779625 -4.508327343583096
-2.772135777265333 -3.6592997727935743
-2.3868227868890477 -2.7365138282499415
-1.5378068084277072 -3.264881000126973
-0.562825419009405 -3.042594495165568
0.4324127349953657 -3.140067654615626
-0.16498677292920472 -2.3381238735863814
0.12252271720253222 -1.380346084595538
-0.7690434152727899 -1.8332366137778078
-0.7443833797908215 -2.832932508862922
-1.7306777518378622 -2.6679373220593865
-2.138224385055909 -3.5811217184178847
-3.1374155238604438 -3.621334504127126
-2.4196865103991145 -2.9250119759580118
-1.6746399964562806 -2.2579994632855502
-1.8575764417048106 -3.2411242046077446
-0.8582550982670478 -3.2779596841043506
-1.4691360419589956 -2.486237212126931
-0.6005501324588867 -1.9906985982754286
-0.7362465452385292 -2.981449063104357
-1.0786870594382667 -3.920988574905015
-0.3213189354280588 -3.2680004243745033
0.24658064927882384 -2.4449025798324646
-0.33470542616003407 -3.2586018476832415
0.005849520182443946 -2.3183772316889186
0.6760941859826077 -3.0605174394437786
1.4091815046839997 -3.740651972576161
0.5291586284701497 -4.215583270071181
-0.41259219180915707 -3.8792718184325956
-0.3604511191254548 -2.880632089331358
0.4871371257222833 -3.4112865599578956
-0.04321127553381876 -2.563506769396044
0.6688154942956251 -1.8613544504179977
-0.24050228598216805 -1.445252089849511
0.6286864164239578 -1.9397326249664708
1.5953344796066853 -2.1958410433073787
1.5567866918781892 -3.1950978011335334
1.623536124327644 -4.192867570803709
2.378432742117891 -3.5370237658860697
1.384204112137062 -3.6443057836077943
2.361016015587923 -3.4302064952467504
1.7249312950064513 -2.658587270341881
2.588334507937203 -3.1631017814323497
2.652574829177483 -4.161036238762562
2.0963662683135693 -4.992078979433398
3.087070159602683 -4.856042955584535
3.0784640950605384 -5.856005922725366
2.296196183007428 -5.233063779527406
1.3345747548759364 -4.958684062787356
0.36571758978152036 -4.711063801812589
0.5122744069584424 -5.700266055822844
-0.3388693283778438 -5.175333353662087
0.6192896381774972 -5.461569960003067
0.8731489584353216 -4.494328808315322
0.8981117235396632 -3.4946404266891546
0.2855254203034807 -2.704236719026148
1.2529788389413428 -2.9572858896746874
0.5130781777690077 -3.6300020345654884
1.3929072875105866 -3.1547118730311468
0.8336516567925416 -3.983707132070764
1.7874963187500978 -3.683406681096951
1.1046459213415423 -4.413964916119306
2.0861801750337077 -4.605251373635158
1.221743174594788 -5.107992531958369
0.7190553274343155 -4.243524528896851
0.35576192699571074 -5.175199314000405
1.2231153054615753 -5.6728921076631735
0.26372180240361986 -5.954963209143252
-0.14659829503358035 -6.866904773959291
0.3839272506042045 -6.019235825946135
0.7075819030031452 -5.0730605430410485
0.1320262161676462 -5.890823131664004
-0.8346581388609512 -5.634851731419866
-0.039134341313579846 -5.02892938694344
0.6418191350526183 -4.29660270913852
1.0863393828146248 -5.192371512641748
1.717679340619132 -5.967877707123393
1.6141786266247506 -6.962507086441465
1.7028040804386957 -5.966442063997512
2.5949145763765253 -5.5146247745567925
1.7812412169011622 -6.095947115500332
1.491767810048087 -7.053133171983017
0.8420342918466368 -6.292971113389216
1.3723355954063279 -5.445161861586139
0.6512727293775341 -4.752292217833188
-0.33830646701352907 -4.608302586018888
-1.0980084012321567 -3.958031126438755
-0.18317686845375214 -4.3618668190592995
-1.0133685333153464 -3.8043887481055316
-0.019081161969229155 -3.6976525162925786
-0.747797106441279 -4.382468602750985
-0.6900946065751169 -3.3841347800698163
-0.9430582033077 -2.416658982580228
0.026343146344197987 -2.662140190197183
-0.7888105450783106 -2.0828954583607526
-0.09989575672098705 -2.8077377959643064
-0.84584441108886 -3.473741253197645
-1.792097069962275 -3.1503128908436415
-0.7996447636954381 -3.272944125794762
-0.7953258902191078 -2.272953452172305
-1.7528837558392891 -2.5611945560921363
-2.3397154763975108 -3.3709034740044177
-3.17225440615976 -3.92487001670382
-4.155436325741001 -3.7422411224714303
-4.408281817164598 -2.774734451968968
-4.7029429640353 -3.7303362563440134
-5.678939177984259 -3.948123745326502
-4.679224528791712 -3.9720114030145988
-4.1402429707668436 -4.814328967896802
-5.083028476449421 -4.480929072463636
-5.286031073524179 -3.5017508733696694
-6.010895604294919 -4.190642310412194
-6.878633357563899 -4.68766463541551
-7.6731396802226755 -5.294920514971426
-7.7962638941523 -6.287311782538917
-6.867559851593324 -6.658133574420969
-6.725992171522635 -7.648062153642421
-7.702059331026183 -7.430592845144242
-7.8175756655524795 -8.423898425747517
-8.39088639877057 -7.604560398327249
-7.482547264995792 -7.186325992696525
-7.6327129833255745 -8.174986832943826
-7.091109696069259 -7.334352620439272
-6.197322690890881 -7.782844303053642
-6.8141101608194035 -6.99571456982082
-6.738624780451321 -5.998567661210717
-6.632395633012145 -5.004225985409915
-7.581656429998662 -4.689736018472142
-6.58585445582059 -4.781269773027791
-7.585523320163791 -4.755537270957962
-8.259243995755554 -5.494523367769111
-7.2917388396876 -5.747374654065867
-6.300492108063762 -5.879397065212831
-6.452374279605969 -6.867795672034807
-5.747164547317741 -6.158796917814487
-4.891330096864695 -6.676046754370994
-4.438202488518333 -7.567492417636179
-3.487759158105148 -7.256594563553695
-3.440559356262919 -8.255480031816225
-4.313527775597344 -7.76770330128805
-4.3780591458508455 -8.76561898021749
-3.7259291449066962 -9.52372613746413
-4.103724192041774 -10.449615386975218
-3.8452591758682035 -11.415636005499685
-4.3454422449281855 -10.549716322488763
-5.042529090494958 -11.266703023716733
-6.042056928846751 -11.23597680755217
-5.098608006990395 -11.567494728407258
-5.652028811081321 -12.40039653150253
-5.0586155705329015 -13.205294491458837
-5.986052290736953 -13.579274611274252
-6.2036863026419855 -14.555305060011442
-6.57767652561908 -15.482737706146752
-5.768785411330952 -14.894779233781815
-5.062916732549224 -15.603121953314485
-4.23909895065511 -15.036267243326941
-3.9998844952432098 -16.007234000905175
-3.799936908486708 -16.98704059536668
-3.601540162782871 -17.96716238947909
-3.986259409826497 -18.890196029686305
-4.706897979305165 -19.58350696439002
-5.07741843244539 -20.51233127167572
-5.780967581503834 -21.222977875030114
-4.865812360442369 -20.81987624843461
-5.323358293945847 -21.70906223501696
-5.899311796084125 -22.526544689492074
-6.068702775585139 -21.540995758152953
-6.87019264786107 -22.139004106455143
-7.381949406268255 -22.99813449249941
-8.353223760669888 -23.236096944330978
-8.940672200398952 -22.42683534839312
-9.60002715421647 -21.675003555452506
-8.869690751267532 -22.35809120614428
-8.278070417988118 -21.551874497529063
-7.474837837946469 -22.14754002646257
-6.65292811964731 -22.71715780617577
-5.758279989873301 -23.163929250979336
-6.147737599404316 -22.24288485987846
-5.789951218358722 -23.176688321822297
-4.938244487916034 -22.652669576624543
-4.152309791713089 -22.03436006407894
-3.503715987328649 -22.795494793883144
-3.6774770228697444 -21.810706947427022
-4.053778747025444 -22.737204120869794
-3.054357433547724 -22.77121938459756
-3.8891371136083945 -23.321803516005108
-4.746737093145807 -23.836120806301118
-3.7592312436493085 -23.993703156868047
-4.758047373264922 -23.945058124031338
-4.449776193153226 -24.89635664684767
-5.430319207480889 -25.092660994871903
-6.41955975330594 -25.238959123690275
-6.092840788923695 -26.184080659955846
-7.061445517913242 -25.935474789190316
-6.589993899862687 -25.053582861663187
-6.422079703786844 -26.039384475963043
-7.343938481255153 -26.426910467871505
-8.240059731450703 -25.983101156400956
-8.439263175285536 -26.963059312632303
-7.631948660285886 -26.3729379065887
-6.661902465095148 -26.13001738626163
-7.623397399924379 -26.404840038708137
-7.6021550399994355 -27.404614394322852
-7.154492888124387 -28.298817166505202
-7.00506826603737 -29.287590286242057
-7.30499862469181 -30.241551386055576
-7.6925765535168225 -29.319714443268126
-8.672904041937288 -29.517092292702202
-9.304520250024007 -28.741811075541516
-8.584013026228059 -29.43525850718854
-7.693752466418621 -28.97980693385962
-7.804672465936389 -29.97363627218033
-7.9067817130538325 -30.968409463241038
-8.6824608500559 -31.599536927720067
-8.75556113054517 -30.602212332118217
-9.106691586521617 -29.665885784974662
-8.490146387366702 -28.878566270800764
-8.754920750415234 -27.914255876439984
-9.26599409479546 -28.77379298248254
-10.174192103492055 -28.35525221147028
-9.734332844414721 -29.253318930708854
-9.655902153337946 -30.25023849952934
-10.485660107637964 -30.80836190638113
-10.901540349863271 -31.71778129485194
-9.956525639533766 -31.390753471477783
-10.839361806894312 -30.92107240777589
-10.535856399374676 -31.873902123730602
-10.4420243283814 -32.869490162255126
-11.170983545759237 -32.18493303578583
-10.172595948760806 -32.24169751552184
-10.868817306147289 -31.52387036256723
-11.760754601145596 -31.0717112514226
-12.715683131602852 -31.368547067520904
-12.269596458580827 -32.26353683291051
-11.84726355873685 -31.357096034121433
-12.304594533853326 -30.467799469864595
-11.716788215648467 -29.658797781189936
-11.183754534939094 -28.81270375850131
-12.144692920507648 -29.089466146012512
-13.135974478245613 -29.221226812710107
-13.751485017581885 -28.433098158259597
-14.519882508225995 -27.7931252710434
-13.57432193868867 -27.467679101398947
-13.188556870267842 -26.545082053936582
-13.463544855353808 -25.58363439126411
-12.660289038749227 -24.988000197239867
-13.370206328756645 -25.692285254122748
-12.394970261258893 -25.913451735876926
-12.215037107987206 -24.9297728958312
-12.499153994021098 -25.88856254693847
-13.376706006425046 -26.368044001768354
-14.042134623154832 -25.621582511779028
-13.979259967285552 -26.61960394323695
-13.311267878635133 -27.36377231766605
-13.58803638763058 -28.32470894014874
-14.458473832182147 -27.832429898219733
-13.501852299264744 -28.123763457492878
-13.333287400736316 -29.10945401491143
-12.935832440035838 -30.02707569851235
-11.959483821307828 -29.810873536848998
-12.959299506560363 -29.8300723785589
-12.52142333345039 -28.931037086135646
-13.412396526115076 -28.476981175533336
-14.34512572608468 -28.116403528522234
-14.162825849511067 -27.133160549904414
-13.348665268043485 -26.552520775531036
-13.870945839126303 -25.699747062832643
-13.251246991744004 -24.914907373116932
-14.245227182572366 -24.8053474340844
-13.630570933381826 -25.59414252492296
-13.25901428879323 -24.6657322385398
-13.439752672171311 -25.649263446368955
-14.404889477292036 -25.387517486703178
-13.640614447094961 -24.742627047777884
-14.541236033592146 -25.177231187122295
-15.518332300896363 -25.390028941857082
-15.538241646663879 -26.3898307311889
-15.4089020634834 -25.39823037206094
-15.414557816958604 -24.398246365962528
-16.356831420806625 -24.063402438899097
-15.447377474775742 -23.64759777316186
-16.44729210419374 -23.634531255803715
-17.24657999402849 -24.235479564032893
-16.837133981320488 -23.323145215957847
-17.532885920327676 -24.041427360638988
-17.200223937468465 -24.984473491621017
-17.169396191913503 -23.984948779518312
-18.14760629439118 -24.1925662051131
-18.758387337173094 -23.40076666117648
-17.758801148989686 -23.372001188940388
-18.75880096124148 -23.371388411346118
-19.744003582988864 -23.199994729717872
-20.562377396620796 -23.774680992962026
-19.666426588038792 -23.330527698928027
-18.782001515450904 -23.797209915192916
-19.742890574762754 -23.520276320815512
-19.25292276525326 -22.648535794257025
-19.760574820911483 -23.51009797447734
-18.851241007148623 -23.094030654026074
-18.392277165315754 -23.98248560048651
-18.815307462320053 -24.88860113827209
-17.818224411940452 -24.964925385046712
-18.818085062216273 -24.98161909733646
-18.51141724701557 -25.933435703159255
-18.80610690378854 -24.977842690318
-17.837322014494987 -24.729939809583467
-17.006243169018845 -25.286094421721174
-16.690622850266845 -26.234979986154993
-15.990784406028272 -26.949281149506792
-15.457083724932987 -26.1036077001196
-16.410627134284592 -25.802352050409723
-16.294064235432202 -26.7955353620955
-17.162078212046115 -26.298995598931562
-16.96181117878376 -25.319254247661597
-17.162726840037784 -24.339645704894203
-18.080641092938038 -23.942866894569644
-18.604887543406097 -24.794433485724817
-19.51818482973066 -24.38713989776622
-19.70596255305427 -23.40492834895232
-20.348084265413668 -22.63832564447194
-19.815692908221934 -23.48482398634128
-20.14854644767471 -24.42780252335777
-20.76494674568851 -25.215235487240093
-21.068204231133926 -26.168144138434595
-20.138845705272278 -25.79896568509764
-21.125914104682877 -25.959265326036093
-21.739137297826435 -25.169355637912936
-22.524060917780275 -25.788948174051452
-23.48139898602211 -26.077918454694622
-23.522075446299883 -25.078746084390442
-22.867366111282287 -25.834626820115872
-23.107649475476446 -24.863924030951477
-24.107382113841155 -24.840801492415707
-24.322841985227026 -25.817314187582742
-24.31564642941139 -24.817340075929593
-24.78712969376771 -23.935465066967488
-25.12771765611655 -24.87567772371226
-24.411871653623816 -24.177419533130028
-25.328072004652192 -23.776699036055717
-25.126060165820572 -22.79731595626933
-25.356019433867875 -23.77051621060507
-24.622723281513377 -24.450425581728965
-25.494758048323916 -24.93986951669362
-26.493809189553478 -24.98342198169744
-27.327479448769438 -24.431159454543195
-26.91936341106529 -23.51822939163111
-27.69561941060022 -22.887811575269588
-28.689402017104786 -22.99914948888841
-29.68769391352683 -23.057572853547455
-29.765563838218217 -24.0545363808786
-29.89899104552227 -23.063477764876982
-28.993329242750495 -23.487478589168845
-28.465113523184638 -22.63836837629685
-28.7160550216947 -21.670366121999102
-28.93544582562117 -20.69472906081677
-29.92092240023395 -20.524917633376013
-28.921288092521465 -20.551959283550968
-29.439447339046936 -19.696675123028772
-29.054088418941095 -18.773908357971177
-29.878166937111892 -19.340383949580758
-30.07243581542258 -18.359435631411085
-29.30165208155965 -18.996532512279543
-30.293562770257207 -18.869594788778855
-29.34923021427279 -19.19858722593804
-29.695433983401276 -18.260427884332774
-29.098576554435237 -17.458080572074515
-28.288294687344106 -18.04412092551727
-29.182268166345942 -18.492240796580084
-30.167680651929626 -18.66242373713462
-31.118867542551286 -18.971039192206945
-31.52526680185601 -18.057343596268904
-30.532333612526106 -17.938668908457448
-31.44843608118256 -17.537724689242914
-30.801558776731184 -18.300318783755667
-30.905306457935236 -19.29492243277611
-30.893438868770833 -20.294852010460172
-31.763492583996655 -19.801895082705073
-31.763903218068343 -20.8018949983949
-30.955386644681337 -20.21342159155434
-30.52260374387965 -19.31192341586363
-30.744143649882627 -18.336772109630495
-29.837782225922272 -17.914268891705994
-28.908519339800943 -17.54484976865271
-27.977292421036207 -17.18040988915551
-27.31544375271286 -17.930047361697145
-27.60500215608653 -16.972887014087775
-28.488284380107373 -17.441728685367956
-27.488692837558077 -17.413149880915736
-26.639008867548057 -17.940442163343626
-27.461039177894094 -18.50988589969727
-26.840070391986874 -19.293721192937447
-25.98498442845769 -19.81220744634767
-26.91152607299046 -19.4360152335807
-26.067686285696745 -18.899420029185343
-25.19835918724574 -19.393657215057424
-26.19792041343269 -19.42327739573951
-26.229585177672934 -18.423778850114953
-25.53438376063781 -19.142593840047937
-24.712409044035002 -18.573069858756774
-25.084846167915575 -19.501127286266282
-24.453674422114197 -20.27677039189028
-24.370700579015406 -19.280218666508492
-25.305350991985307 -18.92465066241477
-24.308814152930704 -18.841498221638442
-25.301853009280208 -18.72371099915624
-24.34463466689579 -18.434344371842673
-24.047776670763362 -19.38926600744019
-23.657781175879418 -18.468449242839206
-22.658846472113623 -18.42230319628762
-21.684580744469415 -18.647705707227274
-22.214228049180086 -19.495923681932315
-23.077972891803586 -19.999853088537353
-22.871862883904157 -19.021324261857373
-23.854413642317827 -18.835329619083108
-22.94432249595696 -18.420921480510078
-22.80885823133269 -19.41170371339973
-21.85233890605071 -19.70337267020198
-22.442142942545043 -18.895826263773845
-21.4552375944711 -19.057126709969907
-20.463860905267353 -18.926083739523513
-19.64248505154558 -18.355696408911385
-19.94492215199702 -19.308865753923342
-20.944757149419996 -19.29070045931532
-21.202286417207397 -18.32442996083527
-21.228669806202724 -17.32477806303028
-20.92672917045287 -16.37145133389542
-21.64529274346713 -15.675990054213381
-20.69986202136253 -15.350166866424702
-21.680349265080338 -15.546749584145909
-20.70976441795915 -15.787508913225265
-20.342509319318204 -16.717629170247026
-19.77294691842617 -15.895681074872321
-19.16146178645896 -15.104425153325417
-18.8415031974182 -14.156993624770955
-19.35036171530496 -15.017843791045022
-20.15168111887447 -14.419607037357151
-19.804341849077318 -13.48186750440742
-20.69243802713078 -13.022209829037115
-20.244100912017664 -12.128345280454921
-19.45524375356521 -11.513768691608323
