0 0
-0.3760230866028902 0.9266102947526729
-1.1207289160890594 0.25921743628824734
-0.20163653498158374 0.6532595596585674
-0.06814473422610592 1.6443094772364155
-0.47241186814584113 0.7296685179347216
-1.3666563594350056 1.1772473264131658
-2.07873419333447 1.8793478594346458
-1.5478787071439446 2.726810220121786
-2.4146838363929786 3.225457257521554
-2.6616335088206715 4.194485564274177
-2.142371676786981 3.3398703585862513
-2.3750290983107023 2.367311607553732
-1.3791595302291655 2.458107000438467
-2.2592273160775513 1.9832589275647112
-2.225850602194196 0.9838160852919033
-3.0334614155426616 0.39410024341326566
-3.7792466779039278 1.0602866606004802
-2.976218504621388 1.656227725567904
-2.9952992126728084 2.656045672286334
-2.982060037446248 1.6561333140072092
-2.0099408836785715 1.42164589242981
-1.5714836592534536 0.5228938341014735
-1.244792617780886 -0.4222373543700365
-1.9871879187796377 0.24772474683791423
-2.83753552233792 -0.2784966449000942
-2.5895314258486026 -1.2472556284065788
-2.178823943205934 -2.159022793696776
-1.393948783925725 -1.5393688706519315
-0.623863876985815 -0.9014274657381649
-0.11527989457106735 -0.0404150774235974
0.8530210666483389 -0.2902014831817451
0.5710582824356525 0.6692238595724632
0.7789197678248649 1.647382130452892
0.3251451626715818 0.7562656354209675
-0.09668903463057271 -0.15040735413284456
-1.0966646550101882 -0.14342461495661116
-0.8884858160127952 -1.1215153934601698
-0.823608123701791 -2.119408616726266
-0.13142217003619128 -1.3976894154103774
0.6843419219080689 -1.9760741889775562
0.7707137626014976 -2.9723371588480765
1.378119850391443 -2.1779456656183758
0.39717998981385727 -1.9836340861126067
0.8650011072159788 -1.0998109125577207
-0.08423779213088445 -1.4143669679226678
-1.077423990030233 -1.5309052719357097
-0.33157379107589546 -2.1970189864918472
-1.3267256799125038 -2.0986690086325184
-0.554520883349075 -2.734042719266216
0.04817558269751665 -1.9360721873447988
-0.16933968588516213 -2.9121291057329657
0.5127149282410309 -3.64343034554401
0.6950607986692607 -4.626664795478394
0.8019349739036268 -5.620937348990747
-0.09743286189426004 -5.18374460438921
0.42501820540729063 -4.331075335401831
-0.5744832477638979 -4.299502481418031
-0.4567224367451821 -5.292544470151747
-1.20068947593648 -5.960760785873635
-1.087222307741145 -4.967219039522869
-1.5682711184053786 -5.8439128525263175
-2.2268085672214304 -5.091364894913751
-3.186106015764776 -5.373762496210623
-2.3253738740022882 -4.864704365800194
-2.103645382860544 -3.8895959224893977
-1.1230857599627984 -3.6933745527494253
-1.0969843815566318 -4.693033853734165
-2.072280700075949 -4.913934489954767
-2.890924760971113 -5.488235718893966
-1.8919586533060195 -5.442774573544853
-2.888660113017168 -5.361619165778849
-1.8891304820769212 -5.392287013314249
-0.8911651671211583 -5.32852785597003
-0.5431867879369319 -4.3910252972426855
-0.1393976226543871 -3.4761732272333177
-1.045209551395918 -3.0524932185598526
-0.16901732584146345 -2.5705314110709896
0.579648382312428 -3.2334791144642754
-0.11183625579100187 -2.511087949466413
-0.5773655756807319 -1.6260554911220844
-0.029812832688753566 -0.7892843195094621
0.9659416676466804 -0.8813330840950353
1.0144852687893413 0.1174879803544997
1.0078925766744973 -0.8824902876146992
1.3717223575202484 0.04897516562000492
0.7655017424633775 0.8442716926337153
1.6862428804975287 0.45409768436102677
2.1765082334639123 1.3256709077225224
2.9774036432222775 0.7268666470262742
3.307635133133889 -0.2170333281145015
2.348383580527125 -0.49958678999651984
2.6961720023687272 0.43798625442878136
2.2225683841980266 1.3187243612775887
1.906689366023989 2.267523837393278
2.8147941918815853 1.8487809267020705
1.9354793874085008 2.3250219104849252
2.78416403723771 1.7961227091768945
3.7244989097256473 2.136373098718323
2.771784239353892 1.8325067516865439
3.674301072117261 2.2631613308782406
3.619238990975734 1.2646783980144063
2.645693203543313 1.036186385522531
3.645048671252268 1.000288625700847
4.599426772750043 1.2988894284149453
4.368873941663239 2.271949237510902
5.14860115537642 1.6458298621557874
5.166307165651775 0.6459866258431497
5.280942381317188 1.6393942799959371
5.543972002072481 2.604182038316557
6.234884823850784 1.8812439547282436
7.103464952411215 2.3767927013414765
7.795980312249581 3.0981958316285145
6.879457893212658 2.698212512722955
6.307350525413145 3.5183912491636846
7.286187999379248 3.7230304427695486
8.103480226401302 4.299253850528492
8.426892134987334 5.245512133126188
8.897333593961015 4.363080926924416
9.766577152219766 3.868696828853225
10.625362002554617 3.3563604346400613
9.671142088346818 3.6554663612434286
10.593474265189434 4.041864285100122
9.631773161275751 3.7677639627157715
10.591614292119472 4.04830808320424
9.6396552455952 3.742082718904351
9.14609932765256 2.87236865332659
8.932661150106679 3.84932522573188
8.965752033533 2.849872878976886
8.131851515096848 2.297958098098609
7.5484407700865725 3.1101353586806546
8.537695994948281 2.963936521189351
8.334582083166591 1.9847814063884632
8.996941976180256 1.2355956002449373
9.061954927341379 0.2377111799931121
9.682428471588159 1.0219385583023874
9.443554029428238 1.9929890208854535
10.350704809260943 1.5721832905906843
10.546815596633579 2.5527650358195486
9.915593554742449 3.32836721079767
10.027992642205065 2.3347040660964233
10.8801884290003 1.811481034332292
11.880063785311137 1.8272693794728334
10.887112240455812 1.7087483704937305
11.72412121406045 2.25593753166682
12.692696490832942 2.5046581243508377
13.578398009711401 2.0404030011088965
14.255459523501248 1.3044765737096609
15.253495935624034 1.3671129854609403
16.24905119967294 1.4612921563243
15.464644489322694 0.8410453403248099
15.583932945642882 1.833904980046733
14.904977694852398 1.0997253239515565
15.697282572511579 1.7098507051950107
14.916463000923024 2.3346072950956414
14.00152493448161 2.7382015648473916
14.803006763379965 3.336220693258638
14.874940596759208 4.333630099478254
15.781060354579122 4.756651357204602
16.6195529802803 5.301564301301864
16.675752343688295 6.299983868193728
17.36800153695582 5.578325323991237
16.725425228280947 6.344547020062142
15.860109163102099 5.843320417273151
15.609347081617893 6.81136916526558
15.23360998554307 5.884642865523709
15.461230767920735 4.9108930108742825
14.66846096333623 5.520414164681961
13.668571882080181 5.535307961542952
12.700307625506003 5.785236610242646
13.567105345708102 5.286576693814181
13.465708421310138 4.291730643551814
14.218453099741323 3.633418066508406
13.219163729425656 3.5957251709693385
14.08973053233 4.087775414014608
14.799420992804869 3.383261787240101
14.930638496416307 4.374615390525015
15.605150765904801 3.636351753123387
16.423835087605703 3.0621079186757427
16.003926818347523 2.1545413671718876
16.86611635248698 1.647955533161121
17.541755266358617 0.9107228303715919
18.059301161811835 1.766378278609681
19.04400169018283 1.5921230938205841
18.060348432481106 1.7721960474054708
17.12479943265023 2.1253929739428497
17.91855029620952 2.7336359900136347
18.76730500861103 3.2624227506045522
18.39694736635607 4.191311988793556
19.0649807140546 3.4471806520238326
18.58057965719448 2.5723345992163678
19.58050539339962 2.5845215625220352
19.66795590527646 1.5883526973327649
18.733587584705944 1.2320440649447277
19.655166432848866 1.62023528928599
18.969967732064287 0.8918790986463232
18.19357038468151 1.5221228284659762
18.487870807958338 0.566409869016812
18.479089934400747 -0.43355157836981884
19.226550497039565 0.23075460653264246
19.26905108317268 1.2298510484131757
18.56058075840441 0.5241104452715241
17.89644632388147 1.271723615889122
18.356334337622727 2.1597005383466383
17.75637928874115 1.3596668269809817
17.99077490958539 0.38752553430329495
17.52991618953228 1.2749990494861474
17.2096548998976 2.2223282986712087
16.746699914199095 3.108710090686871
17.744466331061236 3.041910559385508
18.537608308393853 3.650947342997883
17.601397348708232 4.00238587100033
18.505781756968087 3.5756671790070267
18.700141863852057 4.5565974256872135
18.428078340114723 3.5943181320039166
17.434969029069773 3.7115098395425723
16.95164301318455 2.8360694004671787
17.88949801105169 2.4890420197381746
18.881074775349326 2.3595216718965037
19.01573067833306 1.3686292520084336
18.064583687362347 1.677367655138584
18.510299875204666 0.7821933258064087
17.59242991512597 1.179074588131974
18.49522183417593 0.748996977812526
17.529938382137303 0.48779235070881205
16.55506472698175 0.2650338346344415
16.809403749806087 -0.7020812885379565
17.789096952288087 -0.5015788471299756
16.869687733195008 -0.10827656154463222
16.833989865625636 0.891086066459337
16.529107794605935 1.8434761770604173
15.552170688007234 2.057003434689406
16.362855334966426 1.471520383538778
16.272304678393724 2.467412234391195
17.25265442195838 2.2701449530374136
16.875298923874368 3.196213432182325
15.943524088410276 3.5592501465733983
16.6006054308072 4.313069826254063
15.763614831369054 4.860287092476698
16.01282309468583 3.891837175601986
16.793860454315354 3.2673528740675546
17.32922206284766 4.111975836169405
16.84446204800695 4.986623038195247
16.02802627735174 4.409186779899468
15.813325591997035 5.385866674086002
15.17864243915684 4.613094200779123
15.910598083054902 3.93174191644614
15.611029384061245 4.8858166486255685
15.574726669573442 3.886475809411631
14.608327837386277 4.143523075779672
13.862668207841274 3.4771960413087526
14.856286597449529 3.589990082961215
15.3305790330004 2.7096227246503664
16.321919857878893 2.8409367335345403
16.84858545530581 3.6910092883714505
17.76328544204032 3.2868757284337944
17.210445800683395 2.4535880644519343
18.210281515263155 2.4354622858264405
19.071915351260685 1.9279318604683309
18.132881021874876 1.5841084635987386
17.287489865048347 1.0499607387514782
16.40535364951699 0.5789663680335073
15.742049195870482 -0.16938328404946734
14.748005500718769 -0.06040102802066252
15.465180161112977 0.6364924405155633
14.883099008828186 1.449623138592329
13.936088412618481 1.1284208181359834
13.877218732609094 0.1301551416872775
13.378994346851377 0.9972032726675278
14.358547184580708 0.7960162002786284
14.635985213116944 -0.16472733486585855
15.635875201094567 -0.14989453532867045
15.780513494021267 0.8395900599123318
15.569342754369428 -0.13785912992563365
16.04413609782598 0.7422381834490578
15.05265649969501 0.6119761149484774
14.101084465541337 0.3045502477599111
14.819754310971403 0.9999017080082697
13.849152520509843 1.2405927222834496
13.468549899946124 2.165331412519794
14.19048504483736 1.473370686343176
13.352644260461215 0.927456022649329
13.49125759197926 -0.06289055523412512
14.376556283230947 0.40213226922511375
13.646282310976561 -0.2810221243403532
14.424056874112207 -0.9095654632909418
13.56116886664457 -1.4149606419071716
14.167175629204273 -2.2104201341076912
14.944673869693798 -1.5815350205649286
14.714336013895725 -0.6084243011776912
13.936259034634562 -1.236593238919621
14.32227886050994 -2.159083723440271
15.216748150255633 -1.711954335341218
16.161529730840076 -1.3842536106115315
15.265199118781974 -1.8276399363902434
15.389974049387039 -0.8354548645954188
15.426222277644072 0.1638879524339657
15.812319040382187 -0.7585703337791007
16.617810047424996 -1.3511783303275458
16.795870841318543 -2.335197818792078
16.98745540855121 -3.316673928332331
16.1587986867898 -3.8764310519847585
17.134760793056415 -3.6584907685775003
17.705794017744473 -2.837563819146337
17.959004533104572 -1.8701526165488718
17.01614499491562 -1.5369621436266765
16.831664791263513 -2.5197983733518923
17.801048687209633 -2.7653484950792584
17.14807682136718 -3.5227306591273857
16.33033806679692 -2.9471411098182654
15.372594998838775 -3.234766240462516
14.7311431042164 -4.001929500065951
14.804723482076179 -4.999218790088666
14.981610381386968 -4.014987605431212
15.912184617757518 -3.6488843541435885
16.75849354493442 -4.181576760491454
15.779129983090298 -4.383683202081015
15.900871575825313 -3.3911213729749674
16.705353744147825 -2.7971445713647443
16.225347755513802 -1.9198793601113424
15.529562094073361 -1.2016298816333646
15.895481402179701 -2.1322764632931146
16.46859426219576 -2.951752911816323
15.61194732158755 -2.435849801584767
14.641499923382824 -2.6771625598833686
15.165616719347197 -3.5288089560995686
14.463852000951958 -2.8164001689445732
14.804667278301624 -1.8762698871617394
15.724081186641527 -2.2695612106754233
14.87836692402143 -2.803197215833382
15.839786273584004 -2.528110258151493
15.255070325888095 -3.339348361614389
15.605760028936743 -2.402856646661367
16.010948794379175 -1.4886235995889927
16.924429124018072 -1.8955064910489483
17.923515168875657 -1.8527621935248844
18.671305307752654 -2.5166973621959823
17.777641488392824 -2.067960269939059
17.025417614517927 -2.7268678837762654
17.906695551364926 -3.1994662312413165
18.2430063072836 -4.141217299970951
19.242989777677078 -4.135467609560622
19.804326294874937 -3.3078799619605763
20.73530302923639 -3.6729584741708687
20.14095450838049 -4.47716605667454
20.353414061033277 -3.499996195040148
21.264035964344114 -3.0867556486140417
20.518862079224746 -2.419885435651947
20.970647772839282 -1.5277589384301495
21.705131438185344 -0.8491325719074414
20.709059619190306 -0.7605835380114376
20.84359952987732 -1.7514917135919654
21.83823285948069 -1.6480289684026403
22.808075147981725 -1.404295639875176
23.51588842098527 -0.697896057089335
22.87782801689033 0.07209025494887467
23.316333906916704 0.9708185700765208
22.910773177212178 0.05675046838959874
22.143229988788814 -0.5842467655396083
21.483905577222867 -1.3361053428752787
21.514270192740177 -0.336566454124828
20.627384296632798 0.1254220817565403
20.22917986068277 -0.791874613533331
19.6643238995986 -1.6170641331151534
19.679252947433522 -2.6169526886705925
18.67931843836591 -2.628397232161436
19.136304448492453 -1.73892335028034
18.269442672414403 -1.240374795799625
19.08121496824184 -1.8243488874569938
19.30694261982456 -0.8501584403107747
19.801104671373054 0.019211369844481352
19.726382993989986 -0.9779930580082336
20.397787942478843 -0.23690237857374286
20.312322753049042 0.7594387785585559
19.47725235644307 0.2092956765275079
18.51017236313631 -0.04517688888140792
17.70423834376961 -0.6371822574613214
18.252320655220473 -1.4736066592303514
19.03220865888595 -0.8476875736141064
19.784471379381607 -1.506550836630394
18.86137756678183 -1.8911256838838313
18.314253901422244 -1.0540738964754939
17.75878825499913 -0.22253441115699835
18.003797905530437 -1.192055051033492
17.04115439995731 -0.9212830414426199
16.088135165162804 -1.224192826876652
15.24104820872011 -0.6927385125422437
14.257812713248349 -0.5103982798880105
15.013783832539147 -1.1650032499258312
14.496760633773665 -2.020974634925534
15.00779728728917 -2.8805335559796252
15.51675052601346 -3.741327724635557
16.001234102521938 -4.616128081341905
16.080212419129573 -5.613004415450517
17.05092673697321 -5.372767629896417
16.7714582639388 -6.332922498956516
17.36437304472223 -5.527657286291437
16.367711586164265 -5.609302476138169
16.393842037798542 -6.608961017589894
17.305205247444167 -6.197357931954683
17.596280537486642 -5.240657782729918
16.772110907098096 -5.807000806298856
17.75437722266565 -5.994491833554406
16.869291558060006 -6.459919987311339
16.74950198695743 -5.467120682992958
16.31221377745345 -4.567799260014052
17.272752537310968 -4.845945428082898
17.089315811460978 -5.8289769472161534
17.10702413788244 -4.829133751922336
17.42497680567304 -5.7772403393083955
18.421277231989144 -5.863179041430009
18.090542025943996 -6.806902636283011
18.982652284314163 -6.355084877766691
18.134437160999745 -5.825433006646891
17.218759860345287 -6.227347277438765
17.67119014249376 -5.335547501819231
18.65199728566307 -5.140567123555025
19.486232419602015 -5.691975992999355
18.912233980857454 -6.510832385976052
18.222089305158132 -5.787160964263214
19.187847733044137 -5.527717986005654
18.65487412207406 -6.37384984925719
18.361897173941514 -7.32996935426843
18.944747311222383 -8.142549022652812
19.943998972517296 -8.181228699478757
19.070474046474224 -8.66800811932048
19.76892323129034 -7.952348468208511
20.454759686791416 -7.224592769978865
20.38873785238716 -8.222410948497325
20.56271408474302 -7.237661096720104
20.80562623941422 -8.207709386813436
21.778286978606793 -8.439940061861664
22.76740074054476 -8.292787195953691
21.873310592441353 -7.844900148737064
21.236619820891868 -7.073780922272232
20.35263315390508 -7.541293031836886
20.840801105677993 -6.668543324955332
19.939333129921945 -7.101389127391133
19.56356933084994 -6.174673654709807
19.656715836070994 -5.179021241181318
20.60442489845145 -5.498156844149634
21.577263277842828 -5.26667145026233
20.643093258421317 -4.90984323555109
20.338803034134646 -5.862422607259068
19.442447293899455 -6.30575813137982
20.29769452238806 -6.823978333767337
19.3055447054485 -6.949033284676121
18.38887254797523 -6.549393252005096
19.276957109424373 -6.089713133101003
20.140148827909286 -6.59458941214277
19.157028957566556 -6.411626791541465
18.157139219142334 -6.426476404127064
19.151525108665215 -6.532290877228744
19.464689477888047 -5.582591936590571
19.256708542524766 -6.56072481638013
19.134769105704343 -5.568187273640351
18.316193862948413 -6.1425865876607215
18.774295761800364 -7.031486272815485
17.99258702175274 -6.407842587901451
17.130310402974505 -6.9142801780429926
16.91980877065667 -5.936686672135999
17.892261960496814 -5.703588423387269
16.908381075887757 -5.882413491263394
17.282909692042704 -6.809628846874516
16.57443880854684 -7.515368889127039
17.394131248767643 -6.942564992976824
17.4675612373115 -5.945264618574784
16.475011165724613 -5.82342720481012
15.692419903321053 -5.20089132953095
16.57656999960201 -5.668094291043792
17.079285152704298 -4.803642166955161
16.894584044934184 -5.7864369068619705
17.847120699491818 -5.482012989069446
17.957267027608882 -4.488097607156917
18.55037872176757 -3.6829774184569875
18.657065611731515 -2.6886847515274654
18.45354533312235 -3.6677554824733187
17.674372324976495 -3.040946561527758
18.340014159522575 -2.2946751979460314
18.46080255092012 -3.2873534763945895
19.295798174004492 -2.7370968913091023
19.117776858715256 -1.7530702599099866
18.126746627545835 -1.8867081321928103
19.037495790856365 -2.2996681321070493
20.02971940421137 -2.424136204723029
20.555896557115616 -1.5737612263978304
21.25725517342233 -2.2865698201537787
21.87162048096917 -3.075591536510735
22.4974242345547 -2.2956109841901906
22.119386762254223 -1.3698206896111929
22.112130194215002 -0.36984701884766114
22.618207492180385 0.49264110772803604
23.294757994627137 -0.24375512911667208
22.512880223283073 -0.8671868821402423
22.907999400258635 0.05144298673304604
22.972534000543188 -0.9464724833174553
22.470575643982006 -0.08158069339319163
21.97320512099899 0.7859575264378429
22.585340144241503 1.5767107833517096
23.57715396205568 1.7044031903024306
24.368726108845692 2.315478911000158
