0 0
-0.9933568133612422 0.11507493796999585
-1.7261856456416744 -0.5653381002490687
-2.41886152896623 0.15591090020815646
-1.7760769345121936 -0.6101360729811904
-2.037081808998451 0.35520140971302927
-1.361990769856173 1.0929358394842033
-2.0879566861894925 0.4052051594049124
-1.1911837074860896 0.8476960911395933
-1.6195748127016818 1.7512895068815206
-2.4731660785107223 1.2303461789325778
-1.9568520866984787 2.08674553779438
-1.9088335053421481 3.0855919803692764
-2.1773474954858525 2.122316195820995
-3.1238294400103204 1.7995594318497623
-2.7307608294641503 2.7190685766674214
-2.6862751763002115 3.7180785999717814
-1.780786258627669 3.293708690609433
-2.7415766658370058 3.0164330273886644
-3.478877437863841 2.340868395714808
-3.6101788848177443 1.3495259069513073
-3.9242531890637395 0.4001275019534929
-2.9254175159388334 0.35188542391869737
-3.921024249995982 0.445518917392226
-3.334905529361793 -0.36470626446905213
-2.748431092914217 -1.1746740017237516
-3.48765487357607 -0.50121412756346
-4.40872589150568 -0.8906087602050933
-5.205348343732167 -1.4950859463822543
-4.226270882635573 -1.698573845709581
-3.847758922975087 -2.6241702460882657
-4.798001260924948 -2.312658610402561
-4.091154244533573 -1.6052921598137497
-4.863945941445888 -0.9706324138211545
-4.107220550799518 -0.3168995301820494
-4.685038039949756 0.49926647574573624
-4.46493267864896 -0.47620962848575454
-5.445201250775933 -0.2785393816094348
-5.332421287910111 -1.2721593693190136
-4.480243109742549 -0.7489076587102326
-4.667651278920327 0.23337446885059876
-3.866561483270098 -0.3651697144016274
-3.135333813408122 -1.0473032019451027
-3.1671869864137143 -0.04781064300858129
-3.5766139374476795 0.8645322595050685
-3.6695443112576105 -0.13114035015311953
-3.2027742735132083 0.7532383763346276
-3.639889865184675 -0.1461669602726794
-3.1231586218240537 0.7099807034717159
-3.937037388339059 0.12894597695701493
-4.338471356549234 1.0448339445420423
-5.302167633590784 1.3118348539342313
-4.421217738152314 1.7850444076490188
-4.684343449907017 2.7498059635858114
-4.8638553418611945 3.733561766947109
-5.2182398988627625 2.7984619937898256
-4.434652148692917 2.1771808675806343
-4.216085700599608 1.2013587999023743
-4.004936702157535 2.178812686516423
-3.6566947398842196 3.1162173673837796
-4.205866476461566 3.9519268885360885
-3.2381350845670682 4.20391092204206
-3.338465994720521 3.20895679824148
-3.747539155261856 4.121458386911178
-3.4060480304674847 3.1815733877295362
-2.4102362700087623 3.2730006141563517
-1.425128597734548 3.4449391904749866
-1.8612313808751586 4.344836052641432
-1.5972889656059608 3.380297613064313
-0.720466591479908 2.899483174603952
-0.42946898236908104 1.9427593944606016
-1.3577120753233447 1.5707852550601564
-2.297555154870531 1.229178777037182
-3.2495743586759813 1.535217068082007
-4.099946486320889 1.009035308112439
-5.098667030633089 1.05960480849304
-4.120408118390698 1.2669921287860975
-3.343419674642763 0.6374772693251305
-3.9580963759765226 -0.1513018840742527
-3.5505228958919406 0.7618705302768066
-2.58391310776844 1.0181233692929645
-1.7867841441095504 1.6219324577440286
-0.8561993304229613 1.25585609339378
-0.5901673373582116 0.29189189350563205
-1.5174729251487706 -0.0824132585460135
-0.8555302839316714 -0.8319677527214073
-0.5106454123618467 0.10667724159873793
-1.505260023930048 0.21031977367431082
-0.6178964252688446 -0.2507505504315015
-0.8542804689925382 -1.2224102562302113
-1.336079949227191 -2.0986917525803386
-0.44630472622345196 -1.6422927467437283
-0.46688155946150756 -2.6420810212968426
0.30429820684445974 -2.005463578840014
-0.3991021920633506 -1.2946697417702675
-1.3559542310345942 -1.004094148306925
-1.422925543191188 -0.0063392468666845225
-0.8483007403147578 -0.8247562163383736
-1.7783029317195034 -0.4572022420946296
-2.524229254306728 0.2088262267199546
-2.2617570342237463 1.1737657759585123
-2.804378594974956 0.33378848947516837
-1.9042294872540215 -0.10179340164199685
-2.8846757079652265 -0.2985806174186194
-3.7511010039947648 0.20072610835235127
-4.748087758542015 0.2782980830425828
-4.629709470435313 -0.7146704869055938
-3.6726378258114254 -1.004521943788126
-4.422349165484461 -1.6662869376988514
-3.5035155605521324 -2.0609321029385397
-3.9136892021756085 -1.148924655755494
-4.017134044224728 -2.1435598474983926
-5.015616427302817 -2.088487797575576
-5.595200522376551 -1.273575362563347
-6.565690390984915 -1.5147172604751815
-5.714146429586351 -2.03900046810789
-5.03293844667171 -1.3069105255370568
-4.171889206422605 -0.7983889371394346
-3.5565199425466965 -1.5866279041264912
-4.454169329915707 -2.0273382141443546
-4.387228221331986 -1.0295812858388766
-4.220462633418033 -2.015577857175569
-5.177821155285914 -2.3044803677339694
-4.3017191551041405 -2.7866061659210155
-4.856018748306026 -1.9542889421558067
-3.977251463277534 -1.4770384222360757
-4.977092595731268 -1.4948628395795642
-4.9714434082244265 -0.49487879636661747
-5.777747173204197 -1.0863804773274124
-6.773457728684843 -0.9938575628444339
-7.231458117705018 -1.8828095546062884
-6.711076184840346 -1.0288759248972652
-6.598639841879626 -2.0225348547024673
-5.689367462181757 -1.6063332935345958
-5.685752362782448 -0.606339828027779
-5.300713108471174 -1.529240024495099
-5.493580676395494 -0.5480152280070781
-6.190607709655307 -1.2650600766079334
-5.917422489726105 -2.2270215288565325
-6.686231107716872 -2.8665004643212804
-5.853120693122608 -3.4196071783417965
-4.853330501327159 -3.3991237120916886
-4.494117629006825 -2.465868059893763
-4.806088522941099 -1.5157764004535537
-5.477370359780091 -0.7745742043356055
-4.520740894155762 -0.4832666941349402
-3.5416070492108958 -0.6864831149367121
-4.51983703256026 -0.4789593821341669
-3.523349183189187 -0.3952218991542401
-3.905482134876201 -1.3193292561398722
-3.599577353723235 -2.2713913680148043
-4.590856956426241 -2.139615993741116
-5.3078564164715605 -2.8366897160221387
-5.767113905964941 -3.724992906573787
-4.775449645903544 -3.5961441762079716
-5.3738770761061465 -4.39732119209217
-6.016406992374074 -3.6310605923607673
-5.022040389131243 -3.5250650341740464
-4.088871086049316 -3.884502166070003
-4.464819281342942 -4.811142848565362
-3.8270122169219314 -4.0409466731823285
-2.9991064609848146 -4.601813911739004
-3.981572721861977 -4.788254374723965
-3.54815401784672 -3.887061705529561
-3.4463438225130005 -2.892257863495309
-4.187259419919121 -3.5638560153095704
-4.189354354527389 -4.563853820931656
-3.422784941956243 -5.20601527703933
-4.299911491844024 -5.686274598116972
-4.394556571248302 -4.690763518849364
-3.665163341353189 -4.0066688498282
-3.6001529875529363 -3.0087842603596755
-3.1214113421001293 -3.88674008892347
-2.1559368794308598 -4.147237808555496
-1.1972833687276607 -3.8626619023082673
-1.7383136330235378 -3.021658779177364
-1.423824759624532 -3.97091993845242
-0.4544004234991814 -3.7255295219159885
-0.5492361832759215 -2.730036589410906
-0.2042981773141796 -1.7914111198847817
-0.056280159647043304 -0.8024264554708732
0.4307737237683866 0.07094546682222913
-0.39249250116542084 -0.4967099946006639
-1.19957208768572 -1.087152659913921
-0.8603015515432559 -2.0278415050192535
-1.5786157414648294 -2.723560359555562
-0.6395368302215263 -3.0672619720890104
-1.1620814959647985 -2.2146500601951806
-1.7132060580402309 -1.3802270756860273
-2.7012024385718005 -1.534704103287277
-3.3958852392366077 -0.8153878957258878
-2.3958910952628116 -0.8119656131374351
-2.0427635239005024 -1.7475407936246885
-1.2945888358710884 -1.0840389954416776
-2.2297729283078267 -0.7298770081346349
-2.3900846305111774 0.2571894324541758
-3.2180388162367453 -0.30360631141297556
-3.6635936685304795 0.5916483303496397
-4.421690019385295 -0.060494232914416024
-5.02707835242168 -0.8564244850241267
-4.66431718383071 0.07545766125968001
-5.172287735136717 0.9368320972663867
-4.1797822127140645 1.059031884338778
-3.5345634833846464 0.29503398426147354
-2.9439593692463406 -0.5119274648567028
-3.505899971733964 0.3152501214425434
-3.8293957607272735 -0.630979488379299
-4.673437071817755 -0.0947013281185437
-4.081401910878697 -0.9006134624184711
-3.107067606898275 -1.125719357692197
-3.977818224394475 -1.6174442422872173
-4.127491301037664 -0.6287087012408957
-3.859607254796923 -1.5921598612742875
-4.857759977782533 -1.5314050952356233
-3.9748559137066 -1.061851675869732
-4.1273885331482045 -0.07355323915828882
-4.3673581505710874 0.8972271596518206
-4.00439886153632 -0.03457783845850071
-3.2469652312425565 -0.6874900038375896
-2.560906104225487 0.04005578457478021
-2.0280662743973346 0.8862719010300895
-1.5077184982243255 0.032317457378787884
-0.9313303919948197 -0.7848586258475655
-1.9129847574326484 -0.9755277287899505
-2.911293411553258 -0.917391413909336
-3.731303680718815 -1.4897402222972196
-4.6244258637836255 -1.9395543684926762
-5.271897658869025 -1.177464954730163
-6.1610108134929025 -1.6351524007834461
-6.463784760604646 -0.682090001488219
-7.312471090801294 -0.15319349654859737
-7.957157320966131 -0.917640790111634
-7.029252904748453 -0.5448226114189492
-7.791006564686814 -1.1926893890596237
-7.341259396141936 -0.29953347636248173
-6.769679941534659 -1.1200802008522257
-6.104102669871888 -0.3737512549805403
-7.089409163360691 -0.20295572257761374
-7.417548897429229 -1.1475849169843024
-7.615805687616014 -0.1674348034073906
-6.8178283107000786 -0.7701222065695629
-7.759847396240879 -1.1056815045734698
-7.909837990362383 -0.11699408092781716
-7.165340368757651 -0.7846191938653831
-8.079716592148879 -1.1894847543873859
-7.328616229416254 -1.8496727920728016
-6.789843207333143 -1.0072218257397862
-5.7898549264285695 -1.0023805393904044
-6.552796513603025 -1.6488479666902829
-5.556748385812844 -1.7376630956136583
-5.9325749113666415 -0.810973059684621
-6.490151449443093 0.019152475512724365
-5.508465367773436 0.20965821573089752
-6.359171322577449 0.7353000885502077
-6.788201981546483 1.6385900163500238
-6.703252364983705 0.6422047682427282
-7.675515051221798 0.8760963434417641
-8.675217348201977 0.9004954707325847
-8.018077223266493 1.6542639074555459
-8.966158239941576 1.3362350002468737
-8.277144526662553 2.0609833033931824
-7.817732801589189 1.172759870429879
-8.790525171838151 1.4044385366583585
-8.475201104837021 2.35342258961703
-7.475964940355382 2.3925005577323617
-8.475829706780063 2.408945887237032
-9.378390683967945 1.978383833105857
-10.178975303222057 2.5776035485806985
-10.030601397179947 3.5665348829036674
-9.077073989091357 3.867841175609038
-8.165730227744552 3.4561950306565348
-7.337084901370903 2.8964210377994988
-6.757479345481218 3.7113182089700762
-6.618157835159008 4.70156540879522
-6.826948493290629 3.723605051174849
-7.8114516615985625 3.5482382595875013
-8.162231941013601 2.6117804679206755
-7.360872039807244 3.2099629724613354
-7.131643120109034 4.183335512845535
-7.683837353898933 5.01705100878476
-7.7973528370417675 6.0105872361498465
-8.134751053414549 5.069225220988588
-7.136610766582577 5.1301839595171135
-6.234672542483274 4.698318888101752
-6.852768246826784 5.484421744140388
-6.324430591504701 6.333456090894842
-6.217586493892565 7.327731876985124
-5.21947690825278 7.266272499718699
-6.216256648297644 7.346460714788586
-6.571419586736688 6.411656303609786
-7.56447596759339 6.529295686640251
-8.534431400094997 6.772578359596259
-9.51511438661919 6.576974474302569
-8.68811956629802 7.1391840145648775
-9.196290057040803 6.277927518311735
-9.008494534143358 7.260135664062764
-8.12941817676126 6.783454682806094
-7.202162407844433 6.4090261328657006
-6.6884349906890925 7.26697959364484
-5.7839765133349665 7.693541268836431
-5.856546070665743 6.69617791511382
-5.13175653482773 7.385148254634846
-5.800580109222471 8.12856941813091
-6.089517350781141 7.171221377739921
-6.256541618347929 8.157174162635718
-6.610956053187207 7.222085713141471
-6.285216389192549 6.276626210412429
-5.294790843506723 6.1385782533361555
-6.075273551045562 5.51340088391781
-6.749742453153148 4.775097626380782
-6.865655181966884 5.76835702819833
-7.828115651395779 5.496935133748544
-7.565077969682759 6.461720694377973
-8.533945433254214 6.214140731471816
-9.531320907697262 6.286543514425967
-10.091585132706298 5.458229565385493
-11.091506820423943 5.470744293984088
-10.091507921394742 5.472228187641346
-10.475470394851946 4.548879489165724
-9.576646055006039 4.9871885195319345
-10.527468896356714 5.2969237683587815
-11.39128582017594 4.793117930636063
-12.299529993654035 4.374677347825206
-11.83107000334797 3.491192635177364
-10.846244415263111 3.317645635625907
-11.31795300300825 2.4358911299683026
-11.06169898504152 1.4692816543909593
-12.051837887851732 1.3291925643739633
-12.4421893725264 0.40852665406106214
-13.331571737593254 0.8656907479136842
-12.337917121665901 0.9781652083314324
-12.029571836901457 0.02689070254273329
-12.878790972569888 -0.5011498826536729
-13.746088029420497 -0.003358947442643645
-12.786943164732703 0.27955646136895645
-13.516052416966923 -0.4048408635136415
-13.787633956571467 0.5575745703536803
-14.674267650236573 1.0200469406178647
-14.183578075424741 1.8913814006106877
-15.07962379276183 1.4474196089643097
-14.489391799102172 0.6401859416408106
-15.17552035577473 1.36766625320837
-16.111791174912575 1.0163872284560385
-15.562252302871142 1.8518553775290176
-16.52803474350679 2.111208953482486
-15.566186435260533 2.384792271548142
-16.305528428836126 1.7114621767687188
-15.352404427161092 1.408882208114202
-14.380682877126395 1.6450118953586597
-14.138172852597041 2.6151607952718496
-14.914926402493021 1.9853561249779617
-15.034468691028831 2.9781852347705895
-15.99077877344523 3.2705395168817626
-15.280422086024744 2.56669764782523
-16.13828703849568 2.052822445736202
-15.228254630552774 2.4673595568536957
-14.256530943089896 2.703480447974209
-13.321357525855543 2.349290273494136
-13.170265241768943 3.3378099352558506
-12.528602649782743 2.570822896222237
-11.888085669570113 3.3387669033342746
-10.897846319233691 3.4781441936124953
-11.167665750890617 4.441055131498411
-11.648555354625406 5.317836283793438
-11.173350054673351 6.197711231099859
-10.506156444370028 6.942595575391252
-9.862619629266238 7.708010735684063
-9.70147286479264 8.694941189312733
-8.846122407633723 8.176891389160245
-7.90500867693779 7.838801244530765
-8.598246909283658 8.559509752329843
-7.685964785334492 8.969072111834228
-6.90676073688203 9.595842445270083
-6.704094982397416 8.616594472609847
-5.999476747983367 9.32618107319587
-6.99741113961606 9.390422414999167
-6.48654967152906 10.250085465516051
-7.472397915119729 10.082445253725465
-7.340636848698869 11.073726758332324
-8.33805545272121 11.001920572316603
-9.179106543109743 11.542876266765104
-10.10000865476578 11.153082345894791
-9.63058915938112 12.036057621512864
-10.606451205220843 11.817669738402309
-9.911305585222106 11.098800788595343
-9.0987453038729 11.681677953333933
-9.324927580256833 10.707592958146254
-10.089624208385864 10.063202496602873
-9.128008711813129 9.788801992319133
-9.80214351695217 9.050193662755929
-8.94250450242318 9.561095575748656
-8.581307573686566 8.62860601619786
-9.390514976628191 8.041082928120064
-8.485925613028183 8.467366968710058
-7.756612729739408 7.783186642868242
-7.885698677706401 8.774820051965305
-7.376752281468427 9.635618266273617
-8.331054718863875 9.934460796682373
-9.25713198176281 10.311794737829487
-10.255709430638527 10.258474210854727
-10.812820107251527 9.428035956675764
-10.145272721839898 8.683468640558479
-10.785769196221217 7.9155075306674245
-9.84249649463618 8.247526521757491
-8.859508399701133 8.063857239578983
-9.503644026132578 7.298945940955561
-8.552507104238071 7.607715362707527
-7.927597288896231 6.827018415941737
-6.973151713742513 7.125403476005888
-7.021747975801183 6.126584972315691
-7.954967790246868 5.767279005309906
-8.815409887126478 5.257730776074026
-8.283700613562857 4.410803832113423
-7.728526325162688 5.242537869831831
-6.97350504933005 4.58683757774706
-6.949331253589859 3.587129806646169
-7.189740336091218 2.6164581458613005
-8.076586013398359 2.1543924095838327
-8.590577459131424 3.012187719499452
-9.546475517038505 2.7184890594931987
-10.192804603773904 3.481547845983325
-10.389375575749865 2.501058247376371
-11.125101903995121 1.8237793019434325
-11.518422920924614 2.743180507969153
-12.062949645149619 3.581924000703842
-11.483134959870366 4.396672385626772
-10.661532479482144 3.8266115430670316
-9.683477412269289 3.6182649916214733
-10.256419403927582 4.437860912911122
-9.256480271041378 4.448894068524331
-9.172940586852103 5.4453985196762345
-9.800113085698415 6.224278906315206
-8.873787266060168 6.601002247603648
-8.060272811900395 7.182546943111333
-7.53533549625386 6.3314060531043905
-8.095650112867142 5.503126190733277
-7.102841578517781 5.383413141640566
-7.439654662383539 4.441841611412067
-8.257333730465863 3.866167274985626
-9.161349700248081 3.4386685891645885
-9.016381800849361 4.4281049479790004
-9.660449796818366 5.19307319344313
-10.624644166462453 5.458269757422835
-11.602968795220583 5.251192668479454
-10.808918602474467 5.859044863836067
-10.668833765099228 4.868905359353212
-10.554834579027338 5.8623862024372375
-10.39221053185041 6.849074308821315
-11.0308386616826 7.618589813400034
-11.402859850472531 8.54681405090481
-10.514537755851439 9.006034973999563
-9.642258986669294 9.495043919555862
-10.068262795885511 8.590322551104075
-10.555910169544266 7.717281865360438
-10.38562387656347 8.702676496167232
-11.31794566223582 8.341046729747598
-10.530721446254795 7.724379855517224
-11.47158461201196 8.063166666537676
-10.479701316920133 7.936015068365328
-11.442221345190744 7.66480445799408
-12.140876897326354 6.949346269509188
-11.46566389900001 6.211723461502855
-11.401903056875632 7.209688668818014
-11.99114509882704 8.017645236955767
-12.806970645164137 8.595943324401834
-13.618335042621553 9.180484011213766
-14.436309294548195 8.605229177957192
-14.902577644831034 7.720585845577118
-14.98588626090536 6.72406205033298
-14.732033792367814 7.691305000277509
-13.783168250488611 7.375624491797356
-13.132285331374577 6.616446366713662
-12.143323916584336 6.468273089581493
-12.232138602191114 5.472224922261976
-13.221305197069944 5.619022223244727
-12.862888529623426 4.685460499256146
-12.561095759858047 3.732086950159392
-13.558944212133683 3.666524260379933
-14.194932265455789 4.438223162822822
-13.955248352689479 5.409074141068727
-14.827591284185319 4.9201796638354045
-15.793102680853112 5.180540457551757
-15.308071360259557 4.30604367765873
-16.2734594191384 4.045225933296622
-15.740249177676276 4.891208698132822
-15.029632297110895 5.5947878685575345
-14.713896739427607 6.543635094202645
-14.331365402507785 7.467577612043627
-15.253032359853782 7.079595628265292
-14.928658447176241 6.133666685493022
-14.464550312351896 7.019445235238876
-14.323890583580368 8.00950323389447
-14.783643441422772 8.89755014127366
-14.468831465441388 9.846704196092317
-14.30636705516483 8.859989791923871
-15.080728113657273 9.492733777348043
-15.350942768023973 8.529933673190651
-14.690130057479122 9.280484511963326
-13.839656519860622 8.754466677844867
-12.874214947917398 8.493847086939276
-13.518395236355945 9.258720773234753
