0 0
-0.49143342430480574 0.8709151448195471
-1.2617729676384393 0.23328124674281447
-0.4880164506883927 0.866764358180943
0.4247147423338995 1.2753249648038811
-0.43210394591293133 0.7597071456092959
-1.321992598777193 0.3035293452907913
-2.281170146212317 0.5863339288751821
-1.4046983989358806 0.10488063287837346
-1.3049196751726673 -0.8901290184739058
-1.7396690253137244 0.01042248063757123
-0.9374665495746403 -0.5866296007741632
-1.834603421697575 -1.02838228347963
-1.297844744814919 -1.8721180968662494
-1.0647949902630105 -0.8996532841849395
-2.0607122450989825 -0.9899241073781571
-2.5968579092841715 -1.834049587846211
-2.2360437798889086 -2.7666873331839916
-3.2309659265054016 -2.6660398186988865
-4.203337220937655 -2.8994794592146813
-3.8162240153025047 -1.9774472656211617
-4.816081233153943 -1.9943453101938717
-5.573184633228137 -2.6476403749204427
-5.28551024683312 -3.60536864923015
-4.57256183071499 -4.306585132175788
-4.033644760658573 -3.4642263062578733
-3.0710718773271584 -3.735249265202399
-3.0713076307917953 -4.7352492374125505
-3.735856624970153 -5.482493932500132
-3.5928861631564413 -4.492766976694252
-4.489187868280183 -4.049322218700347
-4.339710467652649 -3.0605570763628775
-4.389401787759688 -4.059321699638061
-3.4240818256884085 -3.798252033022608
-2.6315440894741844 -3.188429159823814
-2.8707179664321387 -4.159405913706676
-2.465220915039065 -5.073502266019452
-3.0605888793803397 -4.270049101836171
-3.96558361657115 -3.8446263407420607
-2.966291980425152 -3.882259118059907
-2.0310507052840068 -3.5282481616300747
-2.647314513091254 -2.740708372675312
-3.27061290621288 -1.9587242851569029
-3.677563312786748 -1.0452740311258673
-4.574897616228213 -0.6039225296361588
-5.574774217871201 -0.6196318099147259
-4.580719111117263 -0.5107536911928335
-4.373084246567655 -1.4889600922266162
-3.690815402207428 -0.7578587148408527
-4.076504761566565 0.16476998516643526
-4.961789792162615 -0.30027884517565984
-5.726628183042551 -0.9445010396366943
-5.667401676841655 0.05374353007717858
-5.059084519525671 0.8474375744765308
-5.359414862728576 -0.10639767594757965
-4.779593866894077 0.7083462180396596
-5.570105539708078 1.3207931913727058
-4.570183017217922 1.3332410432726782
-4.444894691461551 0.3411206698153213
-3.5169042935895956 0.7137247780286504
-4.305990692516454 0.09944255052353845
-5.061403923453617 0.7546912441697574
-5.0693179871274054 1.7546599274774735
-5.764194694712453 2.4737888180497856
-5.397120046823594 1.5435973308401518
-4.4004502325581 1.4620542052440213
-4.674151873056595 0.5002395599051014
-5.597138358658513 0.11540719718566894
-5.076110273601149 -0.7381323359242256
-5.987763130599199 -0.32717118407737183
-6.9436757688821915 -0.6208223852852817
-7.399137797979362 0.2694328253429339
-7.5773883081391755 -0.7145523145996195
-8.307363714685538 -0.031078901921793745
-7.433251875363482 -0.5168036103287406
-7.787088059046241 0.4185038017646425
-7.059879493741334 -0.2679127645762197
-6.162895600245446 -0.7099759894761859
-5.575476914600957 -1.519259183269126
-5.512885672658264 -2.5172984292069156
-5.739512017016427 -3.491280205239124
-6.739220423813014 -3.515427697453218
-7.737875276682372 -3.4635770962948884
-8.711772595945243 -3.2365880843745023
-7.714095603331466 -3.3047101689662792
-7.017761264021935 -2.586992614563185
-7.91262664095786 -3.0333287627310503
-7.650764342370283 -3.998434009104953
-8.155347283640836 -3.1350707857865405
-8.709230005192506 -3.9676654835636254
-8.464664875497686 -2.9980326162693305
-7.521789042588537 -3.331176974942683
-7.504332006044897 -4.331024589269544
-6.551732677627505 -4.026796846453846
-7.104547624234026 -3.1934927994167346
-8.10392133088075 -3.2288791592632498
-7.34213418415791 -2.5810517570272262
-6.531761996927874 -3.1669672101124027
-7.457891162219434 -2.7897606762395672
-6.491332712619407 -2.5333142617456414
-5.635382674486214 -3.050372800230199
-5.977516492235018 -3.9900240391229214
-6.454364363760943 -3.1110381988381106
-5.8895938550852405 -3.9362862055186407
-4.932624567513493 -3.646096986827764
-5.3920129343758045 -2.757861472793576
-4.44210890601131 -3.0704032090415594
-5.367359654938672 -2.6910471077207085
-5.528275930208703 -1.7040790472682845
-4.744009731560902 -1.0836545718818535
-5.572507807150434 -0.5236626623470445
-6.134993569053186 0.30314430887216404
-6.37713742118493 -0.6670960504588627
-7.180549174812128 -1.2625198945679723
-8.165240126510058 -1.0882106015161497
-8.540030415564955 -0.1611009859743049
-9.50204978006008 0.11188022644954376
-8.582155435663129 0.504046511520692
-9.139258554207597 -0.3263968130403695
-9.190995950116264 -1.3250575371426994
-8.277750694693678 -0.9176472973988563
-7.732672292269858 -0.07926222166629271
-8.555311511607789 0.4893015081011638
-8.449446201462381 1.4836819866443705
-7.926505602308622 0.63131285900265
-8.393357443007506 1.5156484055210875
-8.818311385617422 0.6104334328984021
-9.491974381142732 1.3494721114936883
-8.52840606328705 1.0820097836327887
-8.044063582570043 0.20713129985752965
-7.7518555242717975 -0.7492234725285178
-6.917991983965518 -1.301194120432804
-7.376069711026852 -0.4122819785591978
-8.369377919038879 -0.29678823891960876
-7.834158158250272 0.5479246162337781
-8.812629803824919 0.7543059109444247
-7.815533968962669 0.6781488620234489
-6.851317614602049 0.41303224243215386
-7.466778757600756 1.201199471805924
-8.439563680453242 1.4329094065754207
-9.19551357421619 0.7782799250213209
-8.88053871952649 -0.1708200912642137
-9.817483709143275 0.17865678412527614
-10.816549641093435 0.13544493833548782
-10.822054761846918 -0.8645399083724459
-10.14588703436659 -0.12779218742986398
-10.061791289597963 0.8686654914064276
-10.776026054393117 1.5685716999501218
-10.23462910129409 2.409338813469132
-10.817369561815458 3.2219971399947047
-10.444850976745649 4.150021872303918
-9.81409733230372 3.3740387281421222
-9.35547579838987 2.4854070335517777
-9.667899776261027 1.5354642678805175
-9.369709339982638 0.5809578699385738
-8.488040641189327 0.10908892036876844
-7.530181573341487 0.39632750785601
-7.853587765592737 -0.5499327284498108
-8.356807208857441 0.3142259328620808
-7.732506394223373 1.09540996549923
-6.810255165325169 0.7088188755918803
-7.75774083318894 0.3890206435880979
-6.767213416977372 0.25170553978216287
-6.4324284652713 -0.6905890193187392
-5.546327738676432 -0.22709629841791873
-6.268276486724662 0.4648502350596278
-6.915305767825342 -0.297614917847924
-6.426770678197405 -1.1701591666985043
-7.219435224414935 -0.5605011337244789
-6.3031830349750635 -0.961103087472388
-6.331529387418348 -1.9607012488868443
-6.444771651892988 -2.9542686545200283
-5.552387774043974 -3.405545747396629
-5.270452411020538 -4.364979148460425
-5.864198172403371 -5.169631850462923
-5.58996365130222 -6.131294695454047
-4.706449160416035 -6.599698521649057
-5.702726171703687 -6.685908247201021
-5.373583832760732 -7.63018856612923
-4.512033630576186 -7.122516182484259
-4.383436585393174 -6.130819252989063
-4.316831913091744 -7.128598696367017
-4.205362261103641 -8.122366534790887
-4.533450461715461 -9.06701362901142
-5.523619664303878 -9.206888395304054
-6.409330377893342 -9.67112597654112
-5.620954001593303 -10.286319189517352
-6.10779655363214 -11.159808931600402
-5.109765139888107 -11.22252493577866
-6.063189858441744 -10.92089385970904
-6.473658034489848 -10.009018936020631
-6.053988423535723 -9.101342001400381
-6.983706449166295 -9.469614173601311
-7.983655083616517 -9.459478668624453
-7.270566901819546 -8.758404318087015
-6.573220928319168 -9.475138992316475
-7.143226479352666 -8.65349815119975
-7.024839951502892 -9.646465738799504
-7.716154137756902 -8.923911453029948
-8.714632945550779 -8.979048286331448
-9.626764478047718 -9.38894591675249
-9.603899178295224 -8.389207361895657
-8.852469488319963 -9.04902053319772
-7.893431229545789 -8.765743957732328
-6.965831852234698 -8.392167465950424
-6.927526174831088 -7.392901397739034
-5.929107667094678 -7.336683220879571
-5.918533712650599 -8.336627315060548
-6.323219861548104 -7.422171673221915
-7.230418986375357 -7.001470178201199
-8.227038735831936 -6.9193174241809965
-8.75126259010997 -6.067736922639373
-9.346084567290621 -6.871594382306758
-9.877925798421387 -6.024750296970319
-10.600853092477655 -6.715674408221679
-11.456907484990472 -7.232560156776921
-12.349875574795565 -6.7824401832255985
-13.00771258343185 -6.0292798616017995
-12.26813083991521 -6.70234660766558
-13.265916908949645 -6.768851949111296
-12.774128788358867 -5.898137044882713
-11.802497221936784 -6.134636725923028
-11.54234933145192 -5.1690679427303055
-11.58498081871583 -4.169977077846802
-11.897770185101146 -5.119799594044577
-10.925715288826284 -5.354553249240971
-11.32061714506656 -4.4358299372813885
-11.933056614570638 -3.64531245095135
-11.592005490177286 -4.585357200178763
-12.251566858643372 -3.8337064826063356
-11.966424251153448 -2.8752213792302594
-11.277712830134105 -2.1501858086838785
-10.853368033336025 -1.2446851220853556
-10.124001191828125 -1.928807925760829
-9.492212542619487 -2.7039486244285773
-10.491327690331499 -2.661890074615201
-10.15306329276632 -3.6029411876477857
-11.107966485964932 -3.8998585020959227
-11.831992924686952 -4.589630722492995
-12.47425078332135 -5.35611936756372
-11.518282399992927 -5.062649692679857
-10.610792284171195 -4.642576258997291
-10.583520768532209 -3.642948195948463
-11.314655820009976 -2.960715437646282
-10.339786420980325 -2.7379382960101526
-9.393250456538787 -3.06053660353629
-8.512307761707326 -3.533759562006272
-9.194417966070018 -2.8025101728753903
-9.685047074012626 -1.9311416638968748
-9.272695163115117 -2.8421663076794523
-8.28939009259818 -2.660201645462625
-8.842631155018035 -1.8271804411391388
-9.616876503558771 -2.4600660076225545
-9.129813527820973 -3.333432859332328
-10.053796038937849 -2.9509981339867424
-9.732698322018958 -3.8980442026600017
-9.91655303174496 -2.915090772577189
-10.838289956798755 -3.3029065032952394
-10.54052958318879 -4.257547147678064
-11.101790801871466 -5.085185863787236
-11.702298758912043 -5.884804643913711
-12.380677458616352 -5.1500922241279214
-12.47940727237519 -4.154977947335982
-11.50493416180522 -4.379482194013168
-11.320727963649452 -3.3965945724810833
-11.334131542112404 -4.396504740488384
-11.08419653982947 -3.4282421239251755
-12.075134677052185 -3.293923070185293
-11.689420104401183 -2.371304910573932
-11.532488951713903 -3.35891445554413
-11.908997529528653 -2.4325013237115147
-12.014933953235893 -3.4268742286783187
-12.216143040039846 -2.4473259126736817
-13.149664944498763 -2.0888055451973044
-12.43756156452444 -2.7908801681749082
-11.735338054738168 -3.5028367274560557
-12.623472989770697 -3.043253941469934
-12.627005184903012 -4.04324770324925
-13.04278096511039 -3.1337805512349806
-13.897842126507065 -3.6523077060407543
-14.35746028908691 -2.7641910782115446
-15.045879214216047 -3.489504378464645
-14.579376387556 -4.374024085830278
-14.816593284352393 -3.4025673735294735
-15.54658482367 -2.719111191667966
-15.092369627328944 -1.828219191808917
-14.9371506757159 -2.8160992842594874
-15.85998286059776 -2.430897053546618
-16.812065327639097 -2.7367384764318774
-15.812329041892161 -2.713774178904595
-14.958427955302499 -3.234209510450209
-14.008132927444695 -3.545560373671651
-14.552462493516053 -4.384431831941968
-14.178373284374848 -5.3118245554437795
-13.434559097863035 -5.980211012475766
-13.726652207937985 -6.936600899000474
-12.773368479999444 -6.63452452778353
-12.781551047215713 -7.634491050020025
-11.846151274825706 -7.2808991018471
-10.860633895152558 -7.111324651052845
-11.801671198716699 -7.449627464077997
-12.270586547045353 -6.566384351395075
-12.240878635836907 -7.565942973993885
-11.789612130022075 -6.673553742363611
-12.42120360311659 -7.448855110293722
-11.530932800964385 -6.993423557988363
-10.578430863224991 -6.688891033284187
-9.74345747768623 -7.239181361603645
-8.796596394804213 -7.560824159942881
-7.972530327110431 -6.994330456468866
-6.972532434235507 -6.996383319277644
-7.815858102534347 -7.533786163695419
-7.614982466660256 -8.513402914732364
-6.950675916567241 -9.26086315280762
-6.0936022170697015 -8.745669331387369
-5.20174053574989 -8.293361094237747
-4.6965193323098156 -7.430371212724317
-4.515148129399855 -8.413785920136705
-3.752383128657904 -9.060461691789804
-4.105477954341163 -9.996049231294103
-5.095954982479756 -10.133727322251744
-5.145810876556387 -11.13248374392112
-5.986901248745086 -10.591589127742079
-6.507270250168885 -11.445530637657834
-5.51891681247252 -11.293354811082851
-6.468138490772679 -11.607962829806198
-6.842072403789305 -12.535418181128337
-7.825046099199383 -12.719164512062742
-8.151199407801037 -11.773847623771735
-9.005845194427687 -12.29305912152705
-8.950728985278474 -13.291539067990183
-8.021502869196638 -12.922027464395024
-8.391440601817838 -11.992970913918635
-8.409563202726334 -12.992806686101403
-7.67901974225215 -13.675672889949862
-7.168439153204976 -14.535502792947101
-7.351881744624133 -13.552472368365326
-8.023260170316057 -12.8113576609715
-7.028450986508931 -12.70959967448887
-6.497045186285363 -11.86248228268963
-6.198447270237447 -10.90810327803171
-5.758162780716415 -10.010244954972217
-4.928683725726836 -10.568782775834508
-4.459111737321553 -9.685888587550822
-4.230675922671196 -10.65944756295243
-3.584280432275645 -9.896445026917132
-3.25622063458892 -10.841101985363817
-4.229470409394433 -10.611352391586117
-5.09564767090615 -10.11161550917692
-6.08004751033899 -10.287561398940218
-6.444272509128615 -11.218872383658372
-6.022623660380008 -10.312113182795775
-6.030045895483221 -9.312140727962106
-6.241537713053083 -8.3347609598571
-5.341984001843592 -7.897950794397056
-4.425706303288003 -7.497407189867322
-3.5665151291496167 -6.985752495485748
-4.459379074544825 -7.436079015927642
-5.4476156498524215 -7.589011913710664
-6.425313739439969 -7.799027259856751
-6.690790162000992 -8.763144612186954
-7.658361235406296 -9.015743539162719
-7.2440253242032755 -9.925867570648297
-7.05848616160673 -10.908504441085679
-6.307345225747717 -10.248362566579262
-6.729441368919257 -11.154913638455366
-7.334798798596301 -10.358959882050634
-8.320076874464334 -10.529919272590568
-8.337281499516079 -11.529771262075426
-7.391527845756253 -11.204886626550845
-6.582765018077038 -11.793021550326266
-5.826775828017077 -12.447605650738492
-6.275323316340076 -11.5538466503815
-6.227213122817648 -10.555004616184283
-7.224604058479286 -10.627194099213352
-7.778104214362614 -11.46004317163712
-8.546023521005525 -10.819496578105415
-7.581432291784765 -11.083246005612628
-7.328355259212234 -10.115799875027424
-6.330941036163359 -10.043932861315929
-6.5387346879847605 -9.06576017806275
-7.461025357414977 -9.452257165220429
-7.014603366843444 -8.557434609439591
-6.023926360335895 -8.69366628261893
-6.462283456198259 -7.79486538336086
-5.550549617849868 -7.384083923201677
-4.557615988816214 -7.26541291438294
-5.043587533194919 -8.139387546768901
-4.727904039000105 -7.190522998219977
-4.807084527443315 -6.193662701964833
-4.731378597608748 -5.196532513780821
-4.286676563093902 -4.3008539439253415
-3.3115856154328847 -4.079048525169309
-4.164777894350894 -3.5574519998792207
-3.7449837152084537 -2.649832670447479
-2.833346580025701 -3.0608286968951597
-1.8640914316715647 -2.814770863471793
-1.8121539959646125 -3.8134212040676325
-2.5120747001929367 -4.527641763693667
-3.4321146339026685 -4.919466367795288
-2.938380129739128 -5.789079062848887
-3.284037296147655 -6.72743993336216
-4.165979310498244 -7.198797847609099
-4.780750461834191 -7.987503389294382
-5.780083325100654 -8.02402500475225
-6.501087411182036 -7.33109419445879
-5.648088747882692 -7.85300729106543
-5.889117143284218 -8.823525355096269
-6.2022188158783935 -9.773244967728719
-5.209504631286723 -9.652752031377677
-4.799073154043642 -10.564643473649213
-3.8694061849581143 -10.19624243321728
-4.794781237384384 -9.817189650155239
-3.889771076151232 -9.391799701913929
-2.9596422602976302 -9.024566280342885
-3.9587344804221996 -8.981966565712867
-3.5459546074401045 -8.071135749116895
-3.626199838725055 -9.06791090072132
-3.50482421328657 -8.075304252773897
-3.1917286713743476 -7.125582619012356
-3.732666722530179 -6.2845201808951066
-4.720893966707046 -6.131526998476431
-3.720922753216045 -6.139114632451139
-4.613619551513478 -6.589772403170241
-4.759446931191222 -7.579082453324551
-5.592705214267834 -7.026198529083469
-5.454749944890481 -6.03576006877863
-5.665414523831814 -5.058201663782043
-4.9427012191721 -4.367053720670125
-4.338240321712841 -5.163688532514766
-4.749239435451129 -6.075324275839008
-5.3771637392555025 -5.2970498584952335
-5.122547197560999 -4.330007761844042
-4.185347954258914 -4.678802226183716
-5.037538245493421 -5.202034208697826
-5.960467287361758 -5.587004316207479
-4.960891447404343 -5.616127162452812
-5.87286268856698 -6.026381297462174
-6.806224266564643 -5.667443747576804
-7.7208480197846185 -6.071749807444579
-7.0706193638920345 -6.8314883776489115
-6.568243128686558 -5.966839247480626
-5.698810149514645 -6.460890150453439
-5.77034797599983 -5.463452262972832
-6.701398449832356 -5.828342678270669
-6.071442013821204 -5.051712207114582
-5.119308934302994 -4.746028385352339
-4.2275329316617105 -4.293551246578309
-5.227041311308529 -4.324904061695811
-6.011565062909678 -4.94500283058159
-5.052732774713816 -4.661029868641394
-4.388857116021208 -5.408872839989962
-5.2659514232953635 -4.928554636975263
-4.277346939072759 -5.079090924211789
-4.5639769390610505 -6.037132281934258
-3.5853752609942626 -6.242896116669293
-3.23404737965022 -5.3066436294681605
-4.200047722450014 -5.048102844076994
-3.5368226610094977 -5.79652285842537
-3.429197191772104 -6.790714368332506
-2.585770392622931 -6.253470257637023
-3.201240163896621 -5.465309765955086
-2.7277973525677957 -6.34613432533173
-2.8709244326406473 -7.335838644282505
-2.419499060919188 -6.443529766277729
-3.266160819808081 -6.975661203081801
-3.567599003585722 -6.022175481447315
-3.1053422698902766 -5.135429344070208
-2.232716339103957 -5.62381851770053
-1.5663256812763144 -6.369421288054854
-1.2830336290875515 -5.410387600864107
-0.28743623477255476 -5.504120350920792
0.4600275863661669 -6.168422869423245
-0.16097188667669382 -6.9522338507704635
-1.0848085876920663 -6.569447030389938
-0.2378543895727172 -7.101112890012324
-0.5320324467109099 -6.145362257944315
0.08360583984916237 -5.357333387837783
-0.4105254453097033 -6.226720685322194
-0.5472763648676715 -7.2173261496721794
-1.5403029007134263 -7.3352171972804685
-2.2829636987640747 -8.004884979870294
-1.886239853219897 -8.922822989965006
-2.737163230397167 -9.448112820604463
-3.7290126294883374 -9.575528555592273
-3.5525086595781277 -8.591228627416955
-3.2603122535353566 -9.547586959997211
-2.535134557237646 -8.859025191676935
-3.395194673590519 -8.348832486653546
-4.3934788399043665 -8.407387787754871
-5.063085651786813 -7.664672016089407
-5.174669369906848 -8.65842705323413
-4.573970791338546 -7.858951464047054
-3.92805150075404 -7.095545759293148
-3.742582516716726 -6.112895640502046
-4.7421288347930295 -6.143014704566261
-5.049235567962383 -7.094689782753164
-4.105404240041116 -7.425117421479675
-3.1169434990519758 -7.576594692128444
-2.1365978624333146 -7.7738823824762
-2.797181063815347 -8.524635227327197
