0 0
-0.4164168251409586 -0.9091738160217353
-1.3022209133992162 -1.3732332057823102
-1.6787493697756215 -0.4468281531520898
-2.6783991983357662 -0.4732898284519135
-2.492619112999593 -1.4558811778400935
-3.3743450275113918 -1.9276432064926041
-3.0401928692732656 -0.9851240633741196
-2.213102553736082 -1.5471931071263993
-2.388256631975942 -2.5317341417592605
-3.314862309983133 -2.9077686049203293
-4.06258584730056 -3.5717787793465305
-5.022751650696347 -3.851209683130136
-6.021885116889079 -3.8095885738982003
-6.714413260914185 -3.088197716087303
-6.422412216055662 -4.044615715605051
-6.293076267692289 -3.053014882375799
-6.277010438245683 -4.052885818609168
-6.1801756232089025 -5.048186285099962
-6.76074356996888 -5.862398087516817
-7.648546604127549 -5.4021744760640145
-6.676335068555019 -5.636278577052663
-7.619088674130063 -5.302788488481424
-7.296375239309912 -4.3562917695295935
-8.277310299268748 -4.161955956711796
-7.732618294096766 -3.3233197903668636
-8.044369674798872 -2.37315607993043
-8.431511086731406 -1.451135729196845
-9.060436880909764 -2.2286010630974133
-10.024614626283627 -2.493858061734156
-9.654188755830166 -3.422720093738261
-10.51262190476461 -3.9356455549999296
-11.261036734790345 -4.598876466672139
-11.060166634924297 -5.578494352880738
-10.788335030355263 -4.616149519280316
-11.0565652780402 -3.6527946862998206
-11.033465092760263 -2.6530615311829
-11.898078583842453 -2.1506239618882974
-12.347384215770118 -1.2572458509419406
-13.16456798305595 -0.6808686389665407
-12.222738164317152 -1.0169587943332838
-13.222331338208397 -0.9884371059185377
-14.09293012194898 -0.4964434497100269
-14.386322320628864 0.45954871435502603
-14.379180832313455 -0.5404257848921503
-15.300156673001792 -0.9300454723675291
-14.61260517815018 -1.656181094636064
-15.455926857265684 -2.1935901990749516
-14.497970863216757 -1.9066750313585448
-13.950110952466579 -2.743245122978372
-13.844779502234058 -3.7376822932369627
-12.927239601758389 -3.340038569490315
-13.884278121124362 -3.629999381411144
-14.022770157299549 -2.6396358340629744
-14.969611213204264 -2.317934085772349
-14.18441160536555 -2.937176829653884
-14.252831363011815 -3.934833452327049
-13.483744227626348 -4.573977394005741
-12.495214384943893 -4.72500305449495
-12.145162014314336 -5.661733185224515
-11.152820639624949 -5.538207495266599
-11.025369474659323 -4.5463626482522566
-11.355888235407784 -3.6025632263445604
-10.909566636033999 -2.707690592986926
-11.816599208597822 -3.128751054569646
-10.949359411837678 -2.630860368861002
-10.805600740871624 -3.6204731439008526
-11.633262450853936 -3.0592458335985526
-10.800963290234998 -3.613572548842381
-11.772964803687813 -3.37859795905566
-12.453380379946626 -4.111424434822186
-11.662568485575559 -3.499365166677961
-11.914503683521172 -2.5316210599864735
-12.29319375900341 -1.606097518021572
-12.842095348297493 -0.7702105368629766
-12.212688861692172 0.006865697890826028
-11.21300788119878 0.032123117390260914
-11.871431108526487 -0.7205247775216748
-11.802764005742015 -1.718164406343218
-12.802323888068745 -1.7478299021754429
-11.814112090165507 -1.9009228232555777
-12.780673867594182 -2.1573566946803986
-13.725162639710687 -1.8288129999518943
-12.750269799576484 -1.6061384610951412
-12.838695933844495 -0.6100557241809751
-12.020120551280108 -1.1844548389605587
-12.017156163303154 -0.18445923276825038
-11.041574880877937 0.03517947370574359
-10.136040140428188 -0.38909264868577914
-9.458953302266881 0.3468104791705476
-9.090356155842862 1.2763997129980862
-8.613359398460677 0.3974946592824524
-9.581862825407718 0.14849443439934645
-10.58178108062462 0.16128047694539943
-9.649192550913593 -0.19966083996280076
-9.687024946995919 -1.1989449386087614
-8.880103171533204 -0.6082866208952971
-9.405132665604857 -1.4593706533826092
-8.91356272105901 -0.5885325572825397
-9.890956862256804 -0.7999579406976569
-10.885064294133361 -0.6915586146490318
-9.954224351425596 -0.326131465876798
-10.808529398444138 -0.8459034222563697
-10.156316248014102 -0.08786779881501261
-9.167500824852352 -0.23701222183327428
-9.727033989506047 0.5917957400328148
-10.689080509589294 0.8646812346926015
-10.055439711322924 1.638308624831005
-10.979543759901354 1.2561676725621425
-10.06268951159403 0.8569455697662014
-9.58498862645918 -0.021576976524661173
-8.588270200811213 -0.1025237489979143
-7.756888435060635 -0.658225431177706
-7.161480413399907 0.14519804852777207
-6.169974958608 0.015132937456842382
-7.0225101725357435 -0.5075368521935418
-7.871939165072331 0.020166081888009724
-8.34290451143366 0.9023177936285434
-7.531047658628182 0.31846126112009887
-7.927993369564825 -0.5993808290942275
-6.931336996606815 -0.5176735819114667
-6.885326362702178 -1.516614531901852
-6.82668529784197 -2.5148936639646537
-6.0585303887965285 -1.8746296280315171
-5.573557507361255 -1.0001004379684475
-5.201534823194539 -0.07187679979422412
-6.081332555092223 0.40347144196931944
-5.146560458236379 0.04822346246805875
-4.162251530708104 -0.12823031388183254
-5.161201688954883 -0.08242003841075385
-4.42489857043985 0.5942318053501551
-3.527081563135787 0.15386307190558346
-4.126329976024865 0.9544262109832715
-4.762652199305234 1.7258495890056955
-5.267024656482591 2.5893357929724266
-4.375092967256119 3.0415059619946785
-3.7464804559316063 3.81922461974071
-4.48275743294446 3.1425443310365004
-5.4459935954967404 2.873888240185098
-5.304237342300005 1.8839866467528907
-4.384282055971596 2.276009951106619
-4.168701427620506 3.2524959943656864
-5.065983089223176 3.6939545085564895
-6.006513024929462 4.033665326812737
-6.6438646926747085 4.804238393836464
-6.24852593063889 5.7227737841356
-6.077883620640408 6.708106825314258
-5.093273345869951 6.533342392959029
-4.180399682184014 6.1251002171018385
-3.9631517099831544 7.101216664342952
-4.811370902374144 7.630862018952597
-4.126332651392514 6.902354918992667
-4.5501023438944355 5.996584943934525
-5.529155249093183 5.792978930217117
-5.408978260657808 4.800226447746988
-4.710767014895222 4.084334656838154
-5.46093495315661 3.4230873019060843
-5.388380354618468 2.4257228598734994
-5.303594377833045 3.422122046013543
-4.608518304012558 2.7031858516247107
-4.820708040292329 3.6804143386314707
-5.561489279290763 4.352160686554513
-6.558996136187515 4.422730300723515
-6.981635188894009 5.329028392483261
-7.769756027431952 4.713507845415781
-8.309243688968515 5.55550135076473
-8.632482446152295 4.60918390621756
-8.378449391549054 3.641988369023066
-9.230060499229811 4.166162501611421
-8.265739062269681 4.430896644137745
-8.17848775164363 5.427082976504354
-8.395052442072188 4.450814706580773
-9.086059286259612 3.727966492025229
-9.0606159621693 4.727642758253069
-8.411256816035722 3.9671608719910276
-7.54798811075074 4.4719055029437405
-8.25182069114304 5.182271393719978
-7.281947338145086 4.93866170765535
-6.381736312069673 4.5032077967391055
-6.990823831127062 5.296310812827504
-6.119859956716873 4.804963756794406
-6.713841116137111 4.0004848060108635
-7.711643419260492 4.066746136224467
-8.612181703153164 4.501522859662647
-7.671932382810502 4.842009593024114
-6.876934156453387 5.448621347022534
-6.312163126978171 6.2738689972860815
-6.757400928595002 5.378456634175424
-6.2599940575143185 6.245974014175228
-5.325658478154381 5.889579534501187
-4.767105760270659 5.060110510760874
-5.721006450460459 5.360232941204556
-5.3619851262569895 6.293562298273746
-5.510140778345365 5.304598242933882
-5.0901978734775595 4.397047717259863
-5.848163025449318 3.74475267021717
-5.249905980231685 2.9434484159869383
-4.251259253673674 2.9954552956757703
-5.162935130069171 3.4063653787821653
-4.287085978904422 2.9237803972462824
-4.592690767735254 1.9716219476993269
-3.6896072533126185 1.5421569712716074
-2.833305460579059 2.058632759437222
-3.737218715437926 1.6309169335779847
-3.470169598524106 0.6672340141716331
-2.583665213230251 0.20451382350046282
-3.40911140791222 -0.35996698191727444
-4.3734691138547115 -0.09536498836973006
-3.4506700360857656 0.2899165477422189
-3.073406736629241 -0.6361894952588927
-2.696912242296327 0.29022936019311263
-2.7228881070831643 1.2898919304879977
-1.9421554128347678 0.6650267769295358
-1.7918008403106116 -0.3236053601776282
-1.3676836388768416 -1.2292126699140211
-1.7290983548101737 -2.16161784102089
-1.6219295850859798 -3.1558586844767413
-2.497504793974917 -2.6727768554052123
-3.3796641726326033 -3.143727840802084
-4.339643738120001 -2.8636577891246024
-4.61301557587715 -1.9017493536062944
-5.300755818316606 -1.175792496121417
-6.155972421493446 -0.6575217544711975
-5.741908402911397 0.2527260076879221
-5.26409882995813 -0.6257374303641214
-6.034079612548881 0.01232964639265266
-6.096357458605972 -0.9857292045227075
-6.529707929160486 -0.08450372237621295
-7.524821039064725 -0.18324529668365688
-6.739110390595954 0.4353488973424299
-7.688813715827174 0.7484999695819526
-6.794144485582438 1.1952291587483777
-6.886879512547945 2.190919981631519
-7.372639842159256 3.065012026084453
-7.90761805068764 2.2201461690398214
-7.236920673358845 2.961877271289333
-7.9034896370996535 2.21643390216093
-8.886060900355927 2.402320191657952
-8.014862365115617 2.8932510546062273
-7.272284934374861 2.2234908293356774
-7.144716971396942 3.215320660920544
-6.889971174498076 2.2483126056478064
-6.025164093133004 1.746208321638174
-5.153351703518108 1.2563683913405672
-6.1210078698677215 1.004095634734609
-5.456419103687885 1.7513049573929673
-5.485817834306334 2.7508727212979585
-4.5431609503468255 3.0846361092298133
-4.838662852219519 4.039978260497945
-4.112367625001048 3.3525953665300565
-3.1479804676312853 3.088100733880795
-3.976147423226987 3.6485822176600076
-3.452345395165386 4.5004222468899995
-3.0683188952513367 5.4237443181976035
-2.4501473180610924 6.209787511129218
-3.4350140583893314 6.036474200055806
-3.8230549875638546 5.114832058394861
-4.167331885935356 4.175963900852121
-3.9395171780955525 5.149668403713161
-3.0637516753013423 5.632405168540125
-2.4511440481735933 6.422792349094636
-1.5688102132574326 6.893416406875517
-0.5944328296328004 7.118335757489945
0.19157105485582981 7.736557314513625
1.1402815740179997 8.052703405476406
0.20959929410089784 7.686874902146901
0.20388967365675886 6.686891202162554
0.37958936479181327 7.671335013933976
0.03949994554114694 8.61172811626605
-0.6531342570012784 7.890439088574364
0.020393691980799766 8.62960084484967
0.45464261807097855 7.728807932916229
-0.5179010578070073 7.961528362852527
-0.7391207180436592 8.936752368876158
0.043164750040350586 9.559672465216437
-0.6228735679595713 8.813754936962921
-1.6227911110702826 8.82659654821069
-1.035526910184951 9.635991852347372
-1.5665467812492169 10.483351219165778
-0.8148405201036866 11.142849283571284
0.15427295752454973 11.389464505079012
1.1143099591985366 11.669337610998143
1.0731925818661152 12.668491934054048
1.4134559478132913 11.72816175704477
1.6697633185193579 10.761566427177227
1.981519345886078 11.711728613017371
2.122710861630039 10.721746312225118
1.9666089400882227 9.7340053592972
2.7047690071472124 10.408630970580575
3.104763008118722 9.492113213422098
3.56187816107163 8.602705693248787
3.5315144428916954 7.603166777238865
2.5750497576867084 7.895014864359075
2.8095586793243803 8.867128831788992
3.5324607414352185 9.558079342749002
2.660322641410041 9.068819560542787
3.6582133454121495 9.003903130679646
2.6983625259709862 9.284414100907421
2.6705226155195643 10.284026495481466
1.7668588277790889 10.712269135495905
0.9032188511710927 11.216378241547899
1.8968141553870832 11.329375460274436
1.9842751847703577 12.325543402109155
1.0030309742386123 12.132774630525342
1.0815049748058498 11.135858469940624
1.0241288360059007 10.137505837502362
0.4994672897201641 10.98881674536685
1.3105268164516772 11.573780371670276
0.6931735164706062 10.787094345988821
1.685829792405646 10.9080634240492
2.35015868331849 11.65550380608546
1.6918898834434244 12.40828676757638
1.95671707968589 11.443990881382543
1.2479575563230239 10.738540714437745
0.4172096044967569 11.295189473114581
0.35230974656154573 10.297297691186305
1.3041377856332323 9.990665364063172
0.5932724292730286 10.69399348459219
0.024010220919165826 9.871837454303483
-0.09225125841370317 10.865056095098819
0.7218146689927428 10.284283621718853
1.2631822335160958 9.44349758467848
2.211487026639369 9.760858608339904
1.261340034851069 9.44905627673277
2.123432627555729 9.95580706519171
1.3472744924047895 10.586345366359067
0.8010168366566749 11.42396256624012
1.7819246985398989 11.229489517990029
2.7250403910382093 11.561954238770193
1.8074652104661033 11.164391931706172
0.8789682694283779 10.7930518847363
0.18163057691324036 10.076309153627248
1.102766193220166 10.465550950420527
1.2227336341397503 11.458328777086296
1.7863465071364022 10.632289716634274
1.346379585203408 11.530303696260875
2.1859595307907633 10.987067545984097
3.0567652338132447 10.495440220071956
3.9732039815549105 10.895615208842727
4.8309113439018985 10.381477016742808
4.706466681475055 11.37370356647501
4.429210028580307 12.334499459693545
5.423047822754815 12.223655249784551
6.422910746183442 12.207098246651173
5.449618367200449 11.977529204719065
5.15058011367437 12.931770328821392
4.817230786248249 11.988966942157687
5.80687651025644 12.132498614454448
5.930131449794776 11.14012357452277
5.39433836420837 10.29577425733361
6.3336729302741075 9.952771964346969
7.322202214714625 9.801742649962247
8.061215871423874 10.47543309460075
8.85976958671076 9.873509541479995
9.678947427978269 10.447049134164146
10.674987115325008 10.53595887058378
11.668691589401055 10.64799198265894
12.639650435505237 10.88723854830208
12.666286379790991 11.886883748596667
13.338652886107031 11.146665347593043
13.86289992615916 11.99823157578471
14.65831382287036 11.39216496812619
15.285173005491401 12.171297540390807
14.624443754491136 11.420673228985542
13.6745105655272 11.108220134097994
12.755682427218794 10.713562241420414
13.509996713213596 11.370075727911097
14.351439586643636 11.91042181215137
13.393949681625715 12.198888589768433
13.815944262966061 11.292290236957562
14.801596114445257 11.461081313959971
15.797302503554567 11.553649055030483
15.707105458080033 12.54957299438914
14.708176591448252 12.595845225908128
14.42855621174591 13.555955867061073
15.428464198847546 13.569521165817548
14.681783147049547 12.904338929970985
15.599343605044657 13.30193521506908
14.653100815553373 12.978477979355064
15.010066974570396 12.044360662677638
15.287801089389294 11.083702679071733
16.124456829167816 10.535973573495214
15.177549708420488 10.857480812415282
15.89217492288804 10.157973269319996
16.847969031286336 9.863936498913453
17.71017605176479 10.370492570674188
17.91128508231656 9.390923707433565
16.999641441183165 9.80190530261885
17.896930157123464 10.243349478303855
17.51801757853069 11.168781948981309
17.948438965730777 12.071410017147125
17.017037616866567 11.707416160971048
17.41293727410633 12.625709938254461
17.428869854360613 13.625583006641865
17.496933357523222 12.627902015774927
17.06419942514315 13.529423698135856
17.97881202715351 13.125092412871108
18.24478144600498 12.161110946121974
18.669915748451977 11.255980665508789
18.44090652825041 10.282556412131736
17.533346010057276 9.86263510305465
16.543483556882684 10.004664409168495
16.866820893373887 9.058380642621286
16.63041730186183 8.086725692590052
15.988282141684133 7.320134252471156
16.0188667483684 6.320602070981251
15.056482948058934 6.048908455116044
14.100690718297882 5.754865578092307
15.062523346178194 6.028504018273604
15.155738597369192 7.024149998000032
15.17516661262733 6.024338739700182
15.993592226536721 5.449726248975315
15.124641764953466 5.944625324862763
14.308339472830337 5.36700038783656
15.305149640511797 5.4468094700694625
15.308814698441367 4.4468161864168305
14.43527351795993 3.9600659362853117
15.042830660776279 4.75434190735131
16.041591069346364 4.704565946557817
15.492089230344241 3.8690734397492363
16.47872234603714 4.032030780848426
17.40234520496084 3.648728270455377
17.18420653701531 2.6728104862404622
18.014667538233798 2.1157337182316134
17.085533889887216 1.7459896668796444
17.74813146255427 0.9970140620060736
17.21938450561118 0.14823455263781427
18.204308517773743 0.3212220963096135
17.80489130707873 1.2379913648830185
18.131535547723157 0.2928440006832206
17.433572082380486 1.0089773688813883
18.353385431566515 0.6166211497906454
17.924756332944348 -0.2868593955529434
16.98426167837299 -0.6266678779701755
17.886919612028684 -0.1963091266841862
18.714096844640185 0.36563199643208644
17.760516920419693 0.6667720437915172
18.7037647630349 0.334682436303178
17.73318137931662 0.09391720781290513
16.938466490760526 0.7009001119438806
17.929883964425525 0.8316341660832353
18.126853073535113 1.8120438610865919
18.922287322383433 2.4180837572643186
19.91278454377876 2.5556164966689257
19.310555737900216 3.353940030939402
18.52708899603941 3.9753737477572235
19.20602344887082 4.709572636859156
18.28896710485387 5.108330284934108
19.03321355341845 5.776235385827202
19.747967425075917 5.0768593046300685
20.747035108453794 5.120030638058231
21.698718303814193 5.427112216256303
20.951559591593462 4.7624665521971306
21.001760535367517 3.763727414461859
20.242559448183055 4.414583550038633
19.461608238653405 3.7899915165206144
18.66843783226269 3.180991757550227
19.15211795376617 2.3057469117714127
18.20601006883479 2.6295985291375605
18.346681031530483 1.6395421265754304
18.586710496217542 2.610307729634194
19.169836570816862 3.4226894017085865
19.421407299118503 4.390528318399676
19.332871319937592 3.394455338949637
18.37681108141702 3.101285046593831
17.416871919134117 3.381493548812445
16.749846478247584 4.126528488402615
15.828799047394503 4.515978909019847
14.842696297044446 4.34984232138168
14.407269560144872 3.4496181510813106
14.020075951498292 4.371616583522082
14.053765465219946 3.372184236304323
13.701996108460465 2.436097531108153
14.417470032535663 1.7374580933661676
15.371208650120497 1.436821020922716
15.546306152462469 0.4522699228716279
14.74933157008531 -0.15174292057191485
15.707043035281757 -0.43947326209201626
14.707265248716922 -0.4605535251719479
15.700810749347198 -0.5739878153021153
15.81316923231619 0.4196799215721917
15.403599806486671 -0.4925990299693189
14.870135766379661 -1.338421776124036
15.38009347163404 -2.1986212523222535
14.404142766409493 -2.416612584653853
13.86963393071862 -3.2617754710659277
14.869408686327565 -3.2829989968586664
15.856510257960652 -3.4430942412586507
16.003055869032604 -4.432298155462162
16.797998676149156 -3.825613778365095
17.581597217778487 -3.204346263073668
18.114456012658668 -2.358142088705069
17.41612512655155 -3.0739171745447815
17.831091829097744 -3.983753772939207
18.79515953239737 -4.2494104375546105
19.71131706750276 -3.8485920611425284
20.33522792428912 -3.0670965443389413
20.447357677298015 -4.06079011807793
19.845296384607455 -3.2623402449839647
20.53767379981902 -3.9838757707239987
19.89560441898007 -4.7505223060902555
