0 0
0.8570344046071404 -0.5152591865456494
0.9446631134983723 0.48089401923047803
0.7019896100516904 1.4510020393627276
-0.25250384204703036 1.1527701666517998
-1.2253259810616854 1.3843238015681003
-0.339328053547586 0.9206346034615231
-0.7385184574101586 1.8375026536541537
-1.6196808243956062 1.364688860487538
-1.840855326265209 0.3894546118463549
-2.839681248242923 0.4378981623497017
-2.9150657648166094 -0.5592563766566409
-3.4591138924536136 -1.3983103885144414
-2.478198749162001 -1.5927467062670548
-1.8143980226513055 -2.3406561897500984
-2.3949364605454493 -1.5264233470524906
-3.025686901582847 -0.7504375990318658
-2.30857814092127 -1.4473988787184906
-1.6961696745378165 -0.6568573742407898
-1.1679735936813378 -1.505979803674765
-2.1492986581454887 -1.6983365499937588
-2.138560044241633 -0.698394210570418
-1.267720173039239 -1.1899610104300073
-2.0698047663346166 -0.5927505741529872
-1.2723323454835873 -1.1961059735503894
-1.2087194199765432 -2.194080620376868
-0.27609242198573236 -2.5549225284455517
0.05884074267463352 -3.49716441629102
0.3156220606722977 -4.463633947485554
-0.18757712998265685 -5.32780440203963
0.5186693214108975 -4.619838336543541
0.001988846424237245 -5.476016639683465
0.5204672064870317 -4.620925890027854
0.8776937525454518 -5.554943660089629
1.5035818840751138 -4.775030814439354
0.8158685760970467 -5.501013187524173
1.7404753787700293 -5.1200902813465
2.1626507275002913 -4.213576092310012
1.7899911502793913 -3.2856079681238737
1.0789264286514624 -3.9887345297443235
1.661345683750492 -4.801623089935628
2.472648525138157 -4.216996970474393
3.228681720878194 -3.562463696347625
3.4239445760631595 -2.581712750701884
3.0904043946506077 -3.5244486349151045
2.277867626158592 -2.941538693458834
1.3486652940520676 -2.57196728492214
0.3497870723792099 -2.619320196846007
0.9576738085093054 -3.4133439471438805
0.48109464654957174 -2.534212385666443
0.9616891621467816 -3.411155320855434
0.3557467108397643 -4.206663803339463
1.1722491032123004 -3.6293217528616504
0.42973579756585767 -2.9594904375754867
-0.5405159106548036 -3.2015888115784708
0.22461450287905194 -2.557713474043703
1.2006263405619597 -2.339996013322627
1.0350775280333049 -3.3261976107003397
0.7323336582149931 -2.3731256568125794
1.0260851210619009 -1.4172438241181287
0.5408109770623177 -0.5428817680078055
1.2864764292990785 0.12343875046701025
1.5514431376693532 -0.8408188102787802
0.573409823094083 -0.632370170127518
0.7060823930709228 0.35878975096278753
1.6356649096326723 -0.009824335722359023
2.523182643895307 0.45094922186240394
3.374745840867476 0.9752011856761208
2.9748515752842994 1.8917624636895942
3.914431267088635 2.234092717609503
4.8955208056114525 2.0405382875359823
5.688970284731646 2.6491744054947297
6.402067616814482 1.948109362166836
7.053795975489052 1.1896568939795733
7.499612899288769 0.29453272915451545
6.619397778150721 -0.18004217591309613
5.81397226107514 -0.7727391781355917
5.81306645707271 -1.7727387678950621
5.495205641763887 -2.720876153557715
4.617840399665608 -3.200699279259081
3.948475087252701 -3.9436327073253987
3.878060885470738 -4.941150546858812
2.958415471956042 -4.54840086398003
2.313494730102263 -5.312650323729117
1.454208195069468 -4.801155797158858
1.6594451048485457 -5.779868119991432
1.1614228752459295 -4.912703857108304
0.828677275085212 -3.969687226515988
0.6518840117509448 -4.953935234916117
1.582270660878267 -4.587355525813673
2.241804247968902 -3.8356804314415367
1.4468353355658832 -4.442330601072075
2.294628272990665 -4.972657986045413
1.4522471240830408 -4.433775809716421
1.62241264672615 -3.4483603161790004
2.523125024807971 -3.882776259682678
1.8704429959527085 -4.640408208064858
1.0374033644751255 -4.087194892618011
0.061661795091998095 -4.3061204273958245
-0.3140155831526151 -5.23287093722857
0.38949466072914746 -4.522185819364531
-0.1917900661822905 -5.335886050567334
0.6719219351089889 -4.831900357491218
1.1813346801349074 -3.971378042147125
1.9968847106724579 -4.550064613349707
1.7813447169133174 -5.526559626696068
2.7633936330385493 -5.715186046736467
2.506233823099591 -4.748817156429997
1.5112693699710904 -4.648588732264476
2.442204133298983 -5.013774255564128
2.133620535977428 -5.964971481939441
2.5001237371004583 -6.895388272182701
1.5384265515706719 -6.621274202233551
0.6559576689652371 -7.091644982823838
0.7101970340826284 -6.093117020635667
0.8241938012486537 -7.0865981412794845
1.8137825231201694 -6.942673989224661
1.8734153852546425 -5.944453611876227
0.8744794557230366 -5.8983341074250015
1.8708212668653719 -5.983791672155173
2.838780733519503 -6.23489816533018
2.536449662185003 -7.18810114649722
3.3753088907664157 -6.643752733599932
4.170175282344505 -6.036968241758201
5.1699917534417645 -6.056126115403847
4.202140628853477 -6.307649872995823
4.018962860359777 -7.2907296790795755
4.788741577569154 -6.652418840591393
4.54726385679476 -7.6228252041162845
3.6153589005023097 -7.2601226366625005
3.416876853294948 -6.280018113187389
3.006228608646102 -7.191811960044683
2.0100763191862074 -7.279451084890899
1.916912121648537 -6.28380032669445
1.4448770451438087 -7.165380094241991
2.278019824492334 -6.612322132343408
2.99769450819557 -5.918010711123328
3.3529684188374627 -6.852772952774764
2.452916667818351 -6.4169899270757
2.715668687607941 -5.452126529440319
1.7358233363692706 -5.252368957228482
2.483513263458037 -4.588320937180237
1.5933412502185196 -5.043945548944246
0.6055341117504373 -4.888262996320329
1.4040971601857302 -5.490174167236546
1.7272782517067915 -4.543837027479654
1.124311691898694 -5.341603489392655
2.028052975855377 -5.769682561144973
1.112869195971037 -6.172719344871485
0.9616191494684846 -5.184223809508287
0.45852540105864537 -4.31999196543464
1.4029056891892808 -3.9911365695684653
2.35608117884306 -4.293554303709964
2.6232210431287997 -5.257212071233994
3.5749961981001253 -5.564008509250001
2.5758699245643575 -5.605801924168263
1.7298631672798654 -5.072629750636131
2.6879790048971492 -5.359010688735947
1.7330107103818366 -5.062302824885804
2.1513743153685896 -4.154023190619744
2.6468583729499295 -5.022640222851285
1.6571749403994982 -4.879368790474848
1.658116141313537 -5.879368347545169
2.5365655851913083 -5.401533046891445
2.4454232728486938 -6.397370924711344
1.9928756874089117 -5.505630669416887
1.253488894306006 -4.8323497695058615
1.6605091296576755 -3.918930628030125
1.1863837759090532 -3.0384732758927577
0.6403558344977199 -2.2007063111596636
1.4401789620019756 -1.6004705535532784
2.415889011094985 -1.8195365255775016
3.226857691986119 -2.4046260901859418
2.419489104420801 -1.8145786651320033
1.4930038274556363 -1.438247651838145
0.5946177360962591 -1.877454244288692
1.0334786572316648 -2.7760092464450334
0.03363038040506938 -2.7585901957565495
-0.5262276888523774 -3.587178719866873
0.46246395250172956 -3.437215930093803
1.2746558616462071 -2.853825578167883
0.6315976530933319 -3.6196428804095904
0.09040213774515815 -4.460539672035664
0.8373671812676441 -3.795676359951556
1.2882390702161084 -2.903087686622097
1.1355124335956557 -3.8913561594909853
0.20885862693856805 -4.267272004605193
0.6195865214035048 -5.179029975071259
0.9272066358382893 -4.2275207185765415
1.9100973950875832 -4.411710173709962
2.043359876530346 -5.402790952980611
1.3113839467026849 -4.721460461843651
1.983713647904402 -3.9812086311252055
2.843177577010477 -3.4700122358273244
1.9890171934978012 -2.950002582803961
1.5797798999890345 -3.8624305731690196
1.4384051517281873 -4.852386723992975
1.3429041000529451 -3.8569573949449896
0.5638886001350978 -3.2299527291826475
0.9541181644991115 -4.1506703227455555
0.48691387056867114 -3.2665209305425416
1.464251181096777 -3.0548329964279852
1.3092821364206177 -4.042752322685023
0.9030077094464466 -3.12900121325379
1.684021188429719 -2.5044870455630597
2.384186855852353 -3.2184674641759354
2.8810502740038224 -2.350638711654542
1.8928594476960872 -2.1974104805702033
1.5862935212231006 -1.2455610530209928
2.044983437002203 -2.1341574524974707
1.0793529459335316 -1.8742387061199217
1.2080630517599973 -2.8659209680658235
1.6995285263795652 -1.9950239091335047
1.2806712789427637 -1.086971814664434
2.0662106938889724 -0.4681601893971252
1.824280748276448 0.5021335297497737
0.8918234795484727 0.8634138115205401
1.5946695795342811 0.15207186861632827
0.6142220608444973 -0.044708880175432425
1.6129143179510814 -0.09583397768493704
0.666421452032341 -0.4185587129701789
-0.13844286747785106 -1.012017580272198
-0.7313845731505978 -1.8172629675138101
0.09819511029836181 -2.375651316970283
-0.593494453782033 -1.6534563661832578
-0.10894515510310043 -0.7786924110789367
-0.18524599272638387 -1.7757772530948934
0.7459604636485803 -1.411285091854652
1.7256538933782521 -1.2107837608253726
1.0965465008354258 -1.9881021567533002
1.3942684357672908 -1.033449523875547
1.0878708359547953 -1.9853531486344518
1.6023879997167745 -1.1278730682860343
2.260781881509903 -0.37519950264328117
2.9390232811191064 -1.1100386713435817
2.320121270575188 -0.32457046616612495
3.2851480219649956 -0.5867218901600337
3.602271617188565 -1.535106108371449
4.226615292477053 -0.7539563307184923
4.10604813588054 -1.7466615038440443
4.429909440034718 -2.6927660729438636
5.211174487830174 -2.0685666456025977
5.908091483194581 -2.7857184437403752
5.405396995812716 -1.9212543019994444
4.43297260640556 -1.6880359346136
4.430661512538349 -2.6880332640326023
5.351800283811039 -2.2987989335088934
4.503599435297327 -2.828473664434034
4.15234054785923 -3.7647520386346507
3.385562535208308 -3.122839677548573
3.6120554655209474 -4.096852486765369
4.462045095251836 -4.623651907180718
3.6530761585445757 -5.2115032994923505
2.6805003697915026 -4.978917110884046
1.7731648418953574 -5.399324341813086
0.8560495981350801 -5.0007021777748495
1.2738626051774395 -5.909235221283021
1.5226218956313406 -6.877800560025262
1.2682316561594038 -5.91069890763219
0.6504861515169855 -5.124320823315184
0.6017438245500283 -4.12550943693543
1.0674667550990795 -3.240578845329058
2.0671462607646145 -3.265894570724782
1.2548698716151203 -2.6826218492382896
2.153179692431352 -2.2432592816188923
1.2644962655736662 -2.70178056447115
2.1432502608481125 -2.224505574775274
1.5379852824589655 -1.4284815136216018
2.5335504064149337 -1.522556398487528
2.141173132545841 -2.442360766247901
1.673710651838193 -1.5583478539379891
1.4999739453611416 -2.543139992829495
2.106703074584317 -1.7482313416298194
2.7253109643589277 -2.5339312071692017
3.254960158103152 -3.3821480023142243
3.2807988274214948 -2.3824818764662705
2.421293275422026 -2.8936082855688414
3.239521161461455 -3.468502298850809
4.076707151515131 -2.9215840069114676
3.182742626125409 -3.369721739472261
4.175364832035878 -3.248473414397501
4.536649858701604 -4.1809288447035
5.528048593486995 -4.050052763367274
6.126926190298204 -4.850893336788496
5.738734574466868 -5.772472020026263
4.787287260633843 -5.464660374697629
4.486663991477779 -4.510917406156355
3.5863397657665956 -4.075697589744513
4.433094699756745 -3.543714430459053
3.9325165277680156 -2.678023091858266
3.9964888725845116 -1.6800714201332874
4.613058912831299 -2.4673714807646037
4.466606244326595 -1.4781538020467941
5.330367733915282 -0.9742529297479541
4.414588327267112 -1.3759344931276114
5.387246029981433 -1.6081778856073563
4.845309512341259 -2.448597311161074
5.334955418521869 -1.5766759347970298
5.827731964693415 -2.4468318263148903
5.397028316832851 -3.3493252433100524
6.16188073972731 -2.7051197084126284
7.13119883990364 -2.950929432936595
8.086846934330117 -3.2454404168048434
7.107434942107859 -3.4473120331634277
8.099053191682694 -3.31810968368734
9.060782735738673 -3.5921102020990343
10.03784379028419 -3.3791508264181274
11.037095607712663 -3.340475183360838
11.845788071390482 -3.9287068547206023
12.59460161309742 -3.2659261370195587
12.16436515233946 -2.363209909274392
11.459103166567083 -1.6542631331166875
10.904284405422192 -0.8222918942618523
10.347057507735054 0.008068379651806512
10.222638246829545 -0.9841613555989203
10.55711852099988 -1.9265641071817756
9.671292754171237 -1.4625461001794136
9.178669730816255 -0.5923032852934776
8.510778347626959 0.15195547364825512
8.900574701828443 -0.7689456080381714
9.651028408267852 -0.10802259096934985
9.082298833049569 -0.9305471621962713
8.295503355535573 -1.5477609635354201
9.227865503500002 -1.1862352728256815
10.087622373033852 -0.6755317137139847
10.054678211836166 -1.674988907516191
10.296626252203549 -2.6452781147953317
11.296614787782449 -2.65006650813388
12.076194431039148 -3.2763696135227622
11.188705757188318 -2.81554008562064
12.170096876231126 -2.6235206296691502
13.075542020237027 -2.1990573318492657
13.972546597666593 -2.6410785848116136
13.033180387577008 -2.983994206126728
12.510806616045103 -2.131277580971845
11.548917932885455 -1.8578362505014876
10.69981500725336 -2.386063684172834
10.25222480364753 -1.491824896356016
10.488658478502126 -0.5201772660935058
11.461097322454082 -0.2870191764346126
12.045063013572694 0.524759162520278
12.669136106571912 1.3061251296537262
13.293187787400287 2.087508198100491
14.091463525891756 2.6898003575512845
14.940583741839955 2.161600718335122
15.80502253754027 2.664338789788032
16.629649292118895 3.2300160083792733
15.650841649166065 3.4347978388650984
16.061582346178657 2.5230456357870854
16.30660625636611 1.5535285996105925
15.307139778272951 1.5208673202716192
14.451687848593624 1.0029850981323443
14.806097039661227 0.06789466117621357
15.794779198159057 0.21791995727014518
14.794916283950556 0.23447751718948548
13.799362612956466 0.32867352650088205
13.361299368714912 -0.5702706286303274
13.601615274256863 -1.5409653620782595
14.283157238773647 -0.809186330810895
15.25570647318521 -0.5764891313316541
15.388588260897949 0.414642762259843
16.386012201514333 0.4863747822041028
15.387758613463944 0.5454490908714321
14.602631408146268 1.1647836300907901
13.634449271439006 1.4150302088105855
14.627511943249402 1.532616474406524
15.625833441937395 1.5905318027519637
15.73439092763073 2.584621975875077
14.741371672986856 2.4666696130054704
15.707456868443563 2.724893150118911
16.702968974931206 2.6302588760077956
17.103005436907516 3.5467581008244218
17.672650713961488 4.368648761636493
18.503912368767818 4.924530099017629
19.18060437779083 4.188263893814373
18.88505966849903 5.143592803043872
18.18827327225746 5.86087149226633
19.103067608945082 5.456951547767108
18.62673390061316 6.336216125870173
17.63670750809767 6.477098140771855
16.83744133506001 5.876120949326341
17.753490816498438 5.475055683370303
17.181740507325827 6.295483366936028
17.360623619543617 7.279353699938949
18.26767889220831 7.700365258368385
19.049698257469924 7.077111126929352
18.079969329331906 6.832927167725857
17.135024040506615 6.5056988053749
18.13121053444483 6.592948271247693
18.32521792043289 7.573948339638148
17.756715111180213 8.396629660607461
17.735659008634567 7.3968513649110665
18.65342651867787 6.999733249599114
17.712795870291412 7.339165103313633
17.66400306088699 8.337974024854898
16.84375675170862 8.909984507520438
15.844857933962896 8.86306807216788
14.93948600776801 9.287687519742017
15.597258355148082 10.040904313913595
16.350954834622545 10.69812696783523
17.251607852947306 11.132665965604705
16.52932664302248 10.441066476167697
17.134527079282893 11.237139608455307
16.135393664080446 11.195517275196616
16.86303858226875 10.509563287647353
17.68013276996905 11.086067484012295
18.622919052550372 11.41946518252938
18.521628792311738 12.414322098462918
17.700543573116292 12.985127724590381
17.528322031397472 12.000069482369144
18.497722708468853 11.754585618757812
18.938773816117433 12.652067607681245
19.132972660823725 13.633029792841683
19.671334203790977 12.790315814641534
20.31211731861602 13.558037769358938
20.21738123878481 14.553540192850821
20.02888868577884 15.535614811941088
19.076075241549574 15.232058325441509
18.329657734858177 15.897536278272856
17.338095053583203 16.02716439676102
16.8211457303814 16.88318039967288
16.059130350823242 16.235621474696288
16.825810035270244 15.593591676745879
17.757335515725035 15.229915613107552
16.790528863677388 15.485424707968022
15.8112195781595 15.283055433377127
16.709341906290096 15.722801136839117
17.691434245991278 15.534400934343852
17.483132201774023 16.51246548148525
18.198273807758106 15.813485879929878
17.29838098071426 16.249596989436426
16.53975983830054 16.901129001146444
17.531328264693364 16.771544836292648
17.62583159900121 15.776020291238785
17.124469496750642 16.64125785539495
17.71146090027142 17.450851020010802
18.707361630780476 17.360398076600834
19.30606491818252 16.559427182214538
18.800069981771475 17.421963630329273
17.806656138034832 17.536545195479995
18.452780259058883 18.299777545574578
19.433736265020393 18.105547490310094
19.634974352613078 19.085089848813308
20.628081387585695 19.202300842699973
21.23165711535756 19.999606518613962
20.295407022647037 19.64827225626607
21.054028848577957 18.996741040420474
20.391006585735735 18.248141361703215
20.174021602616353 17.27196641985074
19.23490178563037 17.61555624703457
19.97415777222325 18.28898076863041
19.6693053007114 17.336581183050324
18.738490320549676 17.702071911669435
18.557643562727883 16.718560625417293
17.5929111910305 16.45532793178077
17.060820817906535 17.30201549802277
16.080214444171993 17.10602789690681
15.513820695779945 16.28189312529333
14.71752779603171 15.676981877414313
13.794097553379878 15.293215559251847
14.789755602383677 15.386301806646125
13.790104119554371 15.412700914153223
12.815171770150398 15.635202406475518
11.855230559958887 15.355000920083924
11.684141967383944 14.369745271284728
10.893676223634607 13.757239019921686
10.207075776693472 14.484273975243802
9.245674949353106 14.209122291277923
10.177411271467172 13.845986743509112
11.161788977792385 13.669917066137021
12.043350178562251 13.197847315679326
11.776730303138923 12.234045550776786
12.725675909580083 11.918605800561288
13.101634868706764 10.991969485142784
14.101623633474757 10.996709773929563
13.169691061608054 10.634078168172545
12.880552655525829 9.676790864314277
13.160532722351554 8.716785050696327
13.982772956103048 9.285925629112846
14.354456244353797 10.2142852217466
15.147579382278233 9.605223904563433
15.467381399163465 8.657739514192732
16.394619586214944 9.032211601902198
15.7061697509699 8.306927640717978
14.911087409943333 8.913429141942594
15.85950831746536 9.230442993651147
16.843728895706615 9.407388898849453
16.85162173033854 8.407420047753844
17.823003346182215 8.169895824987139
18.80611346607805 7.986880819705061
19.398861788993962 8.792268568358077
20.31661448858206 8.395116226807941
19.33151858582795 8.567122221985617
19.236739616771718 9.562620563031265
18.448044684611787 8.9478358007077
17.484577360832436 9.215661706865886
18.05709999266335 10.035550623757317
17.71849295162199 9.09462274567249
18.61112043710038 8.643827701147233
19.045297994678844 7.743000387787341
19.55415861047043 6.8821514616126
