0 0
-0.9516249933968219 -0.3072618947127979
-1.229390323158095 -1.2679108532729013
-1.4801125929293795 -2.2359699131658064
-2.4223766539211873 -2.570840693263484
-1.8145827544454787 -1.7767458779170342
-2.663489501178482 -2.3052885302651567
-2.8714168860607443 -1.3271442655393324
-2.4670493590808076 -2.24174084497976
-1.644761715910335 -2.8108129246754254
-1.710445754450184 -1.8129724529159885
-1.1869973029475527 -0.9609151082381215
-0.19277905165978915 -0.8535369502808282
-0.2601817367567851 -1.8512628034297356
-0.8978833004786466 -2.6215463328049213
-0.2138855065491574 -3.3510304093272207
0.010199887409330283 -4.325599922607043
-0.8794610416608887 -3.868978163066485
-1.5954131897699964 -3.1708288082591096
-1.0602841944077004 -4.015599166594758
-1.3659894616801491 -3.0634729724577205
-2.3390204545133724 -3.2941473901680336
-3.3374793209802993 -3.349644164611051
-3.0317076830971343 -4.301749046158377
-2.785368881523353 -5.270932823797681
-2.170281672137417 -6.0593919063440245
-3.1699189331069575 -6.0863241636076655
-2.174053837330659 -5.995479730567093
-3.161013646936569 -6.156446603626942
-2.727164750895871 -5.2554609570130415
-3.5008583573162664 -4.621901012426736
-3.054737028117391 -3.7269285214339525
-3.011738992724377 -4.726003678242659
-3.9939253390546403 -4.9139131806165635
-3.2250036912428977 -4.274570158814906
-2.24615449397273 -4.479153269074644
-2.4211340803119907 -3.4945812075349405
-1.8918110653069 -2.6461608248319313
-1.6722539201679512 -1.670561183576137
-2.5501244546349278 -1.1916631519298744
-1.9131853254066136 -0.4207490544729159
-0.9363947888103903 -0.6349458042523235
-1.1718485672453032 -1.606831352154299
-2.1416931921498494 -1.8505553836812696
-1.9734467759432808 -2.8363003524402517
-0.9883797852781038 -2.6641288568265695
-0.27119525855984306 -3.3610121717623658
-0.2433915767803949 -2.3613987688512665
0.5038975156772926 -3.0258978375441923
0.9068974545111677 -3.9410978426249903
0.027596529368412392 -4.41736445182943
-0.05602428666257102 -5.413862098151945
0.8526604038588191 -5.831345191476747
-0.13273592120103184 -6.0016216800432565
0.8657323704234265 -5.946294737054008
1.7017626704306368 -6.494978013152209
1.114752248696203 -7.304557388368229
1.5578775321259948 -8.201017082490205
1.9621604655281015 -7.286383106650805
2.1501592832338674 -6.3042138521222215
3.143256482697851 -6.186919553808993
3.1690168357810675 -5.187251406767672
3.4492833504095994 -6.147173633189154
4.426003290210978 -5.932655197630827
4.939718412826436 -5.074694375217481
4.1782686776502755 -5.722918334046645
5.1170846441426034 -5.378499140244854
5.846095146096478 -6.063001651592299
4.846254273362896 -6.080840631701859
4.579209410318827 -5.117156533502779
4.666953308958737 -6.113299599659177
5.445658433367364 -6.740689692998037
4.452977085708426 -6.61992652804268
5.43001153986593 -6.406845145962624
4.669717886113419 -5.757265620374219
4.633395602150564 -6.756605748502636
4.218386257267007 -7.666422896977713
3.2394385222246918 -7.4623118192393365
2.2400926128605096 -7.498474692978512
3.2053561867250475 -7.759752768924926
3.8275877098435944 -6.976919496996878
3.870821508087642 -7.975984479212446
3.1280429496786235 -7.30644731581685
2.8856631643620325 -6.336265869040072
2.2115372227045347 -5.597649449790952
3.211529514921896 -5.593723191283517
3.3956452305425806 -4.610818616433301
2.819589623254313 -5.428229123652131
3.755443359511318 -5.780617807258465
3.5784977004983927 -4.7963971847573506
3.438177874607086 -3.8062909548699544
2.8295499809625406 -3.0128351671427467
3.2434152081522747 -3.9231733316306414
4.103054570812324 -3.412272004400593
4.660360737279464 -4.242579078209856
5.107232695844541 -3.3479811502845713
4.380623366635812 -2.6609302913906747
3.3819620645595556 -2.609204053026032
2.457248386010442 -2.2285406679938395
3.4556298616392462 -2.171668626345491
4.020654378513276 -1.3465945112920197
3.2175603478220616 -1.9424468234198982
4.200810142237603 -1.7601837120073136
3.3647399588170073 -1.2115612111972833
2.3647586946351598 -1.2176825905577096
3.01059976558535 -1.9811544702454371
4.007719347714582 -1.905308976414723
3.2833146737080297 -1.2159339926232744
3.9887515654798436 -0.5071612563196536
3.3653211365218536 -1.2890400834081333
4.336095586091368 -1.049046400026659
4.338305232009973 -2.0490439587561364
4.949534286166015 -1.2575902056185886
4.575877994429969 -0.33002297051049856
5.415748062189611 -0.8728104697046252
6.403738825132576 -1.0273234217163485
6.275421686228187 -2.0190566075397287
6.107290139152792 -1.0332920398674907
5.736428740626612 -0.1046038128056821
6.635684214022512 0.33282000178094345
6.323776803899682 1.2829325043354929
7.14602526669766 1.8520611940238292
6.750326462974738 0.9336808497588575
7.077640334882111 1.8785965228519665
7.74598093278099 1.1347411301847026
7.298650077564055 2.0291096817175065
8.106497207254382 1.439717609280915
7.375106142066971 0.7577593189404974
7.628867294524609 1.7250262301410055
8.61820762264195 1.8706480525464098
9.209373769021504 2.677197857192564
10.035681580551786 3.2404166429268773
9.601319640517561 4.1411550650282685
9.36934147699366 3.1684340712956987
8.57827246673151 3.7801609883124874
7.591282977235707 3.6193762016415656
6.647652013462994 3.2883767995131326
7.629059715053958 3.4803114843878102
8.585737712168422 3.771459573574495
7.818827047678735 3.1297057012122105
6.9750779324739804 3.666443468274668
7.095214801607633 4.65920080653753
7.925336809295699 5.216782596369242
8.489851145926345 4.391359332983443
8.039434565999915 3.49854081585503
8.213495817233348 2.5138059881886923
9.01883521855232 1.9209919796807973
9.984422059861682 2.1810728361278033
9.33897307910511 1.4172694496203193
9.06080605144064 0.45673673038566764
9.222133715882523 1.4436376295066116
8.800308000522332 2.3503145652785897
8.008867481659328 2.961560755534087
7.866172836432311 1.9717939960278201
8.258578776441121 2.891586134636214
8.82875573903011 2.070064235151607
7.8381288354995595 2.206659762170155
8.392712270045259 3.0387878857950543
7.432610717059976 2.7591363026505107
7.905696320722366 1.8781198376469372
8.869240616902795 2.1456686916870207
8.305432932096144 1.3197625865195115
9.124365254922314 1.8936526897888863
8.49879551720641 2.673820942958712
8.37827457041365 3.6665317273184757
8.918126626099827 4.50829164437999
9.04181871849314 5.500612291287714
9.96724450461513 5.121683387163869
10.680787261781413 4.421071701780633
10.378674559795321 3.4677994870913222
11.349785035542492 3.706429836992805
12.064465288440998 4.4058811477478335
11.087985068266889 4.621488150437273
10.08799163916365 4.617862995220424
10.416024556199805 3.6731967021090677
11.2049802389637 4.287646806376742
10.532497718349887 5.027759810903005
9.62580230711873 5.449545812629428
9.516217059091147 4.45556841177228
9.118656348095374 3.53799253966549
8.20607878523086 3.9468961857194995
7.2547400681693714 4.255043302239842
8.158913794279984 3.827878377402546
8.162126834420468 2.8278835392293407
7.948250453738124 3.80474427330878
7.614372396895164 2.8621279976383622
8.614233486311866 2.8454606082073455
9.158887205197964 3.684121640152638
9.574302407362122 2.774489731185659
9.199374797867698 3.7015438221850983
10.120913044674145 3.3132562230103373
11.073626083136146 3.617127686534806
11.923563283812966 3.090243681363221
11.744743990216223 2.106361747268707
12.706425432215806 2.3805310455382345
13.562910468156156 2.896702899875778
14.480589532332628 3.2940253572982043
14.841301327825803 2.3613480279971806
15.778818949328862 2.013410232735948
16.378677644249144 1.2133042734227242
16.44911240666533 0.2157878854654256
15.452328178598236 0.295920292621899
14.452526714094102 0.2759946414308152
15.218103205450978 -0.36735023954803836
14.231601646862202 -0.20359836962919883
13.512652019152716 0.4914638094716294
13.280562591868563 -0.4812306429351444
13.760945514288334 -1.3582895051829638
13.910410510994256 -2.3470565226141176
12.927428510964237 -2.530758421398494
13.515411432683015 -1.7218850791705225
13.647185061201684 -2.7131649139432388
13.269957448503298 -1.7870443342032805
13.335465928353493 -2.7848963468122228
13.719902102225902 -3.708047920617057
14.631432051832938 -3.296814226752615
15.47635857248279 -3.831696620090194
15.95212254748514 -2.9521236327321443
16.66251360587036 -2.2483164544749674
17.411075386042977 -2.9113815050279266
16.561134779993576 -2.3845029932357145
15.7284768965303 -2.9382907225205512
14.741620505494755 -3.0998904238578415
13.745765890633734 -3.008931168913616
12.75795581553288 -3.164595087434396
13.757833190091834 -3.148935079608977
13.450218308713845 -2.197424131298446
14.31040354216326 -2.707405860535461
14.743423257590322 -3.608790310174718
14.167700793269498 -4.426435492436778
13.174465067970518 -4.310320058536675
13.568024400711039 -5.229619276208939
14.176505217917793 -6.023187858683952
14.953419064815156 -6.652794779309146
15.083007863325063 -7.644362600136727
15.07179774232943 -6.644425435517238
15.756782311081977 -7.372983010847346
16.006042186856295 -6.404546376715318
17.00547618624151 -6.438186841528952
17.467820111410344 -5.551486162122719
17.5823248193038 -6.54490886765659
16.594169581102996 -6.69836643578638
17.072227998355583 -7.576694477974463
16.146574012405164 -7.955065589839656
15.59573414491692 -7.120454638326597
14.695686833717144 -7.556246833761595
14.966859420755672 -6.593716092414165
15.052190728726984 -5.597363460119802
14.712708233512949 -4.656751087543696
15.449664965654787 -5.33269100717474
16.177081021478095 -6.018887685781145
16.628772787619233 -5.126713628547749
16.149153326365713 -6.004190222188219
17.122391057837294 -5.7743896172280635
17.678197816160353 -4.943078094751433
18.136456959514366 -4.054259464471642
19.061394531364048 -3.674140419722743
18.762751863893264 -4.628505421787433
18.580127179415197 -5.611688123333431
19.303263561416045 -4.920982851146574
18.369282176421056 -5.278304516432689
19.0251281702852 -6.033199232490731
19.918815278555282 -5.584508523302475
19.285466851075356 -6.358375287938807
20.263417489733854 -6.1495391120797445
21.22090626981853 -5.861068600567813
21.123009800289864 -4.865871996245922
20.499685319941026 -4.083908702863264
20.56609305915548 -5.081701272575238
20.004562292024634 -4.254245414196411
21.001962532767138 -4.1821846081587415
20.24412047939159 -4.834622668157952
20.533374589395166 -3.8773703190639215
20.921522945047716 -2.955773414769955
20.42861103148771 -2.085694196841718
19.782825841836114 -2.8492133444907184
20.369468415968807 -2.0393673775223267
19.6668016781992 -2.7508864957701906
19.436707537993193 -3.7240548710490318
19.15813506498541 -4.684470081925206
19.552757981345835 -3.765626921269814
20.447923203320123 -4.211361399819235
20.78618258891817 -5.152414314407374
21.770646890115085 -5.327999164747224
22.753750376887133 -5.144948531597148
22.14385701272837 -5.937432023131896
23.143462695845127 -5.965511878556699
23.757695708555293 -5.176387169719754
22.966649945538403 -4.564630191162887
23.155633821478595 -3.5826500006118644
24.099003094287067 -3.9143945033859326
24.337598092337476 -2.9432753413335484
25.325667801739293 -3.097282644285741
24.596475199285564 -2.4129741257600985
23.886468923253368 -1.7087787778665664
23.776607723334717 -2.702725716466628
23.396694678950013 -1.777703512027002
23.77344560481255 -2.7040181129384426
22.813622535544027 -2.984624021108515
23.348493352500526 -3.8295578700980597
22.348670751040718 -3.810722647504613
22.19878399364769 -2.8220194767004516
21.768512492642504 -1.9193199500456826
20.768540765619818 -1.9118002987728544
20.119502354406787 -2.6725559367868383
19.14438726868051 -2.894255214162822
19.38418756433608 -3.8650774523730425
19.03248996023964 -2.9289637865862304
19.362827456783716 -1.9851009054551871
18.793518376434864 -2.8072244795195402
17.856131395315412 -2.458934876419247
18.330595502257037 -3.3392097262383733
17.791403786069008 -4.181392778308533
17.070565797691224 -4.87449637410895
18.04200951848679 -5.1117664677298436
17.098494956058005 -5.4430975264684065
17.40832492576297 -4.4923055461316865
16.933991946422243 -3.611960031739894
17.555184805006718 -2.82830230515025
17.700824067862857 -3.8176400660361467
17.538008919659145 -2.830983475567405
17.0069582785274 -3.678323558741547
16.271166626899117 -3.0011155807952434
15.627565813765939 -2.235754232584928
16.28642663325924 -1.4834893719562938
17.07431761710306 -0.8676746290525374
16.075563019472362 -0.9175670504363801
15.798495162909262 -1.878417404476763
16.55727196975794 -2.5297681221308723
17.550595574291307 -2.4144068778724956
16.70070961636552 -2.9413735357556705
16.238991969698994 -3.82840048842212
17.238975487001547 -3.8341420146315293
17.30732194522913 -4.831803661507736
16.314271601505467 -4.949493995989007
15.987745050034496 -4.004305966449659
15.437303170592669 -4.839179452288411
14.6899599238404 -4.1747412899784955
13.850783296672068 -3.63088231155267
13.462885373766802 -4.5525846503832605
14.32046407297743 -5.0669374229627495
14.796811968331042 -5.946194315225861
15.791259823741578 -5.840963792707982
16.787196622134456 -5.931018740417391
17.717690469772503 -6.297326260825777
16.781575067813293 -5.945633277934805
15.878889177125568 -5.515333170157326
15.992872811367404 -6.508815797647622
15.012022087427804 -6.703576823900728
14.02289665899783 -6.850651250070686
13.067848011240821 -6.554202130629408
12.280526079975479 -5.937660018078601
12.181144864804642 -6.932709451057269
12.169970142379851 -7.932647011897309
11.656697102613455 -7.074421641351225
10.870236124972362 -6.456781672884306
11.393928656556927 -5.60487432324906
12.257586756218924 -6.108952379593736
12.437868018965847 -7.092567480282199
12.242188944221512 -6.111899493801962
12.406537340028931 -5.125497139386925
11.50684470666099 -5.562021096877761
11.158682192266918 -6.499455288472454
12.094975681717411 -6.850673883670114
12.807138924984093 -7.552687783062342
11.80718500378185 -7.543088018885044
12.256478253869103 -8.436472356908737
11.58915519553438 -7.691703979616313
12.579348705914555 -7.8314065637047445
12.79875563570788 -6.855773128874497
11.98531255167485 -7.437417650071792
12.73344654354437 -8.100965335026972
11.738124162635565 -8.004356028735973
11.06930410004716 -8.74778035163592
11.170956375455567 -7.752960360429322
12.170884641932378 -7.764937918639516
12.98826984966212 -7.1888464135948675
12.3768217752767 -7.980130971974697
12.732163785560198 -7.045394615707497
12.954218530582935 -8.020428815216873
12.458381836852823 -8.888844598785314
11.762133229936802 -9.606645321387
12.752207677248457 -9.466101417995484
12.008971517897935 -10.135130573887725
12.395404505458362 -9.212813087267676
13.317714543115047 -9.59926385313278
12.337399731524505 -9.401823051432117
13.074064380136155 -8.72556482006937
12.513667123072224 -9.553788771833156
13.116616452648763 -8.756009287286705
13.67559004935958 -9.585194741922864
14.260623329969675 -8.774185456785766
13.710958896588242 -7.938799910660225
12.773498497326749 -7.590707969046402
11.785091964759882 -7.438877384580879
11.429112660995546 -8.373371223667824
10.864829834715737 -7.547789675929704
11.780228859740362 -7.950337343894588
12.353560942250306 -7.1310142555071
12.519722305868532 -8.117112831330294
11.519888153340633 -8.09890109229152
11.620308892812897 -7.103956030952029
10.621368996541175 -7.149989536539171
10.517196542731531 -6.155430287490992
10.577691605712717 -7.153598783965862
11.473518073506416 -7.598002811400655
10.534372357477048 -7.254483781267408
11.523048464103713 -7.404548954394081
12.454722044244392 -7.767845444974229
13.196045220763605 -7.096697213988358
12.20937621904431 -6.933957295571726
12.528704840382185 -7.881601338234609
12.847572209622049 -6.933801991941287
12.476442590683789 -6.005220920657394
12.061250680255158 -6.91495477048086
11.437843597112456 -7.696852211765526
11.083796924799671 -8.632079966820006
11.813676156383 -7.94850385013414
10.822059424201164 -8.077717844952884
9.823114426534321 -8.031795174773631
10.798590238086382 -8.251901833184611
11.551103296777688 -7.593324505531242
12.430434966542794 -8.069534348508169
11.906688136446265 -7.217660380151442
12.859590434721522 -6.914382933014776
12.371044875236805 -7.78692131973926
11.422066745559587 -8.102263212602116
10.764140617551423 -7.349180740302977
11.763966948494085 -7.330544540214618
12.76383526301848 -7.346772713560579
11.766318136676064 -7.276348409136826
11.991933974727495 -6.302132060669838
12.91151068790206 -6.695042570311744
13.09666718511433 -5.712333523065265
12.465012512446123 -4.937083644318792
12.10133669342558 -4.005558068363018
11.23732019150338 -3.502094579710538
10.384794164204573 -2.9794098058954663
9.519296986160088 -3.4803236056624853
10.144310826539915 -2.699709937236381
9.319099503044505 -2.134885830478396
10.162720796341583 -2.67182448013566
9.179734579579957 -2.855503813912392
8.596128067316942 -2.0434672144636985
7.8859658868362565 -1.3394290923318644
7.020322797942082 -1.840090697260536
8.020311260883012 -1.835287158457237
7.054819941396648 -1.5748519227526994
6.07236303663869 -1.3883621635340966
5.726794931017992 -0.44996849114615767
4.888458481809587 0.09518469643384997
5.611800194133585 -0.5953055404357132
5.017310624909184 0.20879778133542926
5.989013082162342 0.4450060254086933
5.287126357402126 -0.2672825576848289
5.418139007410915 0.7240981388882256
5.918096533180352 -0.14195178601593506
5.177857484669493 0.5303919884475001
4.365563513653889 -0.05285624742784323
3.583900511631037 0.570844763689361
2.5839254795676165 0.5637782758940403
3.378571106361493 1.1708518528329213
4.368428036489087 1.0287840595848567
4.360831320738836 2.028755204123443
3.815099594282657 2.8667151570681875
3.338275282140439 3.745713777857834
3.7349725746157976 4.663663263473856
2.788392220416262 4.3411952293317375
3.201503262173866 3.4305145678603592
3.7179161264228178 4.286854309807557
4.054551216939247 5.228489491729407
3.5828897171730474 6.110269186232688
4.085464965842279 5.245735716999102
3.0886209578187325 5.166350430783387
2.9411106092502624 6.155410943120832
2.3338630336453687 6.9499236125742385
1.6434862294118187 6.226473636296493
2.2724177992074996 5.449012974581484
3.2654028898958978 5.330773346408212
4.106321113932868 5.8719355591342195
4.720395658069339 6.66118359001145
5.021355718164161 7.614820335437988
5.900339053912597 7.137967847265228
6.847986443363825 7.457286536455623
6.063454723563491 8.077375224166607
6.21726936140462 7.089275503902603
7.0572536944027195 6.546664851300079
7.7772736674112215 7.2406181915678784
8.35044223392431 6.42118070501913
9.312173467429993 6.147186116569577
10.255383688096888 5.814989669223273
10.220038085683438 4.815614520247659
9.903959169529097 3.866881618550508
10.870670300317054 4.122751877882594
9.870930963730583 4.099920783260484
10.71319927348468 3.560862257324777
11.35022988562814 2.7900237533616394
10.452284476453327 2.34991690026585
11.134903571401898 1.6191425361755418
10.35276740367352 2.242250083177796
10.226943824130958 3.2343027162729845
