0 0
0.8619794448989763 0.506943228154448
1.8340491765484477 0.27225101096153725
2.4313765292468577 -0.5297465162904545
2.2584386562159198 -1.514679251085849
2.916431834350924 -2.2677031401675944
2.579436659404953 -1.3261967662841596
1.7167470261234756 -1.8319304873555056
0.7190566388974463 -1.7640048571650122
1.4184569355019772 -1.0492746807281317
2.255321391464236 -1.5966848398839448
2.9717977088456853 -0.8990734246737887
1.9763961409912756 -0.9948633965548943
1.0420167508208396 -1.3511429991491544
1.6315043720982716 -2.158920409306603
2.6268727176246296 -2.0627858331951927
1.9160826070982473 -2.766189997796095
2.3009174246922766 -1.8432045357397469
2.1400733523790367 -0.8562247059551189
2.3607845393419593 0.11911450270483126
1.7383059993920047 0.9017513707999734
2.5805340442978633 0.36262993700786816
2.409122133637452 1.3478293873141234
3.27216062188968 1.8529675543489543
2.425745190168779 1.320444393402202
1.8042991857015067 2.103901388732299
0.8352976883313167 1.8568465403800967
-0.020185236899252557 2.3746775597666803
0.020659953289433985 1.3755120727534178
1.0149220290978092 1.482483679309647
0.08130102474381928 1.8407459020307249
-0.8326501099690131 2.2465701538407
-1.227001208080714 3.165530006836518
-2.121878418818496 2.7192175852054734
-1.8816756874041407 1.7484948401226754
-1.5529393489294878 0.8040731018265483
-2.5409148577503538 0.9586835606259161
-2.1783442340414956 0.026727261852540374
-3.089792071251239 0.43814291547510387
-3.938174075099332 -0.09124160974894735
-4.310920132983091 -1.0191749997787045
-4.026331091993499 -1.977824611341044
-4.840532679945704 -1.3972423396722409
-5.836539833535387 -1.3079688833810368
-5.242103735856004 -2.112111734978754
-4.4627991279749635 -2.7387570318855268
-5.249745293056338 -3.3557786954142217
-6.224349432757312 -3.5797134423333303
-5.354812101875194 -4.073580661535418
-5.825298213435782 -4.9559880611126195
-6.349416082180504 -4.104342325103514
-7.271063055302951 -3.7163128714092997
-6.928920853622635 -4.6559610576095105
-6.0537834298678215 -5.1398355139964815
-5.07292206812286 -4.9451280692599715
-4.291963141858743 -5.569710454128771
-3.8534723445443055 -4.670974775149379
-3.062208125923499 -4.059500379667112
-2.068299189459938 -3.9492959059926127
-2.151088592296192 -4.945862970859808
-2.488038806515939 -5.887385436410825
-2.947086392674336 -6.775797116681941
-3.4946846334859387 -7.6125385144029085
-4.462081274498591 -7.359272371862228
-5.008184633156724 -6.521554566355919
-4.597802480870882 -7.433468207599013
-5.5900391350862995 -7.309104137098749
-4.594774563688342 -7.406307187051109
-5.513359612392572 -7.801530552120848
-4.720090465477334 -8.410401688365926
-5.609184624419201 -8.86812603394463
-5.7278984730663804 -9.861054542015264
-5.4329791597899515 -10.816576702227449
-4.5700206017376885 -11.321851406803445
-5.48798708166804 -10.925193441139978
-6.269364033982948 -10.301134102301864
-5.538806698193235 -10.98398546176733
-6.521992484726375 -10.80137738648255
-7.481272730150938 -11.083833419765943
-8.392371663111263 -11.496021161406276
-7.742407301194888 -12.255985850216643
-7.513349780412387 -13.229398739063392
-8.347067456360149 -12.677207796714406
-8.286254297643554 -11.679058629642213
-7.2891927964864776 -11.755663870392421
-7.7752355548594645 -10.881728840179546
-7.116692496206384 -10.129185791643554
-6.840155188557414 -9.168182608777723
-5.9645698713744 -9.651246116334981
-6.32835600393106 -10.582728617383427
-7.066365150892114 -11.257519324937865
-6.213110379585758 -10.736025034228046
-5.21718909333653 -10.645798698850381
-4.716757701475882 -9.780022502573066
-4.546288317301797 -8.794659529319398
-3.6235074084616974 -8.409334479160133
-3.9590170808593386 -9.351371240506328
-3.4112801544666764 -10.188021860219193
-4.3157278931456355 -10.614606304378281
-3.4830244467535367 -10.060887088198527
-2.8700502876975076 -10.850990043723662
-2.157025868280649 -10.14985084405269
-2.2125630295976912 -11.148307464899506
-2.494372537704874 -12.107777840231849
-2.8063881288738872 -11.1577008586838
-2.1367366788787083 -11.900376383741246
-2.9449340289831722 -11.311464638838734
-3.3708749635916946 -10.406713667452232
-2.8338538558203674 -9.563144861836438
-2.004359152313991 -9.004630281136105
-2.9095760126909553 -8.579680359746218
-3.9078716139735112 -8.638040384248443
-2.9492607891126403 -8.35332072131741
-2.017007912727458 -8.715128093369934
-1.0398331174464386 -8.927564953324834
-1.5059568115589372 -9.81228451442141
-1.9980400958820732 -10.682832641344762
-2.4363949706956953 -9.784030658855219
-3.3248192287973084 -9.325007415852646
-3.644337948071669 -10.272587379778262
-2.8205363684508624 -9.705709123523656
-2.8994967321200678 -8.708831367241961
-3.8205441809022433 -9.098281745457012
-4.819232683670631 -9.047083362296634
-3.863717562771818 -8.75214124300248
-2.8656138928792494 -8.690585868363165
-2.162396613138031 -9.40156087317934
-3.0258827024514456 -9.90593352664325
-2.2737535195620495 -10.564949226187753
-3.200631465820618 -10.189586371419868
-2.4762980216677297 -9.500136546065177
-1.4763017797820597 -9.50287811761025
-1.8724407490511135 -8.584687550774339
-2.7267755949519907 -8.064964575450443
-1.7858320630950573 -7.726401036573912
-0.8015165102712679 -7.549984221986419
-1.0657790203792257 -6.585533432287203
-2.058212182180808 -6.462747360778606
-2.5934361103504107 -7.307457575417153
-1.6254771209605958 -7.056349242501958
-1.3958899660416837 -6.083061135980441
-0.4359607623500036 -5.802818519842465
-0.20839368548418055 -6.776580926965858
-0.6655299523353811 -7.665977595235617
-0.9152522520562172 -6.697660099255018
-0.4464959428324984 -7.580987627730701
-0.9013334193516573 -6.690413167085391
-1.2214005377362116 -7.637808037099478
-2.2211132593995924 -7.661776227360658
-2.919177012738068 -8.377811838398964
-2.672642090668658 -9.346945746690398
-3.128844728276871 -10.23682166693957
-2.19666485879765 -9.874826237496459
-1.3037849629859644 -10.325121131599548
-0.9191395944239875 -9.402056702405236
0.03370613354598995 -9.705511836962824
0.6478301560992659 -10.494721368660828
-0.3200113605063035 -10.243160642921234
-0.05617633993644017 -9.278592821603883
0.04078424303987417 -8.28330459935422
-0.9464818952545948 -8.44238185158447
-0.7724732880721273 -9.42712598313663
-1.7714468711687958 -9.472422564409435
-1.625327030553965 -8.48315566807726
-0.8590303336271514 -9.125642533529819
-1.5243406543899587 -8.37907560613048
-0.5243849019372434 -8.369668527055438
0.224520677857581 -9.03234524503501
0.98140471801688 -8.378796050442793
1.8710753509774705 -8.835398902873111
1.4462800255959627 -7.930109484215178
0.78444933677079 -8.679762830322028
1.5310433917452264 -8.014482951566606
0.5322702654234771 -8.064003070078975
0.21687425164379254 -7.115042926294271
0.9824686914347804 -6.471719404447663
0.1165670937096186 -6.9719337815471345
0.12279477788837072 -5.971953173760278
0.6898583781740362 -5.148279164682015
1.1817044437129922 -6.018961338505419
2.1088329080440165 -5.64421767861616
2.4843554788191007 -4.717404429445394
3.3726602638008703 -5.176658834953378
4.090511045498582 -4.480461840406587
4.143253567238749 -5.479069984976062
5.07159519974643 -5.107341840557358
6.031487932575827 -4.826974329134739
5.923441453425545 -3.8328284855367145
5.752634167947654 -2.847524029428008
4.801016084017349 -2.5402407361352943
4.99397933822013 -3.521446719875443
5.138969177514441 -4.5108798639035825
5.4396855338107235 -3.5571662417633263
5.604161077051314 -2.570785080307111
4.821459067176077 -3.1931817092642936
4.1044077720237775 -3.8902021107737546
4.026862152337853 -2.8932133059883016
4.627141462229593 -2.0934228646126276
5.519793505972238 -1.6426764516462253
5.081121855612198 -2.5413238703652685
5.738833701864799 -3.2945934949347158
4.802958740172712 -3.6469258040944554
4.0448377099902295 -2.994811930913512
3.8629114123093222 -3.9781241001721446
4.536776404295768 -3.2392695998981687
5.5188107549443695 -3.4279718366262495
5.004134802551766 -2.5705870548457663
4.763673684928742 -3.541245826459914
5.3410653338215495 -2.724778506973797
6.287647777377453 -2.4023166060432595
6.839896835198599 -3.2359957878246304
6.361065668042121 -4.11390279506376
7.359910773912432 -4.161949173480107
8.18954383221659 -4.7202582174413275
9.180779737453683 -4.852361889490211
9.520383192555913 -3.911793182120767
9.217684311203476 -4.864879425452388
8.224869459751229 -4.984540073686685
9.17517686620394 -4.67322699455071
10.172148969410435 -4.595466944216245
10.145878064124757 -3.5958120840092476
9.557087776743385 -4.4040979229829125
8.62298113525438 -4.761092015827779
7.625287716284148 -4.828973101142389
8.421222946492822 -4.223591313084089
7.560141425095356 -4.73205823777814
8.343496722328657 -5.353632431496417
7.385755289179844 -5.641263005723249
8.267043858513716 -6.113841525719088
7.410632558274209 -5.597547341341542
8.330030696833404 -5.990875528500671
9.24492027411371 -6.3945797040845545
8.849096540599767 -5.476253197885869
9.64400728734104 -6.082979581616816
9.090610016986806 -6.915897021201607
10.084223764666927 -7.028731946739157
9.113237578090462 -6.789596367040741
8.263100058584238 -6.263035641266589
8.346905435549708 -7.259517782999031
8.598516704720295 -6.291689405017497
8.27449122007115 -5.345641052501683
7.390224611161833 -4.878658649869617
8.153754960515489 -5.524430595385899
7.267956492570862 -5.060360477637566
7.443338881366149 -4.075860087744063
6.546684651009327 -3.6331285763478043
6.266758989611056 -4.593150255316951
5.811590101974636 -5.4835553786893545
6.808269185117614 -5.40212562230219
6.975755650129754 -4.416251246918725
5.9766477788044545 -4.458482295400016
6.464113024743929 -3.585339904949771
7.037502987937831 -2.7660573223761538
7.980385630462383 -3.0991824076308037
6.98059659319583 -3.0786426665998405
5.981706079885141 -3.0315497539917917
6.771876659051257 -3.6444367385332206
5.811688205380219 -3.3650836761966496
4.978210264767303 -3.9176364089847997
5.50342533960076 -4.768605929689088
4.618958973688905 -5.235209881205443
4.8079775286745745 -4.253236365334914
3.9036948967478113 -3.826302035963749
4.689422231280045 -3.2077290364165076
5.6888248737697245 -3.173169548795201
4.961868505480453 -2.486485896300347
4.844476842729839 -3.4795715912515157
4.922093294154827 -2.4825882982780616
4.739278640819997 -1.4994409021435522
3.803035281751704 -1.85079310805739
3.0773496891778542 -1.1627666400121988
3.066569230260058 -2.162708529176525
3.9688222612500836 -1.7315015393568889
4.708184781855998 -2.404809093987957
4.032701871827959 -3.1421847365610303
4.185859449331865 -4.130386515780808
3.1936295205475096 -4.25480423326748
4.127672239611636 -4.611965539910981
4.846950546615923 -5.306687582941895
5.48727113251449 -4.538579812329909
4.676373505557768 -5.123767849285516
5.388129878475947 -4.421341436335122
5.028942686350337 -3.488075900159634
4.0329228409373 -3.3989441575345176
3.2569673234342993 -2.7681565269831174
4.143730957417225 -2.305933358540215
4.610792691484646 -1.4217086492214053
3.642074764095567 -1.6698730647910143
2.9707560145866867 -0.928704300906679
1.9731312279451996 -0.997586701260667
1.2191666142487443 -0.34067166771861535
0.27196376350814633 -0.6613065996098311
-0.6961978908172989 -0.9116324094933048
-1.5937405823563393 -1.3525599736859453
-1.01543983510274 -2.168383634611472
-0.9392215514646247 -3.1654747905441982
-1.6582172435504678 -3.8604893189980998
-2.6581806557721688 -3.869043512001128
-2.2020129450781534 -4.758937336971377
-2.484157883236222 -3.7995655457080635
-3.4393888483711694 -3.5037044241537822
-4.148127043742996 -4.209176018494112
-4.8345143922872955 -4.936412161544171
-5.825152265784077 -4.799896215245667
-6.336801309733765 -5.6590907542328335
-7.317276998082805 -5.855731097388749
-8.245004748760614 -5.482473517931487
-8.817761879277851 -4.662748399710957
-8.316573794126453 -3.7974100246793885
-7.519200169209949 -4.400895983329226
-7.545144364166068 -5.400559376051036
-6.990601747387457 -6.232714701802383
-7.363285761617202 -5.304756391565547
-8.149457194779753 -4.686747914537005
-7.28262529825669 -5.185348419119811
-7.493230120459682 -6.162919699827691
-8.167218995675237 -6.901661194591368
-7.173017666281292 -7.009195917501289
-6.207915550273455 -6.747322082082027
-5.516856064979092 -7.470119970695912
-4.705388225070458 -6.885722892679588
-5.638842661213074 -7.244418886030046
-6.567222655161392 -7.616051213521239
-7.500044814645388 -7.2557141230412086
-7.567804955766801 -8.253415763450407
-7.198037174288659 -7.32429155873893
-7.396104586207648 -6.344103158309853
-6.632848565590601 -5.698006999064319
-7.315853301900796 -4.967593054661666
-6.35093256273858 -5.23013441737361
-7.127165471088518 -4.599688169074361
-7.735761639796706 -3.806208047436954
-8.035891474830498 -2.8523096869589684
-7.049958159039062 -3.0194488409968687
-7.060853111444654 -2.019508192752144
-7.175384641405623 -3.0129278063318234
-6.4091584375664175 -2.3703568728543125
-7.313681044913657 -2.7967825437487273
-7.987510592161875 -2.0578957180066113
-8.223143311802207 -1.0860535387229067
-9.107351950943443 -0.6189613824325166
-8.565322208124046 -1.4593206852900136
-8.222590935512974 -0.5198871992068342
-8.964231704348032 0.15091006524923278
-9.96399083849333 0.1289629995445868
-10.841748591194435 0.6080677141666694
-9.913224273366678 0.23679612731615596
-10.55755051011541 -0.527954616807193
-9.699641955907477 -0.014152210607245697
-10.270092053071298 0.8071800526369222
-9.454938585572616 1.3864250995944891
-10.454068780191506 1.4281246703455144
-11.34805893215193 1.8762112782660996
-12.000215616638412 1.1181270752387578
-12.89750545998795 1.5595689593206372
-12.069954589728127 0.9981782245091266
-12.052617328485024 -0.001671473881880714
-11.064353753850996 0.1510868550287701
-12.034331618896887 -0.09210636305309836
-13.003561051675288 0.154052745322079
-12.76506160972722 1.1251953796402618
-11.899893599227013 1.626677496576764
-12.612680388079415 2.3280582730723007
-12.074373931442167 1.4853091059159926
-11.871169119577596 2.4644453601906897
-12.570980709096016 3.1787728335358647
-13.352888220147134 3.802167286640675
-13.817185818494588 4.68784654019062
-14.697426053055063 4.213318217051821
-15.023184858000137 5.158771124922306
-16.016648682630873 5.272918525900483
-15.244681353105332 5.908580733480267
-15.335870575504995 6.904414316825469
-15.648604580194885 5.954573571062989
-14.964585267434531 5.225109672181862
-15.424930276400932 6.112849765181904
-15.378301437549814 5.113937481051112
-14.975908929896585 6.029404722291641
-15.277567019572867 5.075988550343181
-14.632659089805509 4.311728279150717
-14.602683937152644 3.3121776349993377
-14.312326309282632 2.3552594316309934
-15.311277475318153 2.4010477257275453
-14.784239073239974 3.2508891949056973
-15.688314825689215 2.82351695220229
-16.67537891491832 2.983843131456697
-17.482665135794296 3.574003243277025
-16.49991038919955 3.7589170287163416
-16.8892835084119 4.679997141429045
-17.535513353637015 5.443139976775301
-18.06473209425624 4.594654546978536
-18.510591827464683 5.489757389283985
-18.574714080621735 6.487699440031453
-19.490249139165204 6.889937623919817
-20.20054672602457 7.593839135568829
-19.34375456838342 8.10950103895575
-18.47353915183907 7.616829618221262
-17.867658784391356 6.8212738500054675
-16.93712554887203 6.4550663984238135
-17.334920292677978 5.537591961831513
-18.327300693948104 5.6608037274017935
-17.414993763916392 5.251296626833178
-18.072698538243777 6.004572426143737
-18.559397406022363 6.878142235662726
-18.319278757058214 5.907398688468293
-17.992112729915327 4.9624318156714
-18.938643855031064 4.639819309424145
-18.87442707641714 3.641883336856541
-19.655511178742525 3.017457500512029
-18.658210556527163 2.944030877759433
-19.460052703936345 2.3464949619868074
-18.487670921949352 2.1130990107370113
-17.84684719753799 2.8807870686300268
-18.356648795929615 2.020495065716281
-19.302313248734148 2.3456392532729775
-19.44300774327062 3.3356923120567616
-19.481128636731494 4.33496544663096
-18.53168602891872 4.021024792255517
-19.236400264061743 3.3115335331220557
-20.04035776086939 2.71684677244314
-20.009172835204513 3.7163604043718275
-19.639353558245638 2.7872566952038924
-20.601603890580012 3.059422633415098
-20.776575874051485 4.043996046117299
-21.375498115033544 3.243188860049999
-22.25923822027928 2.7752108409291676
-23.00613462840859 2.1102704259117484
-23.734503303036185 1.425084995665864
-23.851955796370408 2.4181634980057214
-23.349083892150617 1.5538025502840187
-22.734346312518433 2.3425342589074023
-23.190320333546 3.232527344356919
-23.476696183511606 4.190644702803407
-23.10729854380963 5.1199161291276045
-22.512771471408833 5.923991722702324
-22.37593313727773 4.933398329673567
-23.124620166495983 4.270474704901943
-22.61817501799895 5.1327468844159405
-23.267916102392576 4.37259129294075
-22.312338956089356 4.6673323953730215
-21.45833927287577 5.187605920618248
-22.080698721578038 4.4048743468261815
-22.745252099186935 5.152115143563488
-22.425610444311296 6.099653645403052
-21.916619371691933 5.238881847541511
-21.29578906654568 6.0228268278889905
-20.297777764404138 5.959791593315456
-19.873084783517186 5.054454157888557
-20.86611481945436 4.936592596187481
-19.866317520263127 4.916459028944768
-19.120392458153614 5.582488909443323
-20.045078412259752 5.963219636176565
-20.520156270340493 5.0832758716316855
-21.48600704231504 5.342374860970059
-20.791255325171456 4.623125216183187
-20.25824127501305 3.777018826694411
-21.257605756856666 3.741372895237386
-21.302109022658296 2.742363656374707
-21.3663315177337 3.740299261073873
-20.910312730985165 2.850329112061898
-21.26758985956606 1.9163306894759757
-20.27813080539228 1.7715177752951856
-20.70539306787292 0.8673900414766038
-21.081874386244976 -0.05903416854644872
-20.735527890417426 0.879072491075994
-21.179439199626604 1.7751432190635759
-20.242213071116012 1.426421002912885
-20.53696080431508 2.381996103977167
-20.91971043073572 3.305848215234623
-20.412040144400066 4.167399653264806
-19.509357379970975 3.7370929872664136
-20.42044360173584 3.324877149979409
-19.571555497823258 2.796304556066614
-18.623015700239023 2.479646613802638
-19.38602736145894 3.126031332714232
-18.508038446595968 3.60471229679965
-17.564418751225798 3.273680771851484
-16.66721639514471 2.832061102630848
-16.470280495923838 1.851644736183375
-17.457129797811444 1.6900017488194061
-18.3924434776182 1.3361821332434185
-17.599197623201647 1.9450836149717436
-17.74518533744639 0.9557972119065872
-18.74119100752121 1.0450872179476487
-19.259637975326196 1.9001970012935159
-20.177114436382503 2.2979870758398695
-21.134209834112827 2.587760089841229
-20.428454688292977 3.296215927666568
-20.182675657105545 4.265541810859918
-20.014579008920137 5.251312330234905
-20.3779621226983 6.18295212791472
-20.39636659774026 5.183121504609737
-19.451823950991376 5.511510281020576
-18.766628943799095 6.2398699463774445
-19.728511752705728 5.966407952802682
-18.932305151243295 5.361383120429959
-19.32147056558736 4.440215231129421
-20.30866498956338 4.599736920158397
-19.594199745927323 3.9000659863358793
-18.96802800824393 4.67975115031334
-18.480072530762943 3.806882631006851
-18.34777162312509 4.798092230354134
-17.394394534360597 5.099873817961695
-16.94501845913623 5.99321649746153
-15.948773537587176 5.906636729110482
-15.641885834390642 4.954890997506313
-16.46758296833041 5.519004676655873
-15.476971602975613 5.655712843309896
-15.578142490269848 6.650581905832245
-15.44556971275555 5.659408632049026
-15.105172446289098 4.719126918421579
-15.14674102304596 5.718262571587058
-15.068558333737437 4.721323522751831
-15.616165107356 3.8845877093154355
-15.73331996118697 4.877701368583017
-16.591970994716302 5.3902620016977805
-17.097439071771213 4.5274166951228345
-16.109642254422216 4.683164721226507
-16.8795577106923 4.045018820827212
-17.867797656320047 3.8921077032926528
-18.392007545393966 3.0405186050785495
-17.556744538324935 2.4906679807977365
-16.68479167944479 2.9802578212670214
-16.169929505322184 2.122984853270396
-15.368426188323669 2.7209751816540395
-14.864523868027737 1.8572145367990105
-14.965639909391344 0.862339898375177
-15.357326784935626 1.782438475445242
-14.359573603477147 1.7154415435044161
-13.369224577146262 1.576845706462073
-14.237661655289397 2.0726451026962893
-13.242493383003811 2.170829163704806
-13.92561465298405 1.4405242065118635
-14.471804840675265 2.2781854022645587
-15.010118552429097 1.4354408693616083
-15.812777669916509 0.8390028247045542
-15.708805601846999 1.833583042214107
-15.986663694275173 0.8729609102224604
-15.244138077679171 1.5427785784716097
-14.916925051289759 2.4877291779005333
-15.783062199233287 2.98753558137317
-16.349251153289124 2.1632601005385426
-17.343521371233003 2.270156001815592
-16.865519080639768 1.3917974132040731
-17.183036817754726 0.4435450804268757
-16.845053431539984 -0.49760699583010093
-16.13243898943052 -1.1991628787767246
-17.099492517605974 -1.4537359992026788
-16.099567907011004 -1.4660149701081837
-15.986468878427532 -0.47243124956246385
-15.535932415553575 0.4203267779125196
-15.468383217728883 1.4180427223943348
-15.84829796043351 0.49302121546831856
-15.832813483793498 1.4929013237729016
-16.819879462489453 1.6532158699033086
-17.7402936380922 2.0441605531380524
-17.371992953715562 1.1144538220192013
-16.391285766197942 0.9189713103940351
-16.859670455164167 1.802495946803238
-15.861003783462406 1.7508734823896936
-15.163677053484264 1.0341200857057364
-16.118315447508778 0.7363524973850868
-16.995497262681386 0.25619412441791056
-16.5091057290456 -0.6175468417771227
-16.015424354589545 0.2520960162486189
-15.248151902645082 -0.38922526399017965
-16.241146376551246 -0.27106446341816803
-17.172015850095196 0.09428745353863394
-16.936384115348705 -0.8775549645417664
-17.915258664914113 -0.6730931925326227
-16.964057183234203 -0.3645227123341029
-16.646410489988074 0.5836864303500418
-15.676693237727704 0.3394561073584076
-15.734150129281556 1.3378040955934563
-15.719891574884235 0.3379057539474174
-15.951924844949724 -0.6348020961199684
-14.974520697538193 -0.42342297552681474
-15.455600390849987 0.4532538912165881
-15.243630293864195 1.4305300435828645
-14.244133530048297 1.4622510007176373
-13.30124152546653 1.795349586268187
-13.112551070012662 2.7773862006673715
-13.88105567779583 2.1375419478870246
-14.616312712731741 1.4597535645569084
-15.53596775036023 1.8524807112689
-15.048680290542187 2.7257223339049714
-14.188119817534309 3.235070615826544
-13.264891998206528 2.8508175825017945
-12.314096838308192 3.1606377947441504
-12.758610106595013 4.056410061738932
-12.324964587095794 4.957493611371403
-11.426573548399173 5.396690084023001
-10.580848100600964 5.930308362332992
-9.595358628079122 6.100044921590632
-8.667661730705362 6.473379177456737
-7.8452423204099375 5.904497543398011
-8.513709548801067 6.648239141378842
-9.511842501741132 6.587160435964046
-8.536034385174995 6.368531710395678
-7.70645255674043 6.926916873102536
-8.441404728709012 6.248797927106581
-7.458067760915238 6.430590137528663
-8.3479659023833 5.974430847574279
-9.08885979340356 5.302808749777564
-8.429116342354327 6.0542996537795
-7.61119019095186 5.4789764308413424
-8.02060516901388 4.566628155379348
-8.72835324210581 5.273093062529491
-9.71758788619005 5.126755032805406
-10.183632795062174 6.01151609824306
-9.900519025487764 5.052429765592361
-9.17934937800164 4.359671265431778
-9.338885785456496 3.3724792199328295
-8.88279846454509 2.4825441910100117
-8.029454863209702 3.0038931126162147
-7.2333445948101645 2.398741527846898
-7.546175654867458 1.4489327429520487
-7.543123599749949 2.4489280854209823
-8.409545950552676 1.949616248960565
-7.4370314535778315 2.182458584401877
-6.660921093838675 2.813055689934052
-6.001062003980028 3.564445057393373
-5.700779473066255 2.610594753819474
-6.528168657522658 3.172223757205667
-7.393917534836804 2.6717451048844176
-6.6340678391585035 2.021646312409309
-7.471749926417081 1.4754881661859707
-6.998372221958994 0.594628614996343
-6.309968878484176 1.319956703996549
-6.287019053655313 2.3196933220816947
-6.97068138553526 1.589894845810009
-7.047678768492555 2.586926140713899
-7.105030302492839 3.5852801869058366
-6.331801742719799 4.219407614440168
-6.987624835500328 3.464493002728498
-7.23017998839087 4.434630620701457
-7.830869934314299 3.635148545313579
-6.830874796423864 3.6320301810803173
-7.68490959751751 3.1118143042359665
-8.351734456177395 2.366599833178657
-9.043718647945173 3.088512486027667
-10.038489667981462 3.1906428815813945
-9.199942037729915 3.735471177285202
-8.508573789536289 3.0129686199266303
-8.920691297033258 2.1018379157933067
-8.216514802094348 1.3918129416018692
-9.050703832674877 1.943291555202722
-9.342587916986108 2.899745255768407
-9.160760882450763 3.8830757848948463
-8.77432681127977 4.805392817502514
-9.668004609055856 4.356683564464329
-10.44222724937564 3.7237702187239634
-9.958515525479783 2.848542837887589
-8.980618369268033 3.057629307734329
-8.522192849012804 2.1688964781512636
-9.39365780804948 1.6784387071136309
-9.979759808368046 2.4886759842260684
-10.11230592724407 1.4974991451247388
-9.854618669743553 2.4637275225396555
-10.821285502552119 2.2076899582100107
-9.904414954163768 1.8085052922995537
-10.468821212037563 2.634002461327346
-10.898807093254497 1.7311668495163717
-10.017272062685468 1.2590482310742912
-9.282316973952293 1.9371640158376384
-9.725273772865279 2.8337069731446274
-9.904770248532406 1.8499483568046835
-9.08131084874059 1.2825731574044095
-8.76916651104197 2.232607847530349
-7.980576914435495 1.617687976226747
-7.146906473203863 1.065425723835136
-6.306898776299628 0.5228512412600312
-6.657884609548338 1.459232010423254
-5.664888803388797 1.3410824063208162
-6.664647511390245 1.3191159369806151
-7.209417741153103 0.48053058249120884
-7.615962945919583 -0.43310008494579244
-7.176572240130267 -1.3313961428609802
-7.868139607934312 -2.0537081085576485
-8.182785645961243 -3.002917184975461
-7.566592007619391 -3.7905118777375644
-6.607986709566681 -3.5057736074870154
-7.389736085516695 -2.882180861216051
-6.6779226840613966 -3.5845494834569918
-7.462907697043908 -4.204064236625022
-7.039776278656692 -3.297995915374564
-6.635418757411008 -2.3833949121977436
-5.653401889788507 -2.1946017139492584
-5.673215017699233 -3.19440541466375
-6.321056543883973 -3.9561805500879954
-5.463276148152835 -4.470196885139065
-4.500691338811838 -4.7411774837544565
-3.771453407153971 -5.4254376967080935
-4.195847518606908 -4.519960122074646
-4.835488389940183 -3.7512862278125803
-4.7613565438811145 -2.7540377786285895
-4.11776770575576 -1.9886663606618242
-3.17403912541476 -1.657945380608305
-2.6391370190707084 -0.8130313396380434
-1.6407091919520371 -0.7569789174326784
-2.630982454610869 -0.8961150567460591
-3.1605851900351647 -0.047869253555083535
-2.2655838973213256 -0.4939327984010581
-2.1204427227795786 -1.4833437541988208
-1.1631087161108038 -1.1943600181936436
-0.22172147099789163 -0.857032203243969
0.03290620592064997 0.11000696149914868
-0.9567203674763617 -0.03365669161634596
-1.8776125859581612 -0.42347398463920494
-1.124006255793054 -1.0808000065910819
-1.725313676871045 -0.2817822437368789
-2.711095868020752 -0.449810430693956
-3.67040653949898 -0.7321631101358045
-3.4127353973262418 0.2340695649954998
-2.529034020641009 0.702120712675563
-1.9859387715690335 1.5417918092577
-2.850459031031818 2.0443897807800697
-2.5547208403701354 2.9996588123016377
-1.7824312657229928 3.634929473430684
-2.7636748480908 3.8277014425081215
-2.0870836346090025 3.0913426102536095
-2.7263089799457267 2.3223231320353097
-2.3294578543597 3.2402061224655188
-1.7968774576500264 4.0865855415445544
-1.236234792441175 4.914643390941271
-2.1459499944804863 5.329876158408598
-2.9161032495410426 5.967735048539973
-2.2757340718614056 6.73580230879646
-1.4590440914656446 7.312878972612605
-1.48322555703423 8.312586558220994
-0.4930161549699221 8.172996658645683
-0.5440510012067125 7.174299785480664
0.340146185450348 6.707185950203074
0.47860562332186185 5.716817844868344
0.45244107355238966 4.717160195302574
-0.3534298163239314 5.309251496412417
0.38897887110311874 4.639304229209359
0.47228064959663135 3.642779862372392
1.4716760919172653 3.6080127821276515
1.085205303369515 4.5303144299627185
1.7755602959369292 5.253785220138276
2.4628792244469535 4.527429459844581
3.1861144994798094 5.218031180772171
4.1384622388391445 4.913016782198657
4.005364730455617 3.9219138343359754
5.003068981184815 3.9896355300980404
4.072714949706154 4.356298012650323
4.900492965523374 3.795242260937798
5.843792513998712 3.4632995522571823
6.5651225575269745 4.15589103957385
7.127466198158603 4.982794679571381
