0 0
-0.965920731157594 -0.25883805964343615
-0.02117905459314151 0.06897768824276201
0.1021644543838926 1.0613417236618377
0.23384175354551887 0.07004908831872181
-0.4544176786619474 -0.6554155586334617
0.4322639280419247 -0.19303505695433604
-0.47027987379975955 -0.6236331128686172
-1.4565405536137659 -0.7888295760656667
-0.4736878889058521 -0.9732221992276396
-1.317611900576516 -0.4367594675065132
-2.2914212211982408 -0.20939322755375536
-1.691541342916918 -1.0094833047533074
-2.5265492941847403 -0.4592454277223693
-2.913264264660339 0.46295386289222296
-3.910996436611764 0.3956447769298374
-4.6964204215071295 -0.22331335085513987
-3.931175523470207 -0.8670526195256627
-3.5706269421877885 0.06568781625228481
-4.443235332594166 -0.4227326962084338
-3.8569660415344935 -1.2328489337696797
-4.358842232762299 -2.0977884048765723
-5.161519705591486 -2.694201746957842
-6.1572689076597085 -2.6020956853739348
-6.291717581151696 -3.59301624434738
-5.313344218524511 -3.7998629588525317
-4.330317661221827 -3.983326272999068
-4.785192624805941 -4.873881587117372
-5.705657104429367 -4.483055357506851
-4.92595139630366 -3.856909201472823
-4.546339132229162 -2.9317635216124915
-5.3337686342157005 -3.5481682420691345
-6.018239453057399 -4.277208500322528
-5.680100629790944 -3.3361122585916534
-5.008814279401367 -2.594914150269296
-5.352121396902342 -3.5341373522150166
-4.639663669985723 -4.2358523850857726
-3.9669585745105476 -3.495941677958396
-4.94052522038102 -3.2675385561572297
-4.336847138711209 -4.064766737866492
-3.3376634423071194 -4.105164025402409
-3.160032688451276 -3.1210668171528355
-2.511321257116293 -2.3600323377399004
-2.146041734575928 -3.2909302217275496
-3.1341539256263635 -3.13719571715064
-2.134275640770394 -3.152797495045604
-2.8200663059138953 -3.8805963433560655
-2.080420539945629 -4.553592733305682
-2.4767842464480854 -3.6354991584628804
-1.9041057702006134 -4.455279228263844
-0.9114261522027088 -4.334501846227578
-1.830288284652776 -3.939923106874689
-0.8309430586957088 -3.976104861348711
-1.6461753391374512 -3.3969707413680656
-2.067009910508579 -4.304108141952387
-1.262648968351102 -4.898249097224396
-1.0362000570230174 -3.9242260530625424
-1.5568516636645482 -4.77799528681461
-0.8090895209420198 -5.441961986213769
0.0472084139809652 -5.958444170462783
0.5230548487163331 -6.837972550078608
1.007745989922435 -5.963287179424493
1.5595819803831799 -6.7972398397309455
1.773726998076086 -7.774041719027513
2.6586183570099506 -8.239839188840497
1.683377330757812 -8.46098380377533
0.7439252974217823 -8.1183033738398
0.49400599103153964 -7.150036705874088
-0.4841845284283992 -6.942327034364322
-1.1565090395446855 -7.682583578916443
-1.8769310246343576 -8.376119564572166
-2.8730479873597696 -8.46415930883974
-2.790331289604801 -9.460732410981532
-1.799661266880065 -9.324449961361008
-2.6187015261749202 -8.75071391259449
-3.1200471856370893 -7.8854668208695635
-2.367967947808714 -7.2263941237962515
-1.3681028172470693 -7.242817299096579
-1.2398788350649976 -6.251072064475625
-0.25537951032043094 -6.426460432326779
0.7097368241412423 -6.688281861845571
0.7262217304045656 -5.688417747145233
0.10793193026932724 -4.902467543220883
-0.3784675312975082 -5.7762040960716226
0.6156994429967432 -5.668352219766139
1.580297461639344 -5.4046276239644415
0.5912880510040776 -5.256775043077657
0.9037959177478598 -4.306859871484293
1.2785303086254736 -5.233992082279271
0.6058335051142719 -4.49407383642652
1.3806449019477243 -5.126266290776455
0.4455526285821477 -4.771861945018678
1.3959292947996893 -5.082963523782322
0.9306199953247292 -5.968111678512433
0.8903792243353281 -6.967301690647352
-0.1080609262236013 -6.91146921128397
-0.12747828647817866 -5.911657745996267
0.7986411959124711 -5.534427439238612
1.2542523194624347 -6.424606356141017
2.238747129607033 -6.600020063696474
2.8653341465674793 -7.379371531377525
1.9311666458444101 -7.736206339927384
2.756800429404704 -7.1719999455610015
3.583709611768139 -7.734335436280763
3.9674632995708636 -8.657770927854381
4.839007290113982 -9.148088246076139
3.933146735365159 -8.7245122135269
3.133631846386019 -9.32515848405613
2.3297976476222844 -8.730305072787552
1.7249114948978046 -7.933993109897267
0.8518454994240718 -7.446391051300854
1.6358521058669266 -6.825638571600646
1.6572025560206622 -5.82586651844141
1.926129811249273 -6.789027009426794
1.372867811081717 -5.956019711037041
0.4241439070647669 -6.272125633074002
-0.5657603804909853 -6.413863071595864
0.43423908730104477 -6.414894776813767
-0.45641697058108877 -5.960217103557363
-1.3134688474031493 -6.475447227323223
-1.3267608135969704 -7.475358885238412
-1.8486044122863041 -8.328400067425395
-2.764812479852881 -7.92769721377207
-3.761833009150095 -8.004833872760535
-3.7297825670814784 -7.005347620147121
-2.9927502264963906 -6.329490143358067
-2.467094738323406 -7.180187685233921
-3.4628364953919104 -7.088001171957154
-4.412992191635366 -7.399776977458661
-3.806294640108585 -6.604844224974899
-4.608289834888399 -7.202174709338528
-5.6066692477028175 -7.145266466804267
-6.079469343710904 -6.264096750339417
-6.494493537251009 -5.354286375164246
-5.962745433832904 -6.201188940109735
-6.903142909163578 -6.541266267186525
-5.903524830190015 -6.568901320817821
-6.872069168248987 -6.320060276747699
-7.820879053393869 -6.004212525685013
-6.9970170842163615 -5.437422039047348
-6.116404251972103 -5.911258550606711
-6.952457592386696 -6.4599067183623315
-6.035121363401669 -6.061793363912207
-5.740556631148349 -7.0174248925426355
-5.416418743293738 -7.963434739033226
-6.2233070897145595 -8.554138722776583
-5.235457177301781 -8.709549631486572
-5.467106877289758 -9.68234889983307
-5.50580207032432 -10.681599960395939
-5.235919021490654 -11.644493069703636
-5.93637416249372 -10.930796638829573
-5.99999071862003 -11.928771054226395
-6.276288903018967 -12.889843014746445
-6.130539342291174 -13.879164532529039
-5.2677316150689 -13.373632312145872
-6.177624202504229 -12.958788390495522
-6.811292360239021 -12.185183409983507
-7.496922377940809 -11.457233220185987
-8.480207381995097 -11.275160155725702
-9.306088266952353 -10.711315528312955
-8.536840026636709 -10.072365495234244
-7.859180626322668 -9.336989579687634
-6.859633538676411 -9.367083093571614
-6.331451649204508 -8.517951836560137
-7.331095844397672 -8.544625475543434
-8.139984646528687 -7.956663822213005
-8.143095493008229 -6.956668660907621
-8.776756992768462 -6.183058226824929
-9.716906901532887 -6.523819358778445
-10.702054221116274 -6.352108093225863
-11.520315150230397 -5.777261111947111
-10.996652282996225 -4.925335527473862
-11.900333226739917 -4.497129091377312
-10.923372088783017 -4.710546370251255
-10.455498877156963 -5.594341967571541
-11.42416632151306 -5.345980573138691
-11.175742077782362 -6.314631901082255
-12.109735416487906 -5.957341482439843
-11.155569322277746 -6.256619053700581
-11.671684546228743 -7.113138216128377
-12.270028241259514 -7.914377769955397
-13.25509859916896 -8.086529999009093
-12.706305039042645 -7.250572088367723
-12.390104057176336 -8.199264314048309
-11.73899553214839 -7.440279670833484
-11.573341069833344 -8.426463527482493
-11.307878665952208 -7.4623423151208685
-11.737313505545771 -6.559244469622802
-10.745954010719421 -6.428071484531957
-11.477024631900223 -7.110373284944587
-10.538990968842114 -7.45691743360358
-10.815543540759782 -6.495918643299595
-9.913098881515676 -6.065112843661532
-10.096293949763329 -5.082036261207379
-9.259311211956058 -5.629265551918912
-9.830217668067263 -6.450280666499968
-8.879831446498649 -6.7613530533370705
-9.543794061662663 -7.509118822588755
-8.811008033860805 -8.189577959832407
-9.07706140469711 -7.2256196599736215
-9.007547484437785 -6.228038678353492
-8.015059586607615 -6.350381527186799
-7.662747184418008 -5.414499071285745
-8.490199322992662 -4.852962822795737
-9.407402014689273 -4.4545419117676
-9.341191088776371 -5.452347560824447
-9.49898359346115 -6.4398198518105305
-10.236010648099418 -7.11568309295569
-9.907295725454011 -6.171253900464149
-10.68038806254966 -5.536960405050561
-10.771810919433396 -6.532772566675039
-10.011177100877893 -7.18195373866763
-9.09163849730656 -6.788954048410649
-9.730248668002215 -6.019423639730092
-10.604588337678273 -6.504738117188536
-11.483226995736183 -6.982225403476027
-10.501699994424074 -6.790901736107724
-11.294931108483414 -7.399822420341868
-10.304682351825159 -7.26051197587779
-9.377229945672143 -6.886570758142997
-10.177322469311457 -7.486447373470244
-9.70063954567703 -8.36552267759119
-10.242332782052689 -9.206098930922716
-9.922545073003572 -10.153588150460921
-9.1656837607028 -10.807163665564076
-8.282850800094332 -11.276850756788956
-9.079960664919634 -10.673016455512364
-8.121359586453066 -10.957768931116584
-7.160291982196511 -10.681455594397987
-7.94574184637015 -10.062530307412867
-7.835943931049331 -11.05648423883585
-8.076555017301096 -12.027105846452713
-8.094300021542036 -11.027263301436504
-7.116416777893635 -10.818111773133023
-7.529770533559374 -11.7286822935635
-8.250036835023346 -12.422379961842275
-7.257529267824199 -12.300196783571163
-7.102868114234384 -11.312229209421957
-6.2714582956579115 -10.756569499190382
-5.28995178687365 -10.947998267180282
-4.632560750022486 -10.194448650587086
-3.845894732422029 -9.577069855395155
-4.124794450058696 -10.537390087141935
-3.2341153999533185 -10.082757455555306
-3.7056123221408632 -9.200889748715062
-4.422914805676126 -8.5041278474072
-5.422745783462365 -8.485742639793097
-4.422784218168932 -8.494510075901006
-5.036365580906452 -7.7048785724127224
-5.698635908939278 -6.955613590842589
-6.5503711318660764 -7.47958602334819
-6.102567147378558 -8.373717776210766
-6.385743573205508 -7.414649941354506
-5.658738905690151 -8.101282458361155
-6.423234186417562 -7.456653134062673
-5.713318403111707 -8.1609397096931
-4.854034802804799 -8.672439166431422
-4.792213426159577 -7.674351937082359
-4.680176938384699 -6.680647843598253
-4.802734542739286 -7.673109245172574
-4.792487887608613 -6.6731617435212955
-5.389650082400407 -7.475282253863381
-4.444426251262973 -7.801705152952694
-3.7532283189675253 -7.079039657449763
-4.391070429904883 -6.308872505777495
-3.391533489470209 -6.339301188077115
-3.3418093299873455 -5.340538199193504
-2.8740462077234947 -6.224392068025888
-1.88080413236546 -6.340453171494984
-2.6401894928023917 -6.991094297119603
-3.559242405473827 -7.385228466800627
-4.077594164785639 -6.530060966471979
-3.3134734058101167 -7.175134191542337
-3.8359115709575193 -8.027811365857103
-2.915595260599324 -8.418986376419738
-3.7830952398071434 -8.91642359464374
-3.2409065601449205 -9.756680362332126
-2.255882624574418 -9.584262711399287
-2.861479519434185 -8.788491135545884
-2.9308851301399743 -7.790902612555289
-1.9601647618241078 -7.550690276201162
-0.9755044595357395 -7.725172622292046
0.02422600798646879 -7.7483888301612645
-0.7382869691994796 -8.395361750477889
-1.6644492616583473 -8.018236561678023
-2.2405524509460717 -7.200859589105079
-3.011752585901744 -6.564266821439318
-3.9176528388471867 -6.140775697903791
-3.204244471846092 -5.440027168192289
-3.5544032339088765 -6.376717533975272
-2.78284020070001 -7.012870413231142
-3.0119353715244697 -7.98627444173365
-2.028141569758716 -8.165577970999767
-1.6030809012682707 -7.260413108611452
-2.5424022258814287 -6.917374555199474
-1.5424085590929817 -6.913815568967945
-1.6149267314697193 -7.911182660201227
-2.3072544669701918 -7.189599465651362
-1.3532281980935816 -6.889876463041663
-2.2389236473005822 -6.425609760322192
-3.2288417577558564 -6.567250625162321
-3.529392429610158 -7.521016473600986
-2.5296952913336286 -7.545626059573074
-2.814284777524134 -6.586976580175195
-3.477244033082599 -5.838321101687683
-4.062336618627454 -6.649287603055302
-3.4129351454882286 -5.888841860950973
-3.634341239677828 -6.864023557587916
-3.895206394125125 -5.8986483086845745
-2.934657664338546 -5.620536572676563
-3.3336893302148187 -4.7035994267237955
-3.6468070786042865 -5.653313739369188
-2.9471016272988924 -6.367745178636466
-2.3549163648616176 -5.561943332676743
-2.896872474330049 -6.40235012430199
-3.717733145023038 -6.973478620622614
-3.112263905244643 -6.177609913056992
-3.1227794533311273 -5.177665202961259
-2.281176450847706 -5.717761848211801
-3.2605316059029597 -5.919909022979841
-2.739712380451043 -6.773576015664732
-2.7988519262288625 -7.771825740996622
-3.3087444694391124 -8.632063844302087
-3.961326760154344 -9.389781703300317
-3.726893041389391 -8.41764959730544
-4.206943031828158 -7.540408463591488
-3.2097243201391588 -7.61493926968758
-2.2097332543961485 -7.619166376754867
-1.2332406381124952 -7.8347172300204155
-1.3857681089409901 -8.823016461347985
-0.3934768844449036 -8.699088555741309
-0.006632976600615126 -9.621233767171569
0.9902921128397619 -9.542873279396822
0.33843570092578057 -10.301215694303592
1.2855520430893126 -9.980325316749557
0.7736575267948487 -9.121277003679996
1.7431966167075832 -9.36621363452803
2.451498668530758 -10.072123121206797
1.9474895875954932 -9.208424767419556
1.5698993982506715 -8.282451955231995
1.3642476391610079 -7.303826718492553
2.336180231332616 -7.068567210130876
1.480595772401279 -7.586230453596328
2.1133223264114505 -8.36060575527531
1.353974520479572 -7.709920801072093
1.7623510122458097 -8.622734386078747
2.3025910941706598 -7.78122345098531
1.9569705374103026 -8.719597806317264
1.1152925759881147 -9.25957762932567
0.23814646947306572 -8.779354027421839
0.48373286918541863 -9.74872873323808
0.27284152176013543 -10.726238241928993
-0.2911872068585739 -11.551993407394376
-0.6987717429527915 -10.6388259277189
-0.3155997788688445 -9.715148903028965
-1.3009326052154147 -9.544505352538827
-0.3993883467069589 -9.111818456561565
-1.2317475835103653 -8.55758195387697
-2.0553091989559897 -7.990355133667811
-2.4781972902533775 -8.89653704820752
-3.15312411054522 -8.15865237750976
-4.1506417306981565 -8.229069687060905
-4.0242384512783556 -9.22104862380902
-4.987950816270503 -8.95410578805342
-5.437205649330628 -9.847509445406645
-6.424492663109818 -10.006457085914363
-6.00797321476558 -9.09733028004457
-5.750085132522255 -8.131155483728262
-4.783421837419956 -7.8751045632027425
-5.773332222993212 -8.01679940620773
-6.515251544028973 -7.346310240692107
-7.266117562923065 -8.006764797546806
-7.073203684690302 -8.987980490238884
-8.01655063396483 -8.656172513700586
-8.502834239237965 -9.529973552405943
-8.021083661913483 -10.406281934910371
-7.552108767520193 -11.289493431908005
-6.584898517678347 -11.543470463548417
-7.200161813392025 -10.755148779876363
-7.943625286357306 -10.086372236951595
-8.824901049556967 -10.558974637703916
-8.77567875731585 -9.560186789386501
-9.660189263290375 -10.026707062065716
-9.636315352428625 -11.026422039636905
-10.456843038611044 -11.598028824243356
-10.938834818208537 -12.474204562551853
-10.671276051599826 -11.510663018864802
-10.951077053887223 -10.550605000243548
-11.599112341956998 -9.788994689509558
-10.70783272054385 -9.335540572256624
-11.49194859170772 -9.956155026317216
-11.840212716652259 -9.018758579088715
-12.373135700428389 -8.172594828173358
-13.200009309716144 -8.734982625216857
-14.175166686060093 -8.513469439690612
-15.168814062816184 -8.626007836097083
-14.200011265824728 -8.378174947759941
-14.49442326661856 -7.422496354409345
-14.633675245969265 -6.432239374506194
-13.763119605196824 -6.924309365787195
-12.90234327130301 -6.415325964281481
-11.997541706811907 -5.989492512220172
-11.548822214259989 -6.88316516873594
-12.237903323074923 -6.158480944073652
-12.964844230872208 -6.845180963420424
-13.100402311643244 -5.854411562026905
-12.235094715511432 -6.355652785467859
-13.219585367611526 -6.531089828100052
-12.560363861711396 -7.283038633643865
-12.715045174033232 -8.271003051838363
-11.764327525298187 -7.9609450695451995
-12.603026080703764 -8.505541005226506
-12.876264868225809 -7.543594767127161
-13.492863620376376 -8.330872341332322
-14.352978547863405 -7.820772045788415
-15.343209663896948 -7.960207826128191
-15.477976023227246 -6.9693304228169355
-16.178845450451007 -7.682620017570032
-16.740920801004584 -8.509706047134111
-17.40382948387599 -9.258406306365865
-16.415654890380218 -9.411739188584459
-15.663177992936825 -8.75312054413688
-15.534361486040874 -9.744788990519604
-15.251571716262722 -10.703970905543454
-14.358104028737127 -10.254843427707076
-14.83751116918324 -11.132436040306613
-14.974624840233341 -10.141880720694848
-13.992935502069011 -9.951391762131678
-14.914082024552538 -9.56217577567107
-13.91427377750325 -9.581758143562395
-13.730536471482685 -8.598782761176698
-14.636189290359289 -8.174762747898006
-14.298605842636428 -7.233467142987653
-14.090810207552035 -8.211639404933305
-14.302447949533164 -9.18898758555735
-13.609977820430975 -8.46754103847212
-14.480866763452406 -8.959020894542556
-15.378774209061229 -9.399205195853085
-16.345622247260955 -9.143852751123568
-15.421246169422542 -9.525335210379652
-14.421311703952515 -9.536783562451973
-13.422295319948551 -9.58112614347343
-13.835348045368194 -8.67041903027874
-12.91346982027119 -9.057898756318696
-12.67878459444276 -10.029970175905683
-12.574065345456619 -11.024472000384542
-13.569410049646718 -10.928092957845598
-12.955856484095799 -11.7177460602898
-13.955626723218044 -11.696310833082073
-14.015620918496367 -12.694509559054465
-13.173067626189743 -13.233122545922837
-12.176001578741317 -13.309668591056287
-11.567782833027012 -12.515899129964644
-11.085389648850649 -13.391853932371816
-10.08715450341093 -13.332468796109067
-10.48577838264347 -12.415354297856204
-10.063956331150285 -11.508675657502259
-9.234319521735928 -12.066979127368574
-8.888659649715649 -11.128619253506246
-9.138304390720469 -10.160281758988639
-8.814921983076049 -9.214013394080407
-8.004028050298968 -9.799206550042879
-8.462792093174281 -8.910648418593563
-8.39574540820967 -9.908398257999842
-9.367375729600887 -9.671893461952912
-8.367892720652668 -9.639742026155822
-9.041534896540915 -8.90068437017454
-8.790726182238412 -7.932647703084948
-8.048715867932456 -8.603036167681092
-7.136821524581955 -9.013461199282917
-6.577318442440192 -8.184632929329565
-6.124048750078589 -7.293259502540087
-6.4199277134472466 -8.248484941395171
-6.086298436863633 -9.19118929897834
-7.031319829130373 -8.864180785085765
-7.882618474130928 -8.339499341712532
-6.8983922490549805 -8.516413834823611
-7.849811358875378 -8.82431264526068
-8.437791667196253 -9.633187887202778
-9.406276829906584 -9.882259141284704
-9.201247970394544 -8.903503213196812
-9.408772948186133 -7.925273493962827
-9.292413217335909 -6.9320663589519755
-8.389188913006977 -6.502897562241967
-8.458825749137517 -5.50532515331431
-9.4553150998947 -5.421605538960627
-10.360822034616149 -4.997274075159788
-9.876786618873112 -4.122225667180855
-10.658567178513472 -4.745779318896892
-11.657336827641174 -4.696189118440263
-12.457963350793673 -4.097025392548298
-13.068787791003666 -3.305259326565329
-13.143184522309019 -2.308030603367346
-13.234424111351446 -1.312201633417501
-14.196631219483088 -1.0398829211317984
-15.179416878397042 -0.8551334999336097
-14.758569151396543 0.05199779744208677
-15.203744503578017 -0.8434456155160409
-14.282383700760994 -0.4547371501691035
-15.089435132687985 0.13574399789964925
-16.046142539726226 0.42679543204517295
-16.64072185824198 1.2308323926342621
-15.715926328908512 1.6112968836512669
-16.312873121856185 2.4135777112855115
-16.077906142590873 1.4415743580737366
-16.897232299898626 0.8682466612446778
-16.18705496635786 0.16422382431044458
-17.126749076998923 0.5062398742649783
-17.55488108282975 -0.39747633427798745
-18.5495137484926 -0.5009454620234732
-18.131360396778952 0.40743098772114783
-18.949238752355683 0.9828221550839256
-18.28901809730175 0.23175046300642876
-18.82955528391238 -0.6095696603063713
-19.674909925040023 -1.1437751738720363
-19.271495233818143 -2.058792434313803
-18.965611879754515 -3.0108614306091264
-18.59750930097123 -3.9406466162800395
-19.280928103169558 -4.670673150593554
-19.050158262144073 -5.643681516679414
-20.046686911808994 -5.5604309887711345
-19.19516124435673 -5.036118069161121
-18.240949769236742 -5.335250917155683
-17.416286850524596 -5.900875413178585
-16.744736185694045 -5.159916774275139
-16.70344203806464 -6.1590638071844905
-16.804699018746867 -7.153924110876984
-16.31803926530421 -8.027515711328324
-16.952443529144336 -8.800517153772947
-16.782113111389393 -7.815130149196864
-16.033726759081272 -7.151867103581517
-15.464995731111292 -6.329343536852752
-15.203192036857459 -7.29446468244798
-14.99149550433026 -6.317129234346378
-14.178495179361157 -6.899392466570543
-13.691647833569455 -6.025905396319601
-12.877184976261004 -5.445689700164322
-12.535755268530249 -6.38559701191314
-13.488986188097593 -6.083354040149038
-13.198373264151515 -5.126513338446026
-12.199594355905173 -5.175916703131495
-12.294025355403665 -6.1714481121456535
-11.491211252614232 -6.767677528027155
-11.62181304337977 -7.759112433731425
-11.246135313857618 -8.685862801166518
-12.001275109017339 -8.030299005822286
-12.822629613345079 -8.600717079011181
-12.916166587783584 -7.605101272380486
-13.32119339097509 -8.519406084079773
-14.181142236951022 -9.029786317145929
-13.427255601776734 -9.686790838671916
-14.259873314574413 -9.13294271478274
-14.429716941901393 -8.14747168920339
-15.130062224230597 -7.433667454472867
-15.267658982227923 -6.443179124310101
-16.24922146307978 -6.634320684897922
-15.883376644631655 -5.703644818221099
-16.231911429818553 -6.64094066453363
-15.85928284926681 -7.568921235966025
-15.224305611232783 -6.796390390511503
-14.994038204463289 -5.823262998347634
-15.786713826868967 -5.213619366671086
-15.147796845098656 -4.444343674603855
-15.469939186616655 -3.4976524304269057
-15.88227815645951 -2.5866219293189934
-16.35662828779844 -3.4669582019436884
-16.165853801943317 -4.448592092733281
-15.331567670874081 -3.8972603854049925
-14.506508735737201 -3.3322137027753196
-13.513576890572361 -3.213527769078245
-13.770183077004283 -2.247011724159763
-13.660298144022969 -3.2409560392517562
-14.139291073133787 -2.3631372801324044
-13.19148977196948 -2.0442757215976006
-12.19646424465858 -1.9446554425392262
-12.099078705262379 -0.9494087109613168
-13.08972987959577 -0.8129893179415828
-13.614906717865757 0.038003801034557805
-13.093616711239003 -0.8153757915214619
-13.010802450796255 -1.811940791040972
-13.580960276478725 -2.6334759721580308
-12.663336163053865 -2.2360266213455784
-13.442649180601705 -2.8626614597327205
-12.766225054414171 -3.5991737824479824
-13.566406148492916 -2.999415317164712
-12.704942622219832 -2.4915958680480585
-11.71479921109149 -2.351538646173819
-11.038484160371999 -3.088151130571342
-11.370516180154029 -2.1448830150074447
-12.32170310465466 -2.4534983656610265
-13.202616935235147 -2.92677505333116
-12.899133723309241 -3.879611838976601
-13.455454886488392 -4.710579205001884
-12.711596623302338 -4.042241801971179
-13.165998950138572 -3.1514452340804984
-14.157512323964415 -3.0214405052261397
-14.009244972827327 -2.0324931898514573
-13.53356595765843 -1.1528742527383748
-12.604267885017999 -1.5222048528607857
-12.321221255089128 -0.5630987037375984
-12.661765305820683 0.3771298586403712
-12.414724380067842 1.3461349055844924
-12.461244768758453 0.34721756494209755
-11.568305865358344 -0.10296030523213645
-10.573709890066926 0.0008609157880045126
-11.106098847171186 -0.845638935572549
-10.88843294023893 -1.821662271850611
-11.888423299991928 -1.8260532172009603
-12.737202834827496 -1.2973063011396768
-12.309049506490204 -2.2010124079209135
-13.054162914826739 -1.5340746231785025
-13.95206888494437 -1.0938873121084163
-13.611269499085667 -0.1537512695069585
-13.931429843834762 -1.1011146388907136
-14.93122711484835 -1.1212496053367647
-15.93011737162886 -1.1683479589063257
-16.85244855591951 -1.554748251976884
-16.029159407266018 -2.122370465873953
-15.342665853489898 -2.8495063545659036
-14.509540539881137 -2.296422082664863
-15.444923448681509 -2.6500586389258824
-16.248626817144796 -3.245088802464479
-17.08050529151722 -3.8000466421926955
-17.93066915433428 -3.2735284503322677
-18.462495262109375 -2.426674867303423
-17.522408053022843 -2.7676089361670297
-18.409631555274462 -2.3062690863248867
-18.3626756242077 -1.3073721244025602
-18.71795351226614 -2.242132854352602
-19.600151324019517 -2.713011841925365
-20.425213231696137 -2.1479694997057615
-21.424963173534362 -2.1256076170822205
-20.500488369586044 -2.5068507637284516
-21.37986587021164 -2.0307255581433212
-22.090447522878787 -2.7343403070598185
-22.924555616418797 -3.2859413298027533
-22.266789890206343 -2.5327187535212112
-21.295248774731437 -2.769589733047561
-22.13396488482991 -2.225020833218269
-22.566838395871002 -3.126475503980454
-21.89870205331118 -2.3824366422596537
-21.31509484003684 -1.5704005466246402
-20.618057665279977 -0.8533655565390984
-20.020119837168387 -1.6549080405742218
-20.924924230801544 -1.229080599863629
-21.923857113884555 -1.2752660423261644
-22.329839915360193 -0.3613853253253111
-21.86670264073677 0.5249012337820627
-22.865317084983303 0.57752434412519
-23.86309220174488 0.6441938001858504
-24.152786500800477 -0.31292542597914874
-23.802388579736416 0.6236755012646712
-24.7883978806609 0.7903658083926332
-23.799770665690623 0.6399788747178077
-24.417341864359685 1.4264938552327755
-23.429527974795192 1.5821335660506375
-24.099868563736525 2.3241871320536487
-25.00269149226621 2.7541996431752294
-24.058598847303873 3.083879909081486
-23.778294412131675 2.123968755055867
-23.777772100088782 3.1239686186509226
-23.789160116541257 4.123903773089088
-23.991511174787213 5.103216822745194
-24.030913267533546 4.1039933867273986
-23.537063328771143 4.97354053207627
-23.50823264209737 5.973124841429873
-22.56657485796226 5.636552980488181
-21.739644981561753 5.074247921364359
-21.871058683888933 6.065575535647681
-22.650159656170327 5.438677078965751
-23.130167362007576 4.561412807302496
-24.116163536348623 4.72818074242439
-24.411663054848184 5.6835236309029336
-24.4211109474109 6.6834789985699725
-25.410166280071042 6.535933924316266
-24.882260208124872 5.686631163692962
-25.78445866656618 6.11795232198006
-26.757147105110327 5.885837691845396
-27.204375045846604 4.991417673607438
-26.792931314109733 4.079982511012512
-25.91801067609655 4.564248839780686
-26.434071525174776 3.7076969148814065
-25.578681097444278 4.225680713997785
-24.616142491110132 3.954536045386501
-23.70747623487744 4.372059260051341
-24.698035729167277 4.509142768440442
-23.923411303545894 5.141564304467436
-23.427097282793696 6.0097073760891515
-22.854182330457178 5.190092553511346
-23.206806870046815 6.125857446034675
-23.921490539650087 6.825305265677001
-24.921191493628317 6.80085117368783
-24.061309212970357 7.311343547196449
-24.70919839803369 8.073078149192428
-24.9579146515172 7.104501758166338
-24.00558904263471 7.409585246193133
-24.777704449917792 6.774102911398464
-25.13867489552552 7.706680166856563
-24.794305071619146 8.64551424398771
-23.79865454804089 8.738680948868518
-23.11577300934821 9.469210074990617
-22.30396800995496 8.885281446680505
-21.473162739743287 9.441844653323301
-22.033185450723117 8.613367397638632
-21.09261127728432 8.273779081791456
-21.986725331087168 8.721618404308181
-22.282853551805637 9.676766600607642
-21.285459218302204 9.604624078505601
-22.059807991367435 10.23738309871185
-22.896488957544886 9.689692528374579
-22.085980623372663 10.2754196322697
-21.331216640845664 10.931416073327105
-20.642310549890666 10.20656546951615
-20.631861397977943 9.206620063394244
-19.703049729892175 8.836067927753747
-20.60268636107726 9.272707289046279
-20.33805225878226 8.308358393727516
-20.67389799405007 7.366441389898398
-21.667345300590238 7.4807324618510345
-22.04597855158674 8.406279252261882
-21.219874620934053 7.842761465710131
-21.83001249232145 8.63505672500357
-22.6662385718046 9.183441575261345
-22.56264915429027 10.17806172013025
-23.40884048711406 9.645182532833637
-23.938682287250156 10.493279029011129
-24.936228371368017 10.563291956825344
-25.649510863484192 11.264168612479205
-25.502781254137442 10.27499197418807
-24.964730010393012 9.4320798440671
-25.42010441414931 10.322379879113486
-25.784778225022265 11.253515213886791
-26.603533465983208 11.82765792732918
-25.90895934912736 11.108236773766178
-26.730862216668147 11.67786443841058
-26.72556246631365 12.677850394635056
-26.81994313786897 13.673386576216
-26.095957749607287 12.983571269352215
-25.491073484751563 13.779884666282062
-24.935012774264447 12.94874298987992
-25.049956452002014 13.942115000230604
-25.77454990794548 13.252938445490164
-26.615365116022016 13.794260702438104
-27.391109555863437 13.163213506061226
-26.709483604588836 13.894914307310614
-27.709342465723083 13.911714837401366
-27.218198216589823 14.78279309252161
-27.93980389820736 15.475097389964063
-28.03046454706499 14.479215546195078
-28.382969576172503 13.543405627219053
-28.07083305256362 12.593368369723663
