0 0
-0.22415386418414246 0.9745537672039019
-1.2230172858841397 0.9268896843975222
-1.3674863436807607 -0.06261963407267623
-0.3702646936432089 0.011871846623994944
-0.4487292227205768 -0.9850450594803537
-0.8778108629943377 -0.08177934775429752
0.11314754196818289 0.052390095988072705
-0.43865476528344727 0.8863650438802606
-1.4373952467154583 0.9365392478994086
-0.4427107154098633 1.039508579165416
-0.5251449109117202 2.0361050889987395
-0.5074549340738235 1.0362615688819792
-0.7623231440823749 0.0692857700498487
0.22849277191797213 -0.06593190852951952
0.18274908044016308 -1.0648851179892935
1.129108167401189 -1.3880019366884966
0.7700803655781208 -0.45467507137383323
1.6906174315749416 -0.8453303031651979
0.9346319337507053 -1.4999186677726368
1.4286515562911757 -0.6304679143972826
0.6293898231194031 -0.029484818222977327
1.5717539772671107 0.3051041848501594
2.115349266984647 1.1444516462729648
1.2582941619341663 0.6292268924936945
1.9473784256597555 -0.09545433224292221
1.9449736643140958 0.9045427763143328
1.837764108377245 -0.08969366996784978
0.860776126505886 0.12360068832352444
1.6827683349080025 0.6930994234636577
1.3518110822904954 -0.2505463241237893
0.372123811238792 -0.05001490279718959
-0.6277480445531203 -0.03400640520255899
-0.782991225215034 -1.0218826904012535
-0.44158697467967567 -1.9617992493129424
-0.3519976401482763 -0.9658204588067283
-0.976346892699723 -1.7469657787302684
-1.8689193262147206 -2.1978698161141836
-0.8913516314100172 -1.9872483497955333
-1.88644931908743 -1.888351474318772
-1.1448917525934421 -1.2174622319132058
-0.1699820981639505 -0.9948613206388598
0.634238042745779 -1.5891928484540472
-0.09661498986314532 -0.906657981413294
-0.4510385085316773 0.028427025104625026
-1.3900385699287832 0.37234399865526496
-2.143234887844957 1.0301397927110778
-2.3270087443299974 2.013108342397494
-2.4165069413297253 3.009095326616564
-1.8431805651297983 2.1897682451933633
-2.8206949321840473 2.400637072198521
-1.8271547534254178 2.2871561786865713
-1.3846574139164867 1.390386361772823
-2.2327449831139434 0.8605302728460757
-3.2325139758677124 0.8820235538453629
-3.9081652151317208 0.1448021468847337
-2.9124337528304713 0.23709979031843958
-3.1473488834558334 -0.7349160950472622
-2.3683663824024226 -1.3619617577007668
-1.4512152542206191 -0.963422163588908
-1.418616896636899 0.03604636872356248
-2.385132332748943 0.29265484823494786
-1.4945109724458225 0.7474004832572303
-1.650439652119671 -0.2403678331283331
-2.5811181607810685 0.1254702642806123
-2.2145920411980864 1.055878026320161
-3.0792114565602167 0.5534506518879472
-3.546356908822846 1.4376311348383137
-2.5819524782396375 1.702062778692595
-1.8060969344391793 1.0711521866479732
-2.798293952159529 1.1958320889050875
-3.323048881917831 0.3445787401925203
-3.4245962881921286 -0.6502519611225138
-4.159424508424285 0.028001300388583505
-3.323187176630324 0.5763689917363839
-2.8836898297664337 1.4746128796084927
-1.9334410990819995 1.7861050140719836
-2.3480987516626572 2.696082503439879
-2.2378851494432315 1.7021745791904455
-1.2425577490991428 1.6056169998697205
-0.33892688679821603 1.1773048885568562
0.5873373217989358 1.5541796898793803
0.14844106057616352 0.6556419489443253
0.659640562216413 1.5151040304364414
0.507670573613361 2.5034891388653313
1.0083069175753123 3.3691468374416282
1.655906231368676 2.6071657820509024
2.3659995031310053 3.3112734054991013
2.308854800470008 4.309639311846962
3.26191992843561 4.612404669600966
2.8900625131200575 5.540694528790884
1.8942702732804002 5.449054935409429
2.8451024854930207 5.139348454658938
2.8014851474806433 6.138396765715372
3.5428341107810826 5.467277018864362
2.563363476646426 5.265690122296519
3.0223204744059493 6.154148604279535
3.772637225546907 5.4930701119979615
3.546156744860099 4.519054407880275
2.643565769374578 4.0885552429889875
1.7573613828982433 4.551849733988075
2.200848788782898 5.448130337829137
3.195302658120457 5.553304012099633
2.657274523011204 6.396230892576735
3.655659741271488 6.339424590467159
2.9497977562482474 5.631075200618442
1.9922627882692963 5.342758040016529
2.1163207942148543 6.335033007533503
1.2451297381598476 6.825977142695297
2.2225778500093716 6.61480141340379
1.5836819028438738 7.384094575140915
2.0132184828052853 6.481045115545786
1.7451779384243384 7.444452748154105
2.459872528501184 8.143889409271386
3.2581677010312147 7.5416230084857805
2.2584739313128743 7.566369054358486
3.191162167669015 7.927052646670184
3.639465764093666 7.0331712868507035
4.638235827318192 6.983589427199446
5.342627888215401 6.27377830827767
4.826791435142819 7.130465388652703
4.162318766128071 7.8777779552086376
3.42281817067132 8.55093385789323
4.180252908705704 9.203844738196802
4.191656204623227 10.20377971850413
3.425941346835985 9.560599528694256
3.3032551312173943 8.568154017596953
4.289131280655738 8.73563003966765
5.221984118234211 8.375372377123476
4.281307120122711 8.03606899484747
3.3122048832615856 7.789409605180741
4.243564651897978 7.425309369853209
4.57401405598081 8.369133077619283
5.551245885191497 8.156958734265674
4.578299786597462 8.387990959789835
3.886261350203098 9.109851612930623
2.9322251869287923 9.409543119591794
2.1881961093445943 10.077690357638325
1.188285892770664 10.064290402747506
1.911419410354569 10.75499867383359
1.507266203435624 9.84030736779798
2.2108919422244586 9.12973659742119
1.3943329419375758 9.706998582182429
0.7913764705220809 8.909224495377037
1.0001429799799675 9.887190008331748
1.5976957151033022 9.0853603950431
2.464759139370163 8.587162624776486
1.8707008217636074 7.782740648894133
2.7428960500445467 7.293582715539311
2.028798158345232 6.593536859133751
3.0183912331616787 6.737431078181394
2.5679690170440157 7.630246751894425
1.8950446254159456 8.36995802202081
0.9595109798426262 8.0167204277584
1.623196180911382 8.764732428920365
1.2480259985100886 9.691688379457919
0.9433668642451747 8.739226930417091
1.6579157166802265 9.438812477354526
0.6845568429429644 9.209525532857182
1.6666045259361129 9.020892692853675
1.2080626087064597 8.132219912724029
1.7857900570650402 7.315990168465047
0.9929172216576346 6.706603044484714
1.5161426383250034 7.558797367015238
0.6414463373293638 7.0741259514927775
-0.28768080227257753 7.443886358317406
0.4974141340835214 8.063261802541676
0.5254398157784489 9.062869005979874
0.1682327315556349 9.996894219226837
1.155888784673273 10.153532403396882
2.155371069555532 10.185706340155358
3.002819586890853 10.716583925353834
2.341507428664743 9.966473113951729
1.4757609286228628 10.466955878555302
2.148511452845474 9.727086476459093
1.587782071296813 10.555085607296835
0.589361902975288 10.498896929711242
-0.14703405028473826 11.175447740827641
-1.1059941063454184 11.458988938680964
-0.4628305056251365 10.693260146804544
-0.2782044821691051 9.710451298928817
-0.9403539334207743 8.961079492542218
0.05385547032928295 8.853619446502048
-0.29654080765806096 7.917017904557654
0.4408443791851037 7.241545413463997
0.7752847077222702 8.18396234171176
-0.22145263755283195 8.1032488698874
0.18017482717815614 7.187445736253452
1.1275553900353361 7.507555200531553
1.0547462168476809 8.504901090531472
0.9432150900573072 7.511140149581955
0.08647279173542077 6.995395412074987
1.0742462008398581 6.839498996894272
0.42796988474345243 7.602602478247134
-0.558976481262551 7.441553198125974
-1.5569312241999997 7.5054776148120155
-0.5801183861614396 7.291382590481571
-0.23003659812627686 8.228101727515774
-1.152697288342918 7.842488902613709
-1.15836575112018 8.842472836749524
-0.4463219599937487 9.544607894639599
-1.2775179362895086 8.988628354557648
-1.8332128722888252 8.157242079650059
-2.491346025565886 7.404340523961938
-1.5201074396994618 7.166232125697222
-0.8090496771121951 6.463098526539573
-1.7953696902788048 6.627940364757359
-1.6057063765523898 5.646091177037414
-1.4764947689600973 4.6544741337876445
-0.6193710107472695 4.139363598943794
0.3734307672888981 4.019594531450454
0.08966247700436591 3.060701650347985
1.0872243105297366 3.130489817636577
0.1136239960957599 2.9022302554402435
0.9959092736578078 3.3729453380510095
0.31550918972879005 4.105786197848951
-0.5725790894994068 4.565459134073719
-0.3828606058558973 5.5472976630406805
0.3465539962879852 6.231369543897715
1.2571250563869776 5.818016977061368
1.5651556564892197 6.769393426948925
1.022880334217989 5.929192573071929
1.996326383731412 5.700276019090548
1.756713368647883 4.729407540354844
2.4207450364682765 3.981703090634457
3.420550843199758 3.9619965225412623
4.287733456122496 3.4640062456838785
3.651566845032709 2.6924545345623643
4.347771726418274 1.974611401883008
5.157373504024342 2.561590925969747
5.136464593517416 1.5618095411353354
4.611984900751182 2.4132324982347058
5.576663526464304 2.6766620886231856
5.972950475213399 3.5947887978802093
5.135686739253763 3.0479895326585815
5.96350502589523 2.4869932008506215
6.942231792192954 2.2818251796280156
7.693894654785589 2.941372707103516
7.5600982601892746 1.9503638651686788
6.603031447073292 2.240231274913232
7.540778572025994 1.892912502539866
7.537293966676804 0.892918573795516
7.400179586778906 1.8834737952875913
8.308864948688203 1.465992163294316
8.876993150750549 0.6430521010653544
9.710715900227502 1.1952353831416853
9.96905828419468 0.2291819619241242
10.559868997759274 1.0359921631098152
11.557440883308258 0.9663478297994492
10.563870238523954 1.079561670927216
11.55279269468668 1.227994738998589
12.127398323973974 0.4095643077514659
11.761246960577365 1.3401196145886278
11.310021246190347 2.2325294726000267
12.2555665613592 2.5580199593461552
11.301617085271252 2.258052632672851
11.72625502563707 3.163415885517739
11.562901566830847 4.149983494704278
11.821810622703369 3.1840817912234325
12.789529202662738 2.9320485592848167
12.311347363313171 2.053787704802354
11.313119473435266 2.1132946780904187
10.608287418526661 2.8226688913046516
9.759309259460023 2.294240953523329
10.126446616191595 3.224407691959054
9.312689570031708 3.805612879328484
9.9537885289836 4.57307110283697
9.54112947231995 5.483956662582796
10.216008348184939 6.221885184128893
9.875042100332873 5.281809645767383
9.222577858375615 4.523990133635937
8.539177441144089 3.793946388557756
9.246726257853256 4.500610857717949
8.28587595702933 4.777678898831626
8.745002976024184 5.666049531185543
8.154635233279809 6.473183924162891
7.164808659583465 6.330904783019306
7.0249136189664885 7.321071121374016
7.489157136948829 6.435363519503409
8.293900137128757 7.028986888030463
7.486526730388636 7.619027718896303
8.112831991049031 6.839449807158731
9.086985274180847 6.613561823938053
10.06064884393338 6.385572234402138
9.139119937043166 5.997262469181478
9.855603391126392 5.299658383739765
8.85669616454011 5.3463954426299525
9.804431990302307 5.665451557705104
9.73285174233388 4.66801671366727
8.897317954475303 5.217455781578079
9.709029678893389 5.801514063295082
10.623862648237813 5.397681625023383
10.947744375813834 6.3437792027300235
11.856547599218434 5.926554202125544
12.770718188411347 5.521224541411351
13.661620497780694 5.067029566581856
12.954048012264781 5.773670336521459
13.829240843490798 6.2574445691657665
13.978544937661345 7.246235895717487
14.343872638000185 8.177114873547117
14.116727419734728 9.150975772145648
13.496578091858265 8.366491985739344
14.493193277004671 8.284283879474861
13.895757320914289 9.086200507541875
12.910836288815089 9.259205017681486
13.91070688565521 9.24311807967017
14.731474079157229 9.814380903658236
15.477792718424851 10.479969732201598
16.364407799420945 10.942477784185876
17.30119916658852 10.592589324244278
18.030854506859804 11.276404419437121
18.878544077602406 10.74591182603527
17.880461558410868 10.684014452227682
18.576938969473524 9.966435734678548
19.02068696875567 10.862587347483599
19.950994370160537 11.229368125185102
20.918161410650328 11.483509652272309
21.42608746647015 12.344910326650567
21.231669327288554 13.325829073110825
22.129416594744825 12.885318183603198
21.47693777150501 12.127511225847078
22.461942506610235 11.95498391838451
23.461855365844592 11.96818520384356
23.977387858633985 11.1113151735132
24.70801397027124 11.794092944822307
25.647984052139307 12.135349805841885
25.487701310902825 11.148278662072745
26.047889824324155 10.319913507427284
26.884931405212264 10.867052787560176
25.99566279518259 11.32443811659456
25.721813917363086 10.362665382463987
26.518382967066223 10.967212939778578
26.280189402352576 9.995995237237585
25.65559970077607 10.776948311810296
24.900161438734642 11.432168146860965
24.937788391099716 12.431460002354502
24.8259036859735 13.425181197035798
23.84114517262682 13.251253998497921
23.37558007306406 14.136267635720037
24.311692562155113 13.784566899627894
23.91138567644512 14.700948041540563
23.749872684479627 15.68781862749718
22.762929637323193 15.848888244959863
21.911806770585798 16.373854782671284
22.88291561524 16.612491770236876
22.536590313179303 17.55060625426991
23.151140396323548 16.76172844668029
23.249390465915095 17.756890204298244
24.053947708687126 17.1630150969709
24.20233224515175 18.151944836304374
23.412053668497567 17.539197113924732
22.4178602631542 17.646805072606966
21.54693378723518 18.138218415469446
21.20899194969597 19.079385411512455
22.15435385069217 19.40540822688716
22.817973038345627 18.657337659508542
23.633815494132392 18.079063427559877
24.576903974371866 17.74652152277252
23.78016831897399 18.350849492849793
24.309026759136135 17.50213944208495
23.322032322246926 17.341385028304952
24.268024817763113 17.0171965053325
25.23106263849841 17.28656271671286
25.496668991090353 18.250644282485595
26.27220637935568 17.619342643486778
26.47008779473183 18.599568610011197
26.105347131927317 17.668459460181314
26.92299745604499 17.092744298430063
27.90750561603937 16.917405532310077
27.883468191353167 15.917694472946195
27.6817564519281 16.89713940461827
26.71300561608966 17.14517532552959
26.109682298468723 16.347678633113336
25.188715542133927 15.95803747290799
25.094691026906986 16.953607355204728
26.09179275637723 16.877527521559774
25.091842474778574 16.86755584513262
24.10240835767413 17.01253904384801
23.54509314940008 16.182238039015154
24.530908445677987 16.350071890262463
24.038944477702263 15.479456329745894
24.065177062537412 14.479800463213381
23.257206269694866 13.890577926379136
23.074767668821167 12.907360678304608
22.9774283582118 13.90261193231542
23.970419026921675 13.784419158191486
24.359991539628453 12.863423361597752
23.620841284096755 13.536963931828994
23.741591253047602 14.529646884739122
24.650175707572316 14.947348080566988
25.25078587024096 14.147806066349384
24.609882890240712 14.915427959097892
23.66855420240028 15.252919146314104
23.537200117581982 14.261583630758675
22.957373390251785 15.076323445836811
22.447602340568473 15.93663355091798
21.70081488306391 16.601696324882866
22.685581318323607 16.775578664371114
23.66903973917357 16.95671268784351
23.029272301158432 17.725281243832853
24.022936347552122 17.837672359605047
23.152282666389176 17.34577585882728
22.25529950052856 17.78784056015806
21.624414548404857 17.011964167177922
21.064222733492354 16.183601245201668
22.027296941229924 15.91436515848473
22.885689025550388 15.401370977644468
22.127516816783483 14.74931660732439
22.236988720731343 15.74330649773879
22.1043748626347 16.734474275988628
21.978909581216165 17.726572286851752
22.115823580391655 18.717155224737205
21.579702891378368 17.873013881826008
22.579502293162655 17.89304276576348
22.45949273297423 16.90027002970382
22.845966000354927 17.822570638833017
21.9064603284953 18.165103983988768
21.119757681728064 18.782436103329264
20.27707386393853 18.24402735225286
21.276748316896523 18.26954182075876
20.279823695202673 18.347908259114583
21.1900724880239 17.93384650627149
21.475240650420904 16.97536900567217
21.684762340408035 15.99756500617895
20.715858071563247 16.245000892449205
21.406546237314416 16.968153613312015
22.27986521841532 16.481004809301496
21.393905574353035 16.017242468125513
20.564545208112836 15.458528424172865
20.987257477872546 14.552264479731404
20.37000741957189 13.765497445897475
19.54544333265061 14.331266008615195
19.41265701213859 13.340121320345677
19.396108666059302 12.340258253600014
19.363157412238913 11.340801293610408
19.027838035372074 10.39869677950508
19.613472523703674 11.209272035774717
18.99379175435869 11.994125999327178
19.288383622626217 11.038502835548355
18.507806851626853 11.66356275633692
17.965169340833594 10.823595773723858
18.745657831451954 11.448765923372955
18.24184196120674 10.58495485092189
18.85753987252773 11.372937136252576
18.48743779405061 10.443946042911572
18.078428889446176 9.53141565111397
19.069754743193993 9.662842633469795
18.769632151997765 8.708941993857021
17.858146616014498 8.297609868083585
17.44091329259257 7.388810465670549
18.397166319797776 7.681351314033432
19.014076850646273 8.468384602356249
18.014466093704193 8.440485953541584
18.98903080323083 8.216379668611282
18.522250810824055 9.100753141013486
18.361436542499813 8.113768454656428
17.58660010240295 7.481606694425694
17.339131002137886 8.450502480572997
18.013594505376737 9.188810670151563
18.985426871100465 8.953137479203118
18.059787684958867 9.331544795568858
17.167287936436118 9.782592685361983
17.109541941443236 10.780923993126235
16.615219327478666 9.911645468530558
17.328888472150688 9.211162526594707
18.082577440317692 8.553931258878878
18.67289490457349 7.746760092771834
17.72580497573935 8.067728419403837
16.861454852594267 7.564837909830352
17.780204951799423 7.959677440792639
18.67917346464515 7.5216641842444565
17.954926402506246 6.832123617647272
18.352494425783714 5.914550913788201
17.491087978799293 5.406634647959204
18.205075038577114 6.106793543117881
17.23491602971133 6.349263123718327
16.272779204000216 6.076696198706248
15.845852218282507 5.172410099694441
16.522470802648073 4.436076417664928
16.664718826386654 3.44624537160582
16.935500430654283 4.408886178340216
17.36315577313266 3.5049443062877583
17.000268885896816 2.573111109265738
16.09513159740209 2.147991727237094
15.643582259903267 3.040237879262629
16.5882196574712 2.7121217609202257
15.594383444952832 2.8229801511626715
14.705285218460094 2.3652637065733746
15.060973681382015 1.4306591285061359
15.765357061057689 2.140478862267233
14.955341662357394 2.7268874688449376
14.05983619916511 2.2818369487994357
15.059561368133734 2.258393686853658
15.529548808071048 3.1410667895939466
15.740495985763747 2.163569327590344
16.373167840527913 1.3891493354741353
15.488583236730515 1.8555290935303788
14.782085906188884 1.14781338652823
14.772430216256524 0.14786000378884945
14.080356511264718 0.8696868437296454
13.658566767139508 1.7763805140234168
13.3207398016013 2.717588748876495
12.346318280677123 2.942316805780416
12.493132756563258 1.9531527598960745
12.321767415685654 0.967945208186333
12.963768457069484 0.2012414434492098
13.411242488870084 1.0955383688962987
13.94644386139438 0.25081386300807207
13.883951172577998 -0.7472315587260786
13.477797094255394 -1.6610361684003325
14.472043893075906 -1.7681496737820757
15.227986239467262 -1.1135114768119234
15.19574023421064 -2.1129914391648414
15.009917153435962 -1.1304082199658732
15.268014645370254 -0.16428934288229824
15.70932747105592 0.7330639821159067
14.709597446790541 0.7562992695543406
14.080754241534976 -0.021232866890132596
14.977514340847842 -0.4637498996474917
14.171653103205195 -1.0558543377874703
13.84304073250826 -0.11138945764372443
12.975673388380208 -0.6090579118783184
12.155472370473275 -1.181133335423528
13.108420215681038 -1.484267636210954
13.686318969913316 -0.6681591692430018
12.976244105550611 -1.3722853560875807
13.776919140207372 -1.971384253497177
13.711294214534895 -0.9735398923213062
13.954811343558264 -1.9434364888058058
14.07645697315129 -0.950862894153542
13.11126964979807 -1.2124225065524097
13.087157775513273 -0.21271324005615777
12.445984873866863 -0.9801096892232894
12.064275928100423 -0.05582711299355547
11.355703360820785 0.6498108373030123
10.458330763533999 0.20853720151817584
9.755389771982053 0.9197853736746793
8.863767528780551 1.372565425607537
8.182324890939864 0.640693899086164
9.177268679391876 0.5402605489441127
8.423947726178262 -0.11739250658694256
8.025078563167975 -1.0344003532270205
8.708182159259739 -0.30407886442465715
8.183897419501356 -1.1556218825138702
7.63541055541996 -0.3194627111056053
7.4685884216320595 -1.3054497169421182
8.129030360314546 -2.056326834471557
8.01444039726424 -3.049739709548244
8.357870034480955 -3.9889181187342704
9.337999729440563 -4.187275828587924
8.771453985215583 -5.011306119111619
9.083205474001147 -5.961469794085559
8.560202793997721 -6.813800831129989
7.616301867531342 -6.483572060402921
8.486863090986656 -5.991511945969748
8.240441103552143 -6.960674576341361
7.988937405115502 -5.992818239030554
8.985852498901606 -6.071305790791613
9.746089837469095 -6.7209512241226115
10.423201083661446 -5.985070554258373
11.1981009804041 -6.617154528132277
11.39092641245747 -7.598387605822502
11.38964907595056 -8.598386790027893
10.391029309280894 -8.650908800810237
9.944734032921616 -7.756023039218627
9.656767409495728 -6.798382593230315
10.415099932033872 -6.146514673126147
11.230187254451955 -6.725852792736207
12.228707939428142 -6.780225963277256
11.53366335162659 -6.06125932916426
12.286978452436031 -5.403599569947945
11.720849218232772 -4.579283071156109
11.412206818800094 -3.6281049231352247
11.581765375814918 -2.6425848088082513
10.821226872202626 -3.2918776429926253
9.822250100170983 -3.246651445482324
10.794582439817257 -3.480253288963926
11.65466438903184 -2.970097390600255
12.618202395964623 -3.2376688935597437
12.085542525551334 -2.391339488155856
11.085722579135059 -2.4103151238015252
12.082975439668438 -2.4843876028878293
12.789157331830577 -1.7763571408437864
12.045444785470021 -1.1078575908170878
12.75053510572404 -0.3987400827240457
12.83379874563427 -1.3952676369185593
13.427811726034498 -2.19972309194142
14.179807749094774 -2.8588907347315753
15.073666888200659 -2.4105428347288123
15.949421225163078 -1.927785813763284
14.950209516501602 -1.8880874350330146
13.952911417611643 -1.8146265478176027
12.99508266192549 -2.10196619837199
12.303215991877273 -1.3799409142742713
11.563513426945855 -2.052874874952346
11.783487174702389 -3.028380666989454
12.769619716447123 -3.1943403311011638
11.975903833243857 -3.80262899345717
11.273469996489956 -4.514378039809319
10.875751230675913 -5.431885414885594
10.276759925334398 -6.23264094319949
9.913370067523251 -7.164278110362756
10.912930881000497 -7.1939122150515615
9.97866868822007 -7.550499027961277
10.509618056678347 -8.397902572993841
9.573490420326664 -8.046242156599543
8.593991301841085 -7.844793709382954
7.632620990449592 -7.569535422722906
7.931020615816094 -6.61509440119191
6.942530850497836 -6.463806649337854
6.641802674902018 -5.510096754032782
6.290515516033076 -4.573828986770773
6.8643251750378855 -5.392817677310993
7.796531408474655 -5.754745209203263
7.29233161321813 -4.891158174525646
6.338381569744385 -4.591192652246104
5.844197081396123 -3.7218355958670997
6.023666078610033 -4.705599225525685
5.454694306013294 -3.883242172909168
5.913670696116928 -2.994793708828422
6.516192706323457 -3.7928959749677214
5.516194825052093 -3.7908374675512597
6.437914140868781 -4.178695048179017
5.823961936140935 -4.968038250030922
5.729009188890027 -3.9725564692888007
5.72239156356652 -2.9725783660109952
6.38630855743846 -2.2247720907979254
7.018742838120575 -1.450158070386407
7.843376431645242 -0.884490821528393
8.748404575378999 -1.309842510193
9.046102870235524 -2.264502515241665
8.05832997869812 -2.4204022097373126
7.878565392701204 -3.4041118689464502
8.491773718556159 -4.194033098628349
7.921834249563701 -3.3723464176576794
8.3490315221974 -2.4681879745436817
8.622788082632452 -1.506388959354557
7.677200702767788 -1.1810206956276224
7.536304627084792 -2.1710450871741798
8.159701983168123 -2.952950283747469
7.197016874330699 -2.6823262249081328
6.3729604374256015 -3.248833937825861
6.667866050788577 -2.2933075492802555
7.000321748541609 -1.3501886760561297
6.070966386647743 -0.9810022579431105
5.201412904544756 -0.48716347679832117
5.43284120511827 0.48568848608897
5.0339217904162386 -0.43129750103067444
5.741909214194397 -1.1375225414901342
4.7655552240839825 -0.9213446379119159
4.211101806311664 -1.75355939836777
5.195799335962332 -1.5792872689268518
4.89520537842457 -0.6255350617515362
3.936274533915672 -0.34189508669609264
4.414840393518607 0.5361565735281244
3.4330753590202874 0.34605813314390266
3.098548476268965 -0.5963280746905939
3.3651722667468245 0.3674726071680663
3.4215077087175896 -0.6309392907868602
4.342139594519109 -0.24050756711992027
3.963040242204141 0.6848484082076137
4.8226089965057195 1.195868521929601
5.624731599856391 1.79302790533904
6.263033189385002 2.5628142918159957
5.36310104344888 2.1267843241408295
5.245267378470153 3.119817670709655
5.289299454131568 4.118847788530408
4.358990529738101 4.485624703280873
4.415511834095846 3.4872233099757057
3.5495276329650154 2.9871519516759157
3.0355690104087065 3.844966928404593
3.929775080262094 4.292622493138641
4.808384809563894 4.770163008253554
5.597472148462975 5.384444028299891
4.940163081464629 4.630822909672125
5.939848494494946 4.605741542596066
5.580264739225385 5.538854356218428
6.071953049835833 4.66808308590168
6.080574866553274 5.668045917349175
5.727066461107968 4.732614569104143
6.717638412636028 4.5956211063189025
5.750720637888694 4.850709359434692
6.090719827803106 5.791135087952124
6.729386528556062 6.560618580529668
7.592412415711822 6.0554588848897515
7.02125346581017 5.2346194036589555
6.819148971118209 4.255255440045168
6.03977974119176 4.881820363611636
5.040511912659289 4.843560634652826
5.545965557579845 5.7064143956323585
6.400588373997045 6.225663701514546
5.448765448447937 6.532311901246972
4.801592791427281 7.294655361902879
5.283026751362844 6.418172993443157
5.883766901718737 5.618728641564692
6.705080830161506 6.189205136212723
5.903946240735021 6.787689362925889
6.33124358584333 7.6918005169680175
6.617625409885294 6.733684944159394
7.377098459211569 7.384223711141845
7.294895595944856 8.380839328755153
6.751387471983269 9.22024323581525
7.745391841620272 9.329583590408348
6.7794176515568445 9.070945108872234
7.1865656954612 9.984307288045894
7.033366658579187 8.996111935345617
6.074467388543699 9.27985863563552
5.733948880832754 10.220096449120126
6.367056443803518 10.994160279633618
5.792740388169941 11.812793938996272
6.517698656998019 11.12400114834164
6.35593508264326 10.137171605810623
7.0785453931816456 9.445915980803768
6.252098537285379 8.882901243537347
5.291937764292448 8.603453055127371
6.074063534945019 9.226573652508907
6.868238104593873 8.618883967782354
5.920347967690798 8.30028659120516
6.88980769371843 8.055036026250804
6.262709954691483 7.276095447190185
5.379109973545755 7.744337984043971
4.41174772076326 7.490940525707121
4.925558307135434 6.633036870666602
4.386547606225703 7.475335786909998
3.403318388926877 7.292961703636255
2.4808858252799215 7.679119916709221
1.6856272275025566 8.285390287633925
1.075827143630207 9.077945558709246
0.08498994053487241 8.94288395438657
-0.8879942691849512 8.712012285193726
0.06962604735414768 8.423978729246583
0.8668244369183837 9.027696152944284
0.7707854359367612 8.032318581220643
-0.1946902928717429 8.292811608155507
0.544742698228326 7.6195814456755375
1.5170613125622023 7.385922480044319
1.7442808817913975 8.359766033886157
0.7445933894236635 8.33476768187024
0.9143918632590282 9.320246488483138
-0.08557156358817453 9.328798971631262
-0.5019032091841247 8.419586146779254
0.21660130330075367 9.115108443717942
0.8744274442609614 8.361938630017605
1.7977017152897068 7.977797223168071
2.790873168046966 7.861133323747405
3.4399080147721284 7.100374644706248
3.1882583815282013 6.132556241239876
3.9515866107683784 5.486545394237246
4.829446507467555 5.007627862957267
3.9358224366505237 4.5588116198728645
3.695372710720418 5.529473213478039
