0 0
-0.7798712449877666 0.6259399661638734
-1.7536708168805548 0.39853197645941585
-2.3716513446972582 1.1847253796620811
-2.6512589981090735 2.1448397270986446
-1.6897380040886625 2.4195711924570937
-0.8379176502957805 2.9434052166137623
-1.5144843846603138 3.679786540352565
-0.6609716598590178 4.200858539794357
-0.35999892652197873 5.1544912855553395
-0.6228429614836444 4.189652950244667
0.3599643981640399 4.3742868957215135
-0.2826967753545837 5.140437413604041
0.43356502697060006 4.44260575014223
-0.5630448766895119 4.36033364109802
-0.3810703625413545 5.343636888423351
-1.199007844011391 5.91894400328154
-0.8091887298206006 4.998052555709402
-0.5552174039854274 4.030840807614124
-0.46926256547783907 5.027139841909117
-1.4597240306874029 5.164929848567524
-0.48636691291337575 5.394224247275034
-0.42905575008742 4.395867882736029
-1.296640721339484 3.8985789147731804
-1.5778705695758068 2.9389384756185066
-2.547075728660552 3.185193139743908
-3.274761268808753 3.8711040338542295
-2.4034638972668687 3.3803486056171046
-1.5514373323364388 2.856850054852299
-1.8358585299457164 3.815549477169067
-1.018415874215008 3.2395394906307025
-0.855598648204047 4.226195738223599
0.028445825005824377 3.7587929468465244
0.06152585691001352 2.7593402408672882
0.9033945866627169 3.2990225936124653
-0.02600146509076595 3.6681065664222277
-0.7221842414602804 2.9502419957082004
-1.6909350829424477 3.198277894576878
-1.5877834300682492 4.192943535136218
-2.5832988068956224 4.287543400359446
-1.601271773894457 4.098803085495535
-0.6046452867544896 4.016732109316083
-0.06999921379453888 4.861808186760299
0.4626475648485482 5.7081458316758145
1.1464526248016882 6.4378105765980855
2.1349060034587755 6.286285271050173
1.512878306381852 5.503290032195441
1.0775832467513975 6.403577881197814
1.3646456724870633 7.361489758006299
1.605653519648033 8.332012924966694
0.684457320322696 8.72111132171044
0.35414384343606614 7.777240034411655
1.0959353242125571 7.106609436356794
1.4201247802453318 8.052601612115755
2.3348064286243977 8.456776675817803
1.3411167811010078 8.344612134162068
2.027549343065122 9.071805600768707
2.4604805560888376 9.973232561087631
3.3807488419100107 10.36452053957887
4.073277387308189 11.085911012075341
3.111751128254954 11.360624049900435
2.123828788464294 11.205674217559295
1.2853953802585036 10.660670162524452
1.388027833284902 9.665950815378844
1.1141153793417102 8.704196185769598
1.8715293827538604 8.051261252230905
0.9295704293146227 7.715533192581944
1.673460486298647 8.38383520748262
1.7354865048660042 7.385760674684252
2.1723794120937385 8.285274202995026
2.036793698144591 9.276039823196344
1.2547584608756108 9.899274038936824
1.9264510385584899 9.158444044210821
1.3224060737700611 8.361493807048083
1.5886954521107628 7.397600676569956
1.8969970040936917 6.446311996386639
0.9572486744503264 6.104444950691232
0.8110787917061695 5.11518544713387
1.035081660532028 4.140596962306666
1.7522383388539882 4.837508935756837
0.8002003439419709 4.531529105957705
0.48975544338393806 3.58093773017234
0.9900517979237119 2.7150834943830744
0.8752591536726326 3.708472969274894
0.3761858810400779 2.841913179910172
-0.4554427413145845 3.3972453638149824
-1.4490441634553914 3.2843019535611475
-0.7214005604696552 3.9702573362457185
-0.7763559540434101 2.9717685257339763
-0.14569258895088122 2.195712007218625
-0.6801067245357968 1.3504892367687114
-1.5436709288184502 0.846250339933424
-0.7500925559663487 0.2377822913545271
-1.6886143045473667 -0.10743782312379901
-1.8972602224293877 0.8705534247670852
-2.097949893533607 1.8502082904785153
-3.0752911594939922 2.061877962021114
-2.155828222424342 2.455054649218171
-2.9454231620542095 1.841426234531476
-2.5091811423192376 2.741255607366989
-1.52771385906056 2.5496258291673812
-2.4245808873739327 2.9919261044604677
-3.4111887791568387 3.155036091498936
-2.446203163796727 2.892733285284313
-3.180682588425514 3.571364241546231
-3.072629864098905 4.5655094063816275
-2.1338495184943165 4.910025679881921
-3.132439244010672 4.856935566930728
-3.878140296771971 4.1906548904056695
-4.236600111479677 3.2571097328263927
-4.32666667655047 2.2611739849709656
-3.5145219476980483 2.8446300153599107
-2.526043674444748 2.693267195268007
-3.509364263478052 2.8751479781539295
-4.280567337949726 2.2385587715807755
-4.5694347351771265 1.2811896542498125
-5.512836569240891 1.612841549292078
-5.028522355117141 0.7379474174122862
-4.190391344946692 0.19247843590127323
-3.4479508649099326 0.8623904701287429
-3.7370857791531003 1.8196788286527543
-4.629181105849439 2.2715260684214087
-5.18084584489693 1.4374601143796049
-4.216196544291864 1.1739231590163053
-4.021627823473953 2.1548120481771935
-3.498425551336207 3.0070205804214445
-3.032684047437598 2.122099763881195
-3.7300231202329117 1.4053583756853048
-4.453855629486061 2.0953340988439453
-3.5339908088104712 1.7030985679655404
-3.294459487968281 0.7322099305124101
-4.086053774923695 1.3432569703215806
-3.4040798708693876 2.074633476772893
-2.4755492670121844 1.703377611229226
-1.909214021505362 0.8792026360590701
-2.550314235282361 0.1117454607749464
-1.7947382983603481 -0.5433156077861631
-2.719345764495437 -0.924236903551116
-3.711282560750833 -0.7975033553699792
-3.472515728891292 0.1735735725835983
-4.428968488755645 0.4654607393927313
-4.3544251719311635 1.46267851596754
-5.052946121587056 0.7470889108922358
-4.069994835466336 0.9309550826412027
-3.5794954942521207 0.059513520476291326
-4.508072628036965 0.4306529910421741
-5.331483754520666 -0.1367922633946242
-4.5303525940720935 -0.7352810801308467
-4.463479239329555 0.2624803915774362
-5.017494032356944 -0.5700264306809877
-4.120908534859173 -1.012897117989004
-4.608144306836953 -0.13962665444107425
-5.321155583456485 -0.8407792194462843
-4.929510436817274 -1.7608955594348488
-4.917171600165873 -0.7609716857774138
-4.832213010135905 -1.7573561687859158
-5.166970199629033 -0.8150517465938827
-5.763596057216991 -0.01253222280805344
-4.784739347482153 0.1920149399859784
-4.965035566651027 1.1756272992787078
-4.154643112386549 1.7615147202660473
-3.456196203155353 1.04585284830039
-4.427681965259435 1.2829507479727622
-5.129844871752502 0.5709344189850007
-4.4477552229443225 1.302202981818612
-3.682527355315229 0.6584434687985475
-3.583968228097361 1.6535746653962886
-3.8434499446380714 0.6878266450612291
-4.312753684092013 1.5708634507123564
-4.012097387094408 2.5245960081285785
-4.9500651398982765 2.8713185120132585
-4.034559184405309 2.469014093125139
-3.2264960009743464 3.058109918592795
-3.5501252532910823 2.1119259475570824
-4.357302847994605 2.702234621564703
-5.1801727429991855 2.1340047949142975
-4.247842374267332 1.7723971573562294
-4.73790846403017 0.9007118771865099
-5.357618685264759 0.11588116824516392
-6.314156017678032 -0.1757287281913258
-5.3697337444378 0.15300607344633704
-6.367922441928567 0.21316689293616597
-7.264925610752063 -0.22885721853356594
-7.893341749811729 -1.0067345585874738
-8.220212501061575 -0.06166550715400254
-7.331833433255971 -0.5207762039198768
-6.546677915027278 0.09852244148073408
-6.452508489182682 -0.8970337443953315
-6.034292764774547 -1.8053814794933933
-5.303184240716765 -2.4876426655871438
-6.151329748699421 -3.01740600641854
-5.226900818655339 -2.6360516393299323
-4.741410859750307 -3.5102938825339485
-4.849851986468787 -4.504396755498324
-4.601384850362409 -3.535756428919312
-4.863764674102027 -2.5707917517966896
-4.124409191326064 -3.2441070346242236
-3.1264002689050785 -3.3071799350498616
-4.126351213206696 -3.29727493680133
-4.016250617089319 -4.291195385697819
-4.82396713535772 -3.701624333053296
-5.788370155950839 -3.9660611192061843
-6.600881259359436 -4.549006834378484
-6.6274158479496705 -3.549358938562989
-6.625114754941685 -2.5493615860810093
-5.663212367051164 -2.822754702619291
-6.031256566787378 -3.752562998474157
-5.100650546741206 -3.386540546357044
-4.142556360227467 -3.672993910394852
-3.529476427472365 -2.8829730270930245
-2.5323481769476905 -2.9587044737027557
-2.3814039358269126 -1.9701621953592987
-2.395934955731841 -0.9702677762026947
-2.855376160225607 -1.8584759610407524
-2.5168539643665473 -2.799434367619258
-1.9282553813693437 -1.9910089176897765
-1.3705978625373854 -1.1609377811658133
-1.7488324910024342 -2.086647544444729
-0.7559032619574256 -1.9679397262182745
-1.522429743781802 -1.325727025735059
-2.3060646230564172 -0.7045053455078963
-3.1342630784882792 -1.2649402823384603
-3.6218394692703617 -0.3918599520412315
-2.8008273276153046 0.17905077938267167
-2.1723880307513053 0.9569094105985771
-3.1671637042426153 1.0589944703767369
-3.945820859711044 1.686444097229614
-3.062103807026876 2.1544656467283607
-2.1117437004881614 2.4656178087001575
-1.2920732699175765 3.038453199757861
-1.9919692594626577 3.7526979784008074
-1.1195055410138073 3.264019085885073
-1.506088881691714 4.186273563082288
-1.325456042487494 5.169824160357804
-2.2023184341967275 4.689082705929374
-2.6642646819300952 3.802174782746216
-2.567472402488517 4.797479386694426
-3.3367819223565243 5.436355636558558
-4.313275400227471 5.651902586607736
-3.52056139024518 5.042308870779074
-2.533796410004549 5.204465812569141
-3.332399489197015 5.8063238705066516
-4.110523900876621 5.178213689130591
-3.931786402677172 4.194316892338671
-3.383852750685645 5.030838687042927
-2.587768842595414 5.636024948684567
-3.1869721560426685 6.43662184422803
-2.204095822832588 6.620888264433956
-1.4525078649239782 5.961255380530519
-0.5135464096751667 6.305277742531936
-0.2188839703443376 7.260879148374144
-1.2174634828059632 7.2075972819287735
-0.7091105743024627 8.068746119480117
0.19438500598101205 7.640148713505434
-0.4637702514309131 8.393030946753797
-0.9695150450872283 9.255714088868867
-0.05791298386279908 8.84464027314793
0.8377429265384976 9.289387943364677
-0.1173173555010345 8.992976307846485
0.8543583288815073 8.756657953968249
1.004006933969471 9.74539719916651
1.6409490800902167 8.97448559431476
1.0709821771752461 8.152817942778254
1.926534499321653 7.635101587937218
2.926264211941743 7.658350280471476
1.9952194424387664 7.293445310402351
1.5237071535331879 6.411585819660758
1.9297662785496001 7.325432626839568
2.6541087895535496 6.635992327210591
2.4332940705681994 7.611308101654653
2.5946594376513734 6.62441336648473
3.4604581008572977 7.124805887203051
4.135105432173255 7.862946103116164
4.315533028430118 6.879357834322269
4.412947056344199 5.884113890775987
4.832564982112535 6.791814720550798
4.3573007596308795 7.671657842265634
4.31578724301545 8.670795784663088
4.992846602431408 7.934867375218765
5.254000189896198 6.969570113358839
5.43030106589746 7.953906438565416
6.056294373364151 8.733734867777196
5.064842352620621 8.864206667655834
5.24709014082144 9.847459302381981
5.924144028890499 10.583392745466728
6.345739534392199 9.676608741560194
7.220221994280541 9.191551603330446
7.887612338688253 9.936259685864371
6.887626026559635 9.931027520403871
5.907900403319677 10.13137148254667
6.730710332236102 9.56305482708376
6.931387876172235 8.583397477108903
7.352953217806194 7.676599449578493
6.398265955776591 7.378988576594288
7.377827202173087 7.580134703969744
8.275714312028262 8.020360484627716
9.274522701515396 7.97155678507412
8.769062546094915 7.1087068379324965
9.087823383158641 8.056542018095394
8.349424243827148 8.730905948799364
7.349429477442388 8.727670643081293
6.556723752025945 9.337275131985363
6.748090652819904 8.355756558915798
6.826505789291981 7.358835766489406
6.512846086480749 8.308371227034387
7.274509777435842 7.660398679868486
6.288716545034792 7.4924352822120595
5.586677139204882 8.204573381643614
5.724773707610358 9.194992150546259
4.820098764031579 8.768889760901782
3.9509920399970624 8.274265153509479
4.916897175967462 8.015368903428477
5.890849886411549 8.242120127942517
5.484638595373647 7.328340949457189
5.4167663415277145 8.3260349692638
4.434112459987231 8.511484016426147
4.128243090031821 9.463557505461043
4.377586021574315 8.495142252333649
5.200571603640878 9.063204512751078
4.360253527833702 9.605298168378708
4.35981603682063 8.605298264077906
3.8284729131602235 9.452454970324633
2.9056277862836715 9.067283746321332
2.1250446090277078 9.692335666872724
2.3545907006942253 10.66563345881547
2.6019945053284625 9.696720997623798
1.6386861700040525 9.965118186682316
1.6204000984695683 10.964950982497614
0.667994288662988 11.269784008015966
1.5096223709926768 11.809841570720213
0.5391501475422912 11.568628669922465
1.1347454545036073 10.765344019051021
1.8915781470199948 10.111735362790721
0.9999961670037727 10.56459469294784
0.615238505102419 11.487612320952962
0.157998871544912 12.376955852724683
0.08419019237123636 13.374228272316559
-0.9157025964501625 13.359585497205074
0.016993189723507385 13.720249565908736
1.0149159106807626 13.655827186278142
1.7337706978907028 12.96066692065204
1.8212783312715488 13.956830769674921
1.6019582200369904 14.932483724781429
1.6583121176831794 13.934072868360044
1.0245685390267314 13.16052967207963
1.9640470234529879 12.817921766011857
1.802414035379918 13.804772705701621
1.4431783184857738 12.871525846769028
1.8855418607434595 11.974690022060162
2.2276559848770097 12.914348431307019
1.6440310254917807 13.726371772586436
0.9904989897507425 12.969472916556006
0.4161598042493475 13.788090348570249
1.402680001430395 13.624450803979501
0.4129846725366665 13.767640035299229
-0.46095815133647833 14.253668779923077
-1.3524930545013918 14.706620782279538
-2.3222784643631007 14.950580325686548
-3.196405304256576 14.464882613340848
-4.1961933078000495 14.485472610197442
-3.3391057080011013 15.000643306443724
-3.503885209660615 14.014312877108381
-4.502299590339721 14.070604301438888
-5.009542564020967 14.932407391274962
-5.069984798942118 15.930579088047484
-4.3690358278762265 15.2173676607963
-3.5876968958746436 14.593260720169436
-2.945867271291171 13.826413451799105
-3.5571038569056146 13.034965515162463
-3.2379831465542503 13.982679592416169
-3.0214363507028352 13.006407353127104
-3.9774096819984264 13.299860909676704
-4.973135893611877 13.392215181402088
-3.980755796477256 13.269000966268118
-4.879920342674262 13.706611659535927
-5.214078092307711 14.649128820313337
-5.231529385174703 13.649281105720124
-4.596015923792958 14.421370893505582
-5.50516291924742 14.837846271716737
-5.678579158601388 13.852997649882738
-6.646653982848393 14.103659044315808
-6.037126276060025 13.310894278034338
-5.454051318632177 14.123312639483975
-6.292377658156416 13.578143905549341
-6.129417080721935 14.564776486707201
-5.129592629506738 14.54603971131146
-4.959505728746357 13.560610644260093
-3.962822877482695 13.479227021847855
-3.889070865014365 14.476503633754938
-4.739007159996865 15.003389099934658
-3.7809052468830497 14.716961580154091
-4.690289173982081 15.1329193582205
-4.629925183021042 14.134742926623733
-5.604384846380017 13.910180319571019
-5.884633855515548 14.870107656862
-6.599029823562215 14.170365989645687
-7.575029386739363 13.952593510489075
-7.604179889118075 14.952168544296477
-6.868121249797828 14.275250765329174
-7.849110272034481 14.46931399793952
-8.088357194535915 15.440272756112899
-7.476009029304782 14.649684541845783
-7.149294854553075 15.594807733824643
-7.392826210557549 16.564700758153936
-7.990079277129569 17.36675360832674
-8.683604568656746 18.087185888289362
-9.150075787114332 17.202649511224692
-9.46877249315472 18.15050625649742
-9.835788385800903 19.080720927713223
-10.446980806420541 19.872202971083194
-9.487341296369328 20.15343598967928
-10.2604873504475 19.51920797148444
-10.864161283137328 20.316439294872325
-10.652666432569701 19.33906018307211
-11.55488126871671 19.770347082289124
-12.06444677682908 18.909915218082443
-11.652424620230635 19.821089044787296
-11.289204749290716 20.752792498335896
-11.376664617807048 19.756624454580674
-11.552506417269498 18.772206016333094
-10.687735951829985 18.270038671612703
-10.004379992211586 17.539953311908775
-10.923677501661325 17.933516634792788
-10.351889790388395 17.113115017755582
-10.23433190407868 18.10618104948076
-10.089928693293597 17.116662119538052
-10.712730669652055 16.334282609169843
-9.714750910916738 16.270749931321372
-10.714394287353455 16.24404562555992
-9.860163663864 15.724151365259983
-8.878654456567387 15.53273643378395
-7.938136860794994 15.872481414677733
-8.908103525442078 15.629243528086414
-9.641979291510065 16.30852723904828
-8.883970862598764 15.656282483071339
-8.680392233010192 16.63534108273473
-7.778096972568162 17.06645970096392
-8.232244196591033 16.175533049150026
-9.168950972816933 15.825418188893453
-9.397851233483802 16.79886806981524
-10.129257186659894 16.116925746991253
-10.633628808031014 16.980412439161704
-11.44528483853204 17.56454811531179
-12.445003504088548 17.540829141094665
-13.221437017258829 18.17102831566256
-12.625746845924038 17.36781401065105
-12.763674126558353 18.358256369022712
-12.341972884060244 19.264991204614436
-12.431469914694382 20.26097829364103
-13.292977374021365 20.768723207474707
-12.45310391825775 21.311505464280955
-11.757404929174674 22.029838894234476
-12.282130692185175 22.88111022209243
-11.74267701259738 22.039094944571183
-12.741996638132342 22.07597700010855
-13.158583362357458 22.985072980299524
-12.536313867959914 22.20226989117543
-11.55504484875018 22.3949123370153
-12.538059576521423 22.57843902440661
-13.524562890649676 22.742180317958272
-14.304518462293483 23.368015205338146
-15.185308690301166 22.894508527194983
-15.750450902533643 22.06951502421876
-15.656385809576703 21.07394897503518
-15.098357515925363 20.24412705228032
-14.855502990708189 19.27406433287423
-15.476639570416264 18.49036199821613
-14.603844781491407 18.0022746531378
-13.608256208592913 18.09610105408093
-14.034824655684847 19.000556337633174
-13.100276020874647 18.644720913350557
-13.400020340401884 19.59874048490617
-13.055240067284863 18.660057064753587
-13.946652838091323 18.206864752326346
-14.69744806774937 18.867399780256523
-15.234390150688938 18.0237806721464
-15.387728839702914 17.03560697969579
-15.696631569470453 17.986700615223945
-14.70362805340684 17.86861582752756
-13.762055922191092 18.205427231309905
-12.772841059847856 18.05895554080538
-11.984250771069586 18.673874524448433
-11.4608523406544 17.821786452099737
-10.873857643411636 17.01219567559047
-11.214440940723104 16.071981328969205
-10.381858256807638 15.518080548644681
-10.547605462235559 14.531912275025602
-10.204790370200344 13.592509372819691
-11.182172410208612 13.381028054804887
-11.069191034198033 12.38743094899451
-10.220555576915674 12.916409077694706
-10.499929913618299 11.956226813751048
-9.792480577294079 12.662990873769962
-8.971729435039205 13.23427675884618
-9.039771908548428 14.231959184169362
-10.018905327503902 14.028740710883682
-10.747505456090137 13.343801405087817
-11.113782561209646 14.274307225738752
-11.275842064241628 13.287526238144734
-10.285959051249549 13.42941218032973
-11.285931389241753 13.436850140426623
-10.319188638421892 13.181099375545564
-9.461935634366736 13.695994789234994
-9.93590195851261 14.576537760120374
-8.974291389400248 14.302119988517655
-8.493919898170786 15.179185111763347
-9.074657628204497 15.993275824715713
-9.702974321430165 15.21531815683528
-10.062182585368213 14.28206073087039
-10.490983260566164 15.185459856921428
-9.567064293643533 15.56804807231837
-9.950039089284045 14.644289280260558
-10.345365324124236 13.72574849834226
-10.769049728460196 14.631558371065273
-11.441792336861553 15.371434970804268
-12.20715485641163 16.01503439099353
-12.837680511707585 16.791202799274625
-11.969808977932859 16.294414110933694
-12.516848436531314 15.457307289353372
-13.510331686203774 15.343329078188926
-13.390869207738481 16.33616779431503
-12.83030045818214 17.164275684037644
-12.914188755062304 16.1678005194467
-12.16349841800649 15.507146284728547
-12.078588237166887 14.510757675204237
-13.00414006019729 14.889378624023891
-12.476819375648132 14.039712280306189
-11.52221500999932 14.337588941164718
-12.007450918921121 15.21197221678979
-11.037808592230885 14.967444594033696
-11.369858390172368 14.02418273660119
-11.785185325056972 13.114510522471639
-12.623884965404502 12.56991625764605
-11.90215276700971 13.2620886594364
-12.82873548588493 12.885997626464587
-13.821991177564396 13.001942143136768
-13.319514021894735 12.137351657397925
-13.405540331991588 13.133644522960617
-13.891898453696868 12.259884957947843
-13.012674194684758 12.73629308378598
-12.710985772842696 13.689699658195055
-13.652039878775092 13.35144358698897
-12.935937548867216 12.653448276760805
-12.262910406947709 13.39306606064628
-11.427782514903628 13.943121879568332
-11.418155144654776 14.943075535365486
-11.22359152589373 15.923965436554505
-11.337642843657788 16.917440296284877
-10.436472842959613 16.483974461597004
-11.431857256053059 16.388006393102227
-10.4506651729988 16.194972468229825
-9.452549847527349 16.133606377764327
-8.49813268768941 16.432082314829408
-7.593695913972406 16.00547462344495
-6.596001937251589 15.937601736258669
-5.635584648561001 16.216167045628342
-5.901699521493006 17.180108368741106
-6.88134915754866 17.380823566411898
-7.8194174846580005 17.72727387118054
-8.763596610688957 18.05670638015229
-8.649573005304418 17.063228339421084
-9.569392151004505 17.455570969278664
-9.870966572351234 16.502128328953937
-9.9335332059062 15.504087540025148
-10.260853170635187 14.55917397747574
-9.261687879786999 14.600023966022336
-10.109866842418837 15.129733742549803
-11.0527153546258 14.796512070041672
-10.357995373478253 15.515792368530622
-10.242293142625641 14.522508424345613
-10.590734260202897 15.45983909576393
-10.292924558568906 16.414464352926487
-10.509461031777542 15.438189824030866
-10.008902876861539 16.303892737013772
-9.222355559557723 15.686362723458016
-8.611077456210207 16.477778594140343
-7.738177392802771 15.989879547919411
-7.8552862150856 14.996760459519873
-8.276024383905895 15.903942576460977
-8.187735141497736 14.90784769660515
-7.378377477308913 14.320531622060265
-6.389927294333155 14.16898547141568
-5.537083062026897 13.646820061395111
-4.604516320012396 14.007817667603877
-4.247771803448643 13.073615682002426
-3.260231847992977 12.916247208734681
-3.747642106731309 12.043074121840318
-4.127999790809886 12.967913584753953
-5.025090412394459 12.526066986187205
-4.18956671110857 13.075521392475414
-3.18964173982298 13.087770955713005
-3.6644254333788346 12.207668436495238
-4.014090097020479 11.270793512612453
-4.638878924673547 10.489999736484656
-4.498376206919668 9.49991944362767
-5.280164325445636 8.876375268984344
-6.029706038331735 8.214418155083623
-5.242062153391341 8.830548912728462
-4.298505396166007 8.499338034443326
-3.570307729892207 9.184705205260101
-2.7562544671786067 9.765495430268532
-1.7651472333082845 9.898561019245992
-2.1126427856602628 8.960879388256245
-1.9054067594223045 7.982588414450854
-1.104212228204917 8.580992394340152
-1.262258850431581 7.5935607434383074
-2.26060009207716 7.535986745578472
-1.974334206672475 6.577836526221678
-1.801162818322241 5.592944821384617
-1.108353034637204 4.871824440567176
-0.1900870166408667 5.267788479582275
-0.7031240064423369 4.40942198029689
0.12814320984832894 4.965295000977303
0.07433306619213623 3.9667438162903585
-0.8929335712826653 3.7129816204687764
-1.5189213868128482 2.9331487827351057
-0.5816204493856276 2.5846276891151447
0.1458537309928074 3.270762746434565
-0.8386190649821743 3.446299961819799
-0.1428935386798944 2.7279922338567655
0.1413440613757469 3.686746105668822
0.012409807020620667 4.678399249693429
-0.9867073099493595 4.720410993023062
-0.7181331827271554 3.757151973762494
-1.7132186897183168 3.658132613149817
-1.2944822661157127 4.566240430288564
-1.9011310391535774 3.7712704521311164
-1.2458037626891927 4.526615512829717
-0.9620110837240123 5.4855011761732495
-1.7826471489419355 4.9140499985004364
-1.0380070743815804 4.24658377511625
-1.374316109240807 5.188335458455364
-0.42121542153807845 4.885682060819411
-0.6502612661838575 5.859097697148775
-0.3467747633571219 4.906261959677726
0.45975183301549116 4.315064150697003
-0.030631083307118334 3.4435570678922027
-0.5188450819831492 2.570833118698209
-0.9267938003217321 1.6578282757724403
0.06263507523962752 1.8028472407576568
-0.8582370848304547 2.192711915751251
0.011238421908642215 1.698735860480562
-0.6581275344033519 2.4416687084086433
-1.5546292793662162 2.884708911187736
-1.0101285631027974 3.7234692881659432
-0.3754923068986885 4.496280275608043
-1.0925306632164054 5.193313987539673
-0.5844465246833859 6.054621428684332
-1.5531534468726003 5.806414057918072
-2.4150561667126094 6.313487722716783
-3.3897304184567907 6.537117110291225
-4.041627926705707 5.778810022932249
-3.8848640860025823 4.791173906618146
-4.094187009767071 5.769020476171205
-5.0720461142146105 5.55975611740685
-5.927530246079684 6.077585143367217
-5.439925381302748 5.204520715134187
-6.338979165479745 5.642358919448318
-5.3728744723925255 5.9005094995267875
-5.786622370810733 6.810900995837312
-4.786941622485747 6.785634388855039
-5.60626899605635 7.358960347553838
-4.841910120923369 6.714169288368428
-4.312735492642428 7.562682230393315
-4.131632572999885 8.546146379458722
-3.608032157628422 9.398110348780683
-4.409580180278776 8.800179945317783
-3.4868396027286965 9.185601567106891
-2.939909648326195 8.348423196042948
-3.486158712277924 7.510800393027258
-2.492210363834445 7.400951949130768
-3.3973519948791324 6.9758418131074516
-2.4180433900103533 6.773469244734252
-3.4160587172765937 6.710497770703075
-4.246599533905305 6.153540005774967
-3.958487435842166 5.195943316688347
-4.102839709790838 6.185469678644332
-3.8391631082425106 7.150080817806598
-3.59078469406865 8.118743898228516
-2.8757753552150667 7.4196289968337865
-2.061116565227059 7.999569559215204
-1.9986157443135717 8.997614471724226
-2.2445843737799627 8.028336682172425
-2.4591337917068254 7.051623547589274
-1.545507937876542 7.458179569821001
-1.9824527144246913 6.558691236240578
-2.6703050187196147 5.83284055774247
-2.331293702764397 6.773622853310531
-2.0387478472845855 7.729874348703655
-1.1511902357454962 8.190571088651993
-0.6423715330460471 9.051444788902645
-1.2832572331706318 8.283808469167953
-1.5647893120234542 7.324256652653176
-0.5742512235574336 7.187018555544239
-1.5713302185137301 7.110641348100253
-2.347673760919313 7.740951354498018
-3.3296019181008583 7.930205401044067
-3.3224057375631855 8.930179508201682
-3.1579309461634137 9.916560795024381
-4.149987340444456 9.79076687400235
-4.513772636843116 8.859284046396741
-5.424718388618088 9.271810212019155
-6.247401035947339 8.703309322148844
-6.732802383588834 7.829017876629776
-7.713030519530527 7.631147207989187
-6.788287004252803 7.250556310893898
-5.9127498219303085 7.733707055869818
-6.271629721438497 6.800323309638403
-6.771530493749811 5.934240624300246
-7.4224466163943195 5.175090967591215
-7.904546721097565 6.051207106607682
-6.96153468318929 6.383965722364033
-7.837093338297331 6.867077553584713
-8.104134889513118 7.830762569512774
-9.077479756943045 7.601416174189419
-8.42712337813339 6.841786935322462
-9.290073756612342 7.347075609530615
-9.104167574533111 8.329643109229604
-8.52722281788736 9.146426279831799
-8.512138913272011 8.146540048392664
-9.51097767567358 8.098361975329261
-8.521385446217012 8.242262007987982
-9.46346195769817 7.906863966080325
-10.368909471879265 7.482405724243418
-9.371701754681409 7.407727958067398
-8.37910581250976 7.286264813104101
-8.467078168819945 6.290141896730206
-9.231946524171967 5.645955278597623
-9.565830069567799 6.5885696101849955
-9.06097456550848 7.4517734795119415
-9.93753986670074 7.933056424094153
-10.872028930872412 7.577064585783845
-9.873026047611535 7.621710293712546
-10.819157896090147 7.945491894941595
-11.059731322283172 6.974860952404861
-12.057935642788316 7.034761991835452
-12.78416024570954 6.347304483248986
-13.653684098384641 5.853413534122513
-12.775488802242778 5.375111305574175
-13.121975237503172 4.437056323080854
-14.121078476260998 4.479396827371928
-14.072046766188068 3.4805996050052834
-15.00772444608846 3.127743714681459
-14.29665501594974 3.830865514601073
-13.930735643342262 4.76151207089973
-13.353355475322388 3.945036632458779
-13.237418195153982 2.9517800960759812
-12.57224489437558 3.698469107600569
-11.573038394162845 3.7382983673554273
-10.949286880821909 4.519921070201814
-11.92896536542195 4.319346727845253
