0 0
0.07044442170816911 0.9975157058664298
0.6057850345039771 0.15287943604881848
-0.08694305739973096 -0.5683194205000863
0.3498154232169639 -1.467898227281013
0.5937169648430562 -2.4376982262459626
-0.061783012570740925 -3.192893419299064
0.15236996391669136 -4.169693553749082
0.5347804931781528 -5.093686079211257
1.1640072315467362 -5.8709078697717345
1.7541006483019368 -6.678242843312565
2.3206456530064377 -5.854212044346666
1.3278605264803374 -5.974119060607412
2.277628529074473 -5.6611642056389275
2.143260061118191 -4.67023276763775
2.219653821497874 -3.6731550407904137
3.2148339801828056 -3.771218549598912
3.954915924243696 -3.098701846404818
4.931237140278613 -2.882375973888143
4.520662914340803 -1.9705487945413287
3.9609160935088763 -2.799212475758595
3.299072963244334 -2.049570113747461
4.116229424806424 -1.473154189845871
3.1729185169964653 -1.1412437633649433
2.1829816067388554 -0.999734351276499
1.9334943395324304 -0.03135627247572925
2.8359155759630585 0.3994985894430111
2.207103892407271 -0.3780590396905059
1.2889048610915577 0.018060309610795022
0.9856123172956136 -0.9348371837628551
1.0642977032617549 -1.9317366822256437
1.645917149855085 -2.745197695024947
1.91360800828169 -1.7816928406963206
2.6923730049066337 -1.1543770669174753
1.9290895392788125 -1.8004408030141414
2.790428784456434 -1.2924105827350267
3.1418887236061535 -0.3562076607288649
3.137793438329039 0.6437839535552246
3.2120138627189974 -0.3534579070800852
3.626426238368141 0.5566313099249471
3.8303058011133166 1.5356272873910632
4.610127019444265 0.9096249971070456
5.243705901685856 0.13594689868529475
5.068251113443215 1.1204343883380226
6.067696738312284 1.0871411017763815
5.7234723540497905 0.14825368931463845
6.3712860337967 0.9100525054943224
7.230703218948697 1.4213274822587043
7.5014481118080205 0.45867634971348503
8.07718058329055 -0.35896178618810004
7.656857266361338 -1.2663361903045183
6.751695643119118 -0.8412686241347276
6.640077096491579 0.1524825016753295
5.9222470988119085 -0.5437359226939225
6.7130298271715105 0.06836102757469598
7.580185662389091 0.5663979312757172
6.87494822710187 -0.14257326691889327
6.7806904951591465 -1.138121095990412
6.153529960284082 -1.9170111161442356
6.354423327763658 -2.8966242310537473
7.306134406862004 -3.2036193807246525
7.429778180616791 -2.2112927121262143
8.28471825178722 -1.6925659297955717
7.428566698346656 -2.209290728446952
7.526770499164981 -1.2141244039037453
8.526623827188745 -1.2312510626497877
9.469765199237289 -0.8988591970297162
10.391141665994354 -1.2875305318439354
10.067117619413287 -2.2335793769028096
9.498299654939762 -1.4111159289051516
8.527956332598695 -1.1693850107583386
8.956197709207665 -2.073049397220511
9.065195345065009 -3.067091406080051
8.746973692127133 -2.119075066768599
7.754665535806866 -1.9952828097398514
7.0164951314943 -1.3206685094192734
6.40319473713651 -0.5308187602387223
7.314991068687871 -0.12017603259158643
8.312709450914332 -0.05266285041643892
9.223636774243952 0.3599040067249634
9.89056669541343 1.1050244535312996
8.952638617538232 0.7581946383000551
9.838032445536172 0.29335297779278674
9.180914371481428 1.0471406380463788
10.165661683753349 0.8731500320550567
9.214156305027146 1.1807821406768728
9.317307747434304 0.1861164782911029
10.285665294390336 -0.06345046914644986
10.960855766658202 -0.8010938966632244
10.048117000403233 -1.2096375841378393
10.735242316340543 -0.4830986655670224
11.643620019208798 -0.9012492950437587
12.628189394100255 -1.0762439978945713
11.749608747975422 -1.5538380182244664
10.793992261144911 -1.259224491553146
11.715529409881908 -0.8709342862972241
11.089044181634032 -1.6503675796502897
12.001858682103421 -1.2419931341559396
11.707987935235678 -0.28614796670705034
11.003132007376115 0.4232025256176075
10.11502848624393 -0.036440962047140535
10.999640598342692 -0.502768541253182
11.9930162733537 -0.6176805436568713
12.679426879752647 0.1095336472270998
13.237482445738268 -0.7202699351178241
13.797230677144814 0.10839279328091567
13.935301792331574 1.098815110856143
14.489875142992709 1.930949954938809
15.256638238062282 2.5728801349734685
15.638057472044379 1.6484779671111738
16.3641390903279 0.9608694421561808
15.459930334913075 0.533778671205587
16.06738985004011 1.3281293100809046
15.131282595871662 1.6798439795122568
15.445791660350093 2.62909844927308
16.14464083306351 3.3443675131908286
15.15191100249469 3.224003550565767
15.824968969720706 2.484413817839856
15.55644440813729 3.447686655527307
16.117389563420872 4.275539621194447
16.448001177833824 3.331772721787999
16.268192775282984 4.315474372885584
16.46513788122164 3.335059855833326
16.65371155793806 2.353000810536328
16.093525715521107 1.5246338496092235
17.09350342493782 1.5313107253536848
17.193028121020077 2.5263458176342204
16.45317140720708 1.8535813395099425
16.37948299151079 0.8563000264431776
16.806549109159793 -0.04792037321401299
15.86316610619577 0.2837850830549216
15.384666894944763 -0.5943028993432915
15.573363582545946 -1.5763383162648714
15.956320989516161 -2.500104317179957
16.933213967450158 -2.2863752605141623
15.936511444770527 -2.205232908539007
15.27292977572199 -2.953336757281116
15.591972922299085 -3.901076948801021
16.43638775308213 -3.3653871191853724
17.436216735359857 -3.3468937096164257
17.62113328318341 -2.36413948279213
16.700179217482596 -1.9744683280101296
17.321777916749543 -1.191132475983913
16.671558363574345 -0.43138611523669357
17.403966103415122 0.24948017312051685
17.565256590772666 1.2363871488218572
17.036949433330513 0.3873338245863338
17.506977442610204 1.2699853246091752
16.661574664138882 0.7358559936855017
17.592031592321977 1.1022572829791915
18.570815743570375 1.3071513660195597
18.967210306841057 0.38907111342208445
19.892183618799162 0.00903904613663492
19.290386267972913 0.8076878729300563
18.290425662517233 0.7988116385535533
17.58744836157276 0.08759935353815529
16.59006154178281 0.015353026923669938
17.267520243583185 0.7509138383831645
17.778055049102036 1.6107709267146086
18.357607902941194 0.7958362731337905
18.131373895218022 1.7699092548705346
17.424268217918502 1.0628013697986836
18.42370472473361 1.0292354816797835
17.757661698552845 1.7751488059179052
17.526030348084586 0.8023451682395452
16.690679674246677 0.25262773926484583
17.64975922476476 0.535764483220894
17.2410244841881 1.4484177097235607
16.24162656001086 1.4831133744416287
15.243524867638977 1.5447008056624458
14.874313883569146 2.4740464083540314
15.194708727898385 1.5267623201696883
14.221092633541293 1.2985700748833056
15.216296060213443 1.3963971648942484
16.215813766543157 1.4274512263579253
17.21111148444512 1.33058816456889
16.543029948242225 0.5865000911630726
15.951748637224853 -0.21996529014078614
15.735667798355783 -1.1963407666218573
16.491153910293708 -1.8515054288777786
15.521202778713448 -1.6082056090131263
14.527195028669983 -1.7175152282308621
15.35006861207687 -1.1492907428986052
14.880869433274446 -0.26619837479030195
15.44218960414568 0.5614003599677255
15.644137832162798 -0.4179958383099408
15.086065232224392 0.41179628818800795
14.154724072508177 0.04764845527058659
13.208676247932598 0.3716754813283139
12.863665803182911 -0.5669233642993718
13.8209579903534 -0.8560456020852987
12.884636194974304 -0.504902475286455
13.017897361588576 -1.49598343135039
12.65074302284957 -2.4261434667986577
11.831681494526483 -1.8524377819557665
12.103150587693658 -2.814884939702617
12.928305850765476 -2.2499789370571497
13.456285998761508 -3.0992356493191653
13.195282649332727 -4.064573544352276
14.083364628851868 -4.524258651412928
13.285139994662636 -3.9218987644902796
13.640235400656376 -2.987068698305981
14.508591060335597 -3.483010679089082
13.508593585462604 -3.4807634034853985
12.508979610064 -3.4529803117244535
11.948796566212478 -4.281349165183614
11.059648925158795 -4.738969610977583
11.797054294296606 -4.063519152715299
10.981578356330884 -3.4847281761106834
11.732998102969244 -2.824903680989486
11.987324078586134 -1.8577851266609504
12.561573693629972 -1.0391048596323604
12.136625111276473 -1.9443223486126335
13.131492705337179 -2.0455076750580328
13.595840963642035 -2.9311603694079382
13.144884185583697 -3.823706157770218
13.70563010005343 -4.65169409210592
12.988600346269314 -3.954651530859987
12.418284541917524 -4.776077049885646
12.18863939260817 -5.749351474392261
11.48431152343001 -6.459226289200444
11.38118099892149 -5.464558457753887
10.40210308406316 -5.261072741703192
9.774520156314578 -4.482523020234796
10.085217954173432 -5.433031767383215
10.925277831496029 -5.975525456298342
10.43765362942637 -6.848579084408282
9.695890358063108 -6.177917284947128
10.53435629401917 -6.722871296072217
10.302568059621205 -7.6956375652215305
11.260867892327191 -7.409872923189527
11.924688889988587 -8.157764414693359
11.076165453770416 -8.686922215532114
10.231506421521956 -9.22222691310266
9.70543421274659 -8.371787008609575
8.782689971174953 -8.75719985822202
8.939521067935067 -7.7695744195616845
9.038689635080075 -8.764645067953248
9.540501950069336 -7.8996685361761605
10.524712529871055 -8.076670046357187
11.098631651026125 -8.895582033308527
11.926492775704684 -9.45651514718749
11.488595034534992 -8.557490359832613
12.063837250368392 -9.37547348503941
12.493985877032223 -10.278231569455839
12.553641169412161 -11.276450606587002
12.434989569746367 -12.26938655512384
11.889918159358004 -13.107776176706334
11.916757517095256 -12.1081364171548
11.754545793382597 -13.094892393417506
12.460526926943169 -13.803123033150447
12.48294041649909 -14.80287181933922
11.4844044680322 -14.748779679250982
10.631947100351123 -15.271576423967561
11.472531893761227 -14.729896439947758
10.90048550500363 -13.909675171563798
11.899908172812678 -13.943650619602714
10.920838080268107 -14.14717396933135
10.098641592784709 -14.716377743009954
9.23387877808059 -14.214197223370839
8.234158331323952 -14.237841003455785
8.627636670576033 -13.318507116046305
8.605210429871539 -12.318758615808438
9.123343166849677 -13.174058836123821
9.319344865251201 -14.154662392217576
10.318886599514284 -14.184933194426131
10.4816278743358 -13.198264416431474
11.467126491946996 -13.028580962062984
11.721900795927208 -13.995581507063553
11.129763892583577 -13.189744124151458
11.572131135841818 -14.086578123335311
12.208123176585918 -14.85827373956632
11.22901806090124 -15.061628534051453
12.065461174438296 -14.513574779556116
11.423486467796929 -15.280300594976943
10.445727978153212 -15.490034559631308
10.159577705290243 -16.44821931287071
9.16012375009422 -16.481261580393195
9.199933121381004 -17.480468873179706
8.82067109932057 -18.40575818935202
9.051724146558374 -17.432817035241392
10.011965722313002 -17.15364662815592
11.009473485742921 -17.083089829071483
11.482286380457182 -16.201926979995378
10.848861733376776 -16.97573135867972
11.736814866550741 -17.435665303161468
12.713206967505934 -17.21965959677318
13.183867027975419 -18.10197422743441
12.916709780805826 -19.065627176002913
12.319088645023282 -19.867405810082158
11.587639393128793 -20.549301690626244
11.907809567291542 -19.601941643138176
11.735690567849206 -20.587017807721892
10.85312499038442 -20.116828482583337
10.08882055950331 -19.471972888721034
9.210466346127248 -18.99396255845136
9.973250696277812 -18.347309610444952
10.758118338209492 -17.727646165784382
9.902533535997845 -18.24530884188191
9.304770486583447 -19.046981678364975
10.109993849982276 -19.639953292387666
9.12836321219883 -19.44916206888704
9.835591082448273 -18.742176397502934
10.76166868368186 -19.119509508286292
10.93373688541795 -20.104594547230295
10.122391108012211 -19.520028015956157
10.896693254295919 -20.152844092127143
9.91017691348296 -19.989181300665514
10.546811264084205 -20.76034710879923
10.765597814413374 -19.784574366099854
11.485202862109828 -20.478957959893503
12.482501937038682 -20.55240559529487
11.64155079296515 -21.093516649775758
10.644116398474685 -21.16510316168574
10.206218383312597 -20.26607850778736
10.919993261047686 -20.966453710028457
11.7625959897482 -20.42791806442415
12.745271837723298 -20.24258545043939
11.967166121857653 -20.870718792125064
11.706750850951492 -19.905222087480833
11.98912737303799 -18.945918433899585
11.182632946554275 -18.354676740468967
12.158514132670538 -18.136374402908615
12.284180006751527 -19.128447025296442
12.209744117350043 -20.125672826391163
12.00888003600812 -19.146053706106823
11.551132972565785 -18.256971243165438
12.17888981831942 -19.03538073861719
11.181208636221871 -19.103441438646197
10.334103210763379 -18.572016563279238
10.281688715793154 -17.57339114766184
10.628543973655137 -16.63547247843007
11.628356639640755 -16.616117041603896
11.075860176808582 -17.44963228355088
10.237573061888243 -16.904403237223985
10.84635771494762 -16.111067717913667
11.113293531425615 -17.074782027178205
12.08092612374995 -17.3271451906385
12.857147213526673 -16.696684391075326
13.441848677387313 -15.885435848297451
14.441494779794828 -15.91203791478603
14.78573289148848 -14.973155535327566
13.874270167125099 -15.384538206445447
14.837718008793278 -15.652434186976931
15.287913769508341 -14.759504303372298
14.488914487437578 -15.36083628094409
13.680657177708111 -14.772006830874814
12.785423241808905 -14.326410376653715
13.667045148816714 -13.85445400887814
12.954230896850206 -13.153101143201077
13.631487545878269 -12.417354290440374
13.944018113170728 -11.467446587288192
12.952688461278836 -11.598844917870814
13.913573765476345 -11.8757915412069
13.17729003923252 -12.552464486187345
13.858554203290664 -13.28450214831284
14.155857541101044 -14.239285225941892
14.85106344498094 -13.520474575484808
15.792610711096964 -13.18359366823502
14.794815116980958 -13.249955949409532
15.003748141795834 -12.272025997346653
14.009738959728123 -12.162729401036051
13.315279377481545 -11.443197686220152
14.314144234116593 -11.395563683874718
13.37941673270064 -11.040198381549503
14.334639665692453 -10.744311328290122
13.341081301017155 -10.630989768189027
12.480365014514177 -11.140074706238194
11.610541766789767 -11.633438180482242
10.622999685035182 -11.476083051033532
9.667042717500275 -11.769589909933732
10.348224670865417 -11.037475747791207
9.51082181668644 -11.584061934785447
8.888036866619148 -12.366454998385631
8.42276970850571 -13.251625304926154
9.422768270992373 -13.24992971517369
10.417943618567085 -13.151817393931394
9.934105168065797 -12.276660063037964
10.904348874781707 -12.034529623856578
11.513303321616457 -11.241324428664196
10.59328298394514 -10.849453814467164
11.592634558468141 -10.885459793115151
10.695315415013493 -11.326842115812624
11.507656719204661 -10.743659806834556
12.26462618442038 -11.397110056456537
11.690136913459218 -12.215622168493073
12.52022022419 -11.657982771349879
13.310292236268772 -11.044968729316745
13.999439960395708 -10.320347853043735
13.976118600664533 -11.320075873147347
13.950832642180476 -12.319756132181976
14.160149542307071 -13.297603991166897
13.173278382509377 -13.136094505502568
13.743767972812917 -12.31478967332678
14.672699323190697 -11.944537669570806
15.440595352537356 -12.585112168059183
14.711088872157722 -11.901138268641873
15.685678483381995 -12.125136236698996
15.186804247902522 -12.991810626060289
15.068013955695665 -13.984729991606862
14.150884598023401 -14.383319682009986
13.170258279810001 -14.579207466282593
13.494952058011066 -13.633388270877088
12.862756499110166 -12.858579407152634
11.927347651011246 -12.505011468987629
12.892405067387509 -12.767049983517786
13.888761253934083 -12.852339780858202
13.292822337036547 -13.655369548256019
14.199648795015301 -13.23386536665196
13.294322341470174 -13.658581757330966
13.314652134057413 -14.658375085741072
13.780851795686036 -13.773695553086814
13.265110703889784 -14.630440046055872
14.220126889823216 -14.92699372518523
13.99146202877006 -15.900498928725273
13.288767730199766 -16.611990828016335
12.60675835180526 -17.343334254719508
13.158272906913524 -16.509168986020473
13.752720294021879 -15.705034479883565
13.860044746760112 -14.710810429759832
14.455768826304682 -13.907621273302416
14.700399107986856 -14.877237705343509
15.699897316015667 -14.845562286684945
16.698206865203094 -14.787441343805485
17.50753438110693 -15.374798962297769
18.246932681603436 -16.048067224748088
17.385811579650216 -16.55646711437325
18.28664502924268 -16.990631940326875
17.658604769118146 -17.768812787985507
17.046241134888163 -16.9782365554357
16.55466689143846 -16.1074008859912
16.79298560363067 -17.078587887252567
17.104217574914163 -16.12825391435094
16.108197434514672 -16.217382360531605
15.331394012153579 -15.587639204151092
14.33587240380286 -15.682173469403425
13.785758456499973 -14.847083866436872
13.899609010058324 -15.840581753427307
12.91157718976532 -15.686331560271862
13.824033730801364 -15.277157928764971
12.834605407723924 -15.4221806631626
13.123572537035589 -14.464841643704302
13.379045561621268 -13.49802545967083
14.304194447628221 -13.118421009327987
15.100053527679899 -12.512939114718993
15.139141853210043 -13.512174874090748
14.305253276788292 -12.96024205017709
15.160909354364103 -12.442697195205486
15.200862860238466 -11.443495655290567
16.089833201348725 -11.901460427545276
16.61462083544446 -12.752693614809614
16.301325222225163 -11.803037962092512
15.37947753504463 -12.19059033486283
15.293955366742232 -13.1869266027608
16.284787435648497 -13.051827338414437
15.469961746502666 -13.631533381429362
14.49869770753979 -13.869537933103325
14.609133735667523 -14.863421167538524
14.73998054103965 -13.872018568427594
15.556034475882774 -14.449994325209014
15.253366275342916 -13.4968983382371
16.186262049438238 -13.136751875426356
17.18522570845546 -13.182266795649545
17.886304004692473 -13.895351098201077
18.427270297246196 -14.736395371899366
19.420229108241088 -14.617935253430705
20.335956618650723 -14.216135394447441
21.146784047576418 -13.63085009606575
21.7385297832781 -12.82472542563389
21.773155681505873 -13.824125769426066
22.419125458042604 -14.587488755037162
23.17507511717719 -13.932859002540148
22.186710122209195 -13.780758257236528
21.677307843569082 -12.920229746078263
20.758181554873335 -13.31419277153672
21.642428549030598 -13.781212314301092
20.656308315599354 -13.947245097863586
20.91182799479889 -14.914048952604436
21.90906557254296 -14.988326900443196
22.00100455874184 -15.984091542724054
21.014987980266064 -15.817444289608614
20.016008278663694 -15.772282848240538
19.297824167903688 -16.468135981489112
19.474317114958804 -17.45243788621134
19.542975353439164 -18.45007812511952
19.90527595571538 -17.518016821561492
20.596202747925393 -16.795092089790348
19.701483173517637 -17.241720439955905
19.969660700923768 -18.2050899504732
20.29923128390079 -19.149220889928205
19.90748550651643 -18.229147389656884
20.869676321974975 -17.956771115640183
21.821836806180542 -18.262369565108468
22.566790109781117 -18.929486178193912
22.56617686765157 -17.929486366226886
23.307415480447805 -17.25824474140024
22.537364600877915 -16.620262262899743
23.432451620711678 -17.06615375970711
22.72761452868253 -17.775522968018194
22.45371961558429 -16.81376334286287
23.053804570354934 -17.613699619736167
24.051331378739107 -17.683986649513265
25.02582341174918 -17.459564552562238
25.798401683110598 -16.824645018589468
25.25712146322092 -17.665487288909045
26.177480142005237 -17.274411973418047
26.83390230443249 -18.028805733118066
25.964701686221836 -18.523265322267896
26.308537246322285 -19.4622951980495
25.49815231446708 -20.04819302380245
26.33756572906998 -19.50469958374572
25.757815516415032 -18.689905320801664
24.96404426276854 -19.298121727095076
24.18482371902564 -18.671371901240274
23.688768480553886 -19.539662866519038
23.2656983077956 -18.633565946249316
22.43943295081381 -19.196847012726572
21.88261150364547 -20.02747922735189
21.630658642513314 -19.059739719133216
21.721723244743497 -20.055584706177214
22.222337001519776 -20.921255467221123
23.1330951193553 -20.50831521634129
23.839487518523168 -21.216135658542463
24.443107159375824 -20.41886322757742
25.42211124234866 -20.622703865141467
24.46003996769163 -20.89550207349298
24.8455333001836 -21.818212694762853
23.970654394590625 -22.302554413540452
24.42625176362598 -23.192740370140566
25.35233442556616 -23.57006106034161
24.419888231727132 -23.931369924881512
23.998209921702184 -23.02462442428363
23.517531915955654 -23.901521598866566
24.017668423582787 -24.767468175589713
23.25624886694175 -25.415727582590154
22.315931806213456 -25.756027193673248
21.397166780924103 -26.150831991396192
20.9396708993208 -27.04004373126247
21.8972874925642 -26.751997796826824
22.148278087564083 -25.784008271459115
21.255148196481127 -26.233807112780596
22.063622835756444 -26.82233812950669
23.062196860636956 -26.76895351717379
23.790213696069433 -26.08339426566676
23.664025917432774 -27.07540063889364
22.77668357671753 -26.614289404619313
23.775645257211682 -26.65984772882358
23.343634934132297 -27.561716389301836
22.419046822283374 -27.942684660195415
23.00401471201099 -27.131628208406994
23.856627379698214 -27.654171640955212
24.81849196374971 -27.38064555088803
24.922937962246795 -28.375176110196264
24.36681072307044 -27.54407894749741
23.494185263057485 -28.03246896227779
22.89018054503543 -28.829449702701986
22.24131178445598 -28.0685493599868
21.431026384216864 -28.654584828332645
21.208270134121552 -29.629459001261374
20.776349703452315 -28.727547286307797
19.98196505363864 -28.120132248512054
20.863007463201285 -28.593169533038388
20.029929554671828 -28.040013860266082
20.490793034202973 -28.92748490386945
19.640508644092225 -29.453808431686696
20.57922408940934 -29.109115361371828
20.721102610608398 -28.119231284713166
19.864370814598278 -28.634993467996576
20.86357211307756 -28.595033924489226
20.891340711213243 -27.59541954636255
21.313581991272816 -28.501903027410965
21.12210344489352 -27.52040622849796
21.667105275269424 -28.358841082787137
22.09947337508114 -29.260538274900547
21.98359818670381 -30.253802056943623
22.647528515341545 -29.506007620808273
22.186760708361973 -28.61848690102127
22.873933966753366 -29.344980474944506
22.527354141684366 -28.406959992835965
22.78391288480138 -29.373488632520388
23.77728955901171 -29.258585268188313
24.489653130476924 -28.55677465124858
25.486451774249492 -28.636727535956805
25.99905434299921 -27.778101536751567
26.50945930738798 -26.91816736931356
25.53881887890622 -27.158702519752627
25.0133298276785 -28.00950288237584
25.890403373910345 -27.529146770204573
25.37484221438981 -28.385999552655466
25.893730259447466 -29.24084175838483
26.651159944611113 -29.893758500422354
25.999940487361926 -29.134869036468565
26.97894082937223 -28.931010432667534
27.389725283726676 -28.019277943359008
27.46267926166669 -29.016613251619336
28.460098581843866 -28.944817013993006
27.684648440853106 -28.313408209146722
26.95746829788238 -28.999854885640296
27.838595754677055 -28.526976037643742
27.30597550647651 -29.37333037904384
28.08226244046271 -28.742950655288144
28.854155182347778 -28.107197877059725
29.81857944000024 -28.371557199292745
30.778390008386186 -28.652205863666275
31.334143354248596 -27.820858632623352
31.256066057122673 -26.82391132424968
31.962055474564956 -26.11568894218349
31.202056746740492 -26.765613502194263
32.193635495602635 -26.895118655778933
31.254396874882662 -27.238383587497925
30.786036288402524 -26.354846174010536
29.922279160112087 -26.858754522152793
30.01555255777182 -25.863113987979435
29.08088854511423 -25.50758173424876
28.51442648530744 -24.683493914414342
29.071692073959415 -25.51382822281329
29.461835343736297 -24.593074059614555
29.71027296117584 -25.561721957584176
29.254296105182735 -26.451713590577793
30.187763239274357 -26.093050643549837
29.48407055055243 -25.38254617499295
28.745401064618065 -24.708478381258924
29.7084015392893 -24.97797807658894
28.770130798071456 -24.63207633306267
29.663525431931426 -25.08134911010376
29.48854123094569 -24.09677786869693
29.925641688569804 -24.99619056037122
30.81100426419158 -25.461091743084676
29.937398529794955 -24.974457362025003
30.897524088092112 -24.694888207244702
30.676979525722356 -25.67026510670928
30.82091077963931 -26.659852795671654
30.188343812188695 -25.885347126428147
30.974596408189985 -25.267441910977404
31.92048676749095 -24.9429555042028
32.68881102693408 -24.3028947005668
33.28279677023411 -23.498419134277608
33.256093203886905 -22.498775738088575
32.3873273830269 -22.993998868107198
31.85413311781179 -23.839991702321367
32.042311124418625 -22.857856763614127
31.28516359707084 -23.511100685768128
31.128298686697885 -24.498720754364186
30.223913020514427 -24.925436780313415
31.221739491903488 -24.859540399568665
32.21534128232011 -24.746600229208966
33.16245135034826 -25.067509124442044
32.203340040157876 -24.784479983424937
33.15785827699827 -25.082632520793165
33.09924653929246 -24.08435166642246
34.011589132533146 -23.674924026223533
33.750703264867504 -22.709554374715704
32.920048836016264 -23.266342682629777
32.438933750467896 -22.389685238437472
31.609080461089597 -21.831703591689106
30.83398889797433 -21.199854662919314
30.799318917865815 -20.200455847391062
30.17164066181254 -20.978928715818675
29.954990305960315 -20.002679452920564
29.961319560495507 -19.00269948285265
30.198001953905113 -19.974286558029085
31.172830952069948 -19.751332696575773
30.85081984050957 -20.698068585845665
29.91527213041794 -21.051268928629057
29.105415443102725 -21.637896703296118
28.11729131717087 -21.79155447807959
28.844059645677458 -22.47843714395473
27.876416991020697 -22.73076172240244
27.109331108278443 -22.08921729798778
27.284112102308377 -21.104609962992804
26.304964703871313 -21.30776106964479
26.08012544513015 -22.28215693772343
25.37424559669309 -21.573825349009166
26.36995050930262 -21.666408970699244
25.401468632250143 -21.41732494106083
25.460178052411642 -20.419049826683885
26.403830725902417 -20.088112322291117
27.39050956149565 -19.92543203647757
28.049995775120816 -19.173715378395322
28.992037245277352 -19.50921182920414
28.159210441025483 -20.062745490438594
28.345204264171244 -19.080194576871452
29.342850653541745 -19.01162576635236
30.231362497180854 -19.47047945078023
30.309773029404692 -20.467400605353834
31.309757691375538 -20.47293918125875
31.602490123279825 -21.429133577452014
32.59705046388585 -21.32497154553236
32.30490590785029 -20.36859737274287
33.04705162392952 -19.69835880618224
32.1686316795094 -20.176248334467758
31.845861396395186 -21.122725668764975
32.01259948789044 -22.10872689028781
32.49855748882517 -21.234744727238972
33.23546918344017 -21.910733746631777
33.705585247977254 -21.028129143276363
34.702071171982745 -21.111889535222204
35.36083280088511 -20.35953781143479
36.13363648271885 -19.724892659129804
37.06955492606186 -20.077109449488237
37.944903935653464 -20.560601033083024
38.64591737486121 -21.273749094883748
38.19895032653323 -22.168299517000335
38.669367397302665 -21.285855309399253
38.43199893724014 -20.314435619374624
37.6816106477084 -20.975432907518556
38.454764282961314 -20.34121413115254
38.16451532897947 -19.38426295961219
38.33894384196526 -18.399593119585816
37.75370501546773 -19.210454091614803
36.798112245836734 -19.505144537046885
37.184311084185545 -20.42756009267137
38.051097745661735 -20.926239231484058
38.69033711509707 -21.695247052357104
39.67002233645011 -21.8957884871342
38.847052336571466 -21.327703652536634
39.65533202246696 -21.916502386713848
40.64175927701974 -22.080701264528106
39.65460187531051 -21.920950633071815
40.49548205433298 -22.462171959820065
39.540409683048246 -22.16579927955323
39.46587468142129 -21.168580881441528
39.36442756144501 -20.173739948503744
38.367381061308535 -20.25054018656068
39.30730128251919 -19.909146018831773
38.50674554471062 -19.30988771837881
39.37336568800216 -18.81091925520569
40.09650721176737 -19.501619144163648
40.87791350568468 -18.87759654535299
39.87791713116224 -18.87490378803461
39.05803675275715 -19.447438647328187
38.0972281083193 -19.72465110876076
37.10587210465923 -19.855850476164477
37.42691452470326 -18.908785660783675
36.47559352855334 -18.600583840081192
37.09241379630554 -19.38768787214436
37.27023059076697 -18.403624262611185
36.74896574851434 -19.257019226406573
37.23911172242283 -20.128659590468093
37.55361779996838 -21.077915049860827
38.28914162605312 -21.75541390687954
37.33187434782092 -21.466209207702803
37.392781636997256 -22.46435263533492
36.56359155940068 -21.90538589641803
36.886378621969605 -20.958914284462274
36.736854445660505 -19.97015621460945
36.282392253444335 -20.860922242164428
37.22122822075448 -20.51655757137948
36.22123083332622 -20.518843427158018
35.257568086622854 -20.785965329322792
36.21849836632768 -21.06275585941082
