0 0
0.9895000145875275 -0.14453276836511164
0.6470626052731321 0.7950078750889357
1.6404934458666982 0.9094419825812416
2.630545733260455 0.768742059957278
3.1542164916548026 -0.08317867391570921
2.423341838311036 -0.7656903889064695
1.6292227332835445 -0.1579282256959451
2.24834607313386 -0.9432219860510053
1.495077899053643 -1.6009354935281257
2.2039714579545184 -0.8956200164904733
2.957262939133495 -1.5533068297862727
2.11088296833229 -2.08588634969532
1.2929639804939288 -1.5105529425882143
1.5647604734703164 -0.548198191778651
0.6513028282423645 -0.9551320074963979
1.2542473039344642 -0.1573488544827616
1.45220030105339 0.8228626588813871
2.441184300655731 0.9708851184291054
3.308452012294618 1.4687271780711653
2.5499776973587758 0.8170242445327283
3.443914150271412 1.2652179729069368
2.8099040744374677 2.0385427583244455
2.5337639352351085 1.0774253755239358
1.6054376177908152 1.4491917649949548
0.6226764427575546 1.6340713821712274
0.4961548824532222 2.626035239767943
0.43142853113729845 1.6281321886425708
0.0696226394125794 2.560385639541671
0.9600671754479201 2.1052938595183366
1.123239240379133 3.0918914863278095
1.1975362379884855 4.0891276449914615
2.0486685560589564 4.614078859044716
2.925566667697466 4.133402562765385
2.0933843956655283 4.687904741404713
1.9451335058373547 5.676854524591481
1.2229521065320812 4.985150811649677
1.7735112207492638 4.1503546318833875
1.5206238134194172 3.1828589165368086
1.1487849776303973 4.111156218159013
0.380825732900387 4.751654928878802
-0.528133987531805 4.334770980241017
-0.22235833454712073 3.3826673881661895
0.6857280648591948 2.9638845193507692
-0.28048801420640124 3.2216178865252694
-1.237141662937936 3.5128459695952943
-2.2338131439464006 3.431323218510743
-2.3885689373260033 2.4433704643694076
-1.3885889667716598 2.437041286687089
-2.1622475149045126 1.8034385318785526
-2.0746692442062096 2.7995961732694594
-2.8583140899336876 3.420805281191065
-3.7346491699445328 3.9025072923373605
-2.768015616591151 3.646344114789503
-1.9856652366905951 3.023505545761014
-1.7522918942546675 2.0511183373711237
-2.4990850680362824 2.7161746925720816
-1.662278393811094 3.2636731765628406
-0.6650831363451607 3.1888292156344487
-1.4781278407939626 2.6066279544130735
-1.6578598526617816 3.5903435657103357
-2.1691127664872702 4.449773875918759
-1.1696090988944228 4.481276549907589
-0.7043087589255663 3.596123685355445
-0.38982791716349197 4.545387505462699
0.5453100566085027 4.191103763231125
1.3119800846628478 4.8331450921836705
0.3126399446549779 4.869467049304002
0.9902842031778312 4.134077180668995
0.9283445192586736 5.132157075044187
1.45885981609793 5.979832437325972
1.1000716557060144 6.91325145146838
2.063449957409075 7.181397396445601
1.1099099821942109 6.880130877118882
1.758711830675529 6.119173479226447
1.5776856095991907 7.102651749084414
2.3852998066285 6.512940541155733
2.364812704695211 7.5127306584575475
2.1692231945034854 8.493416512083957
3.0577569466429164 8.952227771000981
2.267666509973982 8.339237475903014
2.659110589585562 9.25943937360647
2.198265213820626 8.37195892895652
1.3134790157722485 8.837956121805465
2.313062535634187 8.866814167831096
2.419947463938769 9.861085565439076
3.0930174652526237 9.121506784421552
3.24081259725204 10.110524781708394
3.5306720263423212 11.06759401189368
2.746743058314666 11.688444535842155
1.9761704843042125 12.325796799651506
2.815051036705955 11.781481248888765
3.5819360253418417 12.423265803240875
2.8586749197553716 13.113840472010182
1.9898472063973092 13.608955008760013
2.6449106886083458 14.364528853115116
3.405485170027826 15.013779542921055
4.08314423114703 14.278403314801707
4.6709093172370535 15.087434960396358
3.7243023648362787 15.409824906992894
3.3446412020985523 16.334950520900886
3.6551510704530434 17.285520676993784
4.508318025404413 17.807158623254413
5.496950630653312 17.95751011755618
4.498782686140743 17.89700594788538
4.895800716268115 18.8148167583217
5.761730259461696 19.3149827569907
6.2911449002527515 18.466619545791584
5.314300708598929 18.68057146850365
5.98903468239614 17.94251045164676
5.566736317439508 18.848967340282375
4.57881559448558 18.694007199735882
5.066483574988715 17.820978024512055
4.838843232871289 18.794723306729463
3.846105956252596 18.67442077304168
4.07136269520466 19.64872021446443
3.0732850096667654 19.710695480751234
4.046419858276085 19.4804595877586
3.1011136416388747 19.154275350268428
2.5426730442421652 18.32473083718959
3.1733306438652567 19.100792040985812
4.168528340370369 19.002906675016643
3.4272022523016155 18.331761660024593
3.693742152380572 17.367937774832956
2.8451322475129106 17.896956894865966
3.0340925553219216 16.914972168878478
3.1999919588381145 17.901114850194407
2.220953081908657 18.104788308113466
3.1063851497154324 17.640019491066305
3.783183688219578 16.903851209843424
2.8859667824774404 17.34544131848548
2.7490894297475528 16.35485331618096
3.4225518573437057 15.615631861800546
2.5733847702561548 15.087507578882931
3.540067039252368 15.343486856966788
2.5620044938898108 15.551798300144823
2.128452989716285 16.45292708851465
1.77464878084035 17.388246596373687
1.260146783299965 18.24573577678762
1.194099901891535 17.247919255849915
1.281718350980009 18.244073364097897
0.7877057791552182 17.374618604562325
1.1049821923328764 18.322951709352576
0.37425466475975677 17.640282477259262
0.6812426481114078 16.68856908653825
0.7888390473728102 17.682763742964237
1.4976020545184991 18.38821040976606
0.5548323654447749 18.054765791630103
-0.40695544989316124 18.328561697858593
-1.2344539026819892 17.76709370176968
-0.8441374984036156 16.846412918571072
-0.4031151812565634 17.743909055486572
-0.1333031229011778 16.780996051541756
-0.8374883197031817 16.070979707641897
-1.6820021497464326 15.53544596373244
-1.6766246359772012 16.53543150480074
-1.5272786233312505 17.524216500897847
-0.5587573201983064 17.77314718477925
0.4398655807076548 17.825609569267215
0.02561440687191613 16.915446965676125
0.33505149885378815 17.866366881392377
1.2353460462408141 17.431085675796282
2.1898452286449825 17.132872143591968
2.225830850525278 18.13222445134829
2.7560169763558995 18.98010573547757
2.564274320420843 19.961550972816347
3.368366847037885 19.367046802403202
4.341038643811479 19.134862445132455
4.127049512229043 18.1580264038417
4.118316487717492 19.157988270256055
3.1589983706746496 19.440315651700672
2.3251643918983627 18.88830034771164
1.6793239688925827 19.65177277551222
2.623904751593449 19.98005184117468
3.249731682483047 20.760013797024648
3.8424773931388607 19.954624125810064
4.233578099955556 20.87497201499517
3.2609235478704575 21.10722860221744
2.9361919485562105 20.161422391407417
2.774218607328816 19.174627257282996
2.8196390854490905 18.175659299755164
3.813291813468077 18.28815043763023
4.636886326251782 18.855329490939297
5.537232392303952 19.290504124097502
6.468664908015093 18.92659002891017
7.296990387394923 18.36634285113042
8.102166360186299 18.95937881364826
7.83775058612643 19.923787595456226
6.938744038937288 20.361722782568492
7.649217917565352 21.06544635598862
8.5864927619703 21.414037615267564
8.595842501056973 20.41408132503333
8.700085956749257 19.419529515450073
9.328092484953196 18.6413214452444
9.388041794214212 17.643120022524954
9.30127758832671 16.646891146926222
8.320042476556907 16.839706227846005
8.033340645244364 17.7977260919
8.324690197645706 16.84110942974345
7.697281917418614 17.619799900920853
7.029092073862253 16.875809085810797
7.830212209268779 17.474312660274833
8.534345372074613 18.184380607049683
7.554793154521102 18.385570698967744
8.339787756886576 17.766068096667258
7.651695860036602 17.040444543101497
6.661726654883754 16.899161236058383
7.345267853043574 17.62907316938886
6.577850752561167 18.27022135342058
5.962879905939398 19.058771198265728
5.157201109179252 19.651123860495858
6.113449119972364 19.358566615064785
7.107300707356408 19.247846146070945
7.802510846643484 18.529039591960284
8.199593406525285 19.446822486024953
8.338120570275349 18.456463851537748
8.791808463444895 19.347624496759124
9.442781490949553 18.588523635567793
8.756854118034495 19.316193642566738
9.54830982691449 18.704967120824378
10.323367965308615 18.07307719203216
11.225963725842439 18.50356632437625
10.39195004579852 17.951822560025803
11.276896073259227 18.417516159382195
10.571979498042943 19.126806383469166
11.44803086595051 18.644588589534436
10.448039432436481 18.648727780101993
11.196722949704988 17.985800189055688
12.01576225631786 18.55953759782655
11.156867797690479 18.04738497512588
10.180529808063659 18.263635131221683
9.18763403812047 18.382622483612266
8.232271891601206 18.087185233086704
8.850813119012836 17.301432886610975
9.425097792686886 16.482777211993685
8.948826303364571 17.362075493840468
8.956192495045078 16.362102624598442
9.955586760438905 16.327301729524674
10.177227755914666 15.352173394829945
10.685328053017365 14.490875485808827
10.124282137173257 15.318660168147565
10.127266001076222 14.31866461987937
9.127567894507004 14.29409439965404
8.603545344080047 13.442390010417949
9.600813261900438 13.516259490490441
9.096670924154541 12.652638912173723
9.840800217362546 11.984603288131296
10.737270135128139 11.541498688131082
11.289900225285958 12.374925339644076
11.699503320384158 13.287189174554774
12.081182341154703 12.362894240508483
12.617842386919072 13.206692791870232
11.622511422197695 13.30321362209258
10.809101671569751 13.884904757991508
11.633762986782804 14.4505315918591
10.74668565762838 14.912152445049522
11.00251639534677 13.945430854498
11.103365350467913 14.940332602536957
10.138449474897934 15.202891839801659
11.07983917057615 14.865570863770111
10.133837480692996 15.189732556044534
9.158356818845634 15.409817717656656
9.7806018475409 14.626995180765933
8.822634433878981 14.340118143758971
8.329942970007348 13.469914074917629
8.532688675672452 12.490682652405892
9.53268791395532 12.491916926964015
10.525256746572499 12.613601406323427
9.64680739287421 13.091436872762515
10.399440177967936 13.749877371822272
9.99487028310299 12.835370291385512
9.178512152373871 13.41291630893949
10.174650488740363 13.325118730265604
10.604936974945844 12.422426346455405
11.336243903709194 13.104474860816895
10.813140026663172 12.252205928014918
9.994638151869559 12.826709784363455
9.634616586075579 11.893765803106675
10.198204985441743 12.71982156157573
10.878485700815158 13.452773230030775
11.50672848228744 12.674755873201269
11.739168150213006 13.647366689907855
11.642127670299018 12.652086254423432
12.58704217680593 12.324769014741804
11.639183856057015 12.006076994466671
12.620458857719361 11.81346502414146
13.529646688699867 12.229851248693814
14.211458454985108 12.961378907333595
13.461382331353791 13.622730409001367
13.9505557877466 12.750543886770764
13.888863121211992 11.752448693467114
13.64518450698087 10.782592656229422
13.984748797298728 11.723175503585745
12.98535307650971 11.757934578208072
13.977186615948039 11.630395446780744
13.434553017839283 10.790425936498647
13.874700640627527 11.68835136221832
13.140144102860056 11.009803874695843
13.721205189661712 11.823663821741327
14.694099915022566 11.592415355011216
14.919849809512117 12.566600648031983
14.605491581643514 13.515905080009055
14.373560004084792 14.488637182558943
15.148610372156268 13.856737723030554
14.192389267184682 14.149382897955613
14.954072532335362 14.797332435797411
13.960204273923848 14.907903159418387
13.01149039456445 14.591767152119564
12.288791231042246 15.282929881904893
11.396048652194223 15.7334969556151
11.866048307551566 16.61616355403377
12.518657892317847 17.373857905254088
13.044731367329467 16.52341878404129
12.962864949092868 15.526775472938912
11.99461555996898 15.27678923239512
12.994346845430478 15.253608273193638
13.979940143921977 15.084475633030227
13.449821265498842 14.236552302333756
12.533960419490795 13.835056460824255
11.813796311512194 14.52886022096064
10.81518254699526 14.581496228762514
11.502590166380076 13.855224403058322
12.468688735972957 14.113397898658834
12.392391224212043 13.11631280214044
11.43188387035978 12.838058200748614
11.937347180261058 13.70090629997793
11.59353287842961 12.76186864053282
12.363236480208641 13.400270054541581
11.454536311845887 13.817719457484625
10.744056381853413 13.114001993527754
10.199915300860901 12.27500826054979
11.049476321330982 12.802498613540095
12.03918049812205 12.659370550455627
12.139888197624519 13.654286606844767
11.614192048131978 12.803614191394075
11.467446194463964 11.814439962842176
11.749508205944963 10.855043787282103
11.443173244889259 9.903120002709514
11.128892031409023 8.953790071203406
11.764733880753315 8.181970699444422
12.014984135631082 9.150151885965629
12.488607159040942 10.030879557664493
11.683543169274875 9.437691583762508
11.043861791500705 8.669051398156174
10.123169027566059 9.059339540992184
10.700369976207064 8.242737394970069
11.699846410986437 8.275092554075124
12.693420340705753 8.16190754542947
11.694177639453885 8.122997084177134
11.573064480510824 9.115635791225591
12.553893113316729 8.920763543154964
13.548523490031151 8.817272414467887
14.335943899783556 9.433688749671093
13.427374072862353 9.851421762022731
14.282971519916872 9.333779985700739
14.988113108244656 8.62471345820803
14.049499517794073 8.969683787108162
14.204735977256332 9.95756112850922
14.398685965961947 10.938572546323044
15.005151622236415 11.733682229171631
14.678116751254048 10.78866995773726
14.263194717235972 9.878812987831385
14.730525705917739 8.994730555578757
15.52211429774254 9.605784973198682
16.37812302140537 10.122746349911813
16.938637167254832 9.294601500080187
16.738651955357334 10.274400415685992
17.33227821502894 11.079141283188257
16.333157374968387 11.037218175518408
15.39698011806219 11.388746472603565
14.396982236760639 11.390804965355628
14.957508391787147 12.218941686876416
15.105644480275565 11.229974700932319
14.836342044116272 12.193030357620275
14.101237792923474 11.515076273719103
13.12802529464555 11.74498371856516
14.09064415505866 12.015843330868222
14.72843122506157 12.786056063388987
14.068662218454646 12.0345875957066
13.27393648563741 11.427618890089821
12.294498990872736 11.225871042891649
13.204538066265318 10.811348569123801
13.706191761392173 9.946280034170892
13.733690498303304 8.946658195939907
14.330748205476455 8.1444599072948
14.388867388809036 7.146150255669237
14.846743220485829 8.035166410059182
13.890066906854004 7.744012789206163
14.163822269888783 6.78221343320217
14.431606734141937 5.8187345903080185
13.885080420812837 6.656176521930089
12.90116872864137 6.834832006056048
13.450318408972311 7.670556020663995
14.44961116912009 7.708158939649559
14.02701576791448 6.80184049292133
13.430168260106427 7.604195185325704
14.126827741115992 6.886793228596087
14.260616722910456 7.877803071307248
14.365788419607572 6.883348992823053
13.425804603544902 6.542129964132884
13.419085567108707 5.542152537112969
12.575557298864773 6.0792373168948854
13.402396218334797 5.516798519113614
12.406513136527254 5.607445567435725
12.778142364252341 4.679064332650976
11.90461713613988 5.165843210429246
12.82500323646361 5.556853985639951
13.365135292281694 6.398434262427454
14.027454812122144 7.147655760809819
13.094203503398509 6.788431604097578
12.462436751640492 6.013273058138672
11.913954907800619 5.1771105936749695
11.69671235533166 4.2009929402147055
11.651364612948035 3.202021678235309
11.37906747525222 4.1642348920308105
12.352179226313622 3.9339013948007837
12.10327604486315 4.90242976623026
12.729597035401982 5.681995040476399
12.345497253125531 6.605286628900761
11.467903758635403 7.084692154973007
11.934768566624658 7.969020855774444
12.151505942111992 8.945250803105942
12.582204808337812 8.042755104151208
11.64945532344211 8.403280274460858
11.224148391090354 9.308329451739938
10.468656596233776 9.963487560828414
10.698445104375589 8.990246973139039
11.646169591588023 9.309336766673596
11.780537407807483 10.30026829304886
11.341440942672067 11.198708215528702
10.446825452633915 10.751871416480327
11.357191769748779 10.338068119414295
10.637975478558529 11.032854364590854
10.503504321169336 10.041936856505338
11.104852824053914 10.840923701252157
11.833184147158699 11.52614883490126
12.644420827045778 10.941430912133546
12.900764931633283 9.97484532355733
13.870125023796247 10.220489398840675
12.87339609891038 10.139672010267033
13.834986756394297 9.86518447423006
13.078139330160294 10.518776069496527
12.194049125114715 10.05145978544207
12.903662973201891 10.756050579167697
12.113392116259199 11.368808257754479
11.61461915307374 10.502075582014609
12.424477125698688 11.088701582270144
11.444610700524619 10.889047409219371
11.184550420269945 11.854639792491868
12.081984583515553 11.413491379098309
12.74915620644872 12.158395416913063
12.423062282381274 11.213058041852554
13.382454446982011 11.495133695716389
14.067789819673669 10.766906102901073
14.351352185021089 9.807952305808337
14.279261446381392 10.805350383509705
13.648715347896335 10.029198582838422
14.509389794025719 10.538354254298417
14.355543295503969 9.550259494220924
13.44912136045899 9.127886110034236
12.749119460371297 8.413745129643376
13.129260417816594 7.48881656349755
12.207575167325148 7.876755088300799
12.59131770665151 6.953314963814455
13.534723920540877 7.2849543999419035
12.826277421514458 7.990718920173128
12.078808939963027 7.326421645538346
11.198854311524208 6.851363910216521
10.30784467527476 6.397379518292496
11.244829053339446 6.048008261228134
11.50551285287278 5.0825840246042215
11.782303778124513 4.121653858724157
12.601890079056355 3.5486981053497284
12.914036230378688 2.5986640111117083
13.211482770105606 1.6439255359236165
12.874754812020448 0.7023235593731205
13.128900566155425 -0.26484237036963254
13.192024400252375 0.7331633318029055
12.19319247068986 0.6848438069043385
13.014302571260604 0.11407397348573267
12.840349847231312 -0.870680031229551
12.13403068059963 -1.57857355065795
13.123238188713659 -1.725094900265545
12.99538287091493 -0.7333020702296618
12.254385150730396 -1.4048096120200138
11.502856416414735 -2.064509969377732
12.278878089367103 -1.433803727845108
11.279014925142366 -1.4172612725709548
11.791661360052474 -2.275861082013023
12.698494550329599 -1.8543713846160261
13.649667587433227 -1.545713234736486
14.593795304331652 -1.8752930493249518
13.713869217447025 -2.350403648680415
12.825048276980624 -2.808658311273631
11.830585814669757 -2.913750704217213
12.63664115048379 -2.3219105267995883
13.101809522622158 -3.207132750629368
12.77044765898084 -4.150636494831876
11.77573139574542 -4.047974156776659
11.140013441877368 -3.2760527338780485
11.343081348613236 -2.296888077012865
11.699931146080035 -1.3627263019182592
11.13048066320898 -0.5407006651173606
10.40731951180991 0.14997867372749807
9.531565387032519 0.6327360796110189
8.586952289876196 0.3045500093997134
8.435909509665558 -0.6839772176134029
7.5501102247835625 -0.21990865920576347
8.550093940899606 -0.21420186476842196
9.542144311715711 -0.34004327990520417
9.926920726295876 0.5829665308675922
10.09197215105794 -0.4033184315971169
9.407134247365011 -1.1320138725499715
10.30110934623874 -1.5801305120465519
9.305740206613187 -1.6762568657747945
9.313750760447427 -2.676224780773705
8.315160900542987 -2.623137195633386
9.30503545414897 -2.7650821431424695
8.94942140966132 -3.6997150397190532
9.795996266926993 -3.1674453608478976
10.232373451160253 -4.067209192684148
10.222900447346506 -5.067164322776866
10.837981590446246 -5.855628137674618
11.604321191542821 -6.498063827678793
11.597219582515326 -5.498089044422125
12.083056514621186 -6.372138514075854
12.753055648049163 -7.114500394297192
13.403762501973643 -7.873829433815438
13.951444752881153 -7.037143021806206
12.9518896176354 -7.066968038216011
12.19530924596578 -7.720868750254358
12.097737554263851 -8.71609724913209
13.062590172375002 -8.453305648573668
13.595585999450979 -9.299423517620053
12.795688286761399 -9.899559876486919
11.834207252555577 -10.174431157021107
10.841059541862776 -10.291296997820067
11.415220421655784 -9.472554496104589
11.391293945413324 -8.472840775215143
11.18221144989408 -9.450738781178671
10.64491660781673 -8.607344298936182
10.290885642874937 -9.542578000137322
10.924501280453107 -8.768930002779086
10.468703460824827 -7.878846665320113
11.39328927952292 -8.259820501511495
12.19111296962822 -7.656929666030674
12.54936192866709 -6.723303572057521
11.716626157436924 -6.169632970242957
12.060105630364163 -5.230472785994484
11.239832543118757 -4.658500704209989
10.47384822630113 -5.30135996282686
10.691261502298733 -6.2774396047721215
11.664775319735684 -6.506067790390904
10.75155163417782 -6.0986092033711765
10.9605527498292 -7.0765246054671245
11.443627672001433 -7.952103625069747
10.501325747722273 -8.286867845827869
9.63246834372257 -8.781930277764385
9.334553100109666 -9.736522603117498
8.410705046977121 -9.3537631816486
8.50290114659393 -8.358022312137136
8.59270627243641 -7.362062955851742
9.12197666950409 -8.210516164218484
8.138817327327677 -8.027765766431655
7.945712332561314 -7.046587667921357
8.08043428275877 -6.055704225666419
9.012318042666273 -6.418461249059012
9.959445628055867 -6.097604058093815
10.439010058418733 -6.975110728798226
9.461509975679187 -7.186045762029269
9.558695166558458 -6.190779446577088
9.379602558294936 -7.1746116668592705
9.07029731311836 -8.125574476492885
8.183341582590902 -7.663720027467542
7.272001789781762 -8.075374958256175
7.896423917292818 -8.856462025537772
6.97788036106637 -8.461142236866788
7.267039126018967 -9.418423391309457
8.266381112240266 -9.3821522653927
7.537747588573224 -10.067056045633802
8.05074039880607 -9.20866314220938
8.93851742797636 -8.748389368811877
7.939872283227398 -8.696352123791339
6.946140696026022 -8.808144487565587
7.846705710921153 -9.242865839637156
8.788469113685567 -8.906589623984619
9.74744029926481 -8.623086069811587
9.834195765665681 -9.619315706516682
8.976813047677782 -9.10463631612332
8.176505962124404 -8.505045981967527
7.177355437090242 -8.546255547895322
7.0073169721580655 -9.531692973835453
7.827831250958122 -8.96006694373778
6.862531113400509 -9.221209901581286
6.386189886805439 -8.341949396471508
5.834315805304319 -9.17587685025109
4.9605080013198615 -9.662148298822625
5.757093017816614 -10.266674817259052
5.043647353372523 -10.967385373684406
4.362889999208754 -11.699894366633943
4.150242311780285 -12.677023304405886
4.608431412187121 -11.78816856471645
4.628403377715914 -12.787969105120844
4.940608704029885 -13.737983754597991
5.103346955494894 -12.751314477935283
4.123424933206503 -12.551933359886881
4.712020215927621 -11.743505507101954
3.9310569541831786 -12.36808247097869
2.942957713852831 -12.214264750092607
3.9343555328073934 -12.083381731438022
4.169342607580417 -13.055380226647566
4.3415252753970215 -12.070315188742171
3.379766243745286 -12.34421218587123
2.405789930417816 -12.570862006248461
2.9757504982651106 -13.39253405220061
2.20849786410019 -14.033879041552666
1.429952084349753 -13.406291223926491
0.964416254181367 -14.29132025781715
1.4439055606384852 -15.168867980162362
2.3300894904567153 -14.70553436112321
1.358293112623607 -14.469712818361632
1.5318388029710956 -15.454538637154892
1.1337749843675387 -16.37189636253728
2.127072198314871 -16.256308107232222
2.4545758834736566 -15.31145820581538
1.5018706264524608 -15.615354065024054
2.4303315753616825 -15.986784093899733
2.527545891251411 -14.991520622859982
1.6336841104997477 -15.439863256245951
1.9759856147628017 -14.500273090173929
1.1030312791050978 -14.012471155105588
2.059024869926536 -13.719083605423718
1.2200018160739456 -14.263179474828984
1.7857866173762595 -15.087732419530113
1.0321387077236586 -15.74501076869146
0.94585930215918 -14.748739789401467
1.4516146764961428 -13.886062850258384
0.8124168975556343 -13.117020459100704
-0.17913604867054278 -13.246723022029075
-0.7648817040674413 -12.436228094726221
-1.7629942036546709 -12.37481605870939
-0.7634747440425746 -12.34381848046942
-0.9672077976512878 -11.364792003367157
-0.31678802656499183 -12.124366964368406
0.14747671050395683 -11.238670484803142
0.58460245430582 -10.33927008225394
0.5844944093246037 -9.3392700880908
1.4457929067119188 -8.831170788348757
0.45307338315805334 -8.710721846655662
1.452817628034202 -8.688106700469554
1.5884941044484477 -9.678859895643718
2.087634219141985 -10.54538118557474
2.2130702642234854 -11.537482893361958
2.171341806611753 -10.53835390477973
1.3706870331606007 -11.13747987963801
0.8365477689126717 -11.982876382108111
1.0008094176078923 -12.96929318588222
1.4426286563617228 -12.072189089209495
0.6049284223444769 -11.526058776987721
-0.3006809416670597 -11.950171591949283
0.49142162724094507 -11.339783583933611
-0.2065254760396117 -12.055932898687372
-1.0829486690845531 -11.574391221682246
-2.03591002872386 -11.877483034561452
-2.4874961461995158 -10.985255497156748
-2.700600854917246 -10.00822613059588
-1.7174587455007915 -10.191069212751492
-0.7942554289377084 -9.806757313004784
-1.2337146862635902 -8.908494789490314
-1.7399150138867854 -9.770910714850096
-1.3550605475263868 -10.693887984192333
-0.3592038384877986 -10.602951659971302
0.3212702351497059 -11.335723817675987
1.0686786321943629 -10.671358942003637
1.6184468329572337 -9.836041681658829
1.4517652158664607 -8.85003091167505
1.1091349990848896 -7.910560563793749
0.48240930283340033 -8.689800515065555
1.4812497369256907 -8.641657112378114
0.4913214890029701 -8.500087115681595
0.04286770810794038 -9.393893138485733
0.29856754431142285 -10.360649360997652
-0.09781506988534322 -9.442563949305178
-0.3092171579752401 -8.465164769260898
0.3732126039912135 -7.734213594432915
0.20076955528195137 -6.749194104802453
-0.46393289400837856 -6.002085910557847
0.05771526696181628 -6.855246620012059
0.9118815636200995 -7.375246560063088
0.378123935911049 -8.22088406801931
0.023443296399428437 -9.155871578072587
0.7700157110410821 -8.490567414778736
1.6759403491828868 -8.914006371427318
2.343617775931021 -9.65845707752611
2.9343727689163526 -8.851606076248364
1.997043194449616 -9.200050144686912
1.1133357303369034 -8.732010490521287
0.39331047206129466 -8.038062634090313
0.44722367342804914 -7.0395170083333385
0.3013423347305601 -6.050214913409938
1.20426744167457 -5.620416994324529
0.8047221799779749 -4.703703525537362
0.035418177769099723 -5.342586419490085
-0.9309532065407939 -5.085435981833488
-1.870920922705532 -4.744172604706603
-2.860474705105549 -4.600008421436905
-1.8644084935552536 -4.688620509821292
-0.8951736053097074 -4.442482882856938
-0.3735829253556734 -3.589287030437877
-0.5969659560179679 -2.6145562873030723
-1.3400938337893227 -3.283705715517012
-0.5243120595429598 -2.7053458821887837
-0.13950211636183746 -3.6283417151311332
0.6663228349414254 -4.220495536242755
0.7822316624130747 -5.213755393336631
1.4370451008048999 -4.457964839742928
1.4809508380689616 -5.457000517902271
0.5963654541576954 -5.923378796310001
-0.042618228266202096 -6.692599085691395
0.11111643647872443 -5.704486919560563
-0.8177751177986075 -6.074838752811383
-0.7147875350865452 -5.0801561110571765
-0.05247837891545837 -5.829386770902289
-0.1644851328234452 -6.823094216320203
-1.1318124147380526 -6.5695632918480635
-0.13523489022908408 -6.652226691509439
0.7902460981912113 -7.0310207517487635
1.7692951601853084 -6.827396258603959
2.0566912197794025 -7.785208090296274
2.3767356154448827 -8.732610636631842
1.8040004688807603 -9.552351115009099
2.0564578845776578 -10.51995912100101
2.6096413987696376 -11.353018542426764
3.0125465857404854 -12.268260264766816
2.984860992359236 -13.267876945259458
2.9157581394170657 -14.265486485969275
1.9290285740708444 -14.103114182691725
1.2547634661349087 -14.841603562588377
1.8773352393445832 -14.059040857623106
2.712691533848583 -14.60874974533782
1.7634603698459186 -14.294170347909846
2.119642874134641 -13.359753939856876
2.4645753480643293 -14.29838144234588
3.333750907071731 -13.803877804721068
2.4785705032267997 -13.285547333998364
2.82560392939292 -12.347694573100682
3.8240913311817857 -12.29271359030735
4.606054690668649 -12.916037987728163
3.8057031138423505 -12.316507043179296
3.838239753588331 -13.315977586554158
3.041589938799658 -12.711536462376483
