0 0
0.28444699304711646 0.9586917691033201
-0.28379155465352485 1.7815556417499845
0.004236484438456256 0.8239336658655396
0.9303929805637504 0.4467942424623133
1.6038503975718652 1.1860202616721072
2.6029031147529467 1.1425039625061841
2.303039803337788 2.0964861397333774
1.3035901498469058 2.06331401081533
1.8830585133293598 2.8783087443706865
2.201771161003363 1.93045735928301
1.7411071892521004 1.0428827398112994
2.6351745785658625 1.4908152161575385
2.1238108111246 2.350179572730627
1.6912283450806531 1.4485852015906242
2.5427907162820285 1.9728385067341314
2.8360564660833063 1.016807544895816
1.961849855241366 1.5023616629508978
1.4667721521346853 0.6335129604217329
1.9547490109399626 -0.23934360584246983
2.7615290404258603 0.3515083079419691
1.7668593303931792 0.4546207123533797
0.8092587230998287 0.7427197871721063
0.9421857221533568 1.7338456181959088
1.336882452688124 2.652657073775978
2.2716260627468334 2.297334145365199
2.3637584613228033 3.293080910929938
1.482564477766421 3.7658357769482946
2.167644769813939 4.494303342079432
3.0233330365366697 5.011794975048554
3.827521912931325 4.417421143959817
3.9253823955097937 5.412621287624151
3.266614623869393 6.164967632765762
2.2712017395997077 6.260639937169417
2.813590270080171 5.4205121599811825
3.813561010788762 5.428161847995237
3.069567188334974 6.096348343032814
2.8048249355341275 7.0606675534511965
1.9258278984533581 7.537494785059489
2.9241670507535824 7.595105001032607
3.838155421025699 8.00084538478473
3.2728198030033355 8.825706366402404
3.8300670623648068 9.65605297591805
4.758453418245347 10.027669410181726
3.768606809480367 9.885529721436928
4.2760480258647835 9.023843344665018
5.218353441673487 9.35859773722408
4.566873076521879 8.599932241882472
3.5766728232147647 8.73958702465244
3.353559266965795 9.714379485137203
4.25451975529428 10.14828062418952
4.928185748414282 10.887316570347513
5.455688904368294 10.037763499339848
5.165306352167982 10.994674139565795
5.892501270263315 11.681105163847421
5.13949658570038 12.339120319467924
4.139903802049579 12.367655681271179
3.2338048055917414 12.790721407391956
4.233394170532829 12.762066538753754
3.524671054372428 12.056579795703334
4.401034201753412 12.53823074183808
5.3030497551527045 12.969934276020705
4.355577085837682 13.289771017032532
3.35567582279507 13.275718822691838
2.516311730960371 12.732149212302781
1.537846740041294 12.52573636981053
2.045330812299868 13.387397507615791
2.179082884402723 14.378412332534264
1.8269914893558652 13.442446708414469
2.744741466293526 13.045288075333275
3.512516235876178 12.404568243275374
3.27729456836346 11.43262649238053
3.8644246655944063 10.623133905060808
2.9074193198715323 10.913204186644155
3.418395243735793 10.053609162675853
2.501957485165854 9.653431908615472
1.5094674729644444 9.53110621352059
1.613703035114851 10.525658850429863
0.7152726321904681 10.086542907766503
-0.2384733008353097 10.38715677177944
-1.2262808962468719 10.542836425065369
-0.3784404842142387 10.012584941593296
-1.173768953688934 10.618763649272013
-1.8068760385195217 11.392827870856577
-1.3901389471320613 10.483800810389223
-1.521627124449279 11.475118549172201
-0.523007243826545 11.422598705065077
-0.88740106145418 12.353843649037799
-0.6867691024033143 13.333510335726395
-1.5472673434419812 12.824056925521536
-2.113903879453242 13.648024786579938
-1.2137800772627303 13.212390604346615
-0.5967885247916207 12.42542083098852
-1.5065126079467106 12.010207521317898
-2.475277266173345 12.258189450036571
-3.04447375855663 11.435987921785397
-2.2445551786266202 10.835879377034736
-1.4952533498583664 11.498108015349745
-1.5262105888961242 12.497628725165784
-2.4515727795162574 12.876712906015774
-1.4569946223807708 12.772721130624738
-0.47009634832342573 12.611377408519932
0.5297816014805049 12.627000644288762
0.4950751035964899 13.626398192316886
-0.23596809240243033 14.308729376994593
0.6266256771943226 14.814626588543407
0.45786159646991864 15.800283062705295
0.275232837302002 16.783465007375145
-0.08681977617529973 17.7156226684359
0.7124277535058239 17.114620683165782
1.2340031812561412 16.261415506688827
0.3268664739859942 16.682251572542356
0.5310599137046299 17.661182131456457
1.3832299679810607 18.184447072566126
1.8717695495417113 19.05698880638093
1.384047969958988 19.92998803937563
1.7586026478238033 20.857192867495925
1.8609314210868142 21.851943500651032
1.4308418036415138 20.94915730172808
1.184050711843081 19.980088595696902
0.7457084608923275 19.081280456530692
1.348759245589258 19.87898325273766
1.5409271371029214 20.860345317151808
1.216194992448156 21.806151340725307
2.102425663993014 21.342907132112668
2.540255362707808 20.443849205767922
1.5508232439439795 20.29885237008341
1.241391035169187 21.249773874821184
1.067740613233693 22.234581232105654
0.8872084198894883 23.21815030805626
0.6010573963617336 24.17633483711839
1.5936464027046677 24.297854648207554
2.589906548028135 24.384259062678485
1.6204345599798262 24.629461151555518
2.4999084823500013 24.153514074801368
2.4109298255726728 25.149547607689744
1.5124027453775013 24.710629521760332
0.5136108417709252 24.75976945755549
-0.45017858152673484 24.4931049725944
-0.3309921501424846 25.485976864921845
0.5696473424771317 25.920543895808773
-0.37323158440314275 26.253679497696506
-0.944311147657003 25.43278478311139
-1.7916684870891726 25.96380788930399
-1.7988082381207025 26.963782400956767
-2.0216965335891537 27.93862639244626
-2.5606319075761306 28.780973507752957
-2.613827496693081 27.782389395472723
-1.6139180639409487 27.795847712355197
-1.107057223438853 26.933819819323013
-1.7185486966391457 26.1425687983421
-2.1955859856609905 27.02145185363597
-1.4226381259120036 27.655921400666763
-0.9418004235381738 28.532731017388578
-1.6730321820298042 27.85060191276597
-2.2743977669620965 28.64957590061479
-1.4785078538132201 28.044134535866828
-0.7096261202540043 28.683525558480515
-1.6589434140403028 28.36920617358951
-1.8885533738034648 27.39592344674311
-0.9018380678864929 27.233464513257825
0.09236978979816957 27.12599016414105
-0.8178857239092487 26.711943186413592
-0.6988302625073902 25.71905558093632
-1.0128132407842723 24.76962696890044
-0.7770464656836649 23.79781730247462
-0.9768738813008929 24.777648412394967
-0.05658624209391816 25.168890870626246
-0.5629166640925304 26.031230423098883
-1.5091621364671641 25.707781036006395
-2.0708348823050455 24.880421545468614
-2.4420678445218926 25.80896130647172
-3.2092411828952168 26.450401146900365
-2.2099605793196324 26.488325747328265
-1.3371160552626606 26.976324145710635
-0.48272035738186847 26.456701213727456
0.343681969299533 27.019781309677903
-0.6217183310345963 26.75900887993355
-1.2234437238740297 25.960305836486093
-0.2971064811382296 26.337001088275436
0.27824909209994864 27.154904483759136
-0.32548801529681437 27.95208796649833
-0.3742700251259926 26.953278517445597
-0.9378893639122663 26.127243868689188
-1.7451667301404221 26.717416092684637
-1.8207569293806665 27.714555060822388
-2.2303750673139113 28.62681214140664
-2.951817908508706 29.319286131451594
-3.832328517435513 28.84525968960753
-4.555946229062326 29.53546068020373
-4.540513135265218 28.535579777487886
-3.875802563077004 29.282680744707992
-4.35614059548097 28.405597296781693
-4.786882213474837 29.308072592026956
-3.792491337375439 29.202304990511788
-3.5937803151585554 28.222246864863354
-2.63223534815657 27.947599315387393
-3.5101900009383296 27.468855513695026
-4.333391532355738 28.036604788174557
-5.231185458179514 28.47702057666758
-4.422999277354414 27.88809350382805
-3.423005437291368 27.884583541440392
-4.172342874032271 28.546771887682283
-3.3063427649406534 28.046728078548217
-2.3144468814608676 28.17378143873934
-1.6202149870836235 28.893532838063706
-0.7614219200029219 29.40585545901082
0.11272554120335931 28.920194861405236
0.4387226141163189 27.974824083111248
-0.5559482373093092 28.07792547652674
-0.11316917829505929 28.974556228229165
-0.3959640498229875 29.93373663912041
0.3014885199053746 30.650367585270036
0.8820278478630481 31.464599793362083
0.4112602931451771 32.34685707410561
1.2356659579296438 32.912856455617
2.224459516153633 32.76356714181745
1.2729485314586308 33.07118191065137
0.2808049022400886 32.94607787793835
-0.28183921799226275 33.77277709407924
-1.2089821420086313 34.147484978232185
-1.7918840817348445 33.33494246939747
-2.146935495526205 32.40009569394988
-3.1431129274388176 32.48744856538518
-4.0599571571255675 32.88669367617567
-4.763699259676367 33.59714920124207
-4.82630640757621 32.59911095296105
-5.821293711072629 32.69911228235683
-6.317124649932406 31.830693212973024
-6.722650941171162 30.916609832140544
-6.9787147212437874 29.949949943381878
-7.307613278363937 29.005584686119477
-6.941604096327772 28.074973446844332
-6.79020302673358 27.086501031384127
-7.762270431443703 26.851799176470013
-6.79991658983387 26.579999464294307
-5.800461992771287 26.54697661749896
-5.324533717030209 27.426460714200044
-4.543161504379066 26.80239544093397
-4.481760165429378 27.800508598634632
-3.9133198674146863 26.977784083627956
-4.7378276617797495 26.411933487594638
-4.056625729048411 27.144029059800268
-3.1001811546571663 27.435943047333495
-2.262104888041705 27.981496134884
-1.3739478231000157 27.52195611704642
-1.545251089437528 28.50717446388234
-0.5915568527959009 28.206396633920516
0.37541675564478083 28.461273154179263
0.21570518149664064 27.474109432660324
1.1356808221473298 27.082133896932195
1.9709992177607716 26.53236742109924
1.602060577683127 27.461821174579025
0.7309609652333364 27.952927543087746
1.0017427007789739 28.91556831289489
0.10959542078361872 29.36731296510108
0.013728600950763642 30.362707134691767
-0.9773203601743604 30.49620603600864
-0.2972276766910529 31.229332179228532
-1.2529922623600407 31.523464898899412
-2.1370162659828713 31.990906404350802
-1.2658580739912888 31.49990395575614
-0.9762168157562701 30.542768677162755
-0.15337979269984692 31.111046103678753
0.7684242274360057 30.72338987909132
1.5715766963002848 31.31916341975691
2.0760545548810643 32.182588048894715
1.0761089487042481 32.17215805907307
2.0712574144095934 32.27054266764726
2.531475821983536 31.382736935896162
1.7407686304618952 31.99493146157894
1.6294631707088458 31.001145219659097
0.9278927951944073 31.713745393810445
1.271902601722812 32.65271144911399
1.6899572352258683 31.74428956287025
0.6901364152432118 31.72536001112679
-0.2326245705147849 31.33998725240748
-0.5788958868665919 30.40185284014451
-0.04147953295109397 29.558535780822115
0.1324128405195702 28.57377111733711
0.060532115558813424 29.57118435235012
-0.1321483975497199 28.58992280726225
-0.9483261685110205 29.16772367796828
-0.02874768239564962 29.5606300381532
0.6795942062839415 30.26649955069913
0.20954129775828118 29.38386131042933
-0.5912985918175839 28.784982799156705
-0.6019776708278443 27.785039822146768
-1.3935090057012587 27.17391123836631
-0.4058921976193368 27.330796675530106
-1.4051071559678006 27.37041317477825
-2.40347979806078 27.42744007650265
-1.4927467950934497 27.01444443814056
-2.396482918953572 27.44253440348696
-1.7288146146857017 26.698075515786595
-0.8964457179479347 27.252297510788193
-0.9506207259572116 28.250828966730968
0.04931499141693507 28.2394904871393
-0.8917377578667676 28.577750332621417
-0.1096198647215294 29.20088081752972
0.39374600561624185 30.06495419437864
0.5052697512649096 29.07119242506142
-0.4550093111185466 28.79215099023865
0.345442377979998 29.391548265356985
-0.6529989719465822 29.44735929255402
0.3402150913733536 29.563659870469618
1.3255039370892345 29.392762560637465
1.9563507330769385 30.168669977789826
1.9200405533798732 31.168010545789727
0.962738002615044 31.457098467189343
0.7847055999265058 32.44112309269063
1.1084014772750221 31.49496191245358
0.12162097129513683 31.332899476898383
-0.808191582005536 31.700932920656534
0.11914428357663231 31.326702787710282
-0.8257490926228241 31.654081020973265
0.1335160082236052 31.37157355859733
1.1145817008203915 31.56524881981979
1.959477398423941 31.03031773998706
1.955788853670486 32.03031093728272
2.7818380330634622 31.466712895036128
2.664215131462048 30.473654561896094
1.7553516471892148 30.890748276731795
2.343888506561006 30.082277890656467
1.5578324585502736 30.700433121472926
0.9939967759048883 31.526320113122395
1.763960002021784 30.88823185086735
0.9037615368513563 30.37827244020956
-0.053803594160730106 30.090055473551097
-0.06343883898052523 29.090101893599876
-0.49261786055527335 29.993321339493367
0.5072700140743617 29.978346755404612
0.16385378987602567 30.917530069224316
1.1498154139146701 31.08450215049265
2.027514357019828 30.605289707757606
2.562465602140482 29.760406777794017
2.1564776493235045 28.84652834924486
1.7985901844335856 27.912763623805596
1.2503011415986287 28.74905252454931
2.230251035225148 28.94829661098947
2.252413722015659 29.948050988481373
1.9209419612806302 30.89151612924452
1.9147111963230097 29.8915355406489
1.2638009683508438 30.650690251574954
0.9523179731893838 31.600941978079696
-0.04111476930386193 31.715359573502553
-0.6978586862462262 32.4694732436871
-1.5007287234818787 31.873319150092815
-0.6921591792698417 32.461719772265106
-1.499977742464694 33.05115099722507
-0.7347088337140142 33.69486172208488
-0.1620793419529296 32.87504743508725
0.8238411821809678 33.042262028025604
-0.09877975361655933 33.427969960052025
0.8980918787581776 33.50700760024028
1.113391879088236 32.53045964450135
2.091877452532636 32.32414439406846
2.9194640687788818 31.76280635633176
3.919421346130152 31.753562792504173
2.9308083575716966 31.904043219316165
2.942273783343278 30.904108949470455
3.941469077580282 30.86399954939233
2.9744822686856525 31.118825983311147
2.7810871637729235 30.137705025734665
2.7796509086837924 31.137703994319793
3.32440134974289 31.97630220381342
4.324344690558889 31.986947163077712
5.299070322844473 32.2103524937336
4.385825514843914 32.6177637364111
4.127110744510748 31.651809975814114
4.094230680466372 30.652350671295697
4.90614788725321 31.236123271991772
3.956000113694339 30.92432332266349
3.389598457561667 30.100193985768993
2.557244273100244 30.65443807604832
1.8864250258355741 31.39605896133895
1.115636684274433 30.75896765507789
0.303453515063014 31.342370174484255
1.1218024154160071 31.917091913494577
0.16433738865724 32.20564125508771
0.9902210300029203 32.76948184511082
0.9543899949973358 31.77012398281602
1.7213513929297721 31.12843074295641
1.045269313405516 30.391604425737654
0.08591072734924476 30.109414590059416
0.28172620983501706 29.128773831769784
-0.46070185123074014 29.79869962925943
0.4347265960563751 29.35349417580116
-0.41932431677765925 29.873683601190944
-0.9641065602799964 30.712261151072028
-1.8884081299360695 30.330598199855487
-2.5406370886008554 29.572576178091573
-1.8875640068976494 28.815281288398875
-1.53229611071272 27.880516760862484
-2.2474709936915103 27.181571207363305
-1.477138575872503 26.543928700893478
-2.2136815998978587 25.867538004801652
-1.455906417538542 25.21502227855415
-1.9967899756707608 26.05611976193062
-2.478899990328156 25.180009076133988
-2.6033500590553964 24.187783204472808
-2.6990468635691522 25.18319373365454
-1.773605513946839 25.56208462614106
-2.629838568999456 26.078674362232732
-1.6298564870339716 26.084660658915627
-0.6410457522444799 26.233836162149455
-0.6866008898547206 25.23487433633362
-0.7178736516061575 26.234385223904354
-0.6440822798082323 27.231658924273606
-0.7526539728219137 28.22574754581403
0.24650377878264618 28.184713567107103
-0.13548916786869336 29.108878805962487
-0.01636865770465523 28.11599900253296
-0.6757683069402568 28.867791595332307
-1.6498542849253106 28.6416135515418
-2.164128578120275 29.499239315706344
-2.6018625393515777 28.60013477273887
-2.4543985293379476 29.589202194986058
-2.6477825198109675 30.57032534333632
-1.7639490303216643 30.102523715659416
-2.646574119349343 29.632446113322437
-1.825996118946395 29.06091156033837
-2.181009720750891 28.126050424910332
-1.8705779683932295 29.076646094544984
-2.7801880341495675 29.492109123314993
-2.543838482950633 28.5204410268705
-3.480277608483231 28.871271134147147
-3.2420031012237622 29.842468981750947
-3.3023964737368123 30.840643636085797
-4.201924832758838 31.277506007222456
-3.355373964054587 31.80981383798965
-3.9287683435457947 30.99053434626055
-4.927294873360179 31.044800074458415
-5.828675108355959 31.47782856308122
-5.41526885150491 30.567281877404753
-5.453031547238857 29.56799514237276
-4.552920545463235 30.003655772315938
-5.029789359037708 30.882630251262896
-5.730543488575255 30.16922738475893
-6.135291275688449 31.083655746538557
-6.87965623784812 31.75142876419428
-7.656977689309455 32.380532381333815
-8.513442641254903 32.89673755961962
-7.671339850493634 32.35742050093143
-8.441075027964317 31.71905715881021
-7.441507684942789 31.68964412148178
-6.734941924445374 30.981996733234844
-7.34133617482463 30.186832590993145
-8.303950786192797 30.457707303693528
-8.988703380559947 29.728931697277222
-9.826891085960504 29.18354983975412
-10.357473264234443 30.031183340801647
-10.729414099409654 30.959439779039037
-9.808365678180092 31.348887857414745
-9.717724366120866 32.344771461330474
-10.716498373518897 32.39427380618481
-11.145796068252515 33.297436853090744
-10.192923724585222 33.60080840197758
-10.040466058926796 32.61249839991245
-11.039799930983051 32.57600439819909
-10.050691661693184 32.4288146172277
-10.009814909907574 31.429650420929885
-10.993502058405813 31.609538146690717
-11.52215839301455 32.458374102502
-11.898424028265547 33.38488593282537
-12.841147100882521 33.71846232341021
-12.145257607850674 33.000313443659024
-11.333768173201964 32.41594635230846
-10.488084357271038 31.88226209783536
-10.284366605375386 32.861291759062524
-9.461491108646234 33.42951347360954
-10.190873380346043 32.74540712096397
-9.432367701506411 33.39707355033411
-8.677506363595326 34.052957961284
-9.483233684462123 33.460671303989734
-8.71663592752173 32.818543685012045
-9.27346443309318 31.987916202091412
-10.161731238677305 31.52858834304368
-10.940720021506463 30.901550484357024
-9.94317446814864 30.971570974044216
-10.421409005084353 31.849803134513124
-10.635169164024088 30.872916961793877
-11.458625158130738 31.44029710399999
-11.83899202709691 32.365132789401926
-11.007787078894806 32.92109891614378
-12.005134865086555 32.8483157218032
-12.299608785172223 31.892656205872253
-12.400899218525497 30.897799307564206
-11.847907628979598 31.730986142488703
-11.65626240906339 30.74952187432441
-10.662283137162536 30.63995359866285
-9.720878696527832 30.302673775439963
-9.161368284042009 29.473850453905182
-8.844947077072804 30.422469249723687
-8.229001615621922 31.210258046621725
-7.914452397755638 30.26101688151156
-7.084817097180014 29.70271116952323
-6.218202054381758 29.203733847798308
-6.943143182594167 29.89254467859739
-7.836321558354363 30.342247234821368
-7.315044752519893 29.488859578653894
-8.250269071872298 29.134803830936345
-7.775285629858546 28.254809098103944
-8.230556867747552 29.145161893321106
-9.029374973259188 29.74673452759464
-8.476204801152806 30.579802808524718
-9.455968359048105 30.7799611723778
-8.45881023620842 30.704624076237632
-8.552101361060043 29.708985202938724
-7.5962730665219915 30.002910825095896
-8.540663625559084 29.67408492587017
-9.058617301507214 28.818676257705167
-8.942082995208004 27.825489590730946
-7.942446584294789 27.85245338083074
-7.6151794190921605 26.907521530070998
-7.996013737828817 27.832164824359335
-6.996152540137542 27.84882571723362
-6.643175772759214 26.913193630518364
-7.544546072364843 26.480144461267507
-6.895683939263472 25.719238466924487
-6.207683503003254 24.99352819435991
-6.780727690853906 25.813052665483614
-5.946705988178781 26.36478430266503
-6.0644169759176 25.371736406858613
-5.083179192415787 25.17893492286938
-5.053645336722092 26.178498703409605
-5.0676914936706225 27.178400051280974
-5.4906200717890155 28.084563070726567
-4.574449241100458 27.683775085632902
-4.419129014109613 28.67163926004531
-5.0102245900059454 29.478240785059853
-5.5273834867114395 30.33413019120901
-5.574914987827913 29.33526045175265
-4.626928625604538 29.65357139570289
-4.386760706818593 30.62430275441447
-4.601419103518927 29.64761356499644
-5.129804383606322 28.798608856065467
-4.2033940345584195 28.422093431179654
-3.316886995812329 27.959378324171425
-2.5009701577330894 27.381209046763175
-3.2672275384719045 28.023742801879038
-3.944581647061777 27.28808567279211
-2.972599512892846 27.0530309326646
-3.9725683814309134 27.045140308183726
-3.9263016135988877 26.04621118847884
-3.141894751220598 26.666457812213178
-2.7596419700239285 27.590515608710458
-3.148777996003721 26.669335304272366
-2.753129556019171 27.587737346919152
-3.4693741325287313 26.88988800313452
-4.402673973155865 26.530789955958866
-4.325150993716671 27.527780521440242
-5.316767475636906 27.398564606073226
-6.270499870882882 27.09790779464469
-6.748276776190851 27.976389000336845
-5.813819831709974 28.332465142350692
-6.436591896898362 29.11486846214234
-5.455154722263208 29.306652382855642
-4.604649424647402 29.832618863467715
-5.465684772499424 30.341163974297963
-6.183201061110335 31.03770569995266
-5.63587772747661 30.200784456071215
-6.6066264816225475 29.960686858573634
-6.830450209325436 28.986057216649492
-7.765914592602332 29.339478194550317
-7.8542101791016865 28.343383877025747
-7.172629289794067 29.07512665377905
-8.093761362748875 28.685876471795822
-8.024247914370067 27.688295457294
-7.0243836069154035 27.671822246368166
-6.681069936118682 26.73260143982474
-7.393704221126385 27.43413716652122
-8.243510611310523 26.90704220429695
-7.66311520503347 26.092707400685747
-7.312317314395343 27.029158595315685
-7.0729376869967275 26.058232545615454
-7.445618000367934 25.13027274905876
-7.401566787061816 26.12930202320755
-7.073152729992502 27.073835880260475
-6.727670912738056 28.012261324260457
-7.648672334393334 28.401820538384516
-8.19789118493641 29.237499097525614
-8.265791017032214 30.23519124082502
-9.265540727698935 30.257563456222837
-10.265376927596213 30.275662444453438
-11.261778396062962 30.360421595211967
-10.964830397663762 31.315315247011323
-10.007158451865127 31.02745339780192
-9.060239993120785 30.70597955362601
-9.376513685842765 29.757311565712428
-10.012621033946841 28.985710994375157
-10.709747816644809 29.702658864757083
-11.077705127162597 28.772816180408533
-12.026147981928322 28.455867996561643
-11.312739554765274 29.156616465024292
-11.420531727718195 30.150789914403266
-12.171379939741023 30.81126471521108
-12.369795698297112 29.831146769881737
-12.06919077956552 28.877398017413682
-11.90904660259196 29.8644916515647
-12.751422053833066 30.403382734387883
-12.670040809488386 29.4066996889472
-13.620236010043651 29.71835507690277
-12.634706876214397 29.887861201788443
-13.197910346419354 30.71417945231247
-13.44295527034379 29.74466772713383
-13.086069609911727 28.810519652480796
-12.687688605469674 29.72773967804704
-11.9626541768868 30.416452301257554
-11.400729848646698 31.243640943183873
-11.643413791756645 30.273535534603646
-10.754791825868223 29.81489515070729
-11.534562768950654 29.188830236880985
-10.611711531772285 28.803673653088946
-9.65281647566266 28.519912712562377
-10.646120795557538 28.63543988719318
-10.250208692900673 27.71715147554365
-9.403184211807408 27.18559759452246
-10.40218980520625 27.141012570603806
-9.484896946158276 27.539225843536283
-9.530409872604459 26.54026209368031
-9.337772859633386 27.521532179453633
-9.99397888101355 28.276113956005663
-10.456290780387222 29.16283133358293
-11.343943037879203 29.623345687071925
-11.387048426051816 28.62427515627318
-10.749480844188536 29.3946695867807
-9.757784855534993 29.2660652863531
-9.072522063428632 29.994361177975865
-10.038584802498129 30.252668715964095
-11.031117913657825 30.13069321329387
-10.176033187990129 29.61220491841172
-10.344073693509127 28.626424827060248
-10.19498451883285 29.615248581828684
-11.111914184951237 30.01429743521887
-12.069800247016211 30.301445989283938
-11.36032965717401 31.00618103321815
-11.22605138499821 31.997124697419846
-11.881419137989777 31.241814755516003
-11.410760957728678 30.35949912188294
-12.40810208245426 30.432373540790493
-12.688527881587344 29.472497834680286
-12.059958542694233 30.25025138575124
-11.40120035747499 31.002606124824936
-12.381285807823145 31.20118233189882
-12.957327830563658 30.383762251379007
-13.74804891812736 30.995938828586986
-13.391153100253376 31.930083022587066
-14.311278066788164 31.5384581434497
-15.276060290359414 31.801508064721148
-14.303209404674918 32.032940893470425
-15.226990209335005 32.415862589044806
-14.347175634275223 31.94054552274866
-15.314595287038271 32.193723751369966
-15.16068186980884 31.20563941286603
-15.232722554378316 32.20304110715312
-15.062963241523097 31.21755555388563
-15.788325963202853 31.90592240520645
-15.047939525951072 32.578103871429384
-15.944818161377876 32.1358271330461
-15.921396174419334 31.136101465411766
-16.823826121439968 30.70526484821177
-16.415209852177902 29.792558573173434
-15.420936284674376 29.89942331461705
-16.368610147121192 29.580183200541246
-16.73648440796786 30.510058745012934
-16.2768611166272 31.398172718586807
-15.632833253870666 32.16317475256662
-15.32803619191544 33.115592072350054
-16.088771521229898 33.76465428718991
-16.67174349853656 34.577146547876225
-15.775221432879947 35.02014562890326
-15.235592181158347 35.86204839685594
-14.2356471773262 35.8515608179586
-13.529273289785769 35.143721901960745
-14.508076293208672 35.348525907024865
-15.449751598754629 35.68504874269122
-16.447002235425792 35.610946329377214
-15.875788945170298 36.43174799667297
-16.436252980472517 37.25992676066825
-17.340785389252268 37.68633164040944
-18.33952273917838 37.636095141103006
-19.30439560497912 37.373377892256514
-20.285943004147658 37.564596884999084
-19.706945920641253 36.74926727233248
-20.65455621431956 36.429838514524235
-21.20657033426259 35.596003751886265
-21.757335932266933 34.76134378755653
-22.442260556701264 35.48995771745596
-23.12874953701695 36.21709792395339
-23.320858125772965 35.235724248880445
-22.948980596768088 36.16400605060944
-22.12299367906956 36.727695337176854
-22.083407973977103 35.72847915838853
-22.695335150420945 36.51939326923083
-23.61166124303678 36.11896038847378
-22.903041382028754 36.824550845172965
-21.937393708075305 36.56469594376009
-21.08989249082412 36.03390249357654
-21.669305299315457 36.848936724364535
-22.321339404077815 37.60712636174212
-23.304433357307527 37.42402453454431
-22.638488258718773 36.67802378007712
-22.45782076205389 37.66156801174586
-21.50986672850579 37.34316080347335
-22.366624521677526 37.858879800447
-23.334997420524545 38.10838717263993
-22.957411564316274 39.03436175176803
-21.96102471380349 39.1192925714109
-21.21029049677727 38.45868820010684
-20.328045965601362 37.98789675242517
-20.813200736697983 38.862325050275935
-20.97980305206476 37.87630087789758
-21.78799146323904 38.465224890010845
-21.6423658418744 37.47588512107291
-21.926778561823983 36.51718318369567
-21.83810094107113 37.51324356317957
-20.839311064492218 37.56242468194974
-21.768096544598034 37.19180691126867
-22.768095224477563 37.19343179255737
-22.158770432600114 37.986352531347514
-22.203644895728782 38.985345165233724
-22.094995159998604 37.99126507040949
-22.709989614684876 38.77979650333093
-21.733040951237594 38.99327087881559
-21.113225653118942 39.77801860657152
-20.407067966066496 40.48607320970375
-19.459392665799825 40.16683736387111
-18.973842379088488 39.29262862502521
-18.218403079356374 39.94784726366444
-18.70430959570968 40.821858051564334
-17.8352524444022 40.32714634990232
-17.195644478654284 39.55844507492497
-16.812612118941438 38.634710150061345
-16.453168912088426 39.56787711317525
-16.30114623387556 40.55625411883098
-15.528701648698773 39.92117194868993
-16.2701459826257 40.59218632982319
-17.181620690635977 41.00354244884609
-16.54669334279371 40.23097059913761
-17.346444710068837 39.63063923185654
-16.460123873097192 39.16756755927239
-16.491077955152818 40.167088366861755
-15.576529062952499 40.57156373542598
-15.966321067585868 41.492466658172944
-14.983962431211607 41.67947336805498
-15.066396792525493 42.67606986417303
-16.02954730569112 42.94503285231227
-16.217036485532606 43.92729952050496
-15.644250883197444 44.74700474420281
-14.676359919605368 44.49563433505169
