0 0
-0.2922588182755377 -0.956339261528139
-0.9374538339478954 -0.1923213351994787
-1.448967944812104 0.6669535418839829
-1.7582132108798123 1.6179358579207808
-2.492621119107428 0.9392275079406601
-3.2964998681038638 1.5340207131068975
-2.8135707215335457 2.4096801442745543
-1.919462385319727 1.9618294067369717
-1.0459235615009614 1.4750749272698307
-0.3042408985235656 0.8043239843418623
0.526083157130428 1.3616048494380038
0.7246793337331949 2.341686253525829
1.3487677305262182 3.12303999735017
0.3981356417219538 3.43336020574086
-0.6016573318796526 3.413012971607999
-1.4188912544658099 2.836706876052484
-0.46827865312796535 3.147086775816783
-0.2365316227826876 4.11986286203917
0.7589636758724141 4.025051943070995
1.2295778496369456 3.142712836235121
1.3238673126159006 2.1471680119448533
1.3988465169473652 1.149982914323644
1.800248561166504 2.065884873540184
0.8208997337907951 1.8637070450875473
0.9704596189176503 0.8749543759326964
0.45029676219208814 1.729021470769573
1.4205142181005281 1.4867858659329707
1.75921620220142 0.5458921599458814
2.0741474222178797 -0.4032223361287198
1.790650031450999 -1.3621953437928411
2.766549010654331 -1.580418125348513
1.794766851366987 -1.3445379971248175
1.5488784069957393 -0.3752398629448904
2.523641256196267 -0.1519969732071225
2.6636591074819993 -1.1421459525639295
1.890969277842668 -1.776929716669425
2.291594313358066 -2.693171813998666
2.495081275265001 -3.6722494699248367
2.5870917977196064 -4.668007504669037
1.8243176880969907 -4.021342477248019
2.391794984909687 -3.1979534333555493
2.3111702491964525 -2.2012089064123757
1.4578582236426478 -2.722609507721257
0.8025455843028343 -3.4779672671448876
1.7867723806410702 -3.301055952159744
1.9316514127372286 -4.2905053273472165
1.3450215473305418 -5.1003605002102
1.17595181596266 -6.085964592092529
0.3717180757001066 -5.491651466692035
-0.5578817494805612 -5.860221900970304
-0.19525928212569232 -6.792158028700883
-0.8497832186600481 -7.548199308330224
0.14562916006771098 -7.452521744212275
-0.3934062398870334 -6.610238634090964
-0.27856710035013443 -7.603622735046089
-1.1858213648733549 -8.02420530661133
-1.43496424810675 -8.992672045190488
-0.43811025907816714 -9.071931899832054
-0.001836277114498741 -8.172118023154457
-0.7927123017425728 -7.560141623553546
-1.173968409055815 -8.484611082560361
-0.3039593903094463 -7.99157527524006
-0.2667743054256708 -8.990883670812812
-0.4549237565649621 -9.973024080344963
-0.7966722596228463 -10.912815525644236
0.19033744963643795 -11.073476142560464
0.37840548291953807 -12.055632145880216
-0.47754005002251915 -12.572698142283516
0.36307389680307695 -12.031063401519692
-0.5631364356494926 -12.40807058985713
0.256827720371158 -11.835655720342595
-0.45585292179484216 -11.134167087304355
-1.0870761945174303 -10.358565914037202
-1.6469746179050788 -11.187127170365319
-1.5642140285251616 -12.183696628479247
-2.139531837951635 -13.00162658767913
-1.382316274599334 -13.654791643860994
-2.1556722125062353 -14.288763719984333
-2.755201382305583 -13.488410813723785
-3.262069634349225 -12.626387278621511
-4.185670752002043 -12.243032383686717
-4.77461948231961 -13.051202782214975
-5.734406605721118 -13.331931615348768
-4.73731012786808 -13.255782985334395
-5.703149546548271 -12.996641677697985
-5.080132033063375 -12.21443379107762
-5.872848264162228 -12.824024618561458
-6.780667919624768 -12.404663827409166
-5.783091204634723 -12.335088704630463
-5.0592675466287345 -11.645103696017356
-4.500001072081055 -12.47409163950448
-3.778379085444147 -13.166378941426306
-4.737604722040866 -13.449020371679584
-4.439427472521588 -12.494509854257634
-3.6732822774982843 -11.851842335129195
-3.0718923348198417 -12.650797988995679
-2.816699131307735 -13.617688070070683
-3.7806431831659557 -13.35158308160343
-4.779653183239272 -13.307096906745269
-3.820694888750298 -13.023549751177104
-3.663843801453772 -14.011172015210219
-3.979976699130011 -14.959886930770644
-4.9581863617607995 -15.167506428736898
-4.970864318381256 -16.167426060215313
-5.833404254398156 -16.673415050980886
-5.760318621338105 -17.670740720078104
-6.0705198614227305 -16.720069804014106
-5.530299931311456 -17.56159367599313
-6.529074199442104 -17.61109075994853
-6.983481707887382 -16.72029683525632
-7.680037931755429 -16.002794621328942
-6.759845910953688 -15.61132732403221
-7.518732598875703 -14.960104631787265
-6.553867617541093 -14.6973584276393
-5.707054162815748 -15.229248428387692
-5.309591840278517 -16.146866923277212
-4.760563173510084 -16.982670442692196
-5.114445149325862 -17.91796052988051
-5.61746977009666 -18.782232611402524
-5.638027964841157 -17.782443953420824
-5.345708881877785 -16.826123110954523
-4.5852894290139075 -16.176690854513406
-3.614913055275832 -16.418289060820786
-4.554863367471271 -16.076977750425574
-5.200045295921393 -15.312948772440196
-5.978575951659546 -14.685342193382963
-4.978614001246776 -14.67661879228654
-4.176086553938175 -15.273233991821668
-4.820732471328457 -16.03771528079612
-5.383271773339179 -15.210944736029745
-6.032584397668744 -14.450423128258965
-5.096528296855416 -14.098572341518123
-5.669825951685841 -13.279225162987597
-6.362198846646416 -14.000765026282696
-7.269526758424098 -13.580341358408072
-6.445268980206064 -13.014126633195922
-5.637290728658684 -12.424914324238923
-6.021960789122776 -13.34796846381176
-5.143592335864592 -12.869984300558597
-4.498633698241992 -13.634201779916404
-3.5035873109288826 -13.534790074895671
-2.5317560883865746 -13.299112169923815
-1.631675388104329 -12.863388940132904
-2.486209313482707 -13.382784521917559
-1.7101437020358692 -14.013436697629057
-2.1592762339046137 -14.906901844580617
-1.3942924276153856 -15.55095135829462
-0.4323406143244125 -15.277732199181997
0.55000080446541 -15.46482933152239
1.2754548172905498 -14.77655869051269
1.3614049997710358 -15.772858126491439
2.3329104576078477 -15.535840942740373
2.37239137062696 -14.536620617933488
1.3725897025581104 -14.516705183548426
2.185259496193379 -13.933980714770248
1.9983445006672795 -12.951604623628226
2.44046702631172 -12.05464995793002
2.8205013397901864 -11.129677568839972
2.592455786732885 -10.156027105002568
1.855921187251509 -9.479627235275489
0.9154952259308543 -9.13962868928724
1.8317311146948927 -9.540267923687434
1.2205959316623174 -10.331794163340764
2.0163304926533794 -10.937439693700199
1.0390601531008181 -10.725442798838927
1.5060612223704934 -9.841186048058374
1.0434370921749796 -10.727740566495251
0.16966125273398924 -11.21406944946355
-0.3857979746917778 -12.045613222615373
0.2113738082640364 -12.84772659467781
0.691710803736538 -13.724810610482711
1.4846021656487678 -13.115447592073348
1.1308612372712137 -12.180104149486302
0.15271028694961597 -11.97220821786436
1.1062950507426446 -12.273332939967666
0.4434155726416378 -13.022059056456557
-0.5498826135579366 -13.137638956493872
-1.2487411585817711 -13.852898863134227
-1.5020981293742692 -14.820271720594498
-0.8569784947069665 -15.584353298023718
-0.42840273340887125 -16.48785914572353
-0.4957050238952333 -17.485591776088643
-1.2339024599123118 -18.160176496830086
-2.226284360490542 -18.036976807687864
-1.5849303260474268 -18.804221880988138
-2.0390257487803747 -19.69517493645907
-2.9112011733623997 -20.184368179212036
-1.9224949323758849 -20.334234683255854
-1.853058624655397 -21.331821070076636
-2.0633993374361017 -22.309449212340812
-1.193309779363664 -22.8023428732184
-0.4657017547475427 -22.116349751886833
-0.4041586626732059 -21.118245324575778
0.5499616538695019 -21.4176688065548
0.9540609733380727 -20.50295369243181
1.9532031493363649 -20.461542194736143
2.8682885712680566 -20.05828214146022
2.794036619485653 -21.05552165514613
3.718350398529274 -20.67388827365271
2.991017954212457 -21.36017357543625
3.9517984405415767 -21.082863537591997
3.9108567418401754 -20.083702000448255
2.917920748420613 -20.202353224512343
3.820511608509051 -20.632852631346793
2.8406357104125384 -20.832460307375428
2.470145922691331 -19.903623767830233
2.665188908453994 -20.884418462812206
3.6386812299948126 -21.113138160042393
3.5585322408154623 -22.109921054926495
4.099855336745176 -21.269106386992433
3.728424226580965 -20.34064587065252
3.0611431883761266 -21.085451896441967
4.061133278296431 -21.089903869171224
4.502279347466603 -20.192468553588142
4.529324016161035 -21.192102779640457
4.045449813620051 -22.06724034374985
3.284688766198027 -21.418208273105154
2.316072679840959 -21.169646656498088
1.4062845744222057 -20.75457364697018
0.48644449935308576 -20.362280088143585
0.8500516993606233 -19.430727725631055
0.16149818537145189 -20.155913259389944
0.9820784548079801 -20.727444554606116
1.522093799513304 -21.569099725969537
2.4305995258396065 -21.986972129021375
2.2233715089759105 -21.00867945858643
1.3559037118924109 -21.506172796253477
1.2815572666887385 -22.50340526969464
0.81638365366753 -23.38862473951486
-0.13023462020159082 -23.066268037122857
-0.3942201200410207 -24.030794685730623
0.464247194257 -23.517926408019918
1.3483332936671064 -23.98525045921975
2.082031262848113 -24.66472620567408
2.7097044996011093 -23.88624929023983
2.2429057803302954 -24.77061287818719
1.5733950673845916 -25.513415278056048
1.9392501701591454 -24.58274345417084
2.678116096229674 -23.90889099013146
3.164901547737553 -24.782412554948422
3.7108673962475613 -25.620219986438943
3.2469799159505377 -24.734325858665382
4.2465248625103875 -24.70416131314141
5.242158441032635 -24.79750892863845
4.80185154890472 -23.8996615915345
4.331548838388054 -24.782166753264832
3.3378053425727163 -24.893853209582115
4.065332696226447 -25.57993188559938
4.57379810053034 -26.441014304782396
5.18509447962453 -25.649612550357798
6.143402560634088 -25.363875570126364
6.441072069251289 -26.318544551312826
6.32374966828832 -27.311638431181333
7.208654472129468 -26.845866504012186
6.254169700307491 -27.14412615659689
5.507439749105224 -27.80925349777109
6.5074318279947825 -27.813233718636628
7.507086276780088 -27.839520274587283
6.820091835466432 -27.112857603463922
6.0648931157818815 -26.457361689070236
6.7879978162165076 -27.148100128864453
5.935264654268631 -27.67044690497624
5.521832244783812 -28.580981716385217
4.8262592025547795 -29.29943710325642
4.006805805918385 -29.87258292304496
4.96541735900807 -29.587865711968806
5.821445180688631 -29.070935959962952
5.0196863449848195 -29.668583656662996
5.779788345049676 -29.018779878975142
6.338992806975899 -29.847809655136288
7.212535010021097 -30.334558070130054
7.593320715967463 -31.259221385151758
6.798587791467225 -30.65226209597719
7.524630363370302 -31.339911849692236
7.198774398128481 -30.39449242429612
6.667089587204673 -31.241434725656088
6.870564353876271 -32.220514916104214
7.416859642142315 -33.05810757248219
8.129511593053534 -32.35658979162241
8.767386660802135 -33.12672964771656
9.031600550451614 -34.09119375825478
8.224952630794414 -33.500161497111016
9.187359364411599 -33.771773866284995
9.2626750162457 -34.768933609048815
10.191040893331857 -35.140601200132636
10.03461018672296 -34.15291226426778
9.34946806358707 -34.881321676003274
10.328639020862246 -34.67828415132171
9.397231280581757 -35.04226165247473
8.582371077240861 -34.462604125126695
9.485469729968012 -34.892037267120195
8.755585480492893 -34.20846650826041
9.74647916333958 -34.07381989933717
8.755806102172876 -33.93755953870873
9.306455066234639 -34.772296454376004
8.306510515701154 -34.78282716462682
9.156814159708555 -35.30911958618326
9.734917141033595 -36.12508339848323
9.239685108728976 -35.25632265225937
8.979026276637235 -36.22175363024411
8.372954128005144 -37.0171633049731
8.784089051070396 -37.928737808256365
9.772330475921171 -38.08163936550451
9.600932486793269 -39.066841237875295
10.295903598537155 -39.78587889602782
9.304214617646403 -39.657220568742474
9.522425138114091 -40.63312228959208
9.822716373794012 -41.58696985276652
8.823795560700688 -41.63341561865505
7.825988553682184 -41.69960607676478
8.459120038849933 -40.92556181285652
7.925914848575904 -41.771547761359706
8.14797381861277 -40.79651452406666
8.25863089240892 -41.79037317197333
8.626763807656683 -42.72014634684513
9.626001929155082 -42.759174241284235
8.65081936320675 -42.980576506562684
7.777187381631059 -42.49398924741163
7.571554019220189 -41.51536014490977
7.02296086902282 -40.67927070259123
6.025413252891468 -40.74926179881536
5.244524896403974 -40.12459118585021
6.100493465825922 -39.607563325709435
6.145401403641236 -40.60655445536033
6.237960363915177 -39.6108472499666
7.070617663805453 -39.05705864324067
8.015256439992577 -39.38517079254895
8.052396891950906 -38.38586073714656
7.394143158537828 -39.13865687319386
6.679211666998849 -39.83785138290189
5.7993244072612224 -40.31303388484342
4.936450519322173 -39.80761459997891
3.9667352049772227 -39.563376582617
2.972599244218258 -39.671513956016994
1.9863922034270705 -39.83703033796721
1.1101369539631327 -39.35518312381433
0.32987509338919374 -38.72973014481935
-0.24993291891644875 -37.91497701112413
-1.1748074112832072 -38.29524950995797
-0.32826350392409853 -37.762930608440115
-1.2781233166521917 -37.450254520188786
-0.27998498939725314 -37.51124533642134
0.5321153851133863 -36.92772757172203
-0.26022492655751206 -37.53780693582252
0.7384774985993069 -37.486880852271085
0.8819142211572335 -36.49722136203121
-0.10311437654394418 -36.66961237603963
-0.8786038970428699 -37.30097281477201
-1.4067911776581217 -36.45184491121668
-2.198281910853612 -35.84066374391384
-1.2990596872085463 -36.27815590670401
-0.3262534659406322 -36.50977640636335
-1.3208193603577203 -36.61388539570787
-2.158015235054713 -36.06698223481891
-2.580489408334978 -36.9733571974647
-1.6105811520055722 -37.216827882156004
-0.6108729180021399 -37.19267323734928
-0.890658893341604 -36.23261083937541
-1.7909251171615905 -35.79727105685043
-2.7909070604415094 -35.80328047563404
-3.64702756683093 -36.32005671206478
-3.2698217114588117 -37.24618615370509
-2.328690056721074 -36.90814590691396
-3.1795256424365625 -36.38271388839949
-2.7482667909983194 -35.48048564507291
-2.106853402133826 -34.71329019110739
-1.7314772365786988 -35.64016274671206
-2.617454502299729 -36.103891422367866
-1.8805780149036795 -35.427864024755266
-1.9053409737845777 -36.427557375672166
-1.9239241353312608 -35.427730057528215
-2.3538076758518707 -36.3306144031614
-1.580363417575496 -36.964478725662126
-1.6688496003515603 -37.96055613001267
-1.2246936747332482 -37.06460662600134
-2.0730949712401796 -36.53525302009565
-2.296310840781741 -37.51002205714228
-1.4934208978624586 -38.10614934183832
-0.8573510916135859 -37.33451782253748
0.1425992246712644 -37.34448602005899
1.1034153905214577 -37.06729962890507
0.2555813626798785 -37.59756132018016
0.35712795376890816 -36.602730535655375
-0.6154608766769213 -36.37019888857908
-0.7136414217512154 -37.36536750774315
-0.2064119399036738 -36.503556476980215
0.4590322618139636 -37.25000407353363
-0.19063187433445705 -36.489782717478356
0.793663078075746 -36.66631443321181
1.7927881477137766 -36.62449224746309
2.780453260756537 -36.781073295097315
2.360558669354279 -35.873500415317885
2.4082366569916456 -34.87463765723004
1.9122201087007478 -34.00632458936708
0.9129266748726255 -33.968739577620376
-0.08644626558944324 -34.00414756926349
0.06133364636009769 -33.01512729766933
-0.5943517725022773 -33.77016148993566
-1.475472618823855 -34.24305265519205
-1.270729653170191 -35.221868428468795
-2.263737151149329 -35.33991972645917
-1.6826746219456563 -36.15377864368957
-1.275775401163055 -35.24030558764111
-0.812711286134514 -34.35398080215171
0.15681153669301195 -34.108979789875136
0.23039153569710724 -33.11169047190038
0.12068512534364782 -34.1056545072293
1.1034982104722595 -33.921051041118886
2.0912850648624906 -33.765239840321726
1.0914505468403304 -33.74704817818232
1.6715718304179878 -34.56157828587645
0.6733839581613098 -34.62175279609204
-0.2729119011045351 -34.29845085249084
-1.2662992052521564 -34.41326228031195
-0.29763141590993014 -34.66162232921443
-0.9841501618508388 -35.38873443300017
-1.2189999091058148 -36.36076611777915
-1.2380030104856479 -35.36094669301389
-2.1198851576263538 -35.83241660568542
-1.4038396027591482 -35.134363052328
-1.9631511475117454 -34.305405516680686
-2.9630839836759533 -34.31699530359
-3.506253107356324 -35.156618613819234
-4.047324491554816 -34.315641945176445
-4.904255904752465 -34.83107239933596
-4.174359928863112 -35.514630637074724
-5.084039125217634 -35.099318995388884
-4.967983710166193 -36.0925617354264
-5.6593564763731035 -35.37006350141652
-4.665174732360704 -35.477779144999346
-5.635447209826524 -35.719794267403586
-5.255429190838101 -34.79481518372433
-4.282372197902979 -35.0253799002359
-3.4349745931031164 -35.556338749281146
-3.7361094187716057 -34.602757176069076
-2.751259969763163 -34.42934563438927
-3.722894412517351 -34.665833498039305
-3.0479006126179193 -35.40365689838476
-2.5036310398578934 -36.242567282256374
-2.768643707743295 -37.206812212686536
-2.1634078377398236 -36.4107660195161
-1.191242844841388 -36.64506332334776
-1.108889393347589 -37.64166650868637
-2.0299557206232706 -37.252260780994945
-2.499476591751126 -36.369339407612614
-2.3217723012888256 -37.35342333957741
-2.986495898562248 -36.60633396123779
-2.0134912461497425 -36.837119459880185
-3.0134892101684283 -36.839137369313995
-2.9286778088356473 -35.842740346935884
-3.0415032577323524 -34.84912552313279
-2.964620379932156 -33.85208539199405
-2.6905777370578443 -34.81380293362801
-3.5992649671121644 -34.39632536784009
-2.601101575454499 -34.456904601530084
-1.6604132568115615 -34.117632605679084
-1.2738620800803568 -35.0399005644458
-2.0278978577957423 -34.383067217298176
-3.026398487922661 -34.328326997750324
-3.9947803724223157 -34.57779949277312
-3.6743929740633865 -35.52508609933567
-4.14460490483838 -36.40763963321157
-3.1461356445338358 -36.35233017446449
-4.1045112832240775 -36.637840481047405
-3.7949332366373856 -37.58871451743265
-3.554640095058419 -36.61801414856998
-2.7879005307204876 -37.25997243419209
-3.416859266982159 -36.48253374974159
-2.5157681924665813 -36.04890386674417
-3.48413758387438 -35.79938288208658
-4.472924414441517 -35.94871674863064
-4.689251325691303 -36.92503773451035
-5.65108094102759 -36.651388705529705
-6.231100333560795 -35.83678603901958
-7.225395596231017 -35.73012334342476
-7.0837487284756815 -34.74020609190567
-7.64053028971673 -33.909547140793975
-6.76357631088462 -33.428972777130525
-6.462932841029813 -34.38270937810255
-5.546920838266408 -33.98155852020321
-4.797901862819178 -34.644107065156696
-4.381893959257181 -35.5534680628765
-4.711312738959349 -36.49765197905996
-3.711600480517395 -36.473664475628226
-2.813400412970787 -36.03407758016924
-2.011631945263274 -35.43644280525236
-1.1178511260429462 -34.987938795020746
-0.380910858211957 -35.663896664750204
0.5893439169616894 -35.421810582430844
-0.09830243388275228 -34.69576478761462
-1.0358095703144572 -34.34779874165665
-0.11770107742646863 -34.74412789184239
0.1564240416799263 -35.705821927944775
-0.7050124653648819 -36.213687209619394
-0.5368632182574364 -37.19944875821885
-1.2400621742334228 -37.910441886395404
-0.4499068429170143 -37.297535243918546
-0.6940277142923981 -38.267280055793776
-1.1624766787334422 -39.150770614721324
-0.18585189434493332 -38.93581938649013
-0.7860344275669954 -39.73568245403054
-0.7584846424501168 -38.73606202139622
-1.331926964234655 -39.55530795735584
-0.7363103360465949 -40.35857679916778
-1.5813271050114857 -40.89331660521193
-0.8444714411548624 -41.569366699984805
-0.46802780826198226 -42.49580622378245
-1.451914527126672 -42.31701325847991
-1.8411952246975263 -43.23813243562191
-1.663361542925061 -42.25407187771541
-0.8412145117103531 -42.82334708274795
-1.0086270466110023 -43.809234014986195
-1.5524443891547013 -42.970030405634624
-0.6264055899996754 -42.592602078055045
-1.5578557451817256 -42.95647102206007
-1.0138117628668066 -42.11741432236277
-0.18212037312341045 -41.5621761462377
-0.4763841360561543 -42.5179003940334
-1.3139684944570498 -41.971592383326836
-1.706177228151212 -41.05171613664252
-2.0960107095028517 -41.97260150237338
-3.0683937924369302 -42.20599203350868
-2.7928489506977314 -43.16728025261413
-3.3618575736650698 -42.34494869722493
-3.784601057212586 -41.43869931260825
-3.119962558811999 -42.185864399080984
-3.584097385730827 -41.30009983530513
-3.2286809337805122 -40.36539178158833
-2.2645924199288947 -40.63097291318351
-1.3507160098227755 -41.03696540948308
-0.856962534620012 -41.906567333195994
0.02314632123475313 -42.381339280393824
-0.7430531155939666 -41.73873643025748
-1.630099527362786 -41.277056169288855
-0.6307912144710947 -41.2398688625087
-0.4907978083987059 -40.249716426640234
0.20718725872138255 -40.965828740511014
-0.7913131400708597 -40.911084301416864
-1.761485843631585 -41.15349908080474
-2.7578435031176927 -41.06822649210611
-1.8015204354682393 -41.360538295291576
-2.7399779044253085 -41.70593311134806
-3.189636671499099 -42.59913353297451
-3.2924977257778623 -43.593829267112675
-3.5038919376855215 -44.57123015066657
-3.2316544763556676 -45.533460250304216
-2.8020833245431436 -44.63042723566385
-2.328848957652471 -43.7494906692792
-1.3753748364206926 -43.44801579446989
-0.43547513358373113 -43.78946644772302
-0.6991555289903154 -42.8248563456205
-1.6805786564968233 -43.016712137285346
-1.2365233630689898 -42.120712753145646
-2.114813456151284 -41.64258461928036
-1.6542741742142588 -40.75494529512166
-0.7887643786950309 -40.25405329692218
0.12992348453475078 -40.64903761300865
-0.5291173158863096 -41.40114480176592
0.03125565890190518 -40.57290442051963
1.0240978943367933 -40.45347119425217
1.9722257315082885 -40.135581898458014
2.9482549085333725 -40.35322161357393
2.0909459269789648 -40.86802381845086
1.1147611843056062 -40.65108293209757
1.5075753440190156 -41.57070080704817
1.3454397910370548 -42.55746930191373
1.1606348963127342 -43.54024453099001
2.0948340227743323 -43.89699653465416
1.4278701674920957 -44.64208660689177
1.3357669863949022 -43.64633713838487
1.630771944848602 -44.60183286024224
0.7078929756380817 -44.986922990197456
1.4617387133635875 -44.329871543419436
1.5854099621296402 -45.32219478824879
2.049205886351082 -44.43625272429902
1.2443668515519604 -43.842759566744846
0.27206383029612446 -43.609035723594914
-0.7143374165548538 -43.444680680438836
0.26752230035962254 -43.25507188238183
1.241041138137195 -43.02646507475746
0.2980740138521054 -42.69357920464954
1.256830454725929 -42.97780813893132
0.2700845279138433 -42.815535294869974
0.027994206099147934 -41.84528157749309
-0.9589202858775981 -42.006526067402916
-1.2513256997525268 -42.962820516794224
-0.8282445165570578 -42.0567287375434
-1.8106505201755194 -42.24348645238914
-1.1479996192898487 -42.99241487590864
-0.8241359853723649 -42.04631110431392
-0.12391302698879825 -42.76023533597479
0.876031095236644 -42.77080663801332
1.8279360709367496 -42.46441323528183
1.702476918376791 -43.45651202120939
2.120130081691077 -42.547905486358594
2.28818487057995 -41.56212782992104
2.015118713398425 -40.60013257327883
2.0832058894989856 -41.597811948855295
2.728507262675392 -40.83388385159964
2.2496431268593375 -39.955994827047476
2.7550158075074895 -40.81889601122473
2.9556950601814957 -41.79855301117227
3.896343971386087 -41.459171771488016
3.3027397444931945 -42.26392889125453
3.1478815419729824 -41.275992184216975
2.664012761272108 -40.40085162232817
2.4243320621936157 -39.42999985069192
1.7040908613399401 -38.73627612139267
2.655429864797962 -39.0444223537232
2.2459455565135134 -39.95673951418266
3.117201613452456 -40.44756828600355
4.081097991451946 -40.71384590894522
5.056566195755946 -40.49370553919916
5.367501581874372 -41.44413659175341
6.365070205646076 -41.513827630389855
6.7887134417750366 -42.419656758030484
6.0110056180328 -41.79103084312551
5.24266471660492 -42.431071669317866
5.0195773714644245 -41.456273209923225
4.538287383444718 -40.579711776005446
4.880274307354336 -41.519416487005046
5.879001028454957 -41.46896912275674
6.809314353511188 -41.835734875278455
7.805463017058176 -41.92341520439251
8.796045239164743 -42.06033438218152
7.8666359615368915 -41.691283715389986
8.113599642576053 -40.722258978735866
7.2586154430181296 -40.20360493362844
7.37520206062348 -39.21042440593202
6.578958047147239 -39.81540000131025
6.104064804924584 -38.9353565884656
5.660619798307353 -39.831658170583054
4.813465647223076 -39.30031097307405
5.188625072588189 -40.227271277272514
5.981511205120502 -39.61790145455568
6.375694840239974 -38.69886975662356
5.501486611336885 -38.21331855178711
6.323117322583239 -38.78333870435789
6.32055372284103 -39.78333541833067
7.180220197235073 -40.29419112477127
6.3985405501173345 -39.67051097494935
5.678803184713738 -38.97626453106801
5.492021815578918 -37.99386302448116
6.211987070141819 -38.687873134077684
6.5951096018635385 -37.76417560474942
7.590598422559009 -37.85905451637018
6.645653532794264 -37.53182500164467
7.548855901962873 -37.10261004346146
8.494213730959558 -37.428644666093284
8.558262131505447 -36.43069787272827
9.448639133840636 -36.88592176677668
9.453650619681062 -35.88593432435069
9.005426802444184 -36.77985569094935
8.795872826181302 -37.757652771652914
9.640236721675278 -37.22188266051733
10.602692894386031 -36.95044553039146
11.387520176430652 -36.33073096919538
11.145358720888066 -37.300966935056
11.60733449632054 -36.41407439200833
11.636367164538418 -37.41365285524979
11.869038506902882 -36.441097434493564
12.757507172060553 -35.98216015007123
12.393175413681751 -35.050890924854045
13.204980670608851 -35.63481919512834
13.227318870412018 -34.63506872384585
14.217544080569674 -34.77454643951479
13.632281416397337 -35.58539020617142
14.222227809726414 -34.77794779150768
13.399515389698585 -35.34640559463114
12.685859979969802 -36.0469025297885
11.840960881677267 -35.51197682120416
12.23454433192668 -34.592687928804295
13.185067308159843 -34.28203366494679
14.184920370667694 -34.264891512407814
13.989329086195143 -33.2842060126484
12.989477284936346 -33.30142157303833
12.125385959418264 -33.80475663158721
12.155689608072796 -32.805215892608445
12.294669977157506 -33.795511028923414
11.927392211350211 -34.72562233556558
12.601261039756196 -35.46447333685254
11.781664953290043 -34.89153158148
11.421232597911848 -35.824316935779976
10.666747816286591 -36.480634476529794
11.654406688599435 -36.637254883698596
12.61188893771973 -36.925747071841606
13.454746318759145 -36.387610067699185
14.272604846474474 -35.81219071744815
13.353789833966935 -35.41750226716012
12.922192579873583 -34.51543585593582
13.771982189746524 -33.98831384069457
12.85099781131745 -33.59871433518974
13.636547918366604 -32.97991628306363
13.112628081747193 -33.83168385981018
12.385111686671253 -33.1455935633508
12.933869828545472 -32.30961240224323
13.875842807658069 -31.973923697307036
14.773259866883837 -31.532740490679025
15.716167528910136 -31.865794751861944
16.641676691294247 -31.487069534398067
16.737140329480024 -32.482502452170195
16.040466645921846 -33.199890616720936
15.210609713908891 -32.64191438748707
14.92700671134913 -31.682972607742812
14.55212155982768 -30.755901346636772
13.80680373777323 -30.089192006573196
13.382184677176774 -29.183819898885876
13.636683507943367 -30.150892980477145
12.783736692625276 -30.672890806371782
13.743954595852603 -30.952142625205095
13.06204431329059 -31.683578450507763
14.061706085607478 -31.65757189425245
13.655444793492066 -30.743814944878757
13.601534960765 -31.742360752508702
14.571458417633666 -31.985770875173998
15.141758052353293 -32.807207620540716
16.09877544991353 -32.51717710358253
15.49627982035022 -33.31529928492892
15.648122977655008 -32.326894683776274
15.011931686325402 -33.09842604466601
15.929523640466014 -33.495949636036904
16.59765498096239 -32.75190628256446
16.2402247424687 -33.68584612249546
16.896171546575783 -34.440653243673914
17.790491617177207 -34.8880810158556
16.958796883722396 -34.332847848309264
16.404241358106272 -35.164994571555006
16.631950841052024 -34.19126545553938
15.700392462573337 -33.827673668659976
15.43862750341974 -34.79280532090195
15.855808356131147 -35.70162881098734
14.875020235594189 -35.8967048541438
14.624220348473544 -34.928665900061745
13.639108138894079 -34.756753321878925
13.443474800482857 -35.73743043331881
14.440382418133714 -35.658847980635706
15.145234197687502 -34.949493366313746
16.14349535643846 -34.89054712869679
16.02183297626932 -33.89797558706788
16.12379792887936 -32.903187595363505
15.14864587885404 -33.12472422739401
15.249876563463307 -32.12986124763572
15.371216821239457 -33.12247221969014
14.372433263511452 -33.17178149683132
13.385073284572627 -33.33027525692907
13.053592080964611 -34.273737080032994
14.043274067165171 -34.41701850307909
13.863296945046844 -33.43334770676866
12.863947918201177 -33.469424327212074
13.863010660004594 -33.426138787591576
