0 0
0.5604583889401435 -0.8281825851022339
0.715219037177722 0.15976940854780408
1.6872366399040404 -0.07513861598558791
2.612842303961186 -0.4536279218653315
2.526223912683237 -1.4498694860918095
1.541224662238419 -1.2773108681582301
0.7127109178052711 -0.7173421410980803
-0.25909644461601244 -0.48156586929833345
-0.20423429783729616 0.5169280690161816
-1.195856470002845 0.3877558286946682
-1.896863400113658 -0.32539863138856917
-1.0545925026922451 0.21365585134664367
-1.7565460943852902 -0.49856683511401223
-1.217823697957265 0.3439165057223782
-0.8629375773324108 1.278826042195208
-1.8444175674789702 1.0872613561439695
-1.1967942411644459 0.32530070938239875
-0.5414328681381259 -0.4300147682460268
-0.25106567737997243 0.5269005334036114
-1.2021634813089346 0.835790428611443
-0.9565322516310876 1.805153775869296
-0.6160344983090943 2.745399105548032
-1.6153659417689221 2.7819595501910768
-2.257241007314545 3.5487687834628225
-3.2549110221665862 3.6169929834590686
-4.227528614998853 3.8494042958196464
-3.5740662090360154 3.0924453246770494
-4.5396724137898845 2.8324363684066363
-5.514404984074749 3.0558114261589795
-5.451522915969297 4.053832390623545
-5.694937659162521 3.0839100933253665
-6.630701173572129 2.7312818966368715
-7.61226362484869 2.922423609101602
-6.992744770245949 2.1374418330126863
-7.460250223284138 1.2534516456352713
-8.188578536845883 0.5682233131326636
-7.2834052271752086 0.14318063355820404
-7.807537350645704 -0.7084563296757249
-8.75045697146054 -0.3754359268737274
-7.823398854508154 -0.0005182721911354826
-8.297635591526928 -0.8809156354662571
-7.763720680129828 -0.03537742379996778
-8.534516934626632 -0.6724591564322085
-7.55187662760517 -0.4869381953071496
-6.564242257975599 -0.6437130399934117
-7.55289601367432 -0.7939253941551576
-7.337885769644889 0.18268639922151708
-6.3568666224085595 0.3765972879196615
-6.924119011300559 1.200141292388348
-6.583744166680188 2.14043112278622
-5.662479741925861 1.7514942902772912
-4.7373653059855805 1.3718058911723188
-4.673872951889041 0.37382356619292334
-3.7927037969956836 0.8466247088147731
-4.729220885292691 1.197246646701858
-4.082737288934921 1.9601745329665587
-3.978169761491535 2.954692321748829
-2.990818886627662 3.1132427866032235
-3.2860503827971854 2.157817036652185
-4.2425086929509535 1.8659480575917187
-3.7165587452762288 1.0154325359573662
-3.0538167526851865 1.7642803517760774
-2.0597604298546766 1.8731473671695622
-2.8998039559116218 1.3306283589036632
-1.9327675010159675 1.585266327209345
-1.347629801881558 2.3962002783124476
-0.392641872736173 2.6928449397958616
-0.3551779105420471 1.693546960443998
-1.2762934339303829 2.082836303443562
-2.2621640670934644 1.9153278121166317
-2.6378173712821362 0.9885675437342775
-1.6744816769574755 0.7202685686336936
-2.442457920556285 0.07979024014172842
-1.8554531895049142 -0.7297932612485283
-2.2727361208479566 -1.6385698868335825
-1.5860822685354903 -2.3655544032467244
-1.7497434676844295 -1.379037798270847
-1.8468928159438407 -2.374307613010936
-1.248502002747112 -1.5731032478944211
-0.90559976111086 -2.5124743421275966
-0.5705805222168491 -1.5702630550104884
-1.5302708866891799 -1.2892036229699235
-1.0111859939791155 -0.4344809345146674
-0.5066588697993688 0.4289149080551903
0.49176652222152073 0.37281912775102666
0.18629470308742496 1.3250202450129769
-0.7779382329112192 1.590076550607533
-1.2856208085338217 0.7285323541734785
-0.5217313198067451 1.3738794305690298
0.03877662790215597 2.2020284754608026
0.4025636120691167 1.2705463070052239
1.0531772699718278 0.5111374130946679
0.3340724928712687 1.2060390748793806
1.3327225068699047 1.1540953597588377
0.3330329036864551 1.1790091568784489
1.2564971343953681 0.7953246320391019
0.2571193972190535 0.8305969786628953
-0.0767713807418598 1.773208748371218
0.8701689903181764 1.4517994553246714
1.8674197058537716 1.37769810335493
1.0907653479300623 2.0076250898526595
2.0649640134748615 1.7819329099909447
1.067033055733654 1.8462275721466537
0.6399787445951561 2.7504535479613406
1.6303860302117896 2.888632448657113
1.7838327504097355 1.9004755258657513
2.468680202733985 2.6291619927669725
1.772217976612405 3.346755448412837
2.07802565017855 2.394662140596811
1.155391725645277 2.780339001842506
1.2547250148417841 3.7753932202936427
1.024404505616818 2.8022783950903927
0.05468527363678721 2.558055932716312
0.8028152159573569 3.2216081834120813
1.75446486293934 2.914422654132027
0.9805702814719208 3.547737091655259
0.9396860336332928 4.546900981254293
1.2084988387377036 5.510093420911031
0.3465590502362279 6.017104072670963
-0.6127166516981024 5.734632609194743
-1.301625548665275 5.009784672259365
-1.2776347420277279 4.0100724930813385
-1.0345425959429986 4.980075693339936
-0.37997906809496684 4.224068690719498
-1.3799379012108517 4.214994988414601
-0.6713279157803306 3.5093946138766072
-1.1748199168020967 2.6453947267775995
-1.9727724941661173 2.0426744896209925
-1.6772685866342778 2.9980160205058453
-1.5524525894236558 3.990195926994743
-1.0385744557770291 3.132332730581784
-0.9985179008081544 2.1331353164518103
-1.9954849200887201 2.055310111878842
-1.4599398854434382 1.2108034417649918
-2.4396380910276854 1.0103254480225203
-1.4503787189362805 0.8641546755359544
-1.511507921200447 1.8622845371424224
-0.6503203034092668 1.3539973280144015
0.34866680251886095 1.3089999704326105
-0.43228692108704636 1.9335888604923586
-1.4207240851985077 1.7819578194641703
-1.0844014760371379 0.8402109837557149
-0.1481668679992817 1.1915865075364724
0.5744888755823603 1.8827946355764023
-0.14810969914375482 2.57406252851212
-1.037608504938655 3.0310000236790704
-0.9153819014657901 2.0384978033271524
-1.5418811658436478 1.2590757920046576
-2.5382375414888307 1.1737882037447278
-2.4399898966868148 2.1689502007536854
-3.137843932235374 2.885190205967434
-2.635716521554478 2.0203965522887666
-2.8386279901118954 2.9995936396659055
-3.5785629322983494 3.672272077949406
-4.553789521310556 3.8934803510397615
-3.805119869839248 3.2305371008547774
-2.8132177947340957 3.3575421141498927
-2.9109661622526515 4.352753275988151
-3.8958296239216623 4.5260852172723025
-3.354627405151399 3.685192739961354
-2.357021524962624 3.754348418056361
-3.1796714962234405 4.322896590847883
-3.27861755652595 3.327803792587031
-2.283583820233997 3.2282655404380414
-2.7714656177122383 2.355355836236398
-2.1116026134455352 3.1067417661020835
-1.4648648733391025 3.8694542253696795
-1.129699471012855 2.927294921916445
-1.7816461038247355 2.1690300684745547
-2.2266176434438987 3.064574779211518
-1.887994918284035 2.1236525454401463
-1.7661801979938296 1.1310996884493365
-2.7562648890473227 0.9906279669481419
-2.6865781905491275 -0.006940960020025866
-2.506140643900684 -0.9905274034806354
-1.5487265737240536 -0.7018090316581655
-2.459057093040852 -0.2879269885584342
-2.3048090332401716 -1.2759591419055436
-1.5060890523120194 -0.674256231769543
-1.2766115415337307 0.299057731988812
-2.1007744784942175 0.8654104960331526
-3.0600673071757223 1.1478237904090312
-3.8627313119709203 0.5513923229241791
-4.7781198737517405 0.9539637836126409
-5.366458754837302 0.14534931366853343
-5.739778688698402 1.0730519745367364
-4.802007154128316 1.4203048347842313
-4.904925296061843 0.425615005711394
-4.096747989853901 1.0145542570187536
-3.622361709545141 0.13423746344111276
-3.488867546383043 -0.8568121359239499
-3.0564643067743025 0.04486820564720018
-3.346663080572855 -0.9120981844030547
-4.183091773656865 -0.364022421952483
-5.138355304460955 -0.6597783799917151
-4.141313256909979 -0.7366364011434275
-3.744583274418782 -1.6545717588852105
-3.1856395819275036 -2.4837773718812968
-4.054511906057864 -1.9887411263797117
-4.628559767932201 -2.8075628727186217
-5.572159682319805 -3.138650778821676
-4.645959056404912 -3.515681812762995
-4.632427060017401 -4.515590251108111
-5.596406886301716 -4.781565615600505
-6.250401180455295 -4.0250661356174975
-5.385548583410568 -4.527092016807891
-5.963675258621777 -3.7111449919286814
-6.892552461618045 -4.081532818070184
-6.070136349747646 -4.6504192205583905
-6.8545594375047285 -4.030193117114135
-7.586835436132352 -3.34918514224606
-6.597911490393168 -3.497608285804073
-6.3463273360877075 -4.4654437125695985
-5.537603473349724 -5.053632214529774
-5.4128560023161985 -4.0614436898678825
-4.57043048751141 -4.600256507092832
-5.523673238510049 -4.298050852498901
-5.670167533031868 -5.287262367632319
-5.998252449448093 -6.231910602490226
-6.9208143460064715 -5.846061477807264
-7.684905200732563 -6.491170124256799
-8.4714523785034 -5.873639932978081
-9.02111468596159 -5.038252988047927
-8.881588648284128 -6.028471390628907
-8.205883933835953 -5.291298996359757
-7.985597327500616 -4.31586380575545
-7.137455505736441 -3.7860945633729326
-6.204081573309265 -3.4271891409209587
-5.226989042508396 -3.640004051707661
-5.4843980802337615 -2.673701517664983
-4.507955168597861 -2.4579256146637345
-3.5264583425807214 -2.266447207217148
-4.484305945516062 -2.5537240241568764
-3.4881004639650834 -2.4666916248576314
-4.472409783144782 -2.290240033263793
-5.469447149277518 -2.3671587600804553
-4.6922681056867255 -2.99643829590162
-4.57842191968912 -3.989936683385867
-3.8722149239858323 -3.2819312602288573
-3.720088471173191 -4.2702922986933665
-3.498692867361908 -3.2951082203712083
-2.6388935175425945 -3.8057402581932442
-1.6897454654817317 -4.120570331834676
-2.537197945990365 -4.651441590502692
-3.5344081394449205 -4.57679689832483
-3.332272366221761 -3.5974393899636214
-3.7465613704145277 -2.687294005420599
-2.970811999613487 -2.0562528707060785
-3.216382041725182 -1.0868740209175862
-2.9333899484971373 -0.1277517788804151
-3.6644668105023825 -0.810046892332478
-4.662491032640007 -0.7472165491327966
-3.704541415196015 -0.46028009198782394
-3.0699613929677287 -1.23313725562723
-2.3841528318903267 -1.9609192405326983
-2.8319833022896885 -1.0668007529809163
-3.5687126773431483 -0.3906130364898972
-4.541060915733675 -0.6241486939361197
-3.9828387978765525 -1.4538402433296929
-3.8997586831706874 -0.45729737192853714
-3.01408747833889 -0.9216103234297759
-2.73456516435936 0.03852887272228678
-3.2603326409255855 0.8891572055358508
-3.848603999495304 0.08049361127273702
-3.3846853815370928 0.9663714334986594
-3.4165392707037796 -0.03312110261402035
-3.4580040033139734 -1.0322610707614093
-2.6003190284936673 -0.5180855326739865
-3.4558140058552675 -0.0002744245379451282
-2.667210621406317 -0.6151766135368627
-3.0546634358328077 -1.5370661495404945
-2.3699243179165213 -0.8082778809773774
-1.9063546945610264 0.07778261599901115
-2.8143471254526937 0.4967691855253395
-3.113018991951425 1.4511250500550044
-3.2138440836250433 0.4562208833690836
-4.213630120920095 0.4355356318632708
-4.266898910897911 -0.5630445782422066
-3.9286183129177052 0.37800071133218704
-3.0169996701316135 -0.03303633094605368
-2.0241146970524637 0.08604108183074612
-1.5877210461661164 -0.8137147636440609
-0.7285682967685098 -0.3019955504005739
-1.1387586544179027 -1.2139954793980836
-1.482479217380234 -2.1530674545932005
-1.2428214652574179 -3.123924891010844
-0.9486971607324617 -2.1681577156549885
-0.41875354142670984 -3.0161905925867263
0.32325577083795576 -2.345801018896534
0.08718172605645252 -1.374065949353142
0.5084584482966832 -2.2809980985785003
0.9308443935733866 -1.374582016840811
0.5716856337151878 -2.3078584952849646
-0.33782600432491217 -1.8921800374962379
0.24076659630514607 -2.707796738217935
-0.5759414019207351 -2.1307455744257853
0.2935539753033901 -2.6246866528813806
1.2266376170192 -2.9843460995282913
2.1540367961245126 -2.6102728946675424
2.188158436295707 -1.6108552073755735
1.2509377602568528 -1.959592077243491
1.8794565931247513 -2.73738644385357
2.7163210645744753 -3.284796579332604
3.5606454292614997 -2.7489641734482153
2.5921955687670386 -2.499755691031868
2.8579725041028574 -3.463790244688271
1.890253820255738 -3.211757411642259
2.1565046574641933 -2.2478536344498483
2.5759379422972746 -1.3400674704364661
2.0668744346009724 -0.47933850895559627
1.4105468351286534 0.2751375225860977
1.9552070632078147 -0.563519282041848
2.8040704762479622 -0.03490703662765815
2.8551185594819266 0.96378916001982
3.1355565431447907 1.9236613063596892
3.8126964670541446 2.659515587755153
3.216315481408392 3.462217101370395
2.4077814621263722 2.8737676645759813
2.8410192102173566 1.9724879889874032
3.6721800368194915 1.4164559032926511
2.690505179622189 1.225892331887579
2.262041213996038 0.32233346265994944
1.697960532792492 -0.5033862144054232
1.1629923574836623 -1.3482584245098517
1.4874824815716534 -0.4023693404363753
1.2864298860856944 -1.3819497883059513
0.859534788893995 -2.2862509416800303
1.2103009808383725 -3.222714010139668
1.4655998600192928 -4.189576193849924
1.848092373513757 -3.26561760326229
1.8519248415985659 -4.265610259329513
1.5316233543599425 -3.318294600600742
0.9926514398600494 -2.4759708651045136
1.8141366699876884 -1.9057410722296235
2.733498142444025 -1.5123271897052306
2.269092941394594 -0.6267043528055505
2.503735171998009 -1.5987861516360058
3.217508153525533 -0.8984090169140702
2.3934358270599803 -1.464893615781198
2.715559414071244 -2.411591241578895
2.5417434268748997 -1.4268130926565297
2.708774993029979 -0.4408615441979955
3.6916860174824 -0.25678026321078523
2.731165380115636 -0.5349890071289907
3.7116874407369416 -0.3385800240478972
3.5591434674193985 -1.326876708350995
4.131892069649549 -2.146607785377729
3.7020584267322127 -3.0495158866905987
4.676178218616122 -2.823483519406507
5.263133979119586 -2.0138645131993904
4.857296762503023 -2.927809891003185
3.881488672023485 -3.1464387330041377
3.2480722563324766 -3.920249849707145
3.5869516248346884 -4.861079682144203
3.2227750408152063 -3.929749764417997
3.7689314786841726 -3.0920665633364175
4.12699109145023 -4.025765290820728
3.137675282055536 -3.8799769878546755
4.134189246458379 -3.963403115357569
5.041053545961754 -4.384825874930725
4.447772346682804 -5.189821165961754
4.322419563275745 -4.197708934562452
3.459295696166727 -3.692716667268413
3.473282325261947 -2.692814484949286
4.160588131028536 -1.9664463073977496
3.57203360190167 -2.7749038302424895
2.698677578736557 -2.287821438032282
1.7700310496807985 -1.9168556389716513
2.073683782002122 -2.869638414925223
2.858403737942723 -2.2497879565495102
3.7631484820890826 -2.675742118331665
3.684972813042394 -1.678802518973157
3.705786929688073 -0.6790191561648634
4.472806486175119 -0.03739543468441897
4.895009274814143 0.8691059747272993
5.883565652646188 0.7182541008655966
5.372928312072891 1.5780503013760612
6.368557229009469 1.6714476233917197
7.226375936602803 1.157495227830708
7.935643731460733 0.45255608494150046
7.713319218883887 1.4275288082048068
8.36631249446555 0.670165102944823
9.218735441431521 1.1930179689461946
9.69539688875136 2.0721049183652824
10.336974914525753 2.8391626977036006
10.276596725535994 1.8409871248236003
11.272276174425675 1.9338441927222838
10.75702576464837 2.7908838739648267
11.756888836041252 2.7743358086763226
11.01490352961379 2.103919665489313
11.856674382121495 1.5640846611885082
11.253248397693621 2.3615036735761303
12.140908478100126 1.9010043992523602
12.09843464077384 0.9019068198624488
11.773374408965058 1.847600134683073
12.310843720585526 2.690883443581228
12.729683837450894 3.59894343967411
12.773060431552562 2.599884647067719
12.239577554617513 3.4456955124608655
12.737217168339669 4.3130794037422655
12.233180141366677 3.4493973584036883
13.145844619476497 3.85810697463082
14.12023102152951 3.633226696495571
13.950415475589196 2.647750831566859
13.625702440924973 1.701938247003114
14.484957797827061 2.2134851477219697
15.19837943597061 1.5127501291674696
14.703604256285011 0.6437291158616446
14.789163201968115 1.6400622262286522
14.518800655821268 2.6028208115661156
15.518149470493038 2.5667383142283646
14.542310153814398 2.348248891088095
15.393301373879831 2.8734288063281452
16.387096420275654 2.76220198510625
17.184563726039713 2.158839825008841
16.185782203050465 2.2081902995281246
17.176094445084594 2.347048728430865
16.89656365101616 1.3869120011011218
15.909476002537994 1.2267309341117658
16.38938092378032 2.1040514380140722
17.28687806305178 2.5450717153251534
18.162805972976397 3.0275137290585086
17.433674711121856 3.711887605668659
18.340163378739536 3.2896574605099755
17.63206148842653 3.9957677301811856
18.62732346862341 4.092997307854793
19.587891626543556 4.371041933751241
20.014303547640363 5.275571023137829
19.51659914410043 6.142917739680272
20.311932372287515 6.7490902037047515
19.31235554763076 6.778179232721145
19.393214611604126 5.781453687862707
18.431045694571996 5.50900006777808
18.284566251703787 4.519786353347767
17.56539740933685 5.214621712385143
17.515964243597267 4.215844278656806
16.5634433319332 4.520317451272476
15.570141903243561 4.404765420727265
16.536012937236848 4.663788866949302
16.019991359728245 5.520364451206484
16.162371046263882 4.530552335266285
16.307703958903915 3.541169525377431
17.258991966595374 3.2328658983757106
18.16669823444236 3.652472060522186
17.17032335738825 3.7375432329333047
16.278593818259907 3.284974532020445
16.845154443104164 4.108994591470509
17.810310786213336 4.370668497995653
18.773047731826594 4.100228904830641
17.773069637697546 4.093609897198539
17.58131337429589 3.112167318416554
18.077230351464806 3.9805372578753326
17.088627294417968 4.131082917386491
17.27604216562991 3.1488020685206433
18.20917877217255 2.789280061502872
18.931067807790445 2.0972712318954274
19.561130022366854 2.8738158898276502
20.56103868063517 2.8603001538118193
20.337495681261938 1.8856060851773484
19.33749847318955 1.8879691017724884
19.9663589974769 1.1104509727278709
20.962609244511583 1.1969694406022624
20.21452110127728 1.8605688151892603
19.840110718392733 0.9333057105699482
20.335329146747913 0.06453720963461551
21.22275726963507 -0.39640891163008574
22.18590508645142 -0.1274362681105245
22.429125193795294 -1.097407391074314
22.578022031324593 -0.10855465594447011
22.41109633685874 -1.0945241344411891
21.432924056194793 -0.8867285874708808
21.769399655239173 -1.828420772448395
21.138254764707927 -2.6040857305045777
20.155637872174488 -2.7897306671657476
19.190767090015513 -2.527005765917452
18.192332145299073 -2.582931262509592
18.834261654741344 -1.8161676060239658
17.955640240010002 -1.3386485911402703
17.538366357936187 -0.4298678104571355
16.77147130184943 -1.0716403347597034
16.877108004222613 -0.07723554438924296
16.469152789071035 0.8357663956035637
17.192280092079248 0.14505161825760926
17.249523293950777 -0.8533086452943289
16.259092781529475 -0.9913209638201714
16.939326196223654 -1.724316531019248
17.742625252392415 -1.1287406531007593
17.58996363175488 -0.14046213487610326
17.291953350273072 -1.0950247950148364
18.204656916670825 -0.6864024756478855
18.19462854291812 0.3135472389477416
17.768474085921017 1.2181976569443866
16.981569572705137 0.6011228745391416
17.631794559165566 -0.15861883616426264
17.766633232521883 0.8322487292386568
17.601223760568192 1.818473706912616
18.531979471011145 2.184115344965276
19.519913646273615 2.029240991541397
19.55777612583757 1.0299580322944835
19.244908465561437 1.9797547616810078
18.402199409094557 1.4413855146500305
17.724144754103513 0.7063740284506823
17.26274962424135 -0.18082072702270247
16.76170300226153 0.6845995654379087
16.92816224272943 1.670647901607515
16.551095909788817 0.7444616457373918
16.39668888904761 1.7324689695694695
16.37562572680263 2.732247116558211
16.110801568293727 1.7679503961085095
16.811687561913153 1.054677079666553
15.838765298773618 0.8235444989094365
15.704693565657754 -0.16742713054284442
14.851046597994934 0.35342491620370675
14.15193146018008 1.068434023892636
14.38388611140232 2.0411606246270706
14.190606222917356 3.0223042862318534
15.179681766459577 3.16971381498309
15.592007210773968 4.080750437721683
16.064773493779555 3.1995625794002676
16.15991079433044 2.204098419300121
17.06365220521302 1.7760196155081538
16.092842720772182 2.0158715384099986
17.08371444722035 1.8810634461987574
16.885898288487006 0.9008243083635118
17.601491649310574 1.599341410477145
17.239648930502206 2.531580568014184
16.80646520324736 1.6302749270457053
17.777487541568906 1.8692636683716373
18.749987661044134 1.636361290494833
17.76487187304369 1.8082533619590486
18.068649293561972 0.855510333234483
18.19980873168158 -0.13585095398231606
17.353507904882456 0.3968543215304393
18.09419025460362 1.0687097053828967
18.484733190923546 0.1481249917955968
18.48966215242442 -0.8518628607998849
17.492336149634536 -0.9249439401512025
16.77891679416709 -1.6256812827014708
16.31391478911152 -0.7403716559073734
15.435081988872666 -0.2632417897028643
15.066337282496312 -1.1927725000720357
15.322561685445168 -2.1593898262841735
15.333249898148981 -3.1593327057073926
14.954591582136159 -4.084869241838913
15.851672162458561 -4.526736226811113
15.451634809102451 -5.443235062554966
16.277406327224472 -4.879230275466724
16.342421969882455 -3.881346030571671
17.02516137039754 -4.612007998231341
16.108399706872703 -5.0114426640919465
16.666602554982934 -5.841147177977236
16.724168665517688 -6.839488874450893
15.80177501344125 -7.2257400241049625
15.161186868195106 -7.99362466919829
15.590905667310833 -7.0906619049125545
16.427409383903896 -7.638623155482328
17.216556139026217 -8.252827843578984
18.195149370300598 -8.458631846708098
18.846936128390514 -9.217034129127288
19.623136376748224 -9.847520587704652
18.676735055915174 -9.524527491918603
19.66972685890985 -9.406344247821224
19.367104873769115 -10.359454909869173
20.139460005472678 -9.72426395391091
19.19382688456717 -9.399028653479808
20.153555716661458 -9.679956702714717
21.147181298803314 -9.567226039125527
21.4168941078176 -8.604285230636437
21.712079989456623 -9.55972507452039
20.8902418308588 -8.990004054131871
21.316337320433327 -9.894682247615192
22.120237404613324 -9.299917878595496
22.603876824950415 -8.4246505416658
22.560077179095398 -9.423690876698863
21.76110456220034 -8.822323470322477
22.73106958850105 -8.579079050543807
22.3286172547589 -7.663638108120159
21.759272638402674 -8.485737072859918
21.129652578395056 -7.70883387423347
21.134023991534242 -8.708824319561407
21.37456116139877 -7.738184391517251
20.472008102477634 -8.168763043835389
19.517649266577894 -8.467425415653626
19.393216481130565 -9.45965345491971
19.763999161273464 -8.530933796408032
20.245079078233875 -7.654257052392678
19.245087621292875 -7.6583905793388025
19.115837568156245 -8.650002612224739
18.1165880311401 -8.611268095666206
17.512641551011242 -7.814243222064407
18.4319730972783 -8.207727031182678
19.423664391236095 -8.079086534105311
18.809589259431682 -8.868334107747062
18.797823020521243 -7.868403332332132
18.230948608623933 -8.692207557337126
18.758924822854073 -7.842948399478225
19.685755050102397 -8.218429064571408
19.236847691939957 -7.324850761462151
18.291759040757928 -7.651664839198913
18.151155281418333 -8.641730787941508
17.536196169381764 -7.853171791719163
17.918315076669735 -6.929058627278223
16.98254333846701 -7.281664999854002
17.982519155189966 -7.288619564488928
18.868745244604224 -6.8253665899258795
18.081025450960702 -7.4414002957425405
17.77319927001645 -8.392842906899553
17.966824856775926 -9.373918404581586
18.05958577581863 -8.378229993532049
18.35283613811137 -7.422194311658629
18.967709814140623 -6.63356869545898
19.619265339778313 -7.392169642605103
19.234480930043443 -6.469163164824482
18.659717484717333 -5.650843556164847
19.65968137531749 -5.642345468391762
19.153799136692406 -6.504948019190029
20.11855685565012 -6.241808239393231
21.103402551764464 -6.068375385397645
21.57113161630837 -5.184503492994181
21.725170558595824 -6.172568270353926
22.45021154079822 -6.861273994249832
21.45266137243433 -6.931228705293292
22.452643352110577 -6.93723206458427
21.475630011579064 -7.150410235191525
20.85719562117836 -7.936246671588891
20.03128364663401 -7.372447584764294
19.058027686053585 -7.602170973200641
18.650044832915267 -8.515160563253627
19.11208920984117 -9.402017368916837
20.110475530037252 -9.34523043692256
19.15900341503305 -9.037495462684284
19.243635237417333 -8.041083171190488
18.258600489368067 -7.86872730347627
18.01649867956761 -8.83897815438615
17.31077824692195 -9.547468571361861
17.503627075542767 -10.528697051023748
18.208123755934178 -9.818989768182801
17.75282537286424 -10.70932868251481
17.421858252239357 -11.652970969117776
16.92801680693549 -12.522522938180112
16.582742286591607 -13.461024672649101
17.344410675774952 -14.108991697210419
18.12252079482211 -14.737119584377051
18.748556663215844 -13.957325322097248
18.95250920832859 -14.936306097874809
18.5618492922203 -14.015771019810826
17.993665910240324 -13.19286905454291
18.23008027197359 -12.22121672496908
18.871813924394086 -12.988144309132704
17.875081840654627 -12.90736588847226
17.60346623217957 -11.944960069063043
16.902285272482498 -11.231976715990692
15.999835065300744 -11.662770893710874
15.600556378394247 -12.579600501752752
16.495653431761426 -12.13372914692785
15.725931861957134 -11.495349397109594
16.034346078385948 -12.446601556689062
15.513066167247883 -11.593215797349306
15.37120385682828 -12.583102197337917
16.111578144962273 -13.255297045183456
15.954996040378226 -14.242961990660428
16.1050138675094 -15.231645282489941
15.587540177613969 -14.375946164653532
14.697935013199897 -14.832676557169526
13.700709415993595 -14.907115178036207
14.70042322037793 -14.931038165378919
14.880350767154649 -15.914718030940328
14.227604617214576 -16.672294735794967
14.988650099578937 -17.32099325881841
15.20072957652296 -16.34374083725111
15.776342747619557 -17.161462964419087
14.805590891903025 -16.921377907360323
13.813402677064614 -16.796627972146847
14.811090026867856 -16.86459820123711
13.994740744189489 -16.28703967721507
14.885585559211737 -16.741347409427473
15.604252975708114 -16.045993438800696
14.994545276666154 -15.253367094468793
15.943615337272094 -15.568432198949498
16.6204418148593 -14.832289604585545
15.95839292641672 -14.08282895230823
15.033596651957971 -14.46329163214322
14.50389155736067 -15.311473518744004
15.378877914083949 -15.795621094952047
16.37850792850005 -15.768421200127428
15.530228770054787 -15.23887189236903
15.688114277308712 -14.251414467160647
16.288265994034056 -15.051300657134961
17.100203609430014 -14.467556441998637
16.935185571690855 -13.481265892910429
17.906582426107743 -13.24380399864321
18.38350862199704 -14.122747343617483
19.35809017275837 -14.346780378939604
18.53054787849787 -14.90818375549702
17.59821213086306 -15.269777524362365
17.531872891362166 -14.271980398037357
16.603617997503953 -14.64392508751185
17.3349534572611 -13.961907165971803
16.35094862779209 -13.783765380919395
15.627957474151179 -14.47462266846653
15.464972964584058 -15.461251296492884
14.480756424615024 -15.638219662172686
15.477776062822795 -15.715367837964772
14.478856649199063 -15.668891983097755
14.76161926007493 -16.628081904797657
15.63680212710836 -17.111874163159804
14.859474753703779 -17.740970463066212
13.946347182211952 -17.33329652695864
14.930266084799658 -17.15468075741238
15.620411404943766 -16.431009950288598
14.63851166704611 -16.62041138828872
15.34880026055417 -17.32432197489212
16.32868564138463 -17.52388309443884
17.038091619255763 -18.2286831785483
16.21037466738159 -17.667537344045247
17.044026217638397 -17.115246575740706
16.044030312542397 -17.118108356869644
15.55701887429808 -17.99150394823658
15.706580822519424 -17.002751591150016
16.432725276154947 -17.69029375891456
17.280159744506246 -17.159393747754127
18.260940926702226 -16.96428282378968
18.266840562221937 -15.964300226790746
17.351812251261904 -15.560910601066892
18.155035283390433 -16.156589004786763
18.90330937544492 -16.819978696566814
17.944338554432925 -17.1034834839119
18.94238546614368 -17.16595237236546
18.145972353616152 -17.77070534192759
17.806186458630865 -16.830202526637255
18.59460819032001 -17.445337611801715
19.076529973047645 -18.321551852346012
18.0826442881871 -18.211137879365758
17.482605221229303 -19.0111085776569
17.825107146081656 -18.07159145089846
18.508821257602516 -18.801341417467313
17.869244964136445 -19.5700690446775
17.341280557017882 -20.419335542789806
17.17863613794129 -19.4326507942793
16.220993163842518 -19.144692578283884
15.650578352128889 -18.32333580892132
14.739278714183001 -17.91159199308471
14.795105978435942 -18.910032435257417
14.341332690648635 -18.018915269397226
13.701738382712941 -18.787627908330826
14.496024181895315 -18.18008361429358
15.118415156783115 -18.962790120193596
15.909176632597266 -18.350665714236584
15.060599215374497 -17.82159448370185
14.160422210835119 -18.257118720109553
