0 0
0.8324440426334742 -0.5541091191128682
1.5734496582203756 0.1173897101256327
1.383618670612293 -0.8644270732630707
2.375960676057585 -0.9879476959493915
1.549664517068004 -1.5511835769433713
2.524928684323758 -1.3301410378995484
1.5257583298201705 -1.370866983943501
1.6317587433302518 -2.365233069616022
2.49092265417809 -1.8535325963930163
2.6743543671928722 -2.8365650509236193
1.6747282902751077 -2.8092208313150877
1.8918158552413267 -3.7853729655324124
2.862219914468808 -4.0268599462059615
2.0596067780810747 -4.6233598651479895
1.3274101862682057 -5.304453214798108
2.2914457415818275 -5.0386799127319355
2.5371212947331148 -6.0080320275920664
3.4549600066809454 -6.4049855498713715
4.4541616623589375 -6.365034939233246
3.4692248239180947 -6.192120439314481
4.4452096217649855 -6.4099590822862105
5.148254580375669 -5.6988136779052905
5.501111950959708 -6.634490799579492
5.384080933205155 -5.641362539542888
6.339560511775463 -5.3463052994434355
7.316997054912668 -5.135076030306813
6.835503134338436 -6.011525460935902
5.991776932193035 -6.548299245516799
6.494471375510043 -5.683835078151717
7.399767020086424 -5.259053021196583
6.439028415145171 -4.981597920368474
6.72841025827681 -5.9388116628866925
5.931049315833493 -6.542314378262445
6.758702128694017 -5.981073947284719
6.602216653236328 -6.968754207273133
7.229758856357998 -6.190171659754118
7.489367379379355 -7.155885600201635
6.489773140125054 -7.127401273816481
6.660785760838659 -8.11267011203104
5.842767948932888 -8.687863000899544
4.915686441383094 -9.062722812508097
3.938223425540783 -8.851616079644234
2.9388875100282372 -8.815178077960525
2.4396549931324887 -9.681646135117818
3.3210531078446293 -10.15402031241997
2.689776970985592 -10.92957845919707
3.1605736201962507 -11.8118202146655
4.159443642013508 -11.764294647706315
5.155178503496311 -11.85655561251713
5.100408772136403 -12.855054624297695
4.82223038227937 -11.894525195588429
5.115364965589618 -10.938454007827012
4.538082910662662 -10.12190919640555
4.699233395823236 -9.134979350300716
4.7998492847635195 -10.129904695687372
4.6554768575250245 -9.140381273906328
4.547451052891942 -8.146233183562956
3.6140282619150566 -8.505011518032752
2.840646485045524 -7.871070963086056
2.517233292271601 -6.924813119398736
1.5174120340111124 -6.905906730785014
0.5401883370806978 -6.693694935265412
-0.3527631191904771 -7.143847905646801
-1.1613971407549735 -6.555535897297125
-2.156437969832582 -6.655003220919232
-1.832221808421064 -7.600986244381906
-2.691078980868188 -7.088771096874405
-2.224495873252147 -6.20429373498923
-2.229574177984166 -5.204306629661842
-3.1358709069644015 -5.626948604671099
-2.938714845508772 -6.607320721487619
-3.1143602325556308 -7.5917742236953965
-2.215566974804637 -7.153401460146661
-1.3523897566592815 -6.648500390554958
-2.2849842531120452 -7.009426290409784
-3.133885066603051 -7.537978472180239
-2.7998948359533644 -6.5954019363856276
-2.911050922749455 -5.601598975850603
-1.9157789558389826 -5.504471678543617
-2.4919364263920207 -4.6871329671601885
-2.2001773771813604 -5.643624816160321
-3.1619887740081953 -5.917337871994368
-3.771617251742212 -6.710025149005741
-4.771113575001347 -6.678290313391362
-5.251002776650471 -7.555619415918211
-4.542138367926912 -8.260964189801877
-5.488611023650246 -7.93818018776953
-4.498346710416412 -7.798980367598947
-4.936229729495295 -8.698012325652922
-3.947952093749808 -8.545344992259986
-4.749076116060791 -9.143843363917146
-5.644806298703407 -9.588441429480891
-4.8882796524484835 -8.934478560881857
-5.699083225435065 -8.349160214994601
-6.686355913911734 -8.190123619872436
-7.5095271380319915 -7.622330404185284
-8.48684698427036 -7.410561855650305
-7.718427884367791 -6.770614914955276
-8.717623892461067 -6.730523302235644
-9.66082926411887 -7.0627335171235455
-9.075131704270163 -6.2522038332826195
-8.186732746525065 -5.793131625588203
-7.808933393547281 -4.8672441330225205
-8.331306253667481 -4.014526949537961
-7.331492193394526 -4.0338102293551374
-7.910824985666107 -3.2187191204606695
-8.022395824792358 -2.224962637283496
-7.897255250132836 -3.217101658073367
-7.312360685572685 -4.02821099000587
-6.47134720472491 -4.569225153436282
-5.473410713595276 -4.633433873030071
-6.457759516341859 -4.45720267678103
-6.795429815822984 -3.5159382246485125
-5.894798013640401 -3.9505211935938584
-4.922044600571493 -3.7186790115760244
-4.010949534397958 -3.3064827229049087
-3.4733421698462252 -2.4632874183759164
-2.5926322524839533 -2.936943455453182
-3.5924135667464108 -2.9578557401593812
-2.8980622909494587 -2.238219508581826
-1.9021083437744424 -2.3280846025088056
-1.4158549074599616 -1.4542667749999139
-1.944859210751575 -2.3028859163695596
-2.9448364877515143 -2.3096272429294014
-2.339706444428924 -3.1057538852850004
-2.909672083728878 -3.9274224133529767
-3.673598984950321 -3.282119624276249
-3.967678752451367 -4.2379005041574755
-4.624187402108847 -4.992218999837458
-4.781424494344866 -4.004658117245827
-3.783378944935368 -4.067148766977558
-3.5502023354997707 -5.03958317032419
-2.685062892041647 -4.538051772131646
-3.267180050560305 -3.7249468503914294
-4.009426908841965 -3.054820294156709
-3.0500655062911886 -2.7726400338694095
-3.453318405473357 -3.687728608435378
-3.841605137451765 -2.7661899962386194
-4.466724112539305 -3.546719474852658
-5.466619206087811 -3.5322349349005666
-4.802582022078663 -4.2799344856916575
-4.882855086744959 -5.276707396182848
-4.907238598051639 -6.276410074170838
-5.431155195385755 -7.128179643384156
-6.024306916364257 -6.3230889429657235
-5.6993160412053845 -5.377371791242509
-5.162447844463796 -6.221037921490391
-5.982776334298505 -5.649145301529696
-5.575954152100585 -6.562652669902674
-5.875093194772669 -5.608443136755352
-6.300344853193941 -6.513518286679356
-7.300071901212743 -6.490155293300667
-7.7361005598271975 -5.590222513107125
-8.517988627458015 -6.213641352810054
-7.554299714923289 -6.480668841765098
-7.901781792785295 -7.418355466157652
-7.812215166870467 -6.422374633248588
-8.651566896754982 -6.965963332119226
-9.375613265978178 -6.276212032580973
-8.376568763827914 -6.232507539410014
-7.619458029401961 -6.885794104262678
-8.078771792361687 -7.774068198872993
-9.064247198401704 -7.943886407820867
-8.752896274159191 -6.993591399955766
-8.341118272715685 -7.904875591373125
-9.056489816592865 -7.206131321836137
-9.610508109566675 -8.038635814947368
-9.343193794298616 -7.075026424762336
-8.643090208156867 -6.360985131368555
-7.736400063420512 -6.782782454069836
-8.736370101820134 -6.775041504318003
-8.188722836059874 -5.938332192606157
-8.129409346120708 -4.940092787497725
-8.297634923117375 -3.954344262140401
-8.859205781114008 -4.781772912507866
-8.245787916253322 -3.9920143905090484
-8.79777447218574 -3.158161380638683
-7.822453055818129 -3.3789511783528825
-6.8383091147035975 -3.556322831013496
-6.1911667872383385 -4.318692038158464
-5.69657834308508 -3.449564733956106
-4.819760988151506 -3.9303883253982175
-5.819675157402542 -3.943490009679691
-6.74309634235416 -4.327278122031481
-5.901857939370399 -4.867942481264944
-6.626669426410638 -4.178995234914022
-7.599145816967232 -3.9459937975578985
-8.519072867404267 -3.5539042390713003
-9.383105584390572 -3.0504685788551558
-9.803038812544614 -3.9580235820875354
-10.051911914302057 -4.926559683232779
-9.109504902359118 -5.261027953537724
-8.531641592207784 -6.077161517840126
-7.545491310195983 -6.243015734814084
-8.46019429047986 -6.647142519202094
-8.773432523258316 -7.596817100059048
-9.07975166753564 -8.54874597442373
-8.09775175559854 -8.737627347130333
-7.179907672642595 -9.13456845029648
-6.558957535952541 -9.918418517429606
-7.098563208956218 -9.076500636836583
-6.956858231113194 -10.066409571665695
-5.9585904524771784 -10.125243593601258
-6.683891362816879 -10.813675572420083
-6.473295569541152 -9.836102346592694
-5.865659961203504 -10.630318291710983
-5.340472931616564 -11.481305121194051
-4.371680129604357 -11.233433164794505
-4.251792309201891 -12.2262206095777
-4.8528547593646145 -11.427018550643675
-5.7909078181015685 -11.773510194113246
-5.230442975878901 -10.94533197619616
-5.589590049231682 -10.012051000443341
-5.2955339327581665 -10.96783915707875
-5.404105998338601 -11.961927737928363
-4.594774280940754 -12.549279567085174
-5.14965976753951 -13.381206304702172
-5.879434703227066 -14.064893764907655
-6.3835450852314874 -13.201254533077977
-7.383355247933261 -13.220738848776824
-8.382566642009298 -13.181032552693912
-8.208407352315398 -14.165750046096623
-9.197285946375146 -14.314475048064738
-9.913771035698975 -15.012077454007137
-9.083550097863984 -14.454642978592862
-10.083509068528553 -14.44558444739528
-10.596809857115046 -13.58737567300732
-11.56695173125932 -13.344837543980484
-11.508516245543492 -14.343128730964098
-10.50970223504736 -14.391817255655571
-10.538409552609432 -15.391405115685089
-10.34150638676738 -16.371828056706654
-11.217877945369713 -16.853463698320642
-10.784261165510006 -17.75456107831023
-11.536278248885925 -18.413704694156408
-10.5363283544931 -18.423715123906494
-10.949473315399306 -17.51304984990193
-10.41919069288355 -18.360870786337102
-11.160514665413743 -19.03201813808041
-11.345093984182991 -20.014835758538386
-10.807351247352136 -20.85794473665786
-10.235613040875627 -20.037508618940567
-9.481912915202457 -19.380290146467182
-8.719497328849087 -18.73320246022563
-7.855996016942634 -18.228855868747274
-7.6236698429685505 -17.25621793565677
-7.148878947105699 -18.136316569450592
-7.276253072723413 -17.144461825991087
-6.383332904727212 -16.6942467956049
-5.38639733744776 -16.616019724247227
-5.980170690263848 -17.42065206605654
-5.295778983355941 -18.149766591707813
-4.4950350060750734 -18.74877333862175
-4.818458705911303 -19.695027591126987
-5.442603951636353 -20.476335924782028
-5.9126505077938045 -21.35897754800434
-5.3710883939589875 -22.199638286268453
-6.127424074781174 -22.85382200504724
-5.127425142014614 -22.85236102395871
-4.183789106753381 -22.52137608025815
-5.176757372040142 -22.639756923866397
-4.791156772230198 -23.562422723290116
-5.754998743936153 -23.295948233745662
-4.9898439297015615 -22.65210189318479
-5.988185635748089 -22.709667837701566
-6.3712465132473035 -21.785944738429098
-6.496352172489239 -20.793801314308553
-7.343245443083955 -20.262038408286156
-6.346129184524983 -20.337927583517928
-6.17768937758886 -21.32363952492846
-5.653314390932868 -20.47215207735831
-4.913433454335136 -19.7994142386282
-5.528855550263878 -19.011216519878218
-4.587304720445312 -18.67434557297426
-5.573688129765198 -18.838807634917064
-5.933005808641129 -19.77202294000331
-5.776134367761683 -20.759641971328854
-6.068157956783137 -19.803230854990787
-5.624162588272917 -18.907201774691785
-6.562639693970941 -18.56186031746335
-7.532278347555933 -18.80640250497684
-6.55891935139704 -18.577116080179053
-5.5678391366809254 -18.44384940017891
-5.03014890127185 -17.60070693846456
-5.912332676031032 -18.071612223582108
-5.046551696130142 -18.57203533939697
-4.633272877978499 -17.661430804778796
-4.23751867633539 -18.57978727798614
-3.8673783325170863 -17.65081143014182
-3.827768774023318 -18.650026663650564
-3.073023384324822 -19.306044496280794
-3.423766761793688 -20.242516109925187
-2.868103033956908 -21.0739232433842
-3.644409187192896 -20.44356718808851
-4.4856241278608415 -20.98426805141039
-3.9414646943709717 -21.8232498813352
-2.9707483797112495 -21.583021164372703
-3.1538351919966425 -20.599924414725358
-3.6948180832862696 -21.44095801175458
-3.7450803381993087 -20.44222195766869
-4.605005084613822 -19.931801121001595
-4.441536745372097 -20.91834970169367
-3.590175095270442 -20.39377049820178
-3.182013801424156 -21.306680328472943
-2.4636607518700946 -20.611001597882176
-3.4506112862813225 -20.772025330994385
-2.4841573867402484 -20.515185186036764
-3.4575967914190384 -20.28624037736314
-2.4576048522204266 -20.290255540846683
-2.353736942262021 -21.284846641390455
-1.3617907866349255 -21.411506912733234
-1.834435021749783 -20.53025358535643
-2.519349603703283 -19.80163021527593
-3.3382272577853156 -20.37559832209469
-2.7845615685431215 -19.542859284606973
-2.8177225068005414 -18.543409259756363
-2.6203901699185437 -17.56307260899771
-2.3060941387246903 -18.51239763488494
-1.3927200068916752 -18.105276405644453
-0.9575449270290521 -17.20493055550321
-1.1018494136949946 -18.19446388749768
-2.0152458014921346 -17.787392593055124
-1.067106172258458 -18.105246716005617
-2.0562543886543327 -17.95832562833996
-2.315504990609183 -18.92413571597937
-2.0788625017363307 -17.952538920770547
-2.144505247577324 -18.95038210981302
-2.95440133500917 -18.363808731996922
-1.9584506313468995 -18.273907698217393
-1.1564673441900157 -17.676561226627378
-1.6072678462572632 -16.78393649733969
-1.1299081393674044 -17.662644475133238
-0.4811510127356624 -18.423640001167737
-0.8687280273826585 -17.501802674023015
-1.622750397730408 -18.15865141232976
-2.1996717968547284 -17.341851743357964
-2.6002893449137887 -18.258097114526162
-3.5544896137145647 -17.958928521554697
-3.8953774486389827 -17.018824546453782
-2.896259264928091 -17.060810913029723
-1.9880687008902784 -17.479367837942785
-2.765561749134484 -18.10825937066678
-1.9126712861975927 -18.630349265446686
-1.895717032169596 -19.630205531752175
-2.7215345610382538 -19.066268115886494
-1.7247843408949068 -18.985713794809413
-2.6673143643320074 -19.31983526212281
-2.2886061610291155 -18.39431913760034
-1.9665441504059777 -19.34103771316194
-2.954608739555106 -19.186997563624345
-3.103118129516963 -18.198086566065335
-2.4720031021845728 -17.422397309806595
-2.8571771991607227 -18.34524123757478
-3.7725397534212837 -18.747871830373665
-2.9171947835281418 -18.229812970321547
-2.6054001115303276 -19.179962475669928
-1.7346768819684366 -18.688189095441484
-0.8947696079743758 -19.23091902007423
0.04709070808280891 -19.566923700155712
0.3309981666039648 -20.525775385765147
1.3046271333925632 -20.753912701937153
2.2513499935648538 -21.075962117442288
3.246029226575083 -20.972941617452324
2.8828959933944915 -20.041204393252386
3.7456989232284643 -20.546744801399857
2.770409950378496 -20.767677866913495
3.023297055269553 -21.73517366131253
2.9372577925992696 -22.73146540838221
3.736084569255974 -23.33302652821648
4.585833996255995 -23.860213317991352
5.2033846247582884 -24.64674444975692
4.212792395622174 -24.783591209218525
3.6779622209651452 -23.938631633690598
4.655382139295992 -23.7273254500373
5.453602562533497 -24.329690917114004
4.453791897657182 -24.310232386861674
5.405992670026937 -24.00475949264937
5.820468446688206 -24.91481983711068
4.8336702715821 -24.752865023637113
3.953076311839465 -24.278993439698187
4.502654690998417 -23.443551278228576
5.409826334639172 -23.02279052795102
4.955110732750886 -23.91342722234407
5.928189812419923 -24.143898705852244
6.256286635981459 -23.199254606538204
6.758798895127919 -24.063824690110103
5.774288968401994 -24.23915353593449
4.801079788067015 -24.46907502538626
4.206937232474405 -25.27343478546497
3.5733448525976432 -24.499767740695646
4.496728464525269 -24.8836462439014
4.5833704674896625 -23.887406732878915
3.6092902810740117 -23.661203747857826
4.158525427678004 -22.825535898928067
4.55487460389227 -21.90743605113684
4.8861982754059285 -22.850953207681812
5.746155455910975 -23.361319397488515
5.741910893341371 -24.36131038929224
5.2808101129250575 -25.248658162321206
5.0420465807376775 -24.277580423055493
4.815848776581351 -25.251661812568123
4.667474435858991 -24.262730543462325
4.607981475651925 -23.264501818326746
4.860504264573109 -24.232092765512316
5.821858064149829 -24.507408714994728
6.259534790519452 -25.406541120814012
5.272613219054565 -25.245339967662808
5.954169235402837 -24.513574023812268
6.930610445743506 -24.729357625479423
6.737676475408654 -25.71056936770983
7.7376763830634046 -25.710999124025705
7.323915237696839 -26.62138459984622
6.931755260117133 -27.541281633206303
6.113273663184297 -26.966748887853807
5.157062014203445 -26.674072817165886
5.196590811227101 -25.674854385487475
5.826134681778919 -26.451819323596418
4.9577459215922435 -26.947703343485593
4.8084508091505676 -27.936496026205802
5.094718430458089 -26.978346325485223
6.053645416712065 -27.26199934421386
5.630564460092994 -28.1680912292599
6.572895855566002 -28.502772482254287
6.146212816542703 -29.407173711913913
6.5034991229509655 -28.47317880012202
7.469328193175883 -28.213998926079935
6.664127022584873 -28.807000675553635
6.815883785715513 -29.7954185451028
5.852797146481794 -30.064610159625804
6.110951132186984 -29.09850637655458
6.68041983363357 -29.920519392310865
5.680560624874157 -29.937299221243247
6.320379343893289 -29.168773355190115
5.813976191245944 -30.031070199083697
5.542644916234833 -30.99355621934625
4.875523622204062 -31.738505331065102
4.292524057000734 -30.926032865702286
5.18811924362235 -31.370902803661902
5.644926686383397 -30.481337201675117
5.0178982651775055 -31.260333580999212
4.960716383725988 -32.25869735860418
3.966843934798501 -32.369230409149615
4.637889993430353 -31.62781474490003
3.648755982858334 -31.774831441671903
3.7097917646655887 -30.776695863035826
2.723592711842989 -30.94225983318576
2.13489916724276 -31.750616134915397
2.059849777726326 -32.74779595276833
1.8638841862180648 -33.728406725167254
1.574958582173406 -32.77105517253498
2.57463839327977 -32.745751511409665
1.5975687210899097 -32.53283167746553
2.354421097297452 -31.879245814224138
3.325971997859153 -32.11607665600313
2.3939406094229834 -32.47845420907416
2.0954639922735554 -31.524037261920014
2.3201943236370526 -32.49845825828927
1.329273436182174 -32.36401200581031
2.260312310571521 -31.999091994882136
2.903603382750839 -31.233470289041463
2.101876418679782 -30.635779838154548
2.630359211378131 -31.484723851515707
2.014948321764837 -30.696517383040998
1.2974242524379838 -31.39305109359393
1.2680991694304031 -32.39262102086595
1.3263905955798017 -31.394321411711733
2.295624926802683 -31.148181591327194
3.2752780567737156 -31.348879735160065
4.078882082725422 -30.753715413754446
3.8846016315451983 -29.772769387568903
4.321707440678176 -28.873359296663644
5.265760926145507 -29.203151680713038
5.7290274033887805 -28.316932649625006
6.122692860120762 -29.23618642752097
7.019280859145928 -29.679052050485826
7.373691641115634 -30.614141884471643
6.963914747097634 -29.701956104529334
6.081536414502123 -29.231415481239523
7.079117148116254 -29.30093296049398
7.829748682663075 -28.64021191546523
7.5833501145695035 -29.609380500202395
7.900353087522969 -30.557805043926702
7.279110823691622 -31.3414236052368
7.019776223604808 -32.30721114149817
7.955745173552806 -32.65929369535911
8.440250245263085 -33.534082147207336
7.852892135856435 -34.34340930683702
7.954257824632801 -35.33825854020803
6.981664089307784 -35.10574740927764
6.608839764818244 -36.03364935618201
7.507895324902466 -36.47148391384238
8.507089238999116 -36.43134014680171
8.098438841293017 -35.51864915174662
8.697053949675015 -34.71761235358014
8.545887546724728 -33.729104023509485
9.137850041944606 -32.92313851292416
8.961346676202254 -33.90743854943824
8.279315780265211 -33.17611518936602
8.674403381579074 -34.094758638854486
7.802802282107637 -34.58497443154193
7.208957672231909 -35.389554184780565
6.417181512435363 -36.00036554091094
5.913132627840813 -36.86404066613974
6.216718935493999 -37.816844609144546
6.446384562178239 -38.79011420176508
5.514586251036363 -39.15309065741082
4.648937290943232 -38.6524392039128
4.1953393360248015 -39.54364563078248
5.14127258026251 -39.219284262173446
5.638931530139067 -40.086657059537856
6.357516196821766 -39.39121757488911
6.67480490982047 -38.442888585242784
6.9768533864942 -39.39618115194992
6.661957176069655 -40.345307264044756
7.506659319847376 -40.880543929733236
6.806377973390737 -40.16667697027589
7.5154075815279295 -39.4614982590368
7.37056649991394 -40.45095319033832
8.35294321434047 -40.63786491001511
8.677015988138253 -39.69183275554941
8.392748913601599 -38.733087622401726
7.413594781783275 -38.52996897199486
7.612456524236959 -37.549941417592294
8.149587209957557 -36.70644237997736
8.195231168493905 -35.70748460857302
7.329422164314034 -35.20710998063805
8.319238458656727 -35.349460616230935
9.239497244470519 -35.740770936989954
10.083654201688747 -36.27686703992306
11.076070406983918 -36.153943992989085
11.478054588884875 -35.23829738129797
10.478246144703842 -35.21872508086341
9.510959931539123 -34.96503751352623
8.548773504026816 -35.23742928783504
7.946147121506213 -36.03545274807298
8.179722711753172 -37.00779139465697
7.391384720260492 -37.623033794991414
7.7240467471771765 -38.56607991043206
6.725657153264264 -38.50935056382547
6.9737625744991485 -37.54061752528809
6.692964646617347 -36.580850614159516
7.175239963800469 -35.70483091207747
8.131696393736313 -35.9967060525646
7.848456567775359 -36.95575516548302
8.376860705047315 -36.1067621927713
8.432243861110315 -35.10829701760268
9.296346852566453 -35.61161204833051
9.72181179245677 -36.51658695678053
9.053656705580302 -35.77256492761668
10.000500361490007 -36.094259023402635
9.407873328203163 -35.288782022230265
8.488158659082327 -35.681369499620914
9.348440712637354 -36.19118788721707
10.004266712292972 -35.43627580082839
10.9915477450014 -35.27729101396442
10.954955765200202 -36.27662130321529
10.106490492917223 -35.74737024584292
10.189165388742438 -34.75079367497629
10.321082125368683 -35.74205447547124
11.287560622884826 -35.48530690714986
10.635118257973843 -34.72746855996138
11.18317771091547 -35.56390793973814
10.940652977970027 -36.534053162841225
11.746267403325195 -37.12649336881957
10.796704568548662 -37.44007019004709
11.389798116476978 -38.24520374630083
10.522159324149186 -37.74800868795052
11.486860088016218 -38.01135719505539
11.441182649844329 -37.01240095395068
10.962991370021165 -36.134145239536544
10.3277942511992 -35.36179517626195
9.367946661520065 -35.642317197834515
9.44874498640717 -36.63904766827045
9.305021451934081 -37.62866554686732
9.959303374157795 -38.384916276619855
10.848851338132137 -38.84175806519562
9.858223240260012 -38.70517120013805
9.97584448942776 -37.71211267127672
9.621429465363573 -38.64720089744449
8.701828268064023 -38.25434769594903
7.923287199897977 -38.8819413584241
8.5232422020491 -38.08190761201471
8.160783190319721 -39.013907324898874
7.2329257171917565 -39.38684231864522
6.267285678499178 -39.126959045474756
6.09202020512235 -40.11148025593291
5.094103612945325 -40.04696300972855
4.11093239934638 -40.22964953016828
3.938975850547151 -39.24454499494115
3.9198671191727636 -38.2447275834178
4.812896164810655 -37.794728557144325
5.720247345041032 -38.2151020050862
6.481398144256615 -37.56652705887453
5.48443531399667 -37.64440590760819
5.040527295013398 -36.748333549658035
5.913610486543136 -36.26076228238704
6.874607625524572 -36.53732059245834
6.990492902263708 -37.53058319753068
7.990198849601341 -37.55483229767412
8.804981954615803 -36.97506640372813
9.49028694714871 -37.703322586132
8.813365552456474 -36.967267272036715
8.248124554580784 -36.14234144851044
7.261176035445333 -36.30337753321303
7.631388233301368 -35.374430318050294
7.140418918774114 -34.5032534518557
6.149859966520528 -34.36616602679316
7.085643266147342 -34.71874171531912
7.807938415314922 -35.41032664682716
6.91337649736406 -35.8572706868949
5.919500215381102 -35.746772107212934
6.717485886636352 -35.14409568617814
7.065418904645599 -34.206576291723295
6.0975174841390185 -33.95524614991507
5.314656456528089 -33.33304954798931
6.073654177842248 -32.68195626815921
6.112099414586266 -31.682695559549245
6.035645771071004 -30.68562242261633
6.803550536056472 -31.326186449012297
7.800830674515289 -31.252482138177978
6.8456412060909475 -31.548477204709876
7.5161909559334115 -30.806612639586156
8.160423255528405 -31.57144251881326
7.16234876963102 -31.633469292070213
6.354637149761896 -31.043891528642526
6.991795557815411 -30.273158654653937
6.81017358618025 -31.256527079721245
6.0435147431319525 -31.89858176460085
6.416173486147919 -30.97061330540961
5.74331717488294 -31.710386503349955
5.162278555413655 -30.896510516061213
6.094707214069788 -31.257864631184763
6.607744045531893 -32.11623122510797
5.824581697739046 -32.73804851097223
5.240403894660684 -33.549674221746926
5.22296895353619 -34.549522221608896
5.081496359860821 -33.55958004893477
5.842998567670441 -32.911417733228994
6.745630000040117 -33.3418320653536
6.076787521500256 -32.598427909526734
6.4627169135560365 -31.675899587821945
5.528443355608254 -31.319342553226367
5.9982961728467314 -30.436597782563258
6.309654147832385 -31.386890480321604
7.115707707957557 -31.978733076126886
6.12972821896874 -31.811866520779954
5.14208838728501 -31.96860695229567
6.0645637967947525 -32.35466280168774
5.094292782370841 -32.112641813819344
5.779336242421254 -32.841144015492176
5.269094207642744 -31.98111316375191
6.259474276746101 -31.84273932690827
7.088820341643556 -31.284004054494662
6.314194552599784 -30.651584188465524
5.368817320825608 -30.977562546095285
5.449468290491997 -29.980820141513302
4.944185276455135 -30.843773834202445
4.374100740213053 -31.665359874454865
4.153931223423327 -32.64082150049485
3.354435011799859 -32.040150369509085
3.953767092226304 -31.239649865217107
3.3710673213065654 -30.426962362563053
4.3510896863407496 -30.6258496774748
3.717016227132416 -29.852576861240077
3.141034542419007 -29.035114263395563
2.3932042338987283 -28.37122434054806
1.6647435568651678 -29.05631195685404
0.772998491220514 -29.508850063424536
1.0370989830976842 -28.544354894856937
0.04554286726207557 -28.674033224384274
-0.6750598514659844 -29.367381421008258
0.20378134161462524 -29.844495827984876
1.1995641425695012 -29.75275372575007
0.20199999935586344 -29.822508870180002
1.1186890626301278 -30.22211012302257
1.0087391924498976 -31.216047256873274
1.438039301461881 -30.31288535754276
1.3125664449052057 -29.32078830469586
1.5457449524231013 -30.293222252906084
1.6062710375020819 -31.291388868769893
2.4880339442279493 -31.763081752246364
2.1887047896606555 -30.808931838854328
1.2231170969005023 -31.069009534149647
1.080705112934762 -30.079202064576425
0.5503244510197011 -29.2314424562755
0.7864002393361733 -28.259707810309454
0.26451588541510707 -29.11272405935304
0.1448608027859256 -28.11990853711288
1.139607924234447 -28.017545631869424
2.1392107000629177 -27.989362471010217
1.9830142371686403 -28.97708847804826
0.9945441338913062 -29.128504642729894
1.5916167612608163 -29.93069182640093
2.2239490445730143 -30.705389111462125
1.2300327514467537 -30.81552721684874
0.33981956614561537 -31.271071380147976
-0.538435391042323 -31.74926405070537
0.3794508083107154 -32.14610775424271
-0.10837918663354656 -33.01904640960899
0.8813642761480249 -33.16190255361808
1.4847297786971474 -33.95936733047888
1.332944114836629 -34.94778076232125
0.9392915229175735 -34.028521475245284
0.3633819203995333 -34.8460348572321
0.31517636315606706 -33.847197420883795
1.0175163423638898 -33.135355757586154
2.013560795098674 -33.04649942311154
1.1141168837210236 -32.60946321147036
2.0100482310377936 -33.0536557608171
2.9137821701070674 -32.625561183212646
3.8575387668688315 -32.95620220617963
3.436999897270601 -33.8634767286683
3.062729957232648 -34.79079652894434
4.058118570039104 -34.69487203001295
5.038369962787934 -34.49711660780163
4.92593071184799 -33.50345800704981
5.8314421069216 -33.927779952501425
4.886338541316175 -33.60100900783236
5.410344829200685 -32.74929461306291
5.989383813104753 -33.56459446901736
5.663591199489073 -32.61915321070806
5.002512873919011 -33.36947010873281
5.95744374481783 -33.07264182200053
5.38022558861063 -32.25605183911759
5.876560206308757 -33.12418313522115
6.326056852847165 -34.017465153819266
5.378631753095522 -33.69748752903811
5.53784013787825 -34.68473252913428
4.812484737158813 -33.99635796347461
5.718850615724437 -34.41885162516903
6.714202952478383 -34.322551439715106
6.089778651393447 -33.54146611005221
6.9202000484214645 -32.98433030671694
7.900530175549191 -32.786965563549025
8.900516127693544 -32.78166504339037
9.287162375487265 -33.703893149157615
10.240766027003879 -33.402828246164624
9.717924180693004 -34.25525795220861
10.71221567687021 -34.14856015171725
10.323127036927648 -35.06976047209694
9.46264671842898 -34.56027679083086
9.056451452217217 -35.474063092822284
8.672101735497241 -34.55087551965133
8.774614831539747 -33.5561438648118
7.86265280296807 -33.966418478264096
7.330493953107003 -34.81306300728117
7.799930465802435 -33.93009677885092
6.81575548403765 -33.75289744118769
5.8408788370435545 -33.97564286346512
6.836623102759057 -34.06780227586936
