0 0
0.38783108684415335 0.9217304638978159
-0.12387977214330304 1.780888189111481
-0.6990339607341095 0.9628431663001132
-1.3454661491436504 1.7258146112363257
-2.130893071699829 1.1068602112003212
-1.7592512918384857 2.0352364212905476
-1.066709755489193 2.756614422362774
-0.3261171170845929 2.0846601501530397
-0.32838873112581757 1.0846627302715444
-1.3277121896141142 1.1214407850731511
-0.33038868296564405 1.0483256492502657
-1.3146377837797498 0.8715384677392057
-2.2824826460780145 1.1230863210849524
-1.5409348891140282 0.45218623601886687
-2.5408489185770833 0.4390738875276088
-1.6322471682835114 0.8567374595128341
-1.085610833040743 1.694107578989494
-0.23222807757183972 2.2153924077235576
0.740587378384043 1.9838106971906486
1.5408556100321686 2.5834528883469927
0.997163149602482 3.4227374101105683
0.9984052435597519 4.422736638711571
0.2404993260149053 3.770372767738857
-0.17654262757244066 2.8614855310873293
-0.19912106273211116 3.86123060572673
-0.7841402330132887 3.0502111420863542
-0.16949352156404285 3.839013664968113
-0.8499867451439279 4.571768038999314
-1.6125090028944822 5.2187300212169685
-1.0060070256518219 6.013811999129148
-0.12460653550034018 6.486181744096719
-0.9104993128481791 5.867818952110897
-1.6667404679204225 6.5221119410501025
-2.6481332748222934 6.33010111176887
-1.7696087752332341 6.807798404645638
-2.0541236805635266 5.849126787956745
-1.3248368390734933 6.533334872408757
-0.5510384598652461 5.899902896317646
0.42601703278167236 5.686918004157457
1.0944588056836744 6.430682480480189
1.947114132708756 5.908208659800386
2.8698964292408657 6.293530386681865
3.7858306112447835 6.694858898298985
3.0239031511761647 6.0471965282377145
3.774007223554166 6.708516330301692
4.443421865576924 5.965627350005482
3.4493560978027062 6.074408089750416
3.426143694004821 7.074138645605304
4.264903584346989 7.618640111492398
3.2710147425746343 7.508254558993859
3.7261898134641247 6.617852596484371
4.219334641134317 5.7479053688078094
3.4048123840988183 5.167773062524323
3.4009927784780327 4.167780357244479
2.4399522946010967 4.4441880061067796
2.6374110682100746 5.424499197884594
1.700113802617214 5.77303016625347
0.8455542011539553 5.253676830318332
1.427094062402603 6.067194740249578
1.8095821755137247 5.143234328040974
2.435843133671344 5.922847829904237
2.0441581048784503 6.842947193136007
1.078250495867017 7.10183421647595
2.0633077604363814 6.92960708296
1.2415632950308693 6.359750931308191
0.33169701104232274 6.774652540440854
-0.5467083739942526 6.2967362511822165
-0.32703112710012894 5.3211636464023275
0.2373466743773841 4.495647021978925
1.2276664699165067 4.634451570043282
0.5074709056300282 5.328222677240808
0.6152489555762609 4.334047696691716
-0.37640495774733396 4.462976034112161
-1.3718368221126365 4.558450655903599
-1.0539169301723508 5.506568234217953
-1.9785366872210841 5.125676773464182
-1.107588278443573 5.617051242935197
-0.14255588838712263 5.35492057677434
-0.27260877543789563 6.346427635029479
-0.06084692171496525 5.369106338163485
-0.31616209368566 4.402248456693011
-0.002351139622567777 5.351733941105496
-0.4984700453127306 4.483479352049501
-0.1964815149873696 3.530167793558821
-1.1963625993639615 3.514746473709644
-0.35497816591806763 2.9743093958227433
-0.41064700518182656 1.9758601080093734
0.5298245276068507 1.635987637788386
-0.3332167964120786 1.1308543157479038
0.5217837827651542 0.6122272728677659
-0.4148656761966386 0.9624954430268322
-1.4023075866327224 1.1204779531801312
-2.368595101438254 1.3779433658688065
-3.1946271907789705 0.8143202760477719
-4.184891993697149 0.9535166125707588
-4.37235445641064 -0.028755154850759412
-3.950343321539338 0.8778354925996962
-4.929269221878986 1.08205126487062
-5.839670956613142 1.4957766344009875
-5.172024791931745 0.7512978913960447
-6.1717947159777715 0.729847973610601
-6.420788405217962 1.698353080834388
-5.5605136406889155 1.1885223937288614
-6.558653678837209 1.127559583382524
-7.252014333350293 1.8481503151944092
-6.336882140271434 1.4449964125831647
-7.331551791106701 1.3418834371278525
-7.907068325623836 2.1596735804393177
-7.198222653472939 2.8650371838900086
-6.255544764745913 3.1987412415596093
-7.247450410310518 3.0717641164658938
-7.673531736485206 2.1670792522810114
-7.623316794990602 1.1683408182299866
-8.594471652304382 1.4067904840210177
-9.2279219790365 2.180573841016354
-8.49851056482531 1.496498560934965
-9.153317906466906 2.252294396681805
-9.972714321651358 1.6790671164666444
-10.909173732437823 1.328291159551882
-11.13595990910399 2.302235731934285
-10.669554472294477 3.186806796639958
-9.670537731736653 3.2311413439503807
-10.162078121257732 4.101996122584262
-10.832666885850767 4.843825421548376
-11.568136516096299 4.166267731763587
-12.129151567170359 3.3384621311130664
-13.064832798388782 3.691308604165549
-12.891867862983245 4.676236586872995
-13.666320706944504 4.0436049464373305
-14.626740830095006 4.322160483175651
-14.97136263302873 5.260902094559054
-15.10897008933873 6.251388938473647
-14.167499939372801 5.914292577290182
-14.785199809526828 5.127878646582125
-15.753760634221274 4.8791017809631265
-16.041943175518224 3.9215262889565525
-15.043630264837521 3.979589464620851
-14.179969533966169 4.483663012777032
-15.083326615899022 4.912552255497996
-15.213855646706259 3.9211077678354123
-14.398492850682258 4.50005812050818
-15.32247149534857 4.882502187269069
-14.635183953616071 4.156116728315423
-14.043283285197983 4.962127645565444
-13.635863052795024 4.048886848059815
-12.876089190575494 3.398699430242445
-13.454086210070288 2.5826605552768376
-13.994030301855368 1.7409596715025684
-14.555867394678053 2.568207567316486
-13.591991704895676 2.834560068049156
-14.427726706376129 2.2854271084660804
-13.607810058816035 2.8579100261621617
-14.330356180505381 3.5492327453257113
-15.31690582809351 3.712694645607517
-14.354070365445143 3.4426060085516377
-14.541730060204106 4.424840114538074
-14.08147938546477 5.31262911897662
-13.110003129775512 5.549765966876692
-14.045485607104151 5.9031390482101065
-13.248139331820301 5.2996169547528975
-13.770376984163756 6.15241695151345
-12.918627506785917 6.676366212212022
-13.815980588776373 6.235052892401448
-13.008217377146094 6.824559969489364
-13.675412489430114 7.569442968452499
-14.584866198223626 7.153637783826663
-14.218914509437537 6.223003934520391
-15.146012612303226 6.597822700943368
-15.14876022610502 5.597826475641294
-15.960710756081646 6.1815527272958475
-15.369660226717679 5.374918193111639
-15.72388273775482 6.3100793624693825
-14.953098501084604 6.947175635022213
-15.701895678625396 7.6099748405942655
-14.799205915268214 8.040266824170711
-13.89194734890296 8.46084011594857
-14.347017169348069 7.570384357069974
-14.60087287030442 6.603142255478051
-15.491592717568638 6.148589559204444
-16.47505819533605 5.967493855114825
-15.47625253662764 6.016353410291457
-16.10533188900878 6.793694499137098
-15.208550060059133 7.236167494093543
-15.32017544358455 6.242417136230562
-15.93562534134924 7.0305931466124
-14.964846143671044 6.790618670146091
-14.961767741425472 7.790613931854672
-14.306459891305854 7.035252017556894
-13.315234522291961 6.903069311338303
-14.025039176964146 7.607467886156353
-13.281116536522065 6.939202141831776
-14.161689455011855 7.413112824579458
-14.236006285324946 6.415878143708293
-14.35640527257449 7.408603727074252
-14.850672377875542 8.277913814797452
-13.921408259139646 7.9084977923647495
-12.974098799041945 8.22881761193482
-13.040586823067377 7.23103038879494
-12.4919470756693 6.394971522700588
-11.498936835023862 6.512999748025259
-11.821967362156416 5.566611202796365
-12.269637606128581 4.672412481783019
-12.007973004624466 3.7072536159377676
-12.968062551777951 3.9869464142837656
-13.949500496293188 3.795166433405402
-12.976655662841697 3.5637081649708113
-12.016054550300327 3.2857774135518967
-11.772836094284278 2.3158058765194074
-12.34015352276192 3.1393050783074328
-12.406644546024827 2.141518055027689
-11.407566369867904 2.184445877322279
-11.972301864588134 1.3591739094213344
-12.951197411595327 1.5635351289554886
-13.24457319144954 0.6075379261379634
-12.244920061686559 0.6338745955378198
-11.249206241413182 0.5413868227427205
-10.422135236002955 -0.020710635007904155
-11.356145255516461 0.3365361752625036
-12.300934613597292 0.6642144761266463
-11.353496899277584 0.3442742043810459
-12.134467765336462 0.9688416597989908
-11.263353819230057 1.4599226031259829
-12.119534053602269 1.9765998779023604
-12.68676105431244 1.1530383867765646
-11.713182518082187 0.9246859534815379
-12.151680188693769 1.8234182789646134
-11.493003707761284 2.5758445500811913
-12.262381157908953 1.9370501080231297
-11.705070825173276 2.767354385397424
-10.71451080190709 2.630274699422825
-11.281678429235242 1.8066723181058726
-11.66912909931844 0.884781880878063
-11.37455604565545 1.8404108444699272
-10.95631652721325 0.9320740648483831
-11.152592051053185 -0.04847471962965566
-10.711593838970291 -0.9459827011761661
-10.324329210011644 -1.867951305390822
-9.994177347137985 -2.8118791349631116
-8.994415789153088 -2.790042762196247
-8.404841315348472 -3.5977567832693067
-9.123664618351519 -2.902563961773149
-8.578764439642558 -3.7410648832055236
-8.02238750093509 -4.571994905574739
-7.135176083433125 -5.033357995401131
-6.757916892169596 -5.959465711926152
-5.9896375059020155 -6.599580377151305
-6.206446256588952 -5.623366278899508
-6.77476375689891 -6.446175624277549
-6.14430223964893 -7.2223961311355245
-5.2599217880659985 -7.689162900366123
-4.976750761925528 -8.648232329528867
-4.71642602761817 -9.61375344929156
-5.711516060280342 -9.71272731905726
-6.49510121505987 -10.334011718675617
-5.930664974104312 -9.50853505038271
-5.0655821847495455 -9.006905936831496
-6.022469576097218 -9.297365091068105
-5.913486145980636 -8.303321524638532
-5.1318036767673805 -7.679644911861793
-5.486448717090173 -6.744643898293121
-6.153622476233913 -5.999741773776074
-5.402285808843208 -6.659660868994744
-6.354979911909424 -6.355730044656607
-7.274861558896203 -6.747926112378978
-6.378953786007388 -7.192166207909992
-6.859123211222838 -6.314990442690577
-7.686518837916147 -5.753370930094384
-8.359532094117554 -6.4930013492749215
-7.526591803706007 -5.939638473207935
-8.064214670900922 -6.782823893307879
-8.938389495716335 -6.297212551122647
-9.789048762270076 -5.771495124907526
-9.507042081829855 -6.730907566033389
-9.891955043386615 -7.653860442417447
-9.972087855994419 -6.657076246945045
-10.59525711620595 -5.874989248505988
-11.556604463393768 -6.150327727573015
-12.384683945799072 -5.589717015207148
-13.104516198814515 -4.8955689564194635
-13.718982858434595 -5.684511745356241
-14.04132809602104 -6.631133923316032
-13.766861383504317 -5.669537321969988
-13.361546220924248 -4.755360304657316
-14.161679291867808 -4.155537773584641
-13.523483290957198 -3.385663845969407
-13.982603564764203 -2.4972897276052004
-13.7817962380002 -3.4769204833075187
-14.09966685809749 -2.5287863847333956
-15.06461609164261 -2.791222999329543
-14.098413126648017 -3.0490055247955974
-13.280293490358243 -2.4739574740058505
-12.791398016934801 -1.6016151008139552
-12.109746310000027 -2.3332919081769523
-11.110065881441436 -2.3585711636429205
-12.05749522708369 -2.0386061108388844
-12.067465036100746 -3.038556411057932
-12.881051466206547 -2.457112414831555
-13.814747929339733 -2.0990468974571823
-12.838885357822656 -1.8806613633390108
-12.427027534406434 -2.7919094817408276
-11.887630023464915 -1.9498582213118127
-12.85851212443385 -2.1894160348311154
-13.482976484381505 -2.9704693384891727
-12.616472346738757 -2.4712994481231805
-12.236559718318338 -3.3963218234021184
-12.208406361959238 -4.3959254391047216
-12.115958729751114 -3.4002078911529385
-12.297161985014933 -2.4167622239797106
-11.39919740071311 -2.8568299521076157
-12.392148778267224 -2.975352362703193
-11.705950913799496 -2.247937425545638
-12.505713963968017 -1.647621622334407
-12.767384129141941 -2.6127789797937235
-11.980016252713444 -3.229262416041996
-10.992224734034117 -3.073480788032825
-11.944805618689564 -3.3777662760026694
-12.937611945040553 -3.4974976351257254
-13.12242622039736 -2.5147241700665908
-12.47831327721573 -3.2796545697931916
-13.38768567569588 -2.8636715883114263
-13.115115861508396 -3.8258075955337945
-13.891316345462162 -3.1953214270019705
-12.999043954563126 -2.7438239403652034
-12.446515685694411 -3.577318098773612
-11.515849631381316 -3.9431878779974454
-10.68067736639399 -4.493176321326885
-11.651816138602781 -4.731691488795959
-11.822996103812429 -3.7464517111221056
-11.482579987938426 -4.6867266007438895
-10.692376818351192 -5.299571565457063
-11.55558843060786 -5.804413830392601
-11.54352048574176 -6.804341010094557
-10.549881331339932 -6.691730038872295
-11.322111059039981 -6.056386629638904
-12.276426050447423 -6.355189068007497
-11.619084951798998 -7.108782247400517
-11.107231831321894 -6.2497092685111495
-11.76371211430017 -5.495366085297592
-10.858747724168104 -5.920853397203482
-11.71656284046063 -5.406895007584206
-12.099160042822412 -6.330810253017973
-12.982724167633299 -6.799120446529893
-12.023715419253564 -6.515743982208779
-11.266856491973693 -5.862165705185466
-12.153565604543157 -5.39983795381608
-12.803070524998091 -6.16019534235441
-13.744474473524125 -5.822914145577016
-14.62625596351357 -5.351256002519997
-15.296821635845449 -6.093106175459314
-16.216233037304626 -6.486403359363383
-16.64472574295621 -7.389948599627191
-15.65417958239006 -7.527128422442565
-15.262111323840506 -8.447064551006891
-15.273947748443936 -7.447134603934294
-15.10614089942917 -8.432954496928819
-15.774944059880578 -7.689514968406016
-15.207966152644719 -6.865781969973607
-14.877808809568066 -5.921856057196251
-15.766938409521666 -6.379511554799363
-16.67168061526908 -6.805471108207084
-17.215317669828853 -5.966150696856583
-16.460931301168266 -5.309720040367192
-15.769141216947588 -6.031818703552457
-14.824651726362415 -6.360360332838853
-14.098533968518586 -7.047930694142954
-14.297604333990211 -8.027915892802094
-13.30750858704425 -8.168309667163772
-13.99898798191055 -7.445913483290037
-13.49592216578353 -8.310161586929526
-14.054423265885536 -7.480657806838773
-14.82864842316635 -8.113568073648768
-14.722370076185276 -7.119231655245534
-14.922847291058234 -8.098930020211396
-14.30424791805363 -8.884636591215045
-15.265011384993938 -8.607267594041895
-15.302729100109076 -7.607979160221863
-16.296238273985626 -7.494227142995212
-16.617261440833907 -6.547155801254421
-17.614696764634836 -6.475582238857858
-18.604105890578502 -6.330428590955398
-18.876458795456923 -7.292626021426029
-17.87890442960399 -7.222731192091171
-18.543950300365054 -7.969533702654477
-18.28308742980001 -8.934909568709022
-18.647322177009265 -9.866216740873721
-18.757408075402477 -10.860138817786675
-19.5499759907996 -10.250355168052556
-19.20239176282694 -11.188003931963996
-20.172448906937298 -11.430880726163148
-19.533477363760674 -12.200111099335247
-20.066732804223918 -13.046065374232155
-19.428989809405135 -13.816314601793968
-18.78538036594811 -14.58166869258655
-19.566438447944755 -13.957210309227241
-18.704826857407483 -14.46477849878588
-18.39653526436493 -15.416070406487865
-18.497538302710716 -16.4109565237118
-19.486677147190754 -16.263972353337255
-19.4383255476419 -17.262802730739278
-18.803631290229255 -16.49003937782494
-17.94673323558172 -17.005525288341676
-18.837773007490007 -17.45945052984916
-19.316521531400998 -18.337402607614827
-19.880575771466518 -19.16314034701161
-20.60004440338248 -19.85766528370501
-21.21860868007619 -19.071931082083122
-20.920620949766043 -18.117361381859716
-21.227135797086543 -17.16549550455762
-21.082221672320664 -16.176051268411214
-22.082219063022663 -16.17833569157534
-21.378642007089006 -16.88895466568434
-21.229196361179863 -17.877724608046467
-20.73270345455119 -18.745765386850902
-21.037650835821804 -17.793396186038425
-20.957019807107596 -16.796652168143915
-20.01451789346204 -17.13085292034902
-19.04285936751922 -17.367241813833104
-19.500790345601246 -18.256229563643437
-19.694795264849926 -19.237230119865153
-18.69730395510864 -19.30801915143514
-19.691081382624617 -19.419403282080975
-18.760018681302334 -19.784262496308127
-19.620099847465422 -19.274105277784717
-19.704547185855567 -20.270533221511116
-19.970636210089086 -19.306584762732093
-19.16982819589062 -19.905505896434608
-18.510598422835326 -19.153564338654043
-18.646147065270195 -18.162793645943534
-17.77196419246703 -18.648390500234832
-17.338136140921634 -17.74739481673112
-18.2736061908871 -17.393988838262157
-17.522515727530426 -18.054188138363763
-16.54728230712813 -18.275366292191023
-15.547363205284114 -18.26264663152492
-15.435304390431751 -19.256348207459006
-14.553580728658257 -19.72811444646805
-14.948314344852257 -18.80931883685381
-15.081247535159768 -19.800443837504417
-15.695686724356205 -20.589408020962466
-15.308922640234764 -19.667229327197695
-14.902384016571396 -20.580862923049935
-14.530540064219679 -21.509158175165044
-14.534408208870207 -22.50915069386554
-14.19579954537751 -21.568223399645795
-15.168512035721026 -21.336209582967314
-15.304519184509578 -20.345501727200332
-16.302605906453703 -20.283672159202236
-16.404230157906873 -19.288849304862538
-16.227219940631215 -18.30464029099403
-16.06777572774054 -19.291847231293616
-16.50350136125146 -20.191926767946633
-16.31984175221084 -21.17491667023813
-17.206231535753016 -21.637856354897007
-16.327803264133184 -22.115730576443845
-16.75113493440467 -21.20975579923139
-15.756683154005373 -21.31494922326857
-16.702872509548143 -20.991335713881906
-17.262937805308816 -20.16288724566888
-18.08184361338494 -19.588959308119932
-18.559614280587528 -20.467443906482814
-19.516517330725446 -20.75785146946414
-19.68333067938383 -19.77186297728516
-19.636918789314223 -18.772940589679312
-20.442872875176832 -18.180962539848604
-21.273630028842973 -18.737597565365803
-21.29729032118661 -17.73787750926699
-20.329731651361314 -17.48523107559751
-21.2626316613282 -17.125095585255636
-22.260528889601066 -17.060279523933385
-22.39217956122598 -16.068983351913786
-23.35928193920849 -15.814595870892074
-24.324013675644593 -15.5513608490713
-24.755827016624746 -14.649397857285296
-24.772873488096845 -13.649543158936405
-25.73568865178669 -13.919704149031023
-26.705981881115267 -13.677772238942428
-25.99703134192779 -12.972514035880751
-25.10181944506908 -13.418154765305959
-24.41901967738223 -14.148760320477
-23.646849844628512 -13.513344118775239
-23.551023054017815 -14.508742142784355
-23.904049849521552 -13.573128931218612
-23.083891700065188 -14.14526581158931
-23.1517209218516 -15.142962757897081
-23.977092827970502 -14.578373334873898
-24.083247280832868 -13.58402368201657
-24.433957572756107 -12.647539677273768
-24.702070713858532 -11.68415224556823
-25.574167772691457 -11.194819311897339
-25.323494366516982 -10.22674759790251
-26.114523162499694 -9.614968680379077
-25.786862522106066 -8.670173197358102
-26.747538411712036 -8.392501025310231
-25.816397839742233 -8.027840587050544
-26.798954933668185 -8.213801758201372
-26.839255082675187 -9.212989377214946
-27.08432022155225 -8.24348276160721
-26.754550281298805 -9.18754408721336
-27.55474835151758 -8.587808271692769
-26.865834488831958 -7.862965054300502
-26.075723951715883 -7.250000667783511
-26.500549405053697 -8.155275948676744
-25.592176933138425 -8.573437941529445
-24.616808217104392 -8.352857190369873
-23.63142723204322 -8.523222428255643
-24.315057220270244 -7.793393654366371
-25.273311374899542 -7.507475877486915
-24.670579682598603 -8.305419802268629
-24.117796249313514 -9.13874475442448
-23.345664220474415 -9.774206893375979
-24.310568838876144 -10.036807497691765
-25.19741793407245 -9.574748321449707
-24.236558327010712 -9.85178408722222
-24.415227661457575 -10.83569326439678
-25.381535671676783 -11.093081743910135
-26.336671859823305 -10.79691479421296
-25.384743207539582 -11.103234628636544
-24.645841531991184 -10.429421365282542
-23.765949532234252 -9.954247640457877
-22.770530135821993 -9.858643115218472
-23.754191223269853 -10.03867329335785
-24.342353165387824 -9.22993011419402
-25.05837409868797 -8.531851305551339
-25.144366370285574 -7.535555501472307
-24.43244527648542 -6.83329603645785
-23.953378442015453 -5.95551760877184
-24.937528093738027 -5.77817764425641
-24.962094183193603 -6.777875852341661
-24.126300663741677 -6.228831962618657
-24.79986593145985 -5.489704213089695
-23.814250574382363 -5.320700166117384
-23.892731057213368 -6.317615816418157
-23.447389657195707 -7.21297665844237
-22.975624079925915 -8.094700674279128
-23.968113528201307 -7.972370403855131
-23.354414211673625 -7.182830570221984
-22.499430686986408 -7.701485727830028
-22.142508142287507 -6.767351745424045
-21.16222472449963 -6.964948356756624
-21.70748680606053 -6.126682729158858
-20.78476207543876 -6.512142287996075
-20.14863903503957 -7.283729922340542
-20.985591604522025 -6.736454492198907
-21.442272202616454 -5.846823764692199
-20.73717485035825 -5.137713248736844
-21.73696937936924 -5.157983911274099
-21.899742703371903 -4.17132042001017
-22.859129290260604 -4.453415044024961
-22.139622060959066 -5.147899994893463
-22.75029496428172 -4.356017045747896
-21.761146901294 -4.502939166232333
-20.993488465035824 -5.143798374827833
-20.328308225829623 -4.397115544323756
-19.97676437602343 -5.333286961139843
-19.330223029486962 -4.570408014504916
-19.26206901290788 -3.5727332027430183
-20.208984368839854 -3.8942161862743765
-19.623016490208702 -4.704550466193785
-19.895676618907398 -3.742440049340288
-19.942760663869915 -2.7435491180019524
-19.09257492094949 -2.2170662573741398
-18.54708961306652 -3.0551866418558804
-18.08142993486298 -2.170222764573097
-17.19258340595197 -1.7120177361820423
-17.771852679487054 -2.527153987822305
-18.734682435884377 -2.2570450094526984
-17.747774069328443 -2.418326986194983
-18.477596726105393 -1.7346904675280572
-17.477802017486752 -1.7549522694757984
-16.53008470429714 -1.4358411692604336
-16.201346366833043 -2.380262211741668
-15.946511842720158 -1.4132775348619568
-16.15502487167042 -0.4352579457135659
-15.223305302819638 -0.7984364762195864
-15.736486172665497 0.05984401104797754
-15.039540733179905 -0.6572801444371347
-15.3789636594629 0.2833537254152585
-15.398440013389672 -0.7164565924139381
-14.80535161529946 0.08868075739091597
-15.049956260278195 -0.8809421423256836
-16.027839644614666 -0.6717912718071708
-16.724995016735726 -1.388711342054021
-16.975519958552752 -2.3568214874029763
-16.069067657108306 -1.9345132762513704
-15.687239902571644 -1.0102797744427146
-15.255794189532828 -1.9124186754443442
-15.44216207987547 -0.9299386453932325
-14.489749843290697 -1.2347515906622812
-14.029976597478326 -2.122787942640711
-13.3213240252415 -2.828345546144586
-14.133266004904105 -2.2446074013728303
-14.924896223120937 -2.85560789041189
-14.051715883003848 -3.3430051551077478
-13.835241258589322 -4.319293399933317
-14.256356139288721 -5.226300708202402
-13.260318520986415 -5.137367795697144
-12.415833144401418 -5.672946406859031
-11.703888267266178 -4.970711053205509
-12.102515825654383 -5.8878239523043385
-11.261148692898255 -6.428287963981094
-10.35118752807491 -6.842981439349758
-9.625383047052141 -6.155080388814676
-8.668176804400238 -5.865673738876865
-9.499432479015248 -6.421564018896534
-8.578317987427914 -6.032272234513909
-8.131389654783412 -5.137702468939638
-7.444611442480704 -4.410835433570516
-7.6361768885905335 -5.392315275368982
-8.634076518528808 -5.457094350455413
-9.543463815053332 -5.041143938843863
-10.537886966743784 -5.146607654794077
-9.65031055026528 -4.685947145404377
-10.640023511913105 -4.82901444965762
-10.17253965920597 -3.9450128391058668
-9.622352221636211 -4.7800540258388455
-10.32626832208125 -5.490337154974157
-10.68944866995625 -6.4220560154237
-10.697405562424494 -5.422087671993645
-11.577580249902784 -5.8967375635163295
-12.559302276992277 -6.087057981567828
-12.910434228596095 -7.023383967836976
-11.932310844677655 -6.815358378468888
-12.373418667934862 -7.712812493318939
-13.334955412063954 -7.438136157080035
-13.711385210405235 -8.36458130220237
-14.4214340346765 -9.068733748162046
-14.290641834345058 -8.077323943725727
-13.833625196029404 -7.187865798390794
-14.771109548474985 -6.839838372862734
-13.803345495946692 -6.587979804150028
-14.225963923251092 -5.681672094317018
-13.347566769378709 -6.159603512063224
-14.28632204525689 -6.504188090956243
-13.300866004953015 -6.334257538586736
-12.759858738874614 -7.1752754563806285
-13.267473288113488 -6.313691177623747
-12.267657898178873 -6.294476962836389
-11.86654129009411 -7.21050396392237
-11.951967591337619 -8.20684845608151
-11.03480973045293 -8.605372556001981
-11.658040636475278 -9.387410430902273
-11.634989253382157 -10.387144712467878
-12.3007340715024 -9.640965218548322
-13.161273617914983 -10.150348854975746
-13.548578719656199 -9.228397252034883
-12.703241680979739 -8.694163884449411
-12.559623535258728 -7.704530705832375
-13.55166146966017 -7.830470122650629
-12.563867762536866 -7.986237873381004
-11.747283792095544 -8.563464535289727
-11.318021811835813 -9.466644557380281
-11.384566161141429 -8.468861089098965
-11.003179471138788 -7.544445493877406
-10.65495205740001 -8.4818555793367
-11.6207307897823 -8.741222963712719
-12.408708714621174 -9.356926455636083
-12.26134520605172 -8.36784405444693
-11.977242645426506 -7.409050158426417
-12.608388811430752 -8.184714078650982
-13.383489713609132 -8.816551550982485
-13.109426966232217 -9.778263363585522
-14.109343202899888 -9.765320425419786
-14.072814789359235 -10.764653040220384
-14.877639121661067 -10.171139945053218
-13.94319012751632 -10.52723695057541
-12.943379719709242 -10.507765216172924
-12.350585182103625 -11.313118949749011
-11.351857852981519 -11.363554275311813
-12.324473863821444 -11.13113634257462
-12.172816857239436 -10.14270316205376
-11.716898777079901 -11.032724905711545
-11.847629507189923 -10.041306993726442
-12.412642049865992 -9.216224678670105
-12.722215753460762 -10.167100129001334
-12.653405317089106 -11.164729881888817
-13.053920444928726 -12.08102002827893
-13.645570116420778 -11.2748248495391
-12.66159046710689 -11.453105666611822
-13.333239832948607 -10.712236495054238
-12.921578373989389 -11.6235733390409
-13.724942661905603 -11.028085454276757
-13.08806176772288 -10.257123245977922
-12.316316851909066 -9.621191028744411
-13.262328486548608 -9.297058359723497
-14.058533627947273 -8.692031605926335
-13.329874920234829 -9.376908593183778
-12.473415776021787 -9.89312340728142
-13.218129785817126 -9.225739676872486
-12.442944016094522 -8.59400632931232
-12.516770442111104 -7.596735223332798
-11.599762626914503 -7.99560445863223
-11.332297016856634 -8.959171865426573
-12.260492363989938 -8.58707860082738
-12.029847674353945 -9.560116640753218
-11.071352327867688 -9.275008466959152
-11.75752825892533 -8.547572839815981
-12.10098343897942 -7.608403771280388
-12.789287884827369 -8.333825710448172
-11.831998393208801 -8.622956873135049
-12.694475894566096 -9.129052278817097
-12.472941739415274 -8.153899666093524
-13.373256631708422 -8.589138789697065
-14.263419229378155 -9.044781796567436
-15.257204438810685 -8.933467118680184
-15.654946001839772 -8.015969626019206
-16.64603105656119 -7.8827389452138865
-16.393036128657172 -8.850206550074557
-15.492315596900408 -8.41580751270015
-16.304420042583413 -7.8322954140236085
-17.005939674859743 -8.544945542439285
-17.754530363349186 -9.207977955754727
-17.659185112856743 -8.212533691514617
-18.249413645433318 -9.019769889496661
-17.328509922784576 -8.62997977467628
-16.33088123681019 -8.698805677656303
-15.811426849686592 -7.844307497612572
-15.226051898308796 -7.033544791082823
-16.215397373327107 -7.179131641659353
-16.936801604801982 -7.871645854372813
-16.461038889063037 -6.992072185876135
-15.662058525685302 -6.390715071561536
-16.657188658202617 -6.489284941988915
-17.552653837635283 -6.934416509532295
-16.67710512228522 -6.451286664615989
-15.70772878523338 -6.696866625451477
-15.136599073888034 -7.517726450767944
-14.54903753570671 -8.326905935709325
-13.585646130086428 -8.058807074135876
-14.330573357688637 -7.391661343746416
-14.381763451004469 -6.392972416028522
-14.554666141072977 -7.377911327721564
-14.909653759654368 -6.443040325575326
-15.789182291525506 -5.967194172260413
-15.553260486651226 -4.995422130069004
-16.059249979596483 -4.132882488644332
-16.347661838095544 -5.090388937644607
-15.511342671850992 -5.638631814636199
-14.632899474013675 -6.116478597793047
-13.85594454794951 -5.486922370864404
-13.574022589781803 -4.527485030803634
-12.963164563474944 -5.319225184955543
-13.633695171338005 -6.06110705150762
-14.55693567177653 -5.676884487945798
-15.033990031813572 -4.7980106986167215
-15.974868977277495 -4.459267713475047
-16.377991277576378 -5.374413828039129
-15.382061930011504 -5.464551138066704
-15.368475033618669 -4.46464344420371
-14.387850471867967 -4.660540021231603
-13.560596153574556 -5.222367657491074
