0 0
0.0047790881518975205 0.9999885800930111
-0.9916604228793002 0.9156778402320213
-1.5490065288140626 1.7459581050820034
-2.4132001573358464 2.2491174957549322
-2.7194360137188633 1.2971618243787066
-1.7785316308626 1.6358341473132425
-1.8098114271349763 0.6363234798638358
-2.8086972193555533 0.5891305344178204
-2.214632862480167 1.3935480503200004
-1.9649284781919911 0.42522593425155963
-2.861847211221595 0.867421350714203
-1.9304328748638027 1.2313819722478703
-1.6807982549868365 0.2630418684832464
-2.104366113468239 1.1689062453418788
-2.8921077448804193 1.7849120262726073
-1.892614976330735 1.8167586213321534
-2.8627642167738685 1.5742499590794177
-3.4286996211368828 0.7498003741511022
-4.397856026091025 0.9962468444775426
-3.451449293151901 1.3192240818294851
-2.6419572192128875 1.9063548868720361
-1.643349915577986 1.9591133281590187
-1.076443853403887 2.7828957731469273
-0.3583060622924108 2.086994836965972
-1.3579309964905737 2.1143807992335013
-2.139083961953691 1.490041112405748
-2.7531192812288436 0.7007625641842334
-3.3194579439421967 1.5249351911963485
-2.8878272360190618 2.426985595540681
-3.076694051076413 1.4449828836451932
-4.045479027007923 1.1970803414852091
-3.231761251015636 0.6158201750931143
-4.084640846798751 0.09371252805389485
-3.1403855361270865 0.42292660470973564
-2.1801371771298 0.1437795304943344
-2.025091292641235 -0.8441277392952742
-2.0919960542680784 0.15363162692067633
-2.6998994315018843 0.9476426368869949
-1.863372231138321 0.39971723772037604
-2.275348832976308 1.3109116623839736
-2.6616595631722375 0.3885429618441689
-3.324197995311656 -0.36048495882250475
-3.8955547712895258 -1.1811867527429118
-3.1306488772970775 -1.8253287971210241
-4.058321071566041 -1.4519331624649587
-4.558773515057154 -2.3176971902483814
-3.6728601022943286 -1.8538465406994942
-3.3588701208683065 -0.9044202446848502
-2.519821842802381 -0.36036327425380654
-3.186024307353901 -1.1061342017010225
-3.5674488142814282 -0.181734209535784
-3.059749878710217 -1.0432687653255441
-2.873855764042191 -2.0258385481561536
-3.873836030435378 -2.0195562854896525
-4.039106360915445 -1.0333079811245653
-3.111105406984069 -0.6607301644171623
-3.638895046020586 0.18864495702547968
-3.3474669217991693 1.1452376856267306
-3.7332555890663492 2.0678248653600138
-4.403819907091372 2.8096762624683804
-3.5955773727944975 3.398525993514736
-3.8766894252569974 2.438851041272926
-3.127488432323941 3.1011937563292045
-2.6458650477993793 3.9775720510621957
-1.7013492429289874 4.306038022435238
-2.420512448769433 3.6111968295247334
-3.4132238234973613 3.7317129134545834
-4.381972468697671 3.48366843675219
-4.247051762715804 4.4745248355796665
-3.2758703252187718 4.712866219861116
-4.144556061292978 4.217502624164768
-3.3005781516123074 3.681124690268299
-3.9644729134099768 2.9332986775771013
-3.9836503250179076 1.9334825810453342
-4.111450955326371 2.9252824594949938
-5.015113010887207 2.497036164310126
-5.535616416267855 3.350895757561352
-4.718250984905778 2.774776193916542
-3.9225131238066067 2.1691349994677855
-3.5741498113167913 1.231775408643046
-3.3929632364241176 0.2483266682001789
-2.5383850983992025 -0.2709961658923242
-3.4649814767332163 -0.64705354403865
-2.985255430614438 -1.5244718711068983
-3.7417085476368905 -2.1785197911762273
-2.7609007893212043 -1.9835425072999795
-3.685113647226168 -2.3654202276282787
-2.7070552187123234 -2.5737509992704632
-3.384438964994548 -3.3093808384373222
-3.464968934278587 -4.306133026319101
-4.462670230540305 -4.373898234484412
-4.7009807062920075 -5.345087256841541
-5.1180892208909174 -6.253943949092355
-4.334086331326216 -5.633186775026522
-4.3976145146061665 -6.631166819881703
-5.157526321305803 -5.9811406311489
-4.433711184218441 -6.671134578458008
-5.386124332917523 -6.975944673738826
-6.3219065714597145 -6.623366168964408
-5.759003557912894 -7.44988912529406
-5.1849245503139025 -8.268689035549402
-4.788409909166632 -9.18671743345213
-3.7899309291911742 -9.131583718293719
-2.8058657224142367 -8.953775763434933
-3.3424612785486385 -9.797615327058738
-3.822681894646408 -10.674763068248716
-3.114479562894855 -9.968753537646144
-3.341597613621941 -10.942620772454836
-3.107164286582397 -11.91475297291585
-3.382407997586038 -10.953378488361082
-2.4017852046987365 -11.14928391980674
-1.40189350701618 -11.13456682411857
-2.313747735450698 -11.545080972578877
-1.4383337220146823 -12.02845484969663
-1.4770831963549327 -11.02920589261018
-2.3301281565976053 -10.507368469838894
-3.272022228354388 -10.843278513733727
-2.5373801605700117 -10.164823627804312
-2.2060621106993645 -9.221304497192795
-2.586804290433076 -10.145985735550978
-2.938453799823138 -9.209854002008242
-3.9363838024659215 -9.27416348673152
-4.930083861548517 -9.38623575171821
-5.914537165898542 -9.561882247710347
-5.465302256507327 -10.455295923553887
-6.3726223835571485 -10.875736391456652
-6.224735930733813 -11.864740737792568
-5.69415145177596 -12.712372798706397
-4.695913379487628 -12.771708715603964
-5.2191264381597415 -11.919506805705277
-4.372363438333952 -12.451477126424424
-4.748181899144472 -11.524783819815376
-4.017304020935945 -10.842275558220397
-5.012862329359724 -10.936422541859722
-5.336741350618084 -11.882521046027616
-6.232184213382946 -11.437344587167235
-6.7123567477887285 -10.560170523937861
-5.75331997745147 -10.843452138486144
-5.767693822973511 -11.843348829432218
-6.653567455578036 -11.379422211252077
-7.65006950991208 -11.462990480996226
-8.404081535069224 -10.80612986722918
-7.656770349345348 -10.141655645237103
-7.344308432348401 -9.191725358096729
-7.0202240250001955 -10.137753527293484
-6.028020305441827 -10.01312696955181
-6.745017833442417 -10.710202679099233
-7.686434225044578 -11.047449143310152
-8.6847378081293 -10.989225814650538
-9.63246475779594 -11.308308294388246
-10.535606928246416 -10.878966682202794
-10.946462800833586 -11.790666990396575
-11.942586025580963 -11.878635854882187
-12.908595358818935 -11.62012866330499
-12.104441101252583 -11.025707995732011
-12.092643173827252 -10.025777593699717
-13.069509845701855 -9.811928335153807
-13.172320531094043 -10.80662927662777
-12.667096744619888 -11.669617645947264
-12.703874849867152 -12.66894110257901
-13.099572254694007 -13.587322049579377
-13.438266145265407 -14.528218669027874
-13.26486469205167 -15.513069894352473
-13.600411401238091 -14.571046324607977
-12.918154445277626 -15.302158796149502
-13.308443625207751 -14.38146647184704
-12.487703393833614 -13.810164911719703
-12.391298398479641 -12.814822720877377
-12.548492213799332 -13.802390492944307
-12.330697117127679 -14.778385009253586
-13.327107499360098 -14.863039307310123
-12.546034722056074 -15.487479309675905
-11.549899623409946 -15.575313615304557
-12.252624562692285 -16.286775251452728
-13.209025043870577 -16.57883366958501
-13.923167231019209 -15.878833000632065
-13.174028402362483 -16.541246025412548
-12.884032406565233 -17.498273884161478
-13.678712013675012 -16.891244789270758
-14.532536970066177 -16.370684568120865
-14.738306331760516 -15.392084052186041
-13.86650887055924 -14.902217553389676
-13.495046897808317 -15.830665722540756
-12.536002232133212 -15.54741083866384
-11.919602004062321 -14.75997782003041
-12.729261912360048 -15.346877157988223
-11.736600889273026 -15.225947040797227
-10.79134234130591 -14.899624688674209
-9.864436824694037 -14.524329920159541
-10.862828098396513 -14.467630144192194
-10.510472311975445 -13.53176402140775
-11.495813010775258 -13.361165934405891
-12.375003431743814 -12.884695364824585
-13.373288157512976 -12.94324112723306
-12.532733867727444 -12.40151381028925
-11.56306678528684 -12.645943246387125
-10.845651240938173 -11.949297757830063
-11.469620770947415 -12.73074642896595
-11.305261196515982 -13.717146920801147
-10.758499555362834 -12.879858614562778
-11.757842477919954 -12.843613295761719
-10.822630715916825 -12.489524380076686
-11.781656275712956 -12.7728439446283
-12.753482333297892 -13.00854314657629
-12.954388115900638 -13.988153715382476
-13.564067872595011 -14.78080155287217
-12.615812846725937 -15.098311247077
-13.509709385489675 -14.650037917526591
-13.317004409278175 -13.668781176330217
-13.675205672627825 -12.735136782069365
-14.25652274287766 -11.921459657015362
-13.259519477452374 -11.844100179694774
-13.311633868941357 -12.842741301519693
-13.13894997535912 -13.827718597144967
-12.383737574415699 -13.172238445301089
-13.275116713294352 -12.718979986172139
-12.998006677753994 -11.75814179573484
-13.465123346347436 -10.873946105900195
-13.152368176542101 -11.82377988281068
-14.058840468833036 -12.24604518248473
-14.817085245727398 -12.89801516516217
-13.929775508024761 -12.436841196492994
-13.18549912286941 -11.768969455437809
-12.887400554249249 -12.72350454823776
-13.745425128067195 -12.209895912480404
-13.249170464891804 -13.07807291590579
-14.130508001942031 -12.605585724771213
-14.600515540153022 -11.722923323835927
-14.966653311232104 -12.653483978811861
-15.177126274932302 -11.67588430023619
-14.274768730036717 -12.106872538091949
-13.284602846326019 -11.966974279577377
-13.715917720328175 -12.869175742369642
-14.50638382820597 -12.256669960930372
-14.516818979532546 -13.256615513256493
-15.502238814064807 -13.42675589561886
-16.445163155080706 -13.759762933261806
-15.500466577718127 -13.431817241539184
-16.423811308904813 -13.047845227728562
-15.429834734847523 -12.938252480590211
-14.509118699606999 -13.328485721679396
-15.235928516184513 -12.641646955645795
-14.540251865151436 -11.923291892179682
-13.916936216221185 -12.705262225247798
-14.53315773822911 -13.492835101757798
-15.349658345286876 -12.915490526417994
-16.265517047972867 -12.513989795765694
-15.60233539969655 -11.765531312354954
-16.36270766325184 -12.415018818636486
-16.347170925547367 -13.414898116242703
-16.20560426002656 -12.42496939193306
-15.878353222825766 -13.369906828301733
-16.878260575155153 -13.356294820454327
-17.81728085671043 -13.01243305923646
-18.523204603639357 -13.720720898692866
-19.221883726380618 -14.436156069372574
-19.591975911860256 -15.365151103937832
-19.077212158231717 -16.222483173762736
-19.340954038049087 -17.187076466726356
-20.019118050679694 -16.452165878986083
-20.006976622387644 -17.452092169129028
-20.166749595830698 -18.43924595499887
-19.18121224329489 -18.269787621604756
-19.365115423903248 -19.252731984303953
-20.138107476411363 -19.887147689310765
-19.171246368838887 -19.631844734639806
-19.2034632544274 -20.63132563604962
-18.759826373712905 -21.527532262933125
-19.11166696858154 -20.591472331196655
-18.199470217353095 -20.181719860736415
-19.09306398310978 -20.630596438205977
-20.09295769315049 -20.61601670497704
-21.083101806600176 -20.756068961656215
-20.573284164869634 -21.616351457223985
-21.506308816437738 -21.25653900668035
-20.934353116589264 -22.07682351671991
-21.51781781338739 -22.888962019433745
-21.54111451805302 -23.888690614379254
-21.823643669547643 -22.929431901332702
-21.941465383845475 -21.936397136765056
-21.181179743847107 -21.286808231677945
-21.984596553238394 -20.691391209425873
-22.11683173596393 -21.682609579135367
-22.479099284895234 -22.61468373015089
-22.472325665278834 -23.614660788926386
-23.280657658447286 -24.203387711039106
-24.27269488361702 -24.077442707654566
-25.226554499666484 -23.777189759509227
-24.62343623487558 -24.57484153733938
-24.926546663931912 -25.527796975855416
-24.878887978744455 -26.526660655106095
-24.230332940173433 -25.765492893082413
-25.164074842163654 -26.123439900986774
-24.256806106369446 -26.54399125462908
-25.0614858904068 -25.95028219695723
-26.057515351165016 -25.861257968223136
-25.663378837932505 -24.94220606058303
-26.61277271040159 -24.62811805553006
-26.847588387815197 -23.656078139867752
-26.572842401248476 -22.69456129505146
-26.68593449308395 -23.688145805178443
-25.703115466599467 -23.503573973145237
-25.496439180780204 -22.52516459416323
-25.711826354043577 -23.50169332676336
-26.486249449212522 -24.134361383226583
-25.61097889173545 -24.61799497512625
-24.72378730466203 -24.15659375294956
-24.673323898344 -23.157867842289996
-24.466201798360164 -24.136182942704114
-23.492654716399063 -23.90769644593674
-22.69944582416625 -24.516646077090908
-22.39540935768478 -25.469306471486234
-23.025018699829946 -26.24621835599022
-24.001849276998733 -26.460232429144522
-23.511550240908363 -27.331786704682685
-23.048530047112298 -26.445438973745752
-23.974835450078064 -26.068665433755974
-23.64642085720039 -27.013199104508367
-24.02091310392387 -26.08596905908059
-24.865038674686236 -26.6221145811034
-25.319741477593052 -25.731471352291386
-25.466127515648843 -26.72069889328604
-25.679985337866636 -27.697563690418306
-25.375973770379346 -28.650232030835852
-25.588210367810824 -27.67301372016484
-26.136288015313035 -26.836586262277162
-25.787477665103147 -27.773779593232124
-25.023445648141315 -28.41895792288776
-24.89568880698251 -29.41076344290523
-24.173737306154916 -28.71881978157666
-24.550773176933802 -29.64501843853207
-24.9115423391197 -28.712363297756184
-24.803141520097395 -27.71825602867739
-25.19032342468576 -28.64025937615468
-26.1446486141932 -28.341489510419212
-26.413443533160613 -27.37829207918442
-25.504414394762808 -26.961559520408713
-26.308181400382043 -26.366615320774923
-25.447531439795156 -26.87581238021438
-26.142962436881234 -27.59440526098336
-25.183773087542797 -27.31164070854494
-25.24422538725947 -28.30981179581353
-24.962519517947477 -29.26931260519056
-25.117485890257296 -30.25723235064215
-24.35719941537331 -30.906820278569135
-23.84322535410909 -31.764626005029132
-23.41687335910597 -30.86006866778795
-22.602597766053883 -30.279590193975466
-21.606901995049064 -30.372272077874733
-21.069489319321313 -29.528952674583703
-20.853304733080527 -30.505305185038765
-21.81129457234663 -30.792107325656488
-21.616326042679823 -31.772916824203257
-21.985486366422716 -30.843551096744985
-21.97132388726925 -29.843651389682208
-21.786982437328007 -30.826513653599974
-20.861448821081428 -31.205179106470354
-20.484778888745854 -32.13152664496458
-20.010145603511223 -33.01171028747754
-19.03167121230546 -32.805342010471314
-19.234647834731554 -31.826158426689144
-19.01278955355011 -30.85107950523139
-19.227896757402263 -31.827669946947317
-20.13652792407288 -32.245269519450446
-21.056627669443326 -32.63695365056791
-20.23645090424259 -32.064843456789774
-19.928414160696498 -33.016217917570344
-20.781814256419292 -33.537474357933746
-21.7220103414054 -33.19684065176715
-22.601345913912755 -32.720638015357856
-23.596696144222776 -32.624316060322734
-24.593687728227863 -32.54680618080387
-25.27521638928443 -33.27859760201516
-25.877248515454696 -34.077069466928954
-26.314405791382384 -33.17768439027742
-26.74411980347661 -32.274719347869976
-25.758684576751904 -32.44477055759817
-26.758504030083714 -32.46377215593304
-25.914990867493756 -31.92666365242794
-26.649626665982694 -31.24820197806562
-27.62958407865236 -31.447409079730622
-28.62938785706893 -31.467218286275795
-27.768108215488187 -30.959087024692188
-28.378590675027557 -31.75111680102308
-27.50928792022478 -32.2453968031396
-26.92149071230782 -33.054405111109936
-26.72141263206068 -32.07462515530118
-27.003384970922976 -33.034047690014916
-27.833553920299213 -32.47653579284002
-27.78571825251788 -33.47539101202241
-28.607042854016772 -32.904929883659854
-29.602984141317155 -32.9949351737847
-29.988313972622123 -32.07215626141918
-30.07330902726654 -31.07577488830646
-30.934146147388965 -30.56689430052645
-30.864708568182508 -31.56448059884552
-30.002260513193 -31.058335014606342
-30.625924760243727 -30.276642679380615
-29.629703126167108 -30.363489992509525
-29.037425843492457 -31.169224204534515
-29.185675837193454 -30.180274287012068
-28.433231871506322 -29.521618019676048
-27.578940315902383 -29.00182388925151
-26.89794298400664 -29.734109785572667
-27.891754607650284 -29.623031179573207
-28.092823851429202 -28.643454148806267
-28.10643840630083 -29.643361466459083
-28.99263156922139 -29.180045507320127
-29.745522934414563 -28.521900696341906
-29.680911278595318 -27.523990212414468
-28.968356720555235 -28.225606918185008
-28.111150478317615 -27.71063365842402
-27.742990755194082 -28.640396218580968
-27.996391548787514 -27.673034839464446
-28.876687458928064 -27.198609807884303
-28.270906674126728 -27.994241406531238
-28.326779880057444 -28.992679278839287
-27.60926691388278 -28.29613413071805
-28.16040787812996 -29.130546281593556
-27.160408071902335 -29.129923750699877
-27.727636550664602 -28.306363277582665
-26.872838602841444 -28.82532422832686
-25.926137003478985 -29.147436137086164
-25.5604792067662 -28.21668677463505
-25.180590253408237 -29.141718873060068
-25.222762584294333 -30.140829224576674
-25.24174554186846 -31.140649032002862
-25.8581531613773 -31.928076264584675
-25.15854931724756 -32.64260720252851
-24.214125560032524 -32.31387666423333
-23.83190025529643 -33.237945826374016
-23.52793417311971 -32.285262972069326
-23.450202512270604 -31.288288654997096
-24.03734044133187 -30.478801748211293
-23.107294501448937 -30.846245008739054
-22.30286080342173 -31.440287452911413
-21.302888823293422 -31.432801535581536
-22.11477427114268 -32.01661830441454
-22.245545617949286 -31.02520574909038
-22.551350121613 -31.977300075057606
-23.42429961480064 -31.489489474164753
-24.37141850716346 -31.168606623689044
-25.300423612164046 -31.5386735296437
-25.010270824121722 -32.49565386360635
-25.195951846706656 -33.47826393777199
-24.842420089660617 -32.54284141465212
-23.897910865693856 -32.21435652026319
-24.42592335701095 -33.06359312393328
-23.76474052566791 -32.313368315267766
-23.032271296278495 -31.63256817719663
-23.74311033298012 -30.929213455949164
-23.773462283497327 -31.92875272936457
-24.77011237278424 -32.010536587945545
-23.81212666899568 -32.2973525417151
-24.75801203812116 -31.972851588751382
-24.057186047255346 -31.25951931657596
-23.630785640763165 -30.354984799079087
-22.653967126617587 -30.140915673742374
-21.902357764618106 -29.481307178531214
-22.237408486786855 -28.539107086420096
-21.66718140989994 -29.360594201830317
-22.60957823506531 -29.695091173293783
-22.358284023932757 -28.727180423559453
-22.959062115414756 -27.927764583839444
-23.76051451801911 -28.525823148162125
-24.332331630184775 -27.70544202317538
-23.406471220029545 -28.08330774126474
-22.406471269174187 -28.082994230048033
-22.609534624610397 -29.062159830791334
-21.63384325851935 -29.28130899947647
-22.60947953900613 -29.50070327514909
-23.032320789470987 -28.594499502863123
-22.554702489882146 -29.473066950415024
-21.554717140912288 -29.478480068336406
-22.54034422594244 -29.30954443190949
-21.983282004442284 -30.140015190803087
-21.823990951198738 -31.12724685579189
-21.960923099402585 -32.11782728502936
-20.975106802076482 -32.285655256256604
-20.636054383659328 -33.22642273951986
-21.264185968048928 -34.00452987397643
-20.38581433377517 -33.52655155636856
-19.748554390842887 -32.75590263167331
-19.272086387278815 -31.876710820076052
-18.302481604855217 -31.632034368611503
-18.279216836955467 -32.63176370727001
-18.12598534509016 -31.643573386582375
-19.12309909747993 -31.71949548346591
-18.13811899425493 -31.546827605008826
-19.019706779160206 -32.01884770787078
-19.030107840390848 -31.018901800371143
-18.182802366587868 -30.487795940806866
-18.21969665017983 -31.48711511496407
-17.219726523465756 -31.479385582026328
-17.08326740934531 -30.488739878369636
-16.3799282115921 -29.777885481953696
-16.162139574055107 -28.801889524298247
-15.990270235324992 -29.787009278645133
-16.966786782257604 -29.571566865070626
-17.866757679779802 -30.007516843408837
-18.861589889284552 -30.109049473296462
-19.08154618403848 -29.13353974582158
-19.095965766120166 -28.133643713399913
-19.622191495811357 -28.983988632483324
-19.81171176683491 -29.965865440881995
-20.06340609963419 -28.998058661180217
-19.069012355761192 -28.892318024969516
-19.279642511444532 -27.914752202368902
-19.986662681390015 -28.62194558418908
-18.992176155214096 -28.51708115144588
-18.397609237407753 -27.713035020772853
-18.511497799870956 -26.719541490174862
-17.75404960802414 -27.372436762533294
-17.65495991040141 -26.377358257175533
-18.54834592791893 -26.826648167705677
-18.901101010172034 -27.762363857402395
-19.36478984203872 -26.876365738215842
-19.230624491437613 -27.86732469735496
-18.69746871355312 -28.713341787317322
-18.338808733036693 -29.64681006121631
-17.61706955833268 -30.338975188694985
-16.880858788429627 -31.01572750843889
-17.586335785331055 -30.306994690768548
-16.882336451921077 -31.017195323377607
-15.902414597392454 -30.81781338082216
-15.178738341873716 -30.12767377378719
-14.503565584136169 -30.865333415633668
-15.020830137272155 -31.721158971497143
-14.16884632097324 -32.24472709195974
-15.026308457574526 -31.73018002482675
-15.46354920267122 -32.62952452546446
-16.212695756847623 -33.29192881316618
-17.208548856939185 -33.20095297550571
-17.560894394922958 -32.26508299422469
-17.478104127495037 -31.268516001183475
-16.57878643944193 -30.831220110561556
-17.546474022006134 -30.579067889569856
-18.546395789332212 -30.591576255869747
-18.27876829502636 -31.55509871242775
-19.23771733772811 -31.27152026913313
-20.216564304491175 -31.06692648707036
-21.202914494142153 -30.902265309570986
-21.689416053722834 -31.77594501777392
-20.714230628790656 -31.997334690071092
-21.580039234189208 -31.49695937211684
-21.1064063256879 -32.37768172790474
-21.026898314745292 -33.3745159549435
-21.003958100796197 -34.37425279360854
-20.27944662447973 -33.68499005655848
-19.310998884374516 -33.4357733342361
-19.52632366916628 -32.45923084306924
-18.74744634244695 -31.832054544152783
-17.762701837520098 -31.658048049974052
-18.271656308491075 -30.7972546098976
-17.449005408557888 -30.228707780833254
-16.45955569313553 -30.373584489280887
-16.06158791972645 -31.290983885033803
-15.184802796731681 -30.81010152094145
-16.17731710330603 -30.932229942061337
-16.760691211857623 -30.12002636568923
-17.485445698329244 -29.431019156482204
-17.571498286237663 -30.42730975270113
-18.021682178350094 -31.320245620097275
-18.829795757493507 -30.731218928678267
-18.73899168709877 -31.72708770557598
-18.152322465214336 -30.917261042583515
-18.696705983423218 -30.078424595412482
-19.37318981195793 -30.814882082122356
-19.27872993060329 -29.819353413115547
-18.29835033039386 -30.016472259229243
-18.443835111288305 -31.005832748903302
-18.20709949121473 -30.0342586414939
-17.231137040683453 -29.816319899749832
-18.15917505885043 -30.18880538515391
-18.344794920490326 -29.206183755550335
-17.37367151504817 -28.967606029426477
-18.223405380120187 -29.494817901968975
-19.146762749704077 -29.11087628136095
-18.157929257159015 -29.259900856586437
-19.11898875401458 -28.983559322423137
-19.176758932272925 -29.981889231072575
-20.176531256353073 -30.003226991109226
-21.120566317748363 -30.333072110606835
-21.28424982425591 -29.346559206637814
-22.191415190962744 -29.767333489891502
-23.18908336397542 -29.83558461850888
-22.39786799841288 -29.22404701108172
-21.39936195298062 -29.278688362046243
-21.026541178595515 -30.20659173534914
-20.032945252305215 -30.093599986715365
-20.14380352681478 -29.09976376128747
-21.053972810620078 -28.685527265047284
-20.91991258574962 -27.694554078675583
-21.703149593945092 -27.07283083719831
-21.11751850045522 -27.883408546204585
-21.616021969665994 -28.750296250111393
-22.044144031913294 -29.654017169321033
-22.9377564319319 -29.205177689625906
-23.715959214667027 -28.577164609393254
-23.598773261460636 -27.584054619326135
-23.43644771052121 -28.570791876914097
-23.726349342904175 -27.613735429497492
-24.17827869306246 -26.721681696550025
-23.179773795340996 -26.776344016535973
-24.176941010560114 -26.70112736351187
-23.445487256436135 -26.019236312406242
-23.28233777114974 -27.00583767336759
-23.670408472547187 -27.92746727940078
-22.751856070479413 -28.322766513722733
-21.752042049478924 -28.303481197784677
-20.75863818185216 -28.188813173539963
-21.750209910121225 -28.318372070175826
-21.423094211806518 -29.263356366297238
-22.41872054295112 -29.169931483468634
-23.39136395509176 -29.402234718098324
-23.02634251357265 -28.47123560572962
-24.005213498300712 -28.675714443895135
-24.48682308456701 -29.552100321472132
-24.78549935765664 -30.506454806919383
-23.79631540464785 -30.359774518162155
-23.019713745746877 -30.98976647318401
-22.887564165485323 -31.980996259074594
-22.169007633214537 -31.285527704838685
-22.50543362449441 -32.22723761367014
-23.27100900199033 -31.583891407205858
-24.267987507051327 -31.661569334870908
-24.149301550843788 -30.668637492396762
-25.14930139425866 -30.669197108542292
-26.146145626116937 -30.748579584006855
-25.14659583590661 -30.778583198630606
-25.310362039114636 -31.765082377893737
-26.05273590799227 -31.0950965281867
-25.884141720990932 -30.10941097989589
-26.157134701157666 -29.1473949546761
-25.169971224691324 -28.987681865885968
-24.20737986360476 -28.71672454164187
-24.809996653134604 -27.91869383735992
-25.71993735084539 -27.503955453978776
-24.932807070380626 -28.12074222554206
-24.36023995536808 -28.940600078347174
-24.544918280327064 -29.923399099658422
-25.518372361075844 -30.152281498880267
-25.720383119082165 -29.172898196158748
-25.507840695667536 -28.195746356243866
-26.30346876178036 -28.801531780642286
-26.687910448398767 -29.72468105870624
-27.24971523789216 -30.5519508928609
-28.224462833208438 -30.775260376370078
-28.910452664809004 -30.047649250190286
-29.833338917419006 -29.662576575564486
-28.841099149864565 -29.786915803821337
-27.95804855027467 -29.31763801981284
-28.879452295452005 -29.706244682613644
-28.283884312252322 -28.902939773262617
-29.258339252861806 -28.67835667344928
-30.250014631343863 -28.807119803701973
-30.99090346319128 -28.135492124966373
-30.653853703210142 -29.076978959338824
-29.68132957272253 -29.30978105473169
-28.69666680271729 -29.48424947412503
-29.599083580889186 -29.05338527455183
-28.705297143081683 -29.501878087862558
-27.736190851494033 -29.748521546330913
-28.65584680063951 -30.141246558523072
-27.853905572909316 -29.543843623087874
-27.67891429153362 -30.52841360609695
-27.085886026065218 -29.723231964257334
-26.81882796894048 -30.686912406169878
-27.16370008776657 -29.74826272622725
-27.566353980339915 -30.663615031514965
-27.165106898201046 -29.74764517443721
-26.603832654982195 -30.575275057838667
-26.997174189334626 -31.494667486213665
-25.997469906785312 -31.51898512287026
-25.161587392719206 -32.06789351475229
-24.507850266245775 -32.82461524000555
-25.115250722980726 -33.61901103881001
-25.61833695939026 -32.754774821832676
-25.118343738178066 -31.888745504348645
-25.045597861228877 -30.89139499555703
-26.01905197060381 -30.662512718084407
-25.056876727574146 -30.39008143922531
-25.73769924818237 -31.122529864326122
-24.821828375657873 -30.7210568952968
-24.396204506780382 -29.816156722768497
-24.91037326085764 -30.673845764514187
-24.07423897325322 -30.125320967360725
-24.42823636038788 -29.190074556032762
-25.23124454666011 -28.594106559593538
-25.404940799239572 -27.609307284695422
-24.99412251003199 -26.69759004056073
-24.052780678985563 -27.03504456656707
-24.297219708498595 -28.00470923069108
-24.07478217290066 -27.029762287131014
-23.409458494101898 -27.776317310173308
-23.31530844749829 -26.78075929140969
-23.81647875948498 -25.915410622731475
-23.950693100665283 -26.9063629478317
-24.493529174194446 -26.066524274469106
-23.673432443110944 -26.638749188000624
-23.1345918041323 -27.48115690744833
-22.621328576180083 -28.339388146003575
-22.430966363629896 -29.32110206972728
-22.129711380539586 -28.36755844976894
-21.438593055285043 -29.090300077529065
-21.200274370866357 -28.11911306945238
-21.92326170704829 -27.428251786906777
-21.276710128862273 -26.665381511732043
-21.369367578155057 -27.661079556869502
-22.29114969742522 -28.048787855199322
-23.280759578868423 -27.905009266564
-24.074315351390975 -27.296511743236145
-24.982966411562284 -26.878955458587527
-24.494261747269324 -27.75140474141049
-23.5731607480933 -27.362081033787984
-22.588019962122647 -27.19033228760006
-23.18265977435406 -27.99432451001853
-23.937831433755182 -27.33879742069471
-24.508362527147472 -26.517521418687714
-24.516821455666687 -25.51755719606357
-24.302552997423177 -24.540782386907463
-23.655118881745288 -25.302903811521933
-22.736881443148267 -24.906873501622826
-22.617218933333255 -23.914058874542437
-23.615069688231507 -23.848531239540208
-23.07127314913398 -23.009314149589372
-24.066053003274757 -22.907269836687306
-23.291581946032526 -23.539879180195683
-22.291602849461995 -23.5334133916141
-23.20093468786354 -23.94948502927914
-23.4215881395935 -24.92483730114795
-24.3987796177748 -24.712477194325025
-23.54139904427368 -25.22716015711172
-23.75118206257853 -24.249412191002403
-22.99852819035529 -24.907828585563905
-22.421014046269327 -24.091447906358024
-21.434064027334262 -24.252474798907294
-21.360019053984132 -23.25521989572477
-21.201740546767038 -22.267825387864246
-21.43172215799916 -21.294630413311317
-20.443575243400552 -21.44814156980899
-19.904895277470875 -20.605631098475843
-20.826526301139424 -20.993698433112062
-20.024743868784547 -20.396082393194206
-19.416536607672015 -21.189860654127315
-18.84947463122582 -22.013535781145812
-18.610561404271774 -21.0424948602849
-17.990408495148834 -21.826975815634587
-18.292786792821968 -20.87378781471541
-18.971604825521087 -20.139481285749138
