0 0
0.8324931027263085 -0.554035408537328
-0.162779393473657 -0.6511572820153949
0.8305336164794311 -0.5357048491352853
0.06720972596515173 0.11031112448312641
-0.8866410064059626 0.41059229331508784
-1.85066437192393 0.14477477934091149
-1.191356356924 0.8966477349370361
-2.1897783279224545 0.9528043714777061
-3.1259426288489816 0.6012415724349934
-2.1824421585543132 0.9326127578958593
-1.18585485714071 0.8500673118606479
-2.0634577220959907 0.3706789396379962
-3.0627381510790572 0.33274973912679995
-4.040194221512425 0.12161085030486857
-3.6331418462561995 1.0350156695379757
-3.1668297997620085 0.1503953694688448
-4.042729828849474 -0.3320972616091607
-3.2637616241820457 -0.9591606843322564
-4.134244362086732 -0.4669617377568287
-5.071669768295028 -0.8151479060565073
-6.0092986787447 -0.4675101257607501
-5.060248223727607 -0.7826342819783407
-4.842190299253343 0.1933015466364184
-5.841784406896332 0.16481260201894204
-6.789156666170132 -0.15532143609393478
-5.800361885176058 -0.3046026508494498
-6.252129145543571 -1.1967384826934755
-7.232760037506982 -1.00087359628694
-7.546006862003976 -0.051201849343529116
-7.872789062289847 -0.9963015232278897
-7.891876077246051 0.0035163031085192475
-8.425941014482925 -0.841927156156602
-7.73423332408864 -0.11974956646733137
-8.566805000851136 0.43416775863893897
-8.980797319290707 1.3444481331791294
-8.053669900604413 1.7191943800183598
-8.630289340488769 0.9021815150355292
-9.483559444410806 0.380712311963215
-8.692259589768918 -0.2307159667774119
-9.608997055602188 0.1687742317726842
-10.168658129084001 0.9974958272612926
-10.942964398890682 1.6303068579316373
-11.903347421768352 1.3516234365224198
-11.628109585720221 0.3902472699738925
-10.85089630712422 -0.238989982240291
-11.68507363151024 0.3125063382190396
-11.285049628589539 -0.6039983246645153
-12.219583439346177 -0.9598726796729555
-11.99446991895452 -1.9342052219483716
-12.253658085954612 -2.900032066722906
-11.270503034115176 -2.7172585893182295
-10.542664001451094 -3.4030066061076427
-10.122574975080544 -4.31048950397572
-9.242699853341975 -4.785694480954644
-9.654047845747806 -3.8742161053780797
-8.968204071516109 -3.1464673043844815
-8.168906991630221 -3.7474033892436736
-7.170889266482649 -3.684469930008824
-8.162330160813703 -3.553913608645046
-8.78873539256835 -4.333411194036051
-8.64369644235916 -3.343985247882315
-8.122141207995721 -2.4907677272534317
-9.068055211151355 -2.8151852030991114
-8.480951011321379 -2.005673832862718
-9.354461763532406 -1.5188689789718333
-9.540570799650233 -2.5013980760856507
-9.502346040232505 -3.500667242910814
-8.602442153370822 -3.0645789555064917
-8.679457992013958 -2.067549086045153
-9.64857057741039 -1.8209303583981136
-10.26189353724834 -2.6107625854790397
-9.344860536247435 -2.211951257812343
-10.343561087427808 -2.262914078299631
-10.119597176169613 -3.237511516452395
-9.308426237837324 -3.8223206381366537
-10.251095720401562 -4.156048441356689
-10.861038345793656 -3.3636028635850677
-10.043638950408688 -3.939674238003455
-10.933947470691283 -3.4843164240678446
-11.497044046027225 -2.6579253260731157
-12.335162035545052 -2.112436338423873
-12.686673181537016 -1.1762526415761787
-13.381237985162523 -1.895682786596987
-12.847015438434592 -2.74102666370708
-11.987423587259615 -2.2300454024131118
-12.977818788577448 -2.091779914287515
-12.527964932778028 -1.1986777317672863
-12.365038163095576 -0.21203956723033635
-12.916954907985868 0.621859651326501
-12.906862931840543 -0.37808942338554763
-13.818192700666627 -0.7897665449886262
-13.02536819667748 -0.18031654222025972
-12.346523662781278 -0.9145985716879905
-11.40535024756403 -0.5766746120634887
-11.74378847407884 -1.5176632234895302
-10.939119254058234 -0.9239398482115919
-11.898292672984688 -1.2067584339250088
-10.901104054466431 -1.1318260704386516
-11.7075011574181 -1.7232004969665105
-10.77437049657324 -1.363663058316189
-11.607565105551819 -0.8106831820376451
-12.243504536287785 -1.582422153734174
-11.249268252864965 -1.6896332199800554
-11.325662804539052 -0.6925555537601589
-12.070038225686941 -0.02479419489690271
-13.055912219648746 0.1426945152593329
-12.315316579456514 0.8146454790418531
-11.91275331699218 -0.10074668812699039
-10.96285238584508 -0.41329783755036303
-9.970098490309049 -0.5334631524213185
-10.233119829378778 0.4313268636930516
-10.476907358911966 -0.5385018018165345
-11.29981010137161 -1.1066840581853818
-10.370406215211133 -0.7376198139272829
-9.728286020355155 -1.504223789496233
-9.06009313829872 -2.248211875670411
-9.4469403534382 -1.3260680516717733
-8.511276885466232 -0.9731744774844947
-9.133091960092132 -0.19001037401192988
-8.75040369157171 -1.1138879033072588
-9.738850965410766 -1.2654530273963456
-8.739210566091145 -1.292268546188863
-7.860821084482261 -1.7702140646309499
-8.846980540674103 -1.6044144055136595
-8.91113906117687 -2.6023541252597453
-9.760901777201086 -2.075188756086895
-10.578298430491856 -1.4991134908749177
-9.638035749024878 -1.8395633254181734
-8.638610503682273 -1.8734628677731164
-9.564973976347591 -1.49683212485447
-9.70872789597281 -2.486445590098545
-10.248782703001323 -1.6448157395078025
-11.24811832758893 -1.6083697598927973
-10.394886653793293 -1.0868376795450052
-9.989760726577973 -0.17257678510735763
-9.830010192289857 -1.159734202541204
-9.982626851738576 -2.1480196649753704
-9.423800246032675 -1.318735139160966
-9.432921199697518 -0.3187767359239895
-10.05701788587569 -1.100123858719885
-10.953839056330178 -1.5425171093743686
-11.953476517797931 -1.5155922949774763
-11.037282602534503 -1.114857083604339
-11.375399226335189 -2.0559613013770712
-10.552233054256758 -2.623761841307904
-11.532898380427023 -2.4280694345891694
-10.541374043912613 -2.2981483427693203
-10.237711966456708 -1.3453685451690758
-10.0922381224898 -2.334730643049064
-9.12063587678785 -2.5713507523950936
-8.52906959106082 -1.7650943852319396
-7.5795976833542955 -2.0789464148193453
-7.728515286580606 -3.067796022924304
-8.728504669081858 -3.063187890464683
-9.709507394664357 -2.869193941075251
-8.748066083625053 -2.594183749578601
-9.571041525466793 -3.1622607004623635
-8.957225672177541 -3.9517099377479465
-8.454792000761904 -4.81632569392395
-9.048683997520104 -5.620870469673913
-10.035040381517927 -5.456246401728977
-9.506854047623149 -6.305374894176848
-9.781611186865167 -5.3438612362210485
-8.82876915298226 -5.647327969926548
-9.82843798889831 -5.621594363528567
-9.554731414772883 -6.583407604901612
-8.703803773877421 -6.058124681173756
-9.646571190129052 -5.724673637009509
-10.407542282643208 -6.373459423196146
-9.6076374197334 -5.77333259468967
-9.4585618103326 -6.762158394657379
-10.368630153240316 -6.347700180554671
-9.632292833387963 -7.0243148060193095
-9.716626998529282 -8.020752334713364
-8.785373397885216 -7.656380640851916
-9.270736793940275 -6.782068125918096
-9.197319660913678 -7.779369446772608
-9.363984585931664 -8.765383038346654
-9.959498714263432 -7.962038203946596
-10.94555872099977 -8.128428297146685
-10.210423748161842 -7.4505075261781455
-9.45300451410436 -8.103436392043163
-9.724979174391995 -7.141131978584809
-9.043655213220012 -7.873113986514593
-9.406139567787433 -8.805103843054802
-10.110989587490428 -8.09574748005755
-9.148292304794754 -8.366328229354993
-8.152612957787591 -8.459186389703923
-7.66623305613956 -7.585438948349815
-7.1339014770587434 -6.738903012955856
-6.161758834758928 -6.504512989656373
-6.306546116716464 -7.493975794911502
-5.655475236539543 -8.252992730813231
-5.780475474199417 -9.245149442520095
-6.394805142058916 -8.456099976904891
-6.144571170383611 -9.424285372074433
-5.198804002753111 -9.749130665456038
-5.554642323543453 -10.68367819739709
-6.338738449953499 -11.304317597168616
-6.260805929703121 -12.301276233365437
-5.7249680112795875 -13.145597099612111
-6.459974200686496 -13.823657496283039
-6.280148158438213 -12.839959069665754
-6.705528469272111 -13.74497376079229
-6.053828557956287 -14.503450672498207
-5.519761597087743 -13.65800849156054
-4.5237079043298625 -13.569255795019028
-4.602067573239376 -14.566180948823662
-3.7423249515813626 -14.055453404525721
-2.819879410345694 -14.441580616017523
-3.6998269204555605 -14.916651536461458
-2.7144138425841495 -15.0868310474491
-1.9221796689120634 -15.69704823342972
-2.3243376737048624 -16.61261851428263
-2.088943525211866 -17.584518506491325
-1.9215271976956665 -18.570404794701577
-2.8090529410012177 -18.10964666404089
-3.8085359961721537 -18.077496665189067
-2.809731554480737 -18.126381092745273
-1.9721223595882775 -17.58011116255361
-1.5841508877964254 -18.50178254492135
-2.190523046593437 -17.706601556066705
-1.5280571117094504 -16.957509515581503
-1.6688134196867541 -15.96746524295295
-0.9028660007277586 -15.324562022094591
-0.809625386488491 -14.32891841725585
-1.738734009304021 -14.69872534932964
-1.566060705451616 -13.713746197196615
-1.7546284973607895 -12.73168602192501
-1.7722016893196917 -11.73184044238566
-2.588369220684245 -11.154025107917725
-3.3841461820484557 -11.759614925997539
-2.4112079137897777 -11.528549727064846
-3.1947892771527577 -12.149838908517584
-2.8005460314976496 -11.230832780542734
-3.69568145696273 -10.785038466898595
-4.616372067902497 -11.175331688627281
-5.375493955738393 -11.826280196121127
-4.5028118122532215 -11.337991473701567
-3.6589490203758084 -11.874550499797353
-4.649292908819762 -12.013183045116662
-4.5323831555629885 -13.006325587551252
-3.6351364937465185 -12.564795942046898
-2.7428139268385054 -12.113397629481714
-3.742765437309546 -12.123245304673594
-4.571858519775747 -11.564134706842813
-4.425517788104463 -10.574900462462892
-3.783532675953609 -9.808183359629876
-3.2214844105745106 -8.981078924032806
-2.4613712822330776 -9.630869684295677
-3.049649736511628 -8.822211251932767
-3.967083286308223 -9.2201002838344
-3.9054063054478805 -10.218196446552177
-3.411316449171681 -11.087607289551599
-3.3302302433835664 -10.090900197557723
-4.151244867748266 -9.51999303647171
-3.429549292039683 -10.212203622928358
-2.50523381290788 -10.593832886792317
-3.0539443041783536 -9.757820448625447
-2.2212689410417528 -9.204059002129458
-1.2509321009993188 -8.962302064573441
-0.394010971070348 -9.477749614845296
-1.0336895169495788 -8.709107072474765
-0.798128501878969 -7.737247510511771
-1.701617481000982 -7.308636189376803
-2.1456012286278687 -8.204671027897708
-2.369647840522833 -9.17924945762945
-3.3177879879502696 -8.861396880423792
-3.64091743908605 -9.807751654178693
-3.5265152963444923 -8.814317132060532
-2.7222907035567077 -9.408642635766475
-3.325118174847302 -8.610771067243453
-4.308421575839408 -8.428797383439015
-3.5891638974720896 -7.7340539832475095
-4.281118953734969 -7.012113403897495
-3.6203342073766125 -7.762688862449213
-2.6277516706761306 -7.884261506729233
-3.422284547040219 -8.491482643035116
-2.830319549345241 -9.297446315606024
-2.634903905197365 -8.316725801890588
-1.6617007318886698 -8.546672716333651
-1.0678193839063226 -7.742120080070075
-1.271554854882316 -8.721146054120911
-0.6869958622218931 -7.909794845272467
-0.6252280332597586 -8.907885389915238
-1.34831741336208 -9.598639867557795
-1.920553944432164 -10.418728492347139
-2.8752700087781484 -10.716246956445946
-3.5677627753623566 -9.994822138305796
-2.892046538055925 -9.257660306249607
-3.3666176458388954 -8.377443137786253
-4.123024560532483 -7.723341785239319
-5.107310313797962 -7.899924785323154
-5.996813280797527 -8.356854179977264
-6.628745901500498 -9.131877510523818
-6.208788764217255 -10.039421450421422
-6.405202606858516 -11.019942537608685
-7.296840021108548 -10.567192362004615
-7.774065402391738 -11.445973299132358
-7.91695539488788 -10.456234722515052
-7.402701385588475 -11.31387264956789
-7.075960788212334 -10.36875859188687
-6.488725983575675 -11.178175223927097
-5.931729040188358 -12.008689766278515
-6.69238967559174 -11.359540016415108
-7.583884380229088 -10.906508900923503
-6.95860189938178 -10.126110400703624
-6.75898568380068 -11.105984559193926
-6.352989407357869 -12.019859289950046
-5.650294657788885 -12.731350743818737
-6.496811020855814 -13.263713446362726
-7.400843383851594 -12.83624942839599
-6.988206931752491 -11.925353628428143
-7.981286679804737 -12.042795588597786
-8.959235304089255 -11.833949979929518
-9.878588132929856 -12.227384060942823
-8.922387306159766 -11.934672634988525
-8.29682904961862 -11.154495175897837
-7.335172290769707 -11.428751038479122
-7.720365417456085 -10.505915053510194
-7.877851418452569 -11.49343627327721
-8.224562029528519 -12.431408422206665
-7.430596065760834 -11.823446212543555
-7.985821711250849 -12.655145967617582
-8.110386019343103 -13.64735750411043
-8.66598619363848 -14.478807109512312
-9.38361493527571 -15.17523297719398
-10.146912460898342 -14.529185852458973
-10.53694432923103 -13.608384494029853
-10.9072218342391 -14.537305679752839
-11.720149548187116 -13.954941075835968
-11.834752249081921 -14.948352481522262
-11.923825650546643 -15.944377546041977
-12.92382339863711 -15.942255326921615
-11.925972426092159 -15.876731006313943
-11.255594360629006 -15.134711296773904
-10.270975778376512 -14.95999367464297
-9.286016804366009 -14.787205308378985
-8.964768671871532 -13.840210251702969
-9.858542078853445 -13.391691470633608
-10.825169871382082 -13.135506555560113
-11.785485686159369 -13.414421481458023
-10.87821702539154 -13.834972996957077
-11.878082117909889 -13.818547505692752
-12.545225476672263 -14.563476857282055
-11.935006376765099 -15.355709556751401
-11.043848564850068 -14.902016098276615
-10.158338761752539 -14.43739540500287
-9.192420578667253 -14.69624297324569
-9.39023652236984 -15.676482154474973
-8.410535859764881 -15.87694814084524
-7.7664474346633625 -16.641899185455447
-8.011694203756667 -15.672438499171935
-8.994194735825364 -15.858698276055538
-7.995832847348238 -15.915913131088008
-8.587216938346927 -16.72230314647365
-7.805864684348983 -16.098212884434307
-7.8239365857578544 -15.098376194579675
-7.819766244353748 -16.098367498668154
-8.453861796434374 -16.871622198512625
-7.722149420955445 -17.553235725058997
-7.9081513528007905 -18.53578510363994
-7.689108256739188 -17.560069918727997
-6.724205807944356 -17.822678494958357
-7.13340381541041 -16.910232885244653
-7.390647823700946 -15.94388640483578
-6.41257852654907 -16.15216614453418
-7.1084673572986805 -16.870315666039236
-6.780868109834606 -17.8151324382554
-6.354839061821447 -18.719841922150092
-6.52838345554304 -17.73501587486671
-5.5882926540401 -17.394091711848656
-4.647607823650589 -17.054810044387743
-4.4247837462614035 -16.079951372304627
-4.510213412053767 -15.083607168626699
-4.824078267348581 -14.134139500609106
-5.655212760247075 -13.57806805311844
-6.067816554497841 -14.4889786464095
-5.094773817513817 -14.258353773504084
-4.829964998111352 -15.22265470639105
-5.615628050280256 -15.841309350321444
-5.0346529975562415 -16.655230715142597
-5.215262033018734 -17.63878568376881
-4.836890925406149 -18.564439671457528
-5.836112545792517 -18.524991561839418
-6.280426663482383 -17.62912049699723
-5.30794182080791 -17.86208665498677
-6.30672766239345 -17.81282366027202
-5.343175764311875 -17.54530218505294
-4.602304544749071 -16.87365507828963
-5.358850617703736 -16.21971468383699
-5.54825996683958 -17.20161289570008
-5.308608006245751 -16.230754029652324
-6.272390843373553 -16.497442317467677
-5.297116034980306 -16.276446733544567
-6.188667120220074 -16.729366883690034
-7.00070981511629 -17.312964914586036
-6.137395270257306 -17.8176311375839
-5.138210262764838 -17.857995983703713
-5.120504453950107 -18.857839223583955
-4.787418363649728 -17.914942804856846
-4.540977573894701 -16.94578495540975
-3.5961380011849564 -16.618251473393535
-4.5857647884365536 -16.76191365336475
-4.018185591736187 -17.58523245885444
-4.978117945856548 -17.86546428344426
-4.444730970995404 -18.711335630073567
-4.668628764773122 -17.736723000388587
-5.1498677782381295 -16.860133580010253
-4.150772057503243 -16.90265111532496
-3.7824209982771557 -15.97296434163878
-4.623660570592508 -16.513626881464393
-5.3299869639905415 -15.805740572803655
-5.916227288865122 -16.61587777198102
-6.19102212666107 -15.654374887367197
-7.034417487189718 -16.19166835079175
-8.032201689289565 -16.12513500546797
-7.468358321710904 -15.299253260399372
-6.789408959274095 -16.03343836188717
-6.393267485720202 -16.951627848284478
-6.089669745022917 -17.904428148370233
-5.4619098222389395 -17.126021134433273
-4.467244420182858 -17.229175087108942
-3.532518891350267 -16.873804596284742
-4.492628182503061 -16.594179581234087
-3.729439696876029 -17.240355513474153
-2.729734934143931 -17.216057625278683
-3.72766131442383 -17.151691954758917
-4.727321250837024 -17.177768985463516
-5.4522338117498625 -17.866609880758496
-6.444545491181415 -17.99037389355596
-5.793422373691749 -18.749346018123486
-6.610971800868744 -19.325204450485614
-5.611116879589185 -19.342237841018488
-6.442084353587388 -19.898558842920306
-6.856959037462014 -20.808437404421745
-7.191782502295835 -19.86615652941861
-8.008284231977004 -19.28881354173481
-7.221147382236798 -19.90559192963525
-6.26758070592451 -20.206773924161375
-5.2994665284707985 -20.457283284092544
-5.223423648871521 -19.46017873568137
-4.531926413541577 -18.737799629165238
-5.381781125270452 -19.264816677231266
-5.159364436791355 -18.289864977563024
-5.993849444411175 -17.738834332264826
-6.9422288153602825 -17.421696241272628
-6.117965915115928 -16.855488972438355
-6.080376700554013 -15.856195696693632
-5.612014015575018 -14.972659395617516
-5.641704171381325 -13.973100245467712
-4.722347843907078 -14.366526150986228
-3.9214812309455436 -14.96536892521292
-3.044791340618502 -15.446424884741912
-2.276370011670187 -14.806480620592833
-2.912680067913145 -14.035047206535545
-2.5290399260025778 -13.111564536684702
-3.4169014306798413 -13.57167533694071
-2.4323210861696776 -13.396742363478738
-3.4253920936552187 -13.279226517348727
-2.8072077644042657 -14.065259681450948
-2.2554198163637125 -13.231275232916568
-3.114189987038927 -12.71891423327036
-2.207813015278565 -12.296444370365897
-1.2387750274720335 -12.543356051312484
-1.954724898289184 -13.241507741475091
-2.9516816491880036 -13.163551107137348
-3.7441403171867274 -13.773476725154568
-3.4716233521176676 -12.811325747527071
-2.4975596594158747 -12.585051748666956
-3.101173943369465 -11.787775261990474
-4.085038889517444 -11.966687999774107
-3.1049253753041386 -12.165125645538327
-2.6233404233828392 -11.288726230840348
-2.102550821923868 -12.14241129631368
-1.238426171048441 -11.639133452822213
-1.972766308308922 -12.31791512818496
-1.4416402407909816 -13.16520793495422
-2.3668115049951304 -12.785658027971097
-1.8049540778509663 -11.958423942864021
-1.8497528784616701 -12.957419972617815
-2.1211622049931025 -11.994955959019512
-1.6391411950456571 -11.118796301212075
-2.187298747856598 -11.955171394873
-2.2172637446576546 -12.954722343532804
-1.924927750363231 -13.911038016540358
-1.8772561006163995 -12.912174955950762
-1.6682847770691125 -11.9342531871293
-1.6606307639445872 -12.934223894741823
-1.9532463539755058 -13.89045405347499
-2.938495868266097 -13.719330137583158
-3.4383540586296952 -12.853222875446171
-4.431871832734465 -12.739545997683347
-5.108277612725422 -12.00301682596316
-6.037015845393993 -12.373752979014975
-6.972701613446212 -12.020918537010612
-6.120311348589261 -11.498012392107823
-6.108900990165669 -12.497947291849124
-5.693041807930956 -11.588518272875639
-5.692193444634999 -10.588518632735845
-6.563295212689109 -11.079621177723144
-7.152994021707197 -10.271997927288481
-7.862433353859029 -10.976764437556927
-7.632362808061686 -10.00359048396152
-7.933632883222662 -9.05005163220324
-7.023959277634303 -9.465375519423652
-7.228938899114748 -10.444141760554666
-7.655471285932518 -11.348614050343324
-7.145793590513863 -10.488248635654466
-8.118542817061444 -10.720108382594473
-8.064002566575256 -9.72159680976374
-7.163652685625921 -10.156763550076597
-7.764334637690393 -10.956251631578764
-7.996852021086033 -9.983659391007802
-8.497317334109612 -10.849415979466828
-8.79853311030024 -9.895859973679084
-9.41362086001992 -10.684318634703732
-8.757159460029722 -11.438678250750954
-7.808252531596862 -11.12312216829949
-7.595294876578388 -10.146060738721475
-6.701955630825445 -10.59544364004012
-5.900239914323073 -9.997738102243215
-5.94620424000603 -10.996681184087477
-6.945636794879479 -10.962997831238773
-6.172494242720358 -10.328765544106622
-6.548790765870274 -11.255264829948377
-7.546779782541562 -11.191877744485513
-6.620628952472851 -10.814724407017797
-6.819634001531094 -9.834725942504038
-6.113182782632009 -9.126964206242466
-5.693655006098647 -10.034706705367066
-6.598161848109658 -10.461165815664017
-6.658660562983563 -11.459334090805342
-7.4695165166704625 -10.874088311349814
-7.3356148267732815 -11.865082931639288
-6.497266972118814 -11.31994728375314
-7.3434725846084605 -11.852803794824386
-7.572305893782653 -10.87933817313434
-6.90474229869326 -10.134785390242941
-5.969236309198482 -9.78147455879364
-5.729325573311639 -8.810679606805202
-4.731191171547536 -8.749624582318962
-5.523166996448681 -8.13907213348909
-4.536280555079454 -8.300488216459728
-4.555682220302134 -7.300676446481705
-5.283506043746977 -6.614912287294211
-6.278230075317865 -6.5123252461274115
-6.478790678385603 -7.492006543538516
-7.307962885121646 -6.9330132952997925
-7.597046352170952 -7.890317191185917
-7.301616493092709 -8.845681623413228
-6.735764897860819 -9.67018873203845
-5.851543515582709 -9.203120699389899
-5.520966713677344 -10.146899793268345
-4.714177886693627 -10.73773969430266
-4.079594335597257 -11.510593960434328
-3.1428087847274546 -11.160689928331864
-2.721131494073333 -12.06743590298331
-3.558681697448755 -12.613796275654854
-3.141298894291568 -11.705065514852377
-2.9141085764321093 -12.678915893232402
-2.761766710490967 -13.667243751729556
-1.9537664133801518 -14.256425828738722
-2.0833413560391167 -15.24799546030018
-2.1545820982191093 -14.250536309931784
-1.2573590277862676 -14.692113893016641
-2.208833188438254 -14.999842542335482
-3.1181382713079815 -15.415972649714506
-3.699874961067423 -16.229349821626606
-2.7849786480376055 -15.825660911196252
-2.8002629981513847 -14.825777723698032
-3.7586022579146134 -15.111410115412394
-3.454662760342412 -16.06410145147857
-2.549464558250563 -15.639111786981086
-1.6241367455923936 -15.259943698765255
-1.3546040142772466 -14.296952469963145
-0.3601912488253768 -14.191390867538948
0.6198686594893269 -14.390093097305437
1.2848365191955486 -13.643221123298026
0.8286620990634439 -14.53311150891703
0.3590574435595466 -13.65023469557948
0.48156875688027023 -12.657767578689237
-0.4721068035836994 -12.356930537463038
-1.3452619623057736 -11.869488162615477
-1.0445680387722873 -12.823208857761617
-0.05295379194437244 -12.693975791219392
-1.0350598856673945 -12.88230428261702
-0.6961384468673841 -11.94148960462686
-0.42594491849583554 -10.978683571603524
-0.5283486401327985 -9.983940651148746
0.3763319544335838 -9.557850259547367
0.9666856278001164 -10.36499494319624
0.7490534438127692 -11.341025799518365
0.9383282231552119 -10.359101638544173
1.6352342312459183 -9.641939163307859
2.0267475039931475 -8.721766702699114
1.4204946483601213 -7.9264947523344595
1.8527637454813806 -8.8282394100253
1.9303518302436848 -9.825224910974496
2.9266523656591446 -9.739287473667646
3.9086124987350725 -9.92837554058226
3.344364528984859 -9.102770169576983
4.130797327636398 -8.485094321574888
4.092863045875668 -9.484374557678503
3.140047177983026 -9.180825678761135
2.5489409846000446 -8.374231934584873
2.2998094584928404 -9.342701594770206
1.4543444619805135 -8.808670753270944
2.3431645247068498 -8.350414388235878
1.3501932982709728 -8.232058385133247
0.4003459387286846 -7.9193444686368055
1.1116373253269467 -8.622241732361115
1.2767560175991222 -9.608515435479234
0.31324169560415593 -9.340858656542887
-0.5486696392222968 -8.833799635424356
-0.18677174854224932 -7.901581894378127
-0.7399324007631317 -7.0685072921757985
-1.5416035205956207 -6.470741940531424
-1.9525027787683946 -7.382422695858125
-1.1819124860927852 -8.019753536814468
-1.8758722909164796 -8.739767279245166
-1.4339182182286545 -7.842729600195593
-2.202904761698485 -7.20346463481557
-2.8575150066434696 -7.959431186465223
-3.810826680768204 -8.261419351758992
-3.6570894896798327 -7.273307578690652
-3.0381645489173135 -8.058757715683518
-4.026950494233826 -7.9094179877323425
-4.145613655576471 -6.9164834208347195
-5.104910285513562 -7.198883802901281
-4.495639288999803 -7.99184587816537
-3.549574287788666 -7.667869006331329
-4.085289146580956 -6.823470054372507
-5.052054263708324 -6.567803849516045
-4.096661557401034 -6.863142260046799
-4.3187749150973005 -7.8381631092253645
-5.150388507962172 -7.282808418813571
-6.150282500816651 -7.297368743450346
-7.023275043246217 -7.785102298644534
-6.238157437832686 -7.165755589870102
-5.3776833229087355 -7.6752497483703195
-4.486670756809045 -7.221271106744477
-3.486732051212778 -7.210199293412314
-2.6927111771326597 -6.602308800375085
-3.410916054192489 -7.298140500261972
-3.567373203751773 -8.28582524771522
-2.9229019180387508 -9.050453760060531
-3.1321148728541757 -8.072583656448911
-4.080900158070666 -8.388505296348212
-3.4165294244401223 -7.641102106433148
-3.0403448186639634 -8.567646839501679
-2.4032604877056096 -9.338440946411783
-1.4548056962492177 -9.655353408399968
-1.5763975051162966 -8.662773219187816
-0.7098068132514597 -9.161792830799648
-1.0021599573529685 -10.118103261117106
-1.7232743407628757 -10.810919287230352
-1.1436362309413157 -11.625793303040458
-0.650866972122777 -10.75563328467405
-0.5188457909935691 -9.764386389227083
-0.4192598140173849 -8.7693574282467
-0.9073800806163616 -7.896581050624492
-1.3998902292725757 -8.766887751432106
-1.0915411403628008 -9.718161024140066
-1.1980854531305407 -8.723853069119667
-1.935696865045383 -9.399078516665146
-2.759343741740659 -9.966181525394703
-2.55146963771285 -8.988025936096847
-3.1265957899403496 -8.16996120209104
-2.8807535306630134 -9.139271051186475
-1.8864479863684283 -9.032704243103241
-1.2372775770619584 -8.272061239006792
-1.0173923229309734 -7.296535496129777
-0.3296847758492025 -6.570547665868984
-1.1180782691003168 -7.185718942668629
-0.5354405811476088 -6.372986929901122
-0.25111709696424145 -5.414258523968645
-0.8789494867700518 -4.635909957893827
-0.27431692485303105 -3.8394054286727686
0.238160638271817 -4.698106044308752
1.1206599803179729 -4.227792413538707
1.9259273056092605 -3.6348805020221517
1.3419414006670913 -4.446644299458867
2.1501701896871364 -5.035512896515282
1.5211776014143812 -4.258101600033208
1.0228378917801266 -5.125083453246784
1.1624297578146265 -6.11529257809719
0.4031514523253328 -5.46452652580704
-0.07471867377011077 -4.586096026230935
-0.890772112854639 -4.008119569480044
-1.4812122107942036 -3.201038104728736
-1.8417406674055874 -2.268289890056945
-1.7227968924476902 -1.2753888988202733
-1.345043101731145 -0.34948281632633016
-2.2857004657776225 -0.6888406267051876
-1.526199600969218 -1.3393469190308542
-2.4124850862560443 -0.8762075894874706
-3.097344659669745 -0.1475325146402493
-2.1119874004209582 -0.31803492414146184
-2.784563675290358 -1.0580627307019999
-3.784077133633927 -1.0268722419261143
-2.7868493908323804 -1.1012821134952304
-3.7810940952771985 -1.2084150574640957
-4.371020819599846 -0.40095827228612035
-5.370112517714867 -0.4435702278578075
-4.560109197244172 -1.0299955179216378
-3.761288429310702 -1.631564616794063
-4.754597457461969 -1.7470513025772516
-5.0719942311445 -2.695344130798535
-4.3048225439427155 -3.3367859460522395
-5.021882736141477 -2.639774697388436
-4.049832683736196 -2.8745484089042055
-4.601525988529017 -2.0405013494124913
-4.096431449443299 -2.903565371710829
-4.983365340522458 -3.365461759286206
-4.246023214282725 -4.040981254839273
-5.2332732603524965 -3.8818041630979256
-4.558522666600429 -3.1437583405155927
-3.817806495335776 -2.4719402448773216
-3.281702993433265 -1.6277879865448188
-2.308314284189472 -1.8569482377157023
-3.282690246888274 -2.081873743861144
-2.6141764307388553 -1.338174021111874
-1.6342264993224824 -1.5374179216886446
-2.5749816734611923 -1.1983313511329152
-1.778635518758482 -1.8031724888626557
-2.0863788253629183 -2.75464190888632
-2.0975772970304503 -1.7547046137361133
-2.343684452625834 -0.7854619877828644
-1.6503946036468946 -0.06480313277394989
-1.2421845701049774 0.8480849044549903
-0.284596229812753 1.136224749905742
0.6379057431903562 0.750232379766939
1.5257077997821435 1.2104578770086638
1.6884011558373893 0.22378119648181516
2.107753013275905 1.1316049787561433
1.6188219983423453 0.2592825253961262
1.0123624259691417 1.0543968486710318
1.7888953417738653 0.4243201623289533
2.5633884726809866 -0.20826215656534253
3.214832214317459 -0.9669590996741658
3.093764057286993 0.0256850970817748
3.727671004650175 0.7990944208455192
2.7277282269499685 0.7883966956108744
3.625894990345465 1.2280516343203796
2.8494692854756978 1.8582604289412459
3.6789032828317474 2.41686515862939
2.8753762694264178 1.8215968672448153
2.4097504222282358 0.9366151892305328
3.2941794673413067 1.4032898769524853
