0 0
0.9863416820984332 -0.1647121311720341
0.15238811462785595 0.3871224883500627
-0.2336099006825076 -0.5353771225856061
0.001034050730979591 0.4367042608721089
-0.1684179383082771 1.4222427042677177
-0.8707323265004934 2.134109616083538
-1.789054522979273 1.7382758840010009
-1.217378194694194 2.5587551193741396
-0.9476600414352192 3.521694430962657
-0.7328330708144243 2.5450423062560694
-1.2347295912887106 1.6801146313977584
-1.0790856369311548 0.6923014104536657
-2.078918412063197 0.6740142080498238
-3.0314183163822137 0.9785530927136121
-3.4726977831737145 1.8759228226400282
-4.21664365533969 1.2076829410950811
-5.181867699110132 1.469107012916015
-5.382134956382772 0.4893657074355866
-6.315851530223834 0.13135263541934294
-6.347389825054267 1.130855179667825
-5.559663644297335 1.746880718221298
-5.097820978288168 2.6338425842863193
-5.084781930167755 1.6339275962877826
-4.66649397487678 0.7256131207571458
-5.358742488319731 1.4472723170790838
-5.900859872954971 0.6069695494552663
-5.982979587591503 -0.3896529229323549
-6.85573585561931 0.09850329859736762
-7.834000374564346 -0.1088575727675957
-6.976694703985171 -0.6236652914284468
-7.0565134372684915 0.37314410349971405
-6.117638221313283 0.028886454543208873
-5.154200082446846 -0.23904441821612188
-4.495400786873397 0.5132743228450901
-4.344566863878385 1.5018334397793962
-3.8198714377278553 2.353123466607336
-4.430249008223964 1.5610128547384705
-5.3504900865855936 1.952364816143833
-4.493882186944994 1.4363968847049502
-3.9921626230304454 0.5713665504475929
-4.225152227798528 1.5438457759686386
-4.9301666984418935 2.2530386948443524
-5.794576707993857 2.755826259712831
-6.43359475853092 3.525017998545101
-5.722831729107215 2.821586469535747
-5.184357880257759 3.664228691421912
-6.11696801065503 4.025114192211823
-5.22180845520728 3.579368333800792
-5.539452617449042 2.631158343242936
-5.066383794885418 3.5121838191051644
-4.07353711915971 3.3927875105340477
-4.360968718020759 2.434986343288893
-3.3677613171882275 2.31862888142466
-4.267891264627336 1.8830073969645054
-3.3184927314643695 2.1970813137866574
-2.682050553746682 1.4257568979783883
-1.9066050069293392 0.794342450946051
-1.9689030768618012 1.7924000397066848
-2.786791694340465 2.3677766202162145
-1.7886642116677247 2.4289446538071218
-2.296045686212777 3.2906662093507255
-1.2968708373657183 3.3312817412499482
-2.132406789145685 3.880717518464306
-1.6343131102882533 4.747840743318922
-2.214937005814499 3.9336688376724993
-1.5627727295880152 4.691746509691658
-2.521394964348002 4.407065265097342
-1.5283551435958147 4.524844356622383
-0.731566921793236 3.9205856954542666
-0.41202722283003534 4.868158584886265
0.5222160398168547 5.224794991046508
-0.3394587192200571 4.717334047092513
-1.2458667461142934 5.139737277172134
-2.1405785082628617 5.586381277101613
-1.1699984747802687 5.82716001080733
-0.43860676370302887 6.509117608438963
0.4551624352399475 6.060590442014419
0.8779490896291147 5.1543611968063345
1.8440924254341655 5.412367116659908
0.8608382007519559 5.2301279067061035
1.7401591179189304 4.753898209361817
2.0924480939463104 5.689789483693179
1.6778848148905139 4.77976899619935
1.396186848742963 5.7392721258807144
0.4071764638395581 5.887118189586242
-0.5298392541918682 6.236405383972253
-1.4909545414517336 5.9602579512567075
-0.5420272064337887 6.275752662552699
0.2804700783796361 6.8445216986952655
-0.15648204793509773 5.945036935450755
0.3692919119193719 6.795661260954646
0.9351460689438984 5.971155910469847
1.8706023217351417 5.617713412864132
2.461512144071904 4.810975796370433
2.4055691425459096 3.8125418323145905
1.9055420030494612 4.6785515665364406
0.9531669684591694 4.983480727964371
1.0548808081845154 3.98866702942161
0.9485111473790089 2.994340375217811
0.6269781865723241 3.941238762118373
-0.3660379266525745 4.059217569010609
-0.7980746173978313 4.961073598457597
-1.6608620175095319 5.466640510160185
-2.433754102972457 4.83210302172568
-3.324971505376841 4.378526631630712
-4.081788541552654 3.7248998468719643
-4.98366203020714 4.156900090462391
-4.241048214912099 4.826619973199153
-4.592774002248694 3.890516896330771
-4.839297403026319 4.859653735414414
-3.8411290782040495 4.920151630596839
-4.620404925467057 5.546832692918433
-3.845044873048478 6.178352121846363
-3.1497761626887804 5.459602220702187
-3.622906610811026 4.578609837613863
-4.105478661684705 5.454466113332415
-3.8312955400466677 4.492788612395213
-3.5300889040017824 3.5392297194040543
-2.6029938609237857 3.9140560539914295
-1.8319051210723931 4.550783747180906
-1.6529776016683604 3.566921489138694
-2.5578556271482316 3.992592440700636
-1.5712479445054541 4.155703692765748
-0.8474020192327298 3.4657420442184725
0.11314657714950294 3.7438542409810784
0.4085029435513227 4.699241396445246
0.8134635602942326 5.613575525135192
1.6981909788959653 6.0796843051150535
1.7008946931679723 7.079680650072942
0.7029558854336372 7.143853354689264
-0.26881915712215465 6.907943908787475
0.7143114751368436 7.090848692524868
0.19313959183775442 6.237396955132248
0.7947362484017044 5.438596940853908
1.0737713475302013 6.398877844264129
2.0735866972319297 6.379661536064824
1.0802542376227222 6.264376564421846
1.9063155098390991 5.700796246681543
2.2085624419403636 6.654025910527237
1.2606041624960627 6.335631343310708
2.0390086068444813 5.707868234312872
2.7135218308244307 4.969605468980518
2.0798123970427596 5.743176637998673
1.1165023718736342 6.011567761936591
0.5932251179272678 5.159405268334373
0.9684108403998828 6.086354929131928
1.8393752966642427 5.595008904497427
0.8396708394136686 5.6193193580788625
1.4782082149187188 6.3889101714876
0.4803692205339787 6.323203693228217
1.4701925911796523 6.180902270453751
0.8038841381526736 6.926578504099959
1.447888416233165 6.161556615645763
2.235922572230119 5.545925095187162
3.228817912195896 5.426934154883947
3.2691378653727363 4.427747334826848
3.8907233541498236 3.6444010000924925
2.8980101290582456 3.523900158899255
3.891873310101115 3.634516511069037
4.386358052444804 4.503702819974841
3.686846381224533 5.218323993623246
4.674368732396406 5.060845087302506
3.9754037150216304 4.3456892270270835
4.331521703063062 5.280130224946868
4.891615603929264 6.10855935421049
3.991270499797288 6.543735977509102
3.2885845553663753 7.255236127543686
3.888146565635072 6.454907822507209
4.79615630636775 6.035958767448512
5.774462433003712 5.828794285486616
6.661143355783975 6.291176098685991
7.388649812626254 6.977276933296176
6.421564846906351 6.722823265453613
6.068794428952917 7.658533173607288
6.967034450408998 8.098038422557263
7.544251578222652 7.281447712740799
7.628143133016197 6.284972822422773
6.91883568868275 6.9898720701264105
6.1059856606095515 6.407399039110038
5.775328468012823 7.351149970756756
6.763784889152675 7.199644513734921
6.965893983056435 6.22028149923958
7.106149560979371 5.230166166128582
8.104120733594089 5.166498759789037
7.784150532691184 6.113926366804029
8.715140468003463 5.748881519768439
8.405563829894078 4.798007024823448
9.35814989399353 5.102276297809583
8.390959933048832 4.848222013358814
8.958931200638123 5.671270395407533
9.32741227878554 6.600905643796555
8.330132088219596 6.674609249575088
7.57919046937322 7.33497784746901
7.649814179284556 8.332480875834518
6.9320068573447635 7.636239072601171
6.7764414034788665 8.624064659212237
6.065358961054781 7.920956018903929
5.325194275701272 8.593381656841345
4.476431645525758 8.064607605267762
5.381876089922698 8.48907239545738
4.576526284147536 9.08187226922416
5.481779725800226 8.657000281001872
4.577288239917931 9.083491959662124
3.854454547874661 8.392469924089383
2.955885287423305 7.953638197601993
3.1476049647063995 6.9721884712571
3.826346230787107 6.237810984048267
4.795903446801541 6.482675854689893
5.7781570389531085 6.295118181678785
6.1210138157958305 7.234505870853505
6.202809367929686 6.237856741193966
6.942281020908995 6.911044437486796
7.045829367723374 5.916420015972821
8.02497717696076 5.713270889305666
7.325325366722481 4.998786918575532
8.325174989508897 5.016128539430072
7.774441433757485 4.181447432318256
7.733103362906773 3.182302215696397
7.191766701149281 2.3414962817037455
7.221069603262256 1.341925703941596
6.46170946376741 0.6912551432533411
5.670321201335449 0.07994129743850831
4.6874687549347875 -0.10445248934465434
3.746390218167033 0.23373560570758511
3.500455360638592 1.203021964763806
2.525445210773115 1.4251822844865227
1.533194190257181 1.5494316799984842
2.1115752696509698 2.365198391135483
1.6499728554101183 1.4781114668901658
0.67972507674941 1.2359973450303263
-0.12547951868989804 1.8289944440817636
0.4240860729284781 0.9935438707327807
1.0435263062783076 1.7785876894508883
1.0955363442559876 0.779941127373213
0.347636178475079 0.1161299026828726
-0.5017561111952833 -0.41163210641643655
-0.06512266179644427 0.4880073940869992
-1.059708485439954 0.5919258207848717
-1.8079572738609242 -0.0714924112728178
-1.1967391614992904 0.7199697919441653
-0.4855409375380687 1.4229613183756038
-1.02468629958348 2.2651740460073597
-0.5756754972118943 3.158700374300838
-0.615835761834555 4.157893625451704
-0.8790081905348123 3.1931448121474286
-1.2732887294330877 2.2741546834484936
-1.5146590190753193 1.303721592876029
-1.1849016710606817 0.3596558687707879
-1.766484300359672 1.173143204442139
-2.340002591658143 0.3539504496242746
-3.0468164480964557 -0.35344913501428055
-2.679911846584338 -1.2837077084169846
-1.772999779201951 -1.7050276605153927
-2.3668437669721545 -2.509607872917601
-1.5518613504971452 -1.9301221864364293
-2.5339548161674412 -2.118516519386514
-1.6950617265921313 -1.574220290975191
-1.4128395360823478 -0.6148712225001862
-0.4216818141712042 -0.747560220898366
0.43673194826963635 -0.2346023157519883
-0.45996312312589305 -0.6772511030935627
0.1053940573009785 0.14759509986780017
0.04482091254460493 1.145758861048461
1.0154826613017647 0.9053097614458789
1.4174890350344824 -0.010327107339050623
2.2200924052932915 0.5861859520730642
1.9528869075453965 -0.3774536184995122
2.9117164322231583 -0.6614359112682998
3.6965777178368433 -1.281107406776068
4.6961280404582055 -1.251121534310346
3.699491004742667 -1.1691787552499313
3.7175201413347985 -2.1690162171574867
4.661412754373498 -2.4992687493975514
4.123335787865495 -3.34216445950263
3.772463156858446 -2.4057412662773707
4.660823931426878 -1.946595173831648
5.631193310846785 -1.704968876661362
5.0110777688630685 -0.9204583830475153
6.010750266795859 -0.9460493360742138
6.844956586267521 -1.4975017969024738
7.456594776812654 -0.7063641831672429
8.454258203105432 -0.6380437042626421
7.890187936285042 -1.4637704956949977
8.100862856780969 -0.48621431936852455
7.478424073023494 -1.2688828063248576
6.621545946146398 -1.7844018415501326
6.23334441820444 -0.8628273336000001
7.019873513207597 -1.4803805561756054
8.01298842604071 -1.3632363292223502
7.052159847013584 -1.6403796887399706
6.3148936656749015 -0.964777307265278
6.553396224152736 -1.9359191762007737
5.654691031773016 -1.4973658987193135
4.753774899679647 -1.0633726695855816
4.451258536208642 -0.110228478063502
5.36825182025137 0.28867416296627685
5.368802299113574 1.2886740114527766
5.10765261770765 2.2539723300577474
5.06719743128454 3.2531536839127275
5.9329061419374955 2.7526055560572775
6.668103392905853 2.0747523255061724
6.439242448998057 3.0482114506643025
5.670795256670078 2.4082982435781806
4.937688968560809 3.088412329842132
3.966429504538971 3.3264355504488865
4.057720430001234 4.32225981553196
5.050044699681208 4.4459228407420355
4.08960645899121 4.724415903169635
3.904070581849999 5.70705339395321
2.9046062683271803 5.739780844119096
2.9181838017495245 6.7396886651636985
3.867579796962704 7.053770253724977
3.2373730682609416 6.277342871995672
2.2666979868814607 6.036947600850547
2.858855414218419 5.231125299564664
2.388291547716153 4.3487593621314256
2.793851889637465 3.434691088389979
3.772429273119937 3.640570432998901
4.453085763680136 4.373173150614851
3.6142451994233022 4.917550324784816
3.1299252819898973 5.792441299465262
4.128835163553205 5.745761019740546
4.787316139574514 4.993163647822451
5.407552475703748 5.777578644711842
4.416065021749295 5.907780905256412
3.5645360676462765 6.432088487048072
2.8708256704209023 5.711834445211851
2.2315566916541787 6.480817652301934
1.4711739400378967 5.831342424872549
0.5691847029692824 5.399583908787019
-0.031693386807398194 6.198924587863424
0.1378017368945214 7.184455613778525
0.281196298706486 8.174121213687279
0.8141214030470916 7.327958798329829
0.445869208987148 8.257684737287132
-0.28166022896642917 7.571608271497092
0.680924205170125 7.300626340073593
0.5740932330517554 6.306349143615661
1.4996533901458557 5.927748568338834
1.6941241274009864 6.908656888392979
1.8519102785819823 5.921183582173774
0.9447886690264388 5.500314973844096
0.40850599001864174 4.656276533844934
-0.009339516981075269 5.564794630681837
0.9006008559082321 5.979533726724239
1.5654227179882612 6.7265356622641965
0.5860550601816283 6.5244490698283055
1.46861753302869 6.994644222421439
2.166386629284404 7.710966976709256
1.2606533742752362 8.13481514618802
2.1450074491533857 7.667998404579054
3.0053105512899663 8.177781272527925
2.675694121093958 9.121896206709586
1.8010419074989494 9.606647179120525
1.0018123613384944 9.005621279059511
0.4307727504904132 9.82654378626861
1.3662056524234096 10.180048080416805
1.362484366375928 11.18004115640791
1.4887160951690512 10.188040374832664
0.6003717705293234 10.647218293378826
0.0621062511341709 9.804442978938336
-0.84986138418532 10.214705129434549
-0.38812442332141817 9.327688230513132
-1.1613797687385974 9.9617829953423
-0.503324921752295 9.208812997030392
0.39300159193283657 9.65220760780623
0.026845508031089704 10.582761057223156
-0.27863560322990966 11.53495919346516
0.16027389912640866 10.6364279203637
-0.01673681938924912 11.620636844083949
0.715799570230094 12.301364717674753
1.650092255764296 11.944857806441199
0.9021284313929117 12.608597301598548
0.8775862033634427 13.608296095757744
0.12018603370385728 12.955345115208951
-0.05606314923878064 11.970999532848746
0.0443600031776389 12.96594435064456
-0.563677801807595 13.75985242322522
-0.18328892342898107 12.835025790171295
-1.0649848603930687 12.363207737590622
-1.645063377895542 11.548647172910417
-2.5273376152187814 12.019382948219343
-3.1413962673645983 11.230122552833345
-2.4799233585613654 10.480153492858609
-3.4578713430365573 10.689002097500607
-2.595384261202984 10.182923019025507
-2.4906247127997987 9.188425438828169
-2.6024291004401032 10.182155673300471
-3.4813123039338314 9.7051186573189
-3.3816317101782913 8.710099170460204
-2.393755691283037 8.86534404571109
-3.3016902630393075 8.446232111486166
-2.3394623350530472 8.173986974517168
-2.0659133814386896 9.135845056552398
-1.8043007670711448 8.170672097957008
-1.0529773287075308 8.830606254494974
-0.1232819843691092 8.462276827601787
-0.5961538788743922 9.343408016124236
-1.223873281894499 8.564968326056931
-0.5872539096935672 7.793790152780164
-0.6449420690812063 8.792124804220485
-0.8565456381897183 7.814769224331293
-0.3790210256120445 6.936150851895033
0.5932527551433364 6.702305400248786
0.938488824496061 7.640821279932172
1.6928324066159797 8.297301104537993
0.80755509455111 7.8322375811960745
1.4157780152264483 7.038471319148385
0.957574252814093 6.149624137619884
0.14666703506152312 5.564449390901618
-0.03955977784390513 6.546956171618722
0.959020786011441 6.49369401347301
0.5511431235393879 7.40673060225592
1.2093038441996025 8.159608059602085
0.8443078148914333 9.090617135062292
1.282122094465983 8.19155169995725
1.2646083013625269 9.191398321720373
0.7065495096911218 8.361596908707444
0.7178491885474286 7.3616607521165625
1.367468138580137 6.6014007835805355
0.9209175046902909 7.496159148376628
0.5984281579147077 6.549586054941019
1.2513382248670482 7.3070214940856975
1.985581703991646 6.628135264027224
1.6393112287998328 7.566269986767214
2.5810151314615535 7.902712789798702
3.375593305328721 8.509874650931232
4.36137988306086 8.677877100803718
3.6310836979207433 7.994746452999221
3.1264478456104614 8.858078750879404
3.834193549622191 9.564546031404795
2.8421141459178383 9.69015835860884
2.4413648597048754 10.606346117531542
1.7032083808198348 11.280975654892632
0.9472137280071592 11.935553446234993
1.9076726329950204 12.213975233869363
1.2725333148417053 12.986372830017707
0.3268530912019525 13.31147114532658
1.0961034165564518 13.950418668165504
2.0956043434209555 13.982008179035386
1.1040381365388723 13.852407031781675
1.9319176846024233 14.413312954283917
2.8728136266239725 14.752008726751454
1.8915783657181877 14.94482304871732
2.803042326025533 15.356202981456935
2.809752169398877 16.35618047020451
1.8651507836815955 16.027960693071883
0.9232090179654704 15.692184413386155
1.5367528867353069 16.48184505004911
2.4631306703306235 16.10524950830568
3.373568966884235 15.691604602415907
2.4431561970111835 15.325091195216176
1.5286781527749604 14.920455672047618
1.7069374563173902 15.904439219014012
1.197819531988738 16.76513599438109
2.091192067328067 16.315819276350947
1.4044663259707666 15.588902667545462
2.075546760646053 14.847518118073308
2.528735520661904 13.956103541237539
2.1309667650792727 13.0386178372169
1.8570507442511133 12.076864223481206
2.6919464418411088 12.62727241214278
3.356705688174946 13.374330070167694
4.0436031895649815 12.647575763277032
4.8788338812773615 12.097676052764598
5.402075349399584 11.245491585623062
5.988330334535823 10.435364995266402
5.873798575090641 11.428784582388777
5.028241745212131 11.962670007780597
4.040707472854646 11.805265875308242
4.9874458670856665 11.483262128608192
4.008057811746524 11.685249843727238
5.003381054992769 11.781850265329723
5.430314010667656 12.686133545811401
4.533526145474485 13.128594306605253
3.5775960837907332 12.83499982918904
4.484771993449801 12.414248276685377
3.484793300316141 12.407720391982197
4.309143896398193 12.973799975379414
4.932562408754699 12.191911646747249
5.864260661647212 11.828678435769731
5.709588749927875 10.840712545809412
5.051573471821115 11.593717123337386
5.292368959768361 12.564293000321895
4.336646316321316 12.858561973886202
3.7288087893099893 12.064500552611529
3.2064102725248205 12.917202018343033
2.2278093165036785 13.122969287058218
3.0733252459318847 12.58901908986455
3.3697647256052248 11.633967449956529
4.35117308694584 11.825898761343518
4.254645301128155 10.830568471155816
3.4247956710852008 11.388555560179901
4.3878551951194105 11.657844165893177
5.364823553606867 11.871228388633106
5.057520127811391 12.822839971420098
5.731755573206805 13.561356433100165
4.8195203694298945 13.151689576996212
4.429694582023769 14.072578199726015
5.417972880378417 14.225241243719124
6.391615100323563 14.453321991570162
5.447146539765341 14.12472019894407
4.477168512148917 14.367912768611301
4.9386175209760905 13.48074603554901
5.5500063870844585 14.272076342310179
4.617171035494046 13.91177340473793
5.614088553596566 13.833316651680512
4.760613490686707 13.312182967304793
4.243392959613204 14.168035128741593
3.4145185116149253 13.608600459226421
4.286145248955902 14.098770665126702
3.5310249992159277 14.754356974038533
4.041349879379842 13.894375278485839
3.057048445892252 13.717879703373386
4.015580904443473 13.432896325079579
3.8811980666242403 14.423825814447843
4.100425237588774 15.399499657241062
3.475154351223849 14.61909186725917
3.5939643821159106 13.626174863396598
3.241896258014513 12.690200485546583
3.233557220064626 13.69016571516513
2.799317189585451 14.590962915388046
2.82030655966232 15.590742614293648
1.8615494133884332 15.306516059466777
1.4122196458750407 16.199882031522105
1.4305719579738863 15.20005044938408
0.4443644230495437 15.034537011686556
1.1596272490078148 14.33568145450597
0.26522964287950535 13.88840869415503
-0.7254284516003054 13.752039563331262
0.2644832788911041 13.61035411652919
-0.6448587665759768 13.194304787307589
-1.5944843688888581 13.507691474057197
-1.2444519057456174 12.570953904219264
-1.9168124335117809 13.311177735706744
-2.8233916011344853 12.889141940029974
-3.22043120923621 13.806943416166524
-2.975158986506048 14.776397663027614
-3.975104283258387 14.786857275968678
-3.352469661982361 14.004344574226106
-3.0042785825813807 14.941768156298576
-2.6943605652890725 13.99100487211181
-3.388869295394649 13.271520595836686
-2.8195049428644774 14.093605891939163
-3.196629934417549 13.167443519163148
-3.6596254402605335 12.281082891896121
-3.1232696122030377 13.125074850216079
-3.007464058595568 14.118346753449865
-2.750375831433887 15.084734689764709
-3.377280988571126 14.305639109007936
-4.051241862395385 13.566872068220354
-4.1558479185798 12.572358331256634
-4.556766440976985 13.488472046031639
-4.763803756050693 14.466805092681433
-5.50158472046094 13.791764909763494
-4.630252764133794 13.3010708891324
-5.600207528239768 13.05778555133309
-4.8795214193493335 12.364524033251808
-5.653681129018527 11.731533714269826
-4.881544261189423 11.096077455083515
-3.907558026289108 10.869470274648497
-3.6526247072532323 11.836428910188484
-3.2399340324862247 12.747300145303718
-2.2545377308525403 12.917576769438263
-3.0719912502503925 13.493571338530773
-4.062006914482721 13.634528724199708
-3.6993762076453085 14.566461645851582
-3.102490287666103 15.368787763169582
-2.8600022511031695 16.33894215919315
-2.1913421167313625 17.082510330043593
-3.124617647043608 16.72334910646789
-3.976233242967493 17.24751594706276
-4.439418966668322 18.133777186968768
-5.314821611191824 18.617171653177536
-4.3204829502128055 18.723429016604516
-3.3426944611919014 18.513834954813117
-3.98869187107661 17.750495353834467
-4.284535548788771 16.7952589860397
-3.795517879136887 15.922985107737567
-3.7190987133996747 14.925909327714791
-4.626420851533902 14.505473199805289
-3.639232296624782 14.665031205108829
-3.666977243698389 15.66464623996569
-2.6846491936446064 15.85181355035277
-1.6969019083238206 16.007875398161318
-2.047983955176057 15.071530698609894
-2.9985115891817475 14.760890686712612
-3.9797421281892778 14.568052336483744
-4.720304228964016 15.240040264125383
-5.693880458654767 15.46840253110735
-6.237641064543241 14.629162158220177
-6.50197609143881 13.664731241276865
-5.647187011537773 14.183706798391011
-4.8749862822434125 13.548328144612606
-5.816272341896424 13.210718082702558
-5.846488206660642 12.211174686187654
-5.9160967824228 11.213600304910566
-6.7699038302155605 11.73418989867845
-7.729765862926722 12.014662496554958
-6.766355903528354 11.74663031540494
-7.28701979933002 12.600392054772916
-6.555840664021582 11.918206543280913
-5.7732630992768526 12.540759637529275
-4.790091133815343 12.723442111594395
-3.9602720982045767 12.165409524608638
-3.4653762441146956 11.296457228101719
-4.335415040803672 10.803473970519883
-5.228983781030299 11.252400363695646
-6.1594380916548355 10.885992427318419
-6.212560686496053 9.887404429234456
-6.5473747927171155 8.945120228859967
-7.148632631677591 8.146065154982967
-7.025179725918353 9.138415587068126
-6.79105263530868 10.11062158655725
-5.795416569233399 10.203942666331
-6.773165632912921 10.413720569061054
-7.6338082993686935 9.904511181209752
-7.352829482667452 8.94479721102636
-7.995474206175018 9.710961527180462
-7.003929446407192 9.58119639558894
-7.703342153229182 10.295914427777813
-8.594997980992591 10.748628338338943
-7.681223943006714 10.342405483857583
-7.122980390569415 9.51272835619756
-7.430058491837289 10.464412673459181
-8.269194450489218 9.920490948486453
-7.528436747472932 10.592263250253975
-7.437775969872236 11.588145082302756
-8.435950038625284 11.64854813246568
-8.469725598547358 12.647977575474014
-9.281167135713666 13.232411174577607
-10.139424018419428 12.719190828831078
-9.200414308881408 13.06308145881876
-9.451151527332616 12.095026270679492
-10.334692788714502 12.563379598238619
-9.775037058253178 13.392104802007516
-10.378257843218837 12.594530551805434
-10.879972753830511 11.729497518638539
-10.140184784986989 11.056657447630297
-11.06023201104905 11.448464928181021
-11.83527190358152 12.080377236166283
-11.678724001546238 13.068047603428738
-12.345974384395623 13.812881092597523
-13.338598244960593 13.934115870764073
-12.637295834848963 14.646979763503506
-11.639091742330429 14.706884602033027
-12.47082968645222 14.151716166053408
-13.463002060263198 14.276592026996537
-13.761145133109668 15.231113220115718
-14.371931162575152 14.439317522849189
-14.328766338774738 13.440249558200998
-14.364992405521905 12.440905937573923
-15.156735900328188 11.830052241152323
-14.157857231499115 11.782708762633549
-14.477534676860937 12.730235190194774
-15.3850228403002 13.150312841608931
-15.076763534238003 12.199010471052622
-15.831255130290856 11.542700764065426
-14.95020385406825 11.069679994260847
-14.199817401785268 11.730679368110899
-15.168619644134898 11.482844311635168
-15.820531507706443 10.72454956542188
-16.46152918616801 9.957006748240401
-15.945016679595426 9.100727103174547
-14.999067680388242 9.425042522016955
-14.338619663426481 8.674170750746203
-14.507186969914292 7.6884806051205885
-15.062517083093848 8.520110610228619
-15.183224095040709 9.51279878748614
-15.563090830764917 10.437840009859627
-16.360312831006922 9.834153764919312
-16.05738657244985 8.881139766136181
-17.01141487993204 9.180856279733058
-17.473004518312493 10.067949851877396
-16.66885579145629 9.473521702228046
-16.01353638572149 8.718169813061557
-15.01530292476835 8.658756368173105
-15.43826154492508 7.752607370692495
-15.185998785418787 8.720266143280368
-16.0337092786066 9.250725302631277
-15.859109568179335 10.235364800680546
-14.933343111342875 10.613460644874142
-14.242851801237496 11.336801332703159
-13.501163823833929 10.666056266247201
-14.49979550270349 10.613761238202814
-14.892535217653313 9.694111567784164
-15.192788186803597 8.74025195834657
-16.04352818882977 8.214665192005842
-15.129853595057265 7.808218717430599
-15.932973667394599 7.212401506023548
-15.815906468564084 6.219277510261701
-15.766072753050953 5.220519981730298
-14.864481155120538 5.653108227688603
-14.026161654532853 5.107928977409931
-13.067442053023521 5.392282148100516
-12.085645288637984 5.202347650333285
-11.553098085970051 4.355947344963208
-12.48289023436937 3.9878623537247986
-13.16183000130298 4.722056328690636
-14.161132902718592 4.684723886735429
-13.290851321684533 5.177278421495651
-13.066269709006937 6.151733704844831
-12.371874046217298 5.432140303333298
-12.899587128680974 4.582717615505449
-12.059409674082222 5.1250291908788315
-12.435169968708943 6.051746084531926
-13.223122214642164 6.667482438931105
-14.13046563765934 7.087872629953057
-13.411749062573934 7.783175790234602
-13.810581958714055 6.866152169515657
-13.323039861102018 7.73925165013402
-13.131935361907031 8.720821347296393
-12.603194091503996 7.872038295526046
-13.55731401938855 8.171463015971057
-14.255188992746191 7.455243411686818
-13.258451375436987 7.3745332993044705
-13.240179158127846 6.374700250203468
-14.118911953449468 5.897386229430717
-13.589256521198363 5.049173329807695
-13.470102639287663 4.056297530714167
-12.860049162112917 3.2639372875248704
-12.934084746233493 4.261192887801913
-12.718657591031807 5.237712800963805
-11.966793886797127 4.578394235887326
-11.101249599119793 4.077561842696614
-10.698669660361915 4.99294667592781
-10.686774336866069 3.993017427791258
-11.685632950969957 4.040782153588243
-12.551397597798957 3.5403307810243767
-13.545958175080278 3.6444905530952
-12.86383392701835 2.913254264194034
-13.788253384486055 3.294631592643321
-14.736524434860609 2.9771697602578504
-14.295274323331375 3.874553924969619
-13.62625034452356 3.1313131054634766
-12.80607743632416 2.5591973823307033
-12.738070001547069 3.5568821966959616
-13.111933083963654 2.6293982908485503
-12.50062619482635 3.4207919269698364
-12.530487305611322 2.421237869370805
-12.430465128420716 1.4262526614053546
-12.064720854968048 2.3569680456322297
-12.81328866225596 3.0200262918611456
-13.811970910374084 3.07134653439497
-13.95908683059205 2.082227276661899
-13.705718536883655 1.1148573847677503
-14.556722537255558 0.5896981790491254
-13.875795658947895 1.322049588140541
-13.58257041888929 2.2780929755412243
-12.645904443341648 2.628316975648848
