0 0
-0.32769656121422763 0.9447830247037518
-0.623852009460369 1.8999227791240811
0.15710317651212957 1.2753357175364588
-0.1694045786318502 0.33014119478950654
-0.5121752542845203 -0.6092779150398667
-1.3675044603637487 -1.1273628011617034
-1.1638333896305357 -2.10640217470415
-0.9906464638087739 -3.091291147494691
-1.5153999045014142 -3.9425454141396434
-2.511695757294103 -4.028537121344985
-3.479621314668772 -3.777299951760274
-2.6533387750677457 -3.2140440909381436
-2.825705166241029 -4.199076997593499
-2.515233446683963 -5.149659614389787
-3.492870760895642 -4.939361535794249
-3.304505105654737 -3.9572625693322814
-2.608867836510198 -4.675655769312019
-2.535397467407834 -5.672953169721728
-2.2462315329582285 -4.7156741809447436
-2.5129655174215637 -5.679444372189686
-1.7542765064568537 -6.330897351798645
-2.6923426959919152 -5.984441259268624
-2.41506995655891 -5.023650008284667
-1.690703140796145 -5.713064771849905
-0.8687575823895803 -6.282630833879342
-1.1639955133919146 -5.3272070723486475
-0.5983273134694603 -6.151840013478512
-1.1239471714527935 -5.301120456342566
-1.5097270752889036 -6.223711300539603
-0.5531726494073498 -6.515265121173823
-0.48697363503489693 -5.517458681779831
-0.6322345845799645 -4.52806530372575
-0.22241980748449552 -3.6158965427641663
-1.2180577266366766 -3.522595235451165
-1.7741782549769098 -4.35369688865526
-2.112088584390312 -5.294875197625311
-2.705762739092569 -6.099580732612216
-3.6618957272482993 -6.392513675383072
-2.6645840044061107 -6.465789370409086
-3.6226685538335226 -6.7522749654195025
-2.845906997636284 -6.122480169621662
-1.8502526894784461 -6.2156064207366795
-2.7873710675837735 -6.564618090193792
-3.584156857014211 -7.168879958725736
-2.700364267141941 -7.6367588512683096
-3.658354437699976 -7.349957817249625
-4.289681576857398 -8.12547444722174
-4.927422741025972 -8.895725190502725
-5.910647724288331 -9.078122099162753
-5.144210382139963 -9.720441179184938
-5.665860991378865 -10.573600391689077
-4.720416631461369 -10.247816778994704
-4.9061017540310425 -11.230426078389069
-4.733455701659825 -10.24544214928127
-4.3101551612192806 -9.339452826793007
-4.972128215287263 -8.589925191753506
-5.0146124949871576 -9.58902232716046
-6.011647035335486 -9.665977673643985
-5.132210343385265 -10.141993539820367
-5.881890814521379 -10.803793502949055
-5.606815516005953 -9.842370817473697
-6.175396422555364 -10.664998164884084
-7.175216546364426 -10.646031878309428
-8.153819247727021 -10.851790846244805
-7.444452660841722 -11.556630576545745
-8.442624146016174 -11.617076305796289
-9.097908472794533 -10.86169398466438
-9.976767069369092 -11.33877633313998
-10.096915361256272 -10.346020377249213
-9.590083132039279 -9.483975661804049
-9.921227470023881 -8.540395549984845
-9.162574799804156 -9.19189085002045
-9.718373714112504 -8.360574083165805
-8.731744976807724 -8.197590235118291
-9.280760594843587 -7.361778144303197
-8.925770842489758 -8.296648336214227
-8.484262484816941 -7.399391199098533
-9.172190105241507 -8.12517049685853
-10.146883578722946 -7.9016249025098935
-11.030413318395697 -7.433249840071893
-11.553898125377604 -8.285284849246466
-11.476111840001698 -7.2883147926211835
-11.970457847727793 -8.157580013739153
-12.969708141949438 -8.196294991434565
-13.914067198244066 -8.525211352831072
-12.998353937320811 -8.927043685737843
-13.96546781135595 -8.672699913160757
-14.963851561833838 -8.61586782027562
-13.979817602903163 -8.437887013245138
-14.875696810050101 -7.993589313271604
-14.140210480079817 -7.316049751012069
-14.422234042733253 -8.275457229671822
-14.249474431173391 -9.260421247600236
-14.798638595899208 -10.096135744411795
-15.426257549815508 -9.317615064734621
-15.086220256091039 -8.377203113047203
-16.057692586709386 -8.140050185924316
-16.88993928201321 -8.69445566763952
-16.108140967494027 -9.317987058521298
-16.950407971878597 -8.778926492976902
-16.518755225709945 -7.876886634253874
-15.57463410257641 -7.547287931506016
-15.929363503260328 -8.482256942912505
-16.722950692592438 -7.873800393167198
-16.471857782676757 -8.841763383466969
-16.736051123060204 -7.877293643715101
-16.31443198360475 -8.78406665899778
-15.35334950719208 -8.507805055562754
-14.736331682029716 -9.294754230180725
-14.361242703825303 -8.3677654177188
-13.389722521713152 -8.6047222402599
-12.810671967490077 -7.789430601854384
-12.205387281724546 -6.993421525789468
-13.064188206338576 -7.5057309751285235
-12.998836814599114 -6.507868662182636
-12.578939639038296 -7.4154403463795635
-12.289833958685891 -8.372737534084601
-12.58690206943785 -7.417881242502323
-11.797036978594868 -6.804600606685726
-12.160968238627992 -7.736026415846446
-12.80840633173981 -6.973908370142414
-12.276979198366844 -6.126804361230291
-11.282291941572868 -6.229747360854719
-11.501664517915133 -7.205388520681916
-11.41926745514184 -8.201988101279026
-11.137910011206053 -7.242385064215304
-11.25035178164637 -6.248726748565378
-11.257605047768195 -5.248753053846079
-10.361548297049834 -4.804813531509922
-9.36702535786722 -4.909332063070483
-9.833954362914906 -5.793626869255151
-10.302643655502349 -4.910263780251608
-9.322889631453783 -5.110468806064258
-10.322192861587478 -5.073145164168458
-10.666316508753901 -4.134220824585721
-9.929274450307888 -3.458373945417322
-9.236189407557744 -4.179229772553394
-8.81970964506799 -3.270084785526309
-9.354482575823642 -2.4250889793053494
-8.418481100483799 -2.0730929023930664
-9.153895199051906 -1.3954749395059705
-8.460312458516976 -0.6750979673364993
-8.099453969945788 0.2575226153369252
-8.212279534389056 -0.736092195345795
-8.976857285705249 -1.3806237013191454
-9.036066768438765 -0.3823781217374327
-9.379397977254229 0.5568362739429747
-10.068256176550289 1.2817323915092018
-9.157709973676102 0.8683250712651098
-8.65530586526833 0.0036921365147662977
-7.792455132843898 0.5091509514093336
-8.017576367704008 -0.46517980845358864
-8.017860858773942 0.5348201510788261
-8.49048340490677 -0.3464448084463564
-8.733097488929062 -1.316567690474208
-9.510025753135075 -1.9461568202071078
-8.515216169000707 -2.0479108929236682
-7.621301918577121 -2.496148902121502
-6.624396206157188 -2.417542283160329
-6.817626639064434 -1.4363888803743639
-7.775814762938843 -1.7225278662991046
-7.02693127681703 -2.385229551987348
-8.026699805767976 -2.406744396148142
-8.975447190054107 -2.09070895381576
-9.748348567463339 -2.7252351241183828
-8.756766817971382 -2.854717300785559
-9.736221623483098 -2.6530535113735634
-9.673811177547206 -3.651104079349998
-9.605563690054739 -4.6487725014477235
-10.242219014831152 -5.419920993914538
-9.347171442150811 -5.865891668554732
-10.333063252108433 -6.033275476190012
-9.426682304295463 -6.455736808671058
-10.20926110349542 -7.078288351149874
-9.242206699187742 -7.332858143366315
-9.340309640073148 -8.32803441568677
-8.59199998350447 -7.664684841264604
-7.592996263597992 -7.709311824279575
-6.595385062804516 -7.778390707097691
-6.052280713432943 -8.618055917579632
-5.2246911418216095 -9.179389598165582
-4.6875512083945 -10.022882746873927
-3.7785843763408358 -10.43975118922274
-4.776030122112053 -10.51117936463623
-4.774525203760492 -9.511180497026494
-4.802785354595431 -8.511579894848412
-5.704723062785412 -8.943446043724432
-5.360446384734162 -9.882314282057157
-6.0596129520743425 -9.16735546428249
-6.225749693171316 -10.153458188778107
-5.373041586611031 -9.631070511849973
-4.435445466034609 -9.978796718340144
-5.312550495873976 -10.459095340689284
-4.546991381294185 -9.815729782018472
-5.284402356618323 -9.140285444214458
-5.955243795907447 -9.881886255522332
-5.68419252100045 -10.844451165734258
-6.079643988128603 -9.92596429204134
-6.170994205783867 -8.930145464274794
-5.910903054181686 -9.89572953252481
-6.433582927105491 -10.748258564546802
-7.180881597870688 -11.412746861413323
-8.053771813276292 -11.900663526274402
-8.656475608815201 -12.698628522275474
-7.656484191901547 -12.702771721404407
-6.759266269293775 -12.261183678822416
-5.773543360821671 -12.092808063862003
-5.446789052659859 -13.037917381400295
-6.2658924878982125 -13.611563232410068
-5.922878135853755 -14.550893394968218
-6.689484021018891 -15.193011310019791
-7.115217354184685 -14.288162632598233
-7.093908770673735 -15.287935578955933
-6.12982872872948 -15.022323695327279
-5.333286731807375 -14.41774049415531
-4.634068161192639 -15.132648453621064
-5.5885228911177185 -15.431004228701157
-5.565023861359471 -14.431280369027686
-5.50392164878961 -15.429411883217607
-6.165117979454585 -14.67919897189498
-7.047714590131174 -15.149330041727849
-6.7610991875461846 -16.107375766628827
-7.2618731616686825 -15.241797678388627
-6.6338145201480785 -14.463631666016399
-6.382140684248109 -13.495819555985017
-5.944766340369265 -14.395099091678201
-6.253377877276271 -15.346287253551495
-6.737747799389834 -16.221150544901462
-7.200248909812932 -15.334531842833092
-6.20159939426088 -15.386485140010969
-5.395181700511909 -15.977831487939651
-4.522961681553165 -16.466945215540512
-4.251069778891902 -15.504617416260434
-3.9588848407414123 -14.54825557996729
-4.310339245892631 -15.484460579473168
-5.306375996885171 -15.57340320520585
-5.94458884003016 -14.80354323946871
-5.090473930869068 -15.323627580656503
-5.336743770126962 -16.2928288839325
-6.042457273707875 -15.584331565050096
-6.483725322989295 -16.481706909420204
-5.725556976056847 -17.13376577003765
-5.746851986331727 -18.13353900559529
-5.1826566546267285 -17.30789766234612
-4.320199045022425 -17.81402696562309
-5.2519926351778565 -17.451038390947176
-5.636146002024609 -18.374307685757906
-4.817852973558638 -18.94910897278151
-5.379909333532482 -18.122010037820914
-6.0443655965132175 -18.869337191472965
-6.104564895404747 -17.8711508138796
-6.0846359367876115 -16.871349415296642
-5.9041579692561195 -17.85492844274472
-4.90427336576425 -17.83973700766086
-3.904685154846875 -17.868432104715968
-3.131859649141859 -17.233813528142775
-2.7830165213754174 -16.296632397192027
-2.4449589726078376 -15.355506957241936
-1.6733970618054688 -14.719352716668945
-0.6855125015273096 -14.564162202899489
-1.633348767297301 -14.882919811892902
-0.9057698989243472 -15.568943856877574
-0.4168704399689891 -14.696603717348756
-1.211385251188949 -15.303848490691525
-1.388790318527699 -16.28798640891363
-0.8795983962932941 -15.427333408958809
0.11515378507383778 -15.529647130743001
1.0056825987926126 -15.984573973143657
0.33697088711088996 -15.241052186872603
-0.6306359543859574 -14.988590307990869
-1.630614782512175 -14.982083135078126
-2.4337162981201423 -14.386240911307281
-1.435255511586682 -14.33077869213978
-0.6373944717913819 -13.727937285817386
0.11902527672362906 -13.073850774676476
-0.07168642088522545 -14.055496865890182
-1.0652347344267319 -14.16890651565081
-0.0890861362923907 -13.951803051006967
0.8641706691073725 -13.649641731578027
-0.085371580094588 -13.336002580672911
0.6217431485561398 -14.043101414305953
1.6200063760696664 -13.984190221869566
1.0758831367718154 -14.823195526057814
0.7662386356678431 -15.774047924138648
1.6377822493439058 -15.28372993603249
1.367305435756267 -16.246456425390438
2.1493441875268258 -16.869686231103504
2.4854768518757786 -15.927871582694554
1.9153366701619312 -15.106324156677466
1.5824713360623481 -16.04929853032437
1.9660505401070456 -16.97280651308599
0.9661385737562068 -16.986075256372345
1.9542098106382761 -17.140072759099947
2.3122607633918943 -16.206370710675383
2.726618764050611 -17.116484685565403
1.8073455724473597 -17.510104805985552
0.8891267766481851 -17.906178338351847
1.2417216611885287 -16.970402271444822
0.9417837689307637 -17.92436100262137
1.0207568613988718 -18.921237750602796
1.9698651093664323 -19.236187800039126
1.6525497453641718 -18.28786772761204
0.7563625936684903 -17.84419150655035
1.6178659249900251 -18.35194342444126
1.052441259066363 -19.176743368164047
1.2627340707716634 -20.154381815313645
0.725692160824315 -19.31082625285193
0.042441965822372696 -20.041010593296043
-0.9242884806979118 -20.296807864138973
-0.03725366033112876 -20.758510395491
-0.4250840064852202 -21.68024117104425
-1.3156697918216504 -22.135056473069913
-1.8510756365857504 -22.97965139455147
-2.475280461150855 -22.19839065895186
-3.3403164137570975 -21.696680781932667
-4.29033757826987 -22.008866282841655
-4.785503934906952 -21.14006810187282
-4.156539549995563 -20.36263398729266
-4.907962530202681 -21.02245479995065
-4.091387867267646 -20.44521497123772
-4.375812662176355 -19.486516616153526
-4.876922570999229 -18.621132967544696
-4.297418830957895 -17.80616338818722
-3.3864122364298397 -17.393771602713265
-3.362631801828424 -16.39405439723455
-3.095189567760165 -15.430480502073117
-3.7479653326458395 -14.672929315170263
-3.645625386885238 -15.667678798960889
-3.7611530999725997 -14.674374541691847
-3.0396422905775866 -15.36677771320838
-2.46705342960074 -14.546935047640629
-2.8148105184033883 -15.48451971431746
-3.1451030636593402 -16.42839832650673
-3.2555615645216776 -15.4345175894023
-2.4488694167827676 -14.84354569601279
-1.8808149332764441 -14.020554746021014
-2.646912875731255 -14.663278592292883
-3.2314409224514176 -15.47465209604902
-3.0835458908884874 -16.463655159562474
-2.212291544512599 -15.972823351382601
-3.0239315092403665 -15.388665352501555
-3.165602436619532 -14.398751543962888
-4.009471660749707 -14.935300453724093
-4.301098730393862 -13.978768356902055
-4.898524487409889 -13.176844130522888
-3.959312049838154 -12.833507565166736
-2.9689801633633603 -12.694789308865424
-3.457400432582874 -13.567397835419879
-4.455401823643197 -13.504205878323578
-3.549165834142779 -13.926978076243685
-4.483093417225168 -14.284440339367901
-4.726339989740162 -13.314475852925378
-5.469639111024976 -13.983435056686881
-6.449610776142628 -13.784298079792746
-7.090880509318179 -14.551613614180626
-8.078656217821639 -14.707495459468939
-7.102961332156473 -14.488361961146937
-6.1185580227457415 -14.312435486671946
-5.329989344289575 -14.92738218302692
-6.269234548147892 -15.27062910148235
-5.8113121511298 -14.381636931489156
-5.068922436121917 -13.711668640410755
-4.764749028731151 -12.759051960819068
-5.6269777143153545 -12.252532766952008
-6.514439147137129 -11.791650780697475
-5.517299552656916 -11.716068844232218
-6.358346479797985 -12.257031011436696
-7.291852537823324 -12.61559263742307
-7.046258835284765 -11.64621978177185
-6.105359342843389 -11.984905691020467
-5.839391756614796 -11.020923718639377
-5.02260423009309 -11.597862308541764
-4.02284099126686 -11.619621589129302
-4.987186056201501 -11.35497352898866
-5.167935228957383 -10.371444303928183
-4.896730744837996 -11.333966058380277
-3.9665237476300046 -11.70100140047323
-3.1519878712275515 -12.28111458430315
-2.6457919728950947 -11.41869605915924
-1.676162313779916 -11.174118210276347
-2.48705566192709 -10.58892424420128
-1.5567808812910942 -10.955787750852801
-2.548797329181988 -10.829679197955175
-2.285742092507917 -11.794459972254884
-1.286903062814665 -11.842632503446872
-0.6510255154303486 -11.070842541907783
-1.2989692197013762 -10.309154314287362
-2.279275928165652 -10.111673283958023
-2.347022209269405 -9.113970702325295
-3.1208383086590774 -9.7473810308844
-2.1275115931560773 -9.862715484834732
-1.1678051449431055 -10.14371999237588
-2.1610359724475936 -10.259877313689477
-3.1078432226172903 -9.938076084627037
-2.4275377770020303 -10.671004799214085
-3.2591929381909592 -10.115712360162538
-4.253948051677952 -10.013427150129607
-5.097489052002035 -9.476362367470898
-4.930335313440293 -10.46229321072758
-5.693975362818279 -11.107935429751388
-6.639305522050934 -10.781820587946903
-5.7189316585743 -11.17286016577643
-5.800249656034108 -10.176171958116118
-5.146998834687722 -10.93331353299513
-6.0489106270882935 -11.365233801943912
-5.489708204304184 -10.536202650326326
-4.568309435830217 -10.147584187750681
-3.9219417995309094 -9.384558055337875
-4.815908702134045 -8.936425064976582
-3.827090893228051 -9.085553669846167
-4.624658039370177 -9.688783847634635
-3.642517581727164 -9.50063464763428
-3.9877790628645964 -10.439141179120762
-3.4183322577941486 -11.26116936367106
-2.4281246800751664 -11.400772203999992
-2.7289358822176317 -10.447088492979612
-2.0807811693008857 -9.685579814024598
-3.0149342351239836 -9.328707218252232
-3.8050307786330553 -8.715724794413655
-4.473718908875383 -7.972181800046133
-4.73806879784063 -8.936608643411695
-4.660799396891081 -7.939598392874171
-4.347231057649361 -8.889164028638856
-4.5396619358662305 -7.907853498221147
-3.7766415504272692 -8.554227918665351
-4.539709058069005 -9.200546709032325
-3.5543857359679683 -9.0298482880561
-3.853197431099332 -9.9841603810596
-4.548913966397178 -10.702476817258272
-3.64401020271429 -11.12809305105645
-3.2724507577652977 -10.199683885403074
-3.473621410024773 -11.179240095464293
-4.372971330092462 -11.61646969335794
-3.410500205286236 -11.34508558565405
-4.367125985162801 -11.636405199266925
-5.205236430142889 -12.181905778565682
-6.080124935596787 -12.666230156461987
-6.009881756652196 -11.668700259260024
-7.009868930230465 -11.673765106636255
-7.78784217051552 -11.04546769505447
-8.761285387940122 -11.274396291892087
-9.012535848788144 -10.306474184528247
-8.34063745143714 -11.047117515448841
-8.74366026073251 -11.962307449390243
-8.26205406300367 -12.838695189097487
-9.258837285370072 -12.918840105398228
-9.504341100814358 -13.888235729796389
-9.846799807613454 -14.827768610614026
-10.309118594409874 -13.941054823997913
-9.586777961930185 -14.632592249354518
-9.96409931303396 -15.558674642017948
-9.24064616753684 -14.868301158843572
-8.786428861407728 -15.759192083038455
-9.118624329457901 -14.815981517466309
-9.784984486424385 -15.56161154717783
-9.495326018440903 -16.518741617714465
-8.813538311912605 -17.250291700228907
-9.06657839335349 -16.282835904244205
-9.951553071333526 -16.748475055663125
-9.152670684979396 -17.349962323003947
-10.056692968325667 -17.777447657504904
-9.292219650013466 -18.422103027131755
-9.170124662854274 -17.429584607095837
-10.170124662561959 -17.429608786250075
-9.28127573194054 -17.887809155666293
-8.93779800180941 -18.826969977306533
-8.308111125123334 -19.60381902141313
-8.313999021240594 -18.603836355223706
-8.867643967568094 -17.77108352670493
-8.82196125164847 -18.770039526469787
-8.27518717962766 -19.607319715036187
-8.881260967838397 -20.402728140465467
-8.420300922882218 -19.515307249932683
-7.4744880172250445 -19.19059515053949
-7.505261954569464 -18.19106878031191
-7.7881944460044625 -19.15020860603618
-7.6632561302016775 -18.158044094856525
-7.004380604466624 -17.405792114741246
-6.527322079374487 -18.284663643257737
-5.719853035255353 -18.874573587901267
-5.141227026201633 -19.690166587899775
-5.664595167289281 -18.83805991095465
-5.994814550848389 -19.78196412151939
-6.393887901196188 -18.865045116894564
-6.38163347884468 -19.864970028641856
-6.268166687939806 -20.858511818080906
-5.755603306097402 -21.717161210786845
-5.020092922293512 -22.394674661071527
-4.852943424388802 -23.38060622327562
-5.852929081942688 -23.375250414604444
-5.107721670079966 -22.708417666979628
-5.253162393331926 -21.71905069966166
-5.855809503370299 -22.517058507118705
-5.311758643446406 -21.678006266899974
-4.836219943817544 -20.79831146462177
-4.675866446268075 -19.811251813018252
-5.570514637663501 -20.258023134426526
-4.5707559156288955 -20.23605730378592
-3.8585991175166745 -19.534036866118647
-4.824569131056496 -19.792690945811735
-4.645846626991516 -20.776590466362865
-4.007571330196452 -20.006782278889407
-4.634008065654428 -20.786254546817364
-5.4316466747484 -20.183118866159493
-4.480662383436906 -19.873879674466757
-3.506118851510618 -20.098078033918014
-2.6411358606764277 -20.59987921523143
-3.5139576377893578 -21.08791829706548
-3.3318254798512053 -22.07119235705323
-3.635842864286302 -23.023858841170963
-2.6750811356483903 -22.746483822856963
-3.0129870312824396 -21.80530392204323
-3.7577518691050793 -22.472630930595273
-2.832959437339569 -22.853102950787605
-1.8349954489681846 -22.789323032993057
-2.726026392028317 -22.335380461174363
-2.759248783715795 -23.334828445158806
-1.9904122513381313 -22.69538307104035
-0.9932680029332992 -22.61986255811067
-0.24486147238408051 -21.9566222811135
-1.1649950097877326 -21.5650175398947
-1.3309381636290127 -22.551152860067955
-0.8557963772073148 -23.431062106976974
-1.811177194563099 -23.726438974433776
-1.2302832587624866 -24.540418234212595
-2.214120346991244 -24.71948409870262
-2.705611271416415 -23.848601402119613
-2.334426339537308 -22.920042439885172
-1.3665232121519542 -22.668718871556113
-0.6136606849475903 -22.010541072529545
-0.3315284410089164 -22.9699165969881
-1.2983270255969648 -23.225456215909603
-0.375962635338709 -22.839135194499278
-0.4462406618986393 -23.83666263722095
-0.8424580523678031 -22.91850590795856
0.08293310433794066 -23.297519373538353
0.8975518442564349 -23.87751619126549
1.8896432228504088 -24.003033905232513
2.8896088274981366 -24.011327850102344
3.836068313021595 -24.334150467436803
2.838212692995604 -24.268696960406658
3.764235979736988 -23.891230574601664
3.3408282592504346 -24.797169812206693
3.3943437533871847 -25.795736831433395
3.6269905128820636 -26.76829813299568
2.6680719119475507 -27.05197949787853
1.9713891473188263 -26.3346001522954
1.0172888013147539 -26.634087263461993
0.9625178116907992 -25.635588320700602
1.5081373382770877 -24.79755530690714
0.5860747823239701 -24.410514426754663
0.033027197577154666 -23.57736475892438
-0.057165036834094574 -22.581440383857725
-0.7547250434280428 -23.29796675266815
-1.4580027466565335 -22.58705151711495
-1.598391010111207 -23.57714804548185
-2.394822725988639 -22.97241957588204
-2.3745567773784604 -23.972214200455973
-3.0779922929730055 -24.682973284393867
-2.2514971266782924 -25.245917100499412
-1.6280567645410726 -26.027788007272527
-2.6279401567084126 -26.0430589623158
-2.1704103385430784 -26.932253241137698
-2.192196237971994 -25.932490582010004
-3.182137353544892 -26.073970572461963
-2.251436615135084 -25.70818903175298
-3.1753634412641176 -26.090758267263535
-3.6209228088990324 -25.195505872732934
-4.190315010843056 -26.017571880037295
-5.19030792699388 -26.021335873684055
-4.233812157451377 -25.72958967774091
-3.624415114928124 -24.936724465637422
-2.651495399472302 -24.70558116100291
-2.404163671670772 -23.736650298442164
-2.7483637409951576 -24.67554662513489
-2.691738986868774 -23.67715109368449
-2.548180537748389 -22.68750925357962
-1.5643308712881359 -22.508512511134263
-0.5706251516843065 -22.396490447117234
0.1638478984745083 -23.07512830237614
0.7112330983770869 -23.91200908416505
1.2762376360177603 -24.737096880975454
0.27697189453116566 -24.698782681372094
-0.3775728618446277 -23.94275942650426
0.21121218320717194 -23.134469768817517
1.1563820874514896 -22.80789075523767
0.16201247826381593 -22.913858110229445
-0.7033799839210093 -23.4149527982812
-1.6999800685900506 -23.497343764033882
-1.116068268003962 -22.685526660779516
-0.24345365506966377 -23.17393605595279
-0.9316079487011519 -23.899500435009912
-1.2598156920489432 -24.844106002009468
-1.3537031703769575 -25.839688816954165
-0.561396040588993 -25.229566360321762
-1.0374386526672268 -24.35014414574805
-1.5918080496111433 -25.18241487798128
-2.571997382102474 -24.984352078672075
-2.6482893769063747 -23.987266560008383
-3.387895787571399 -24.66030620022521
-4.053601703337064 -25.406520401185364
-4.6951404682472555 -26.173611017160756
-5.677460975927584 -26.360817908568798
-4.682006569027557 -26.45605720604266
-5.028939149402666 -25.51816713536579
-4.101523836342579 -25.89220033857329
-4.70940311392784 -25.098170878236694
-4.085039890909417 -24.31703672475085
-3.1193461979371677 -24.5767205543468
-4.084986814356072 -24.316839427825233
-4.500652784365871 -25.22635677311108
-5.350649607501667 -25.753144586807498
-5.541654266169245 -24.77155545668875
-6.416579373532226 -24.287297202751994
-5.420426462564163 -24.199665142580763
-5.132062307420933 -23.242144326081963
-4.778465507586266 -24.177542264473256
-3.8148423070951747 -24.444806791628107
-4.810895406129744 -24.35604743210119
-5.580614208490161 -24.99443051872931
-6.448584401235125 -24.497814223682248
-5.866375181856981 -25.310853229432336
-5.025134514702811 -25.851514065748418
-4.327120130206035 -26.567597803195085
-4.800389894377447 -25.68668025295492
-5.009271451248154 -24.708739306271905
-4.865615971091443 -25.69836706609928
-4.5324692623667895 -26.641242068666394
-5.4959269492562886 -26.373381497522494
-4.9042218806837745 -25.567226976462422
-5.355912230159254 -26.459401750926887
-6.101076728298962 -27.12628245293602
-6.5388134061936185 -26.227179232596026
-7.137789022137393 -25.426411968339565
-7.410507485501743 -26.388505851357323
-6.455716533370565 -26.6857838991988
-7.418409572618696 -26.415188052624618
-7.449565234337902 -27.414702597162535
-6.806334421480315 -28.180374930076926
-6.064814720807069 -27.509443835616803
-6.730238218861636 -26.76297778264666
-7.676047928891945 -27.087699190029024
-8.08019704025923 -28.00239230565909
-8.604627750769831 -28.85384543406567
-9.258054229562442 -29.61083541868415
-10.253769183999024 -29.70331098038212
-10.695075988770698 -28.80595469436067
-10.049458304975266 -29.569615487102197
-9.874523611968042 -30.554195526094695
-10.736862028055583 -30.04786316870517
-10.380553738275943 -30.98223161992466
-11.310450006133475 -31.350053493967835
-10.80424353642155 -30.487641173774186
-10.340027912233502 -29.601918951935026
-9.659893070760708 -30.33500598456811
-10.579343255114424 -29.941799475858094
-9.594945739877002 -30.117758368768882
-10.59471223636706 -30.139367452414238
-10.696173370845008 -31.134206956148606
-10.73198596167535 -30.134848432725697
-11.312015430427923 -30.949443924597958
-11.516004296609385 -29.970470716346576
-11.264421347264353 -29.002634976358195
-10.59661067156963 -29.746966153609396
-10.400012995315628 -28.766481909120213
-10.054340950353192 -29.704837298794875
-9.474995208376644 -28.88975539416587
-8.511929189325988 -28.620490017724855
-9.509079744402921 -28.69592721352217
-9.674487627082764 -27.709701969296813
-8.78813383277014 -27.24669338265115
-8.096303482976031 -27.968753468172956
-7.121278998816929 -28.190850868631124
-6.384563909342358 -28.86705414941322
-5.670324633324205 -28.16715254447645
-5.523078745267152 -29.156252462811445
-4.700247502261006 -28.587966667165485
-5.183632085729919 -27.712558565498277
-5.846907483389717 -28.460933970531897
-6.820819212693623 -28.234006793833565
-7.4556828436723395 -27.46138258371553
-8.041852970877818 -26.65119459196799
-7.12766744593806 -26.245898618646493
-7.21579066238597 -27.242008200330595
-7.701912727833226 -28.115899118858355
-6.824939959097421 -28.59643919304141
-6.302980912153999 -29.449409739610232
-5.537291627345061 -30.092620373173435
-4.933617173698143 -29.295389444261307
-5.141908192707989 -30.273456339417177
-4.160024454943607 -30.083971971951556
-3.6604722165029338 -30.950255736701255
-4.5743957377532745 -31.35614217070143
-3.5929752581169083 -31.164272834562677
-3.2513904282345285 -30.224421886808607
-2.7394267809449775 -29.36541477167278
-2.0599840785867323 -28.63168620182414
-2.9939502800732325 -28.27432485181427
-3.813157830821918 -27.70082769506775
-3.8805117714754624 -28.698556840015637
-4.876344272669044 -28.607355800731344
-5.819914979819292 -28.938526935657052
-6.187434086385736 -28.00851096466053
-6.515605982048095 -28.953128986348332
-7.207059791474253 -29.67554965979979
-6.3720656798094115 -29.125290781193506
-5.374216036256186 -29.05974622489246
-6.1750264560444865 -28.460828307679687
-6.722935793863604 -29.29736602800712
-6.376525836785292 -28.35928280054966
-6.250408816650546 -29.351298172019444
-5.716011342354173 -30.196531476773615
-6.070720544122738 -31.131508151445612
-5.665444237867978 -30.217313907540905
-6.646072429922513 -30.41319231101575
-7.6452877890001405 -30.373585920327276
-7.483092636338143 -29.386827220110778
-7.2261012745655755 -28.42041351989007
-7.182803491821588 -27.421351308609182
-7.18534114888686 -28.421348088752307
-6.384603325554233 -27.822333115413137
-5.907304515773112 -28.701074172938917
-5.887255233965476 -27.701275179991335
-6.835294738865878 -28.019427811833665
-6.559927425815093 -28.98076690024274
-6.456428260877774 -27.986137359731664
-7.013912234981258 -27.155949658896613
-6.03018293660901 -26.976292575751962
-5.760947173477379 -26.013218277553257
-4.801977901541031 -26.29672830468082
-4.0393319896144115 -26.94354451738858
-3.1311692219679577 -26.52492728475149
-4.130027083246362 -26.477146818425478
-5.035483771060579 -26.052708146185886
-6.009607788756927 -25.8266939914364
-5.083182182473558 -25.450216108922046
-4.760782915869023 -26.396819887116944
-5.61610697965268 -26.91491326278644
-6.1026438821465 -27.78857328963425
-5.241480500369577 -27.28024501982572
-4.7148376795503415 -26.43015835407948
-4.304319885691689 -25.518305766801568
-4.473430746514784 -24.53270873111626
-4.300945775917219 -25.517720880745873
-5.265847337794404 -25.780332715755204
-6.110687188208121 -26.315351993120917
-6.185412772688468 -25.318147858039204
-6.762927065990942 -24.501767284390283
-6.820344871043102 -23.50341704741781
-7.813763760551225 -23.388879237204556
