0 0
-0.16873854806454527 -0.9856608455229766
-0.59494845623711 -1.8902851400096623
0.22985303003991042 -1.324862724257317
0.7053859360638483 -0.4451647901410496
0.11487242155677868 0.3618629598059451
0.15949639158052026 -0.6371408946907832
0.4768892568757576 -1.5854350310533778
0.016528748919411695 -0.6977029753551648
-0.5966203485803085 0.0922642291763135
0.31991274759572474 0.49222308157737493
0.9758586848490679 -0.2625847929184024
1.1950158376352857 -1.238274365673302
0.19791033364160915 -1.3143047142554058
-0.19293949129656046 -2.2347591750223694
-0.37123910410014704 -3.218735418675686
0.4338888748399946 -3.8118365378179133
1.3190150543315562 -4.277187637933377
0.3434621313187983 -4.057423003833019
0.5487676805915069 -3.0787250772806884
-0.44805418453797063 -3.1583879243286663
0.31027485807122335 -3.81025989269011
-0.6836995499213818 -3.7006475017128575
-0.1140534979744825 -4.522537625452832
0.7558154192244305 -5.015820573557863
0.5179925724234242 -4.044512026524808
0.56697100796571 -3.0457121902954314
-0.2528921183053229 -3.6182717541672513
0.7469450507566211 -3.600226384617209
-0.13865365515942063 -4.064677600655914
-0.14007355287336132 -5.064676592600647
0.5418479007393219 -5.796102003085384
0.6493844368559872 -4.801900869813032
1.459113133629264 -4.2150964410449365
0.9804878041190024 -3.3370771964089245
0.6805968696154707 -2.383103702331338
-0.181098720079943 -1.875678130745245
0.3836044793094623 -2.7009721974871366
1.1821715270759219 -2.0990663325700707
1.359100075136769 -3.0832900311676408
0.9047495143517532 -3.974113003432244
0.008975034812067961 -4.418621813024816
1.007542137469128 -4.472135750378409
1.9968474574832529 -4.61799521627538
1.4483488026736313 -3.781843779230609
0.49792162292856057 -3.47089655540986
-0.4788477304125103 -3.2566032275303707
-0.8079982861608508 -2.312325772726668
-0.6670090225430153 -3.3023368976866356
-1.0071132091468034 -4.2427246593331684
-0.15351621981613273 -4.763658608894545
-0.1625432506833407 -3.76369935336774
0.7750088603879741 -4.11154420243945
-0.0569738543811813 -3.5567426502378128
-1.0472707401551928 -3.6957105531013683
-1.7781815131546437 -3.0132375192653456
-0.8038250335719279 -3.238247409481702
-0.8980023733105237 -4.233802846752656
-0.09250444011528969 -3.6412042645587683
0.6821704427564559 -4.273563992757558
0.47234801315246133 -5.251303502051868
0.34330253088599494 -4.259664826169057
1.256239562176211 -3.8515643766483447
0.5650460016965555 -3.1288946997201807
0.3066625305705215 -4.094937132457408
-0.5412295335088095 -4.625106018446855
0.09380782205958882 -5.39758744672374
-0.7753822068224245 -5.892065650178741
0.2126877760971596 -5.738060102053705
-0.7140298292414085 -5.362301562622397
-1.4096219460238857 -6.080738481961926
-1.3984066399111923 -5.080801375485324
-0.8145494996276171 -5.892657791201727
0.18519902595436222 -5.8702326803512035
-0.5684681787964174 -5.212976455973567
-1.0394277747161882 -4.330821674197099
-0.09242217328766988 -4.00960462785147
-1.0641389484282602 -3.773455291815199
-2.0220757750653418 -3.486476135477185
-2.943975615038541 -3.873904432143019
-2.218949163611325 -3.1851834111694615
-3.205815040411096 -3.0236416481228146
-4.092472691714142 -2.561215211393937
-3.649417827226943 -3.457709710570719
-3.34117046510304 -2.506403469792464
-2.8959233407159575 -3.401811197157509
-1.9288971080552597 -3.6564879831943564
-1.8066824235067462 -2.663984295100097
-2.7885461254367385 -2.8535724562081466
-1.8759508519793993 -3.262436574055781
-2.6174392258519865 -3.933402289582131
-3.5875180740612516 -3.690612198645565
-2.7328427905705985 -3.171449257180969
-3.4502497337262925 -2.4747949111010765
-3.3562948506643626 -1.4792184549969665
-2.546511372774008 -0.8924896258639492
-1.6254559115712914 -1.2819210542164274
-2.543617500406114 -1.6781271833819333
-3.1941119543717877 -2.4376381874891155
-3.241874509067001 -1.4387794695670129
-2.4488108121510157 -2.0479181833539055
-3.3644171395072062 -2.4499941131299963
-2.521529780492151 -2.9880841613678593
-2.2617321459057527 -3.9537472439506574
-1.276294048954322 -3.783712667829379
-2.169518540575239 -3.3341017164852698
-3.1510262829493305 -3.1426792735489357
-3.963203270374782 -2.5592681482723276
-3.779461887920393 -1.5762935278605137
-3.959189832427358 -0.5925771734354685
-4.308853786895934 -1.5294523619987035
-5.253577726819072 -1.8573192211597092
-4.751424744388255 -0.992540415778914
-3.8923623469064497 -0.48066953632510867
-3.3999139111023866 0.3896720851512696
-4.0364304411466785 -0.3815909743688747
-3.1021547593601233 -0.025039504841307958
-3.835622543100701 -0.7047637211339783
-4.023326242262525 0.2774619766162727
-3.0233355543238964 0.27314641917495425
-3.9420923525466898 -0.12167752351267136
-3.089710246590015 -0.6445969680209661
-3.567492048680239 0.2338815744554099
-4.366095989066469 -0.3679753407657963
-5.299389399248863 -0.008860581238820109
-4.935708099382492 0.922662854927714
-4.466407672037078 0.03962428901260562
-3.72951042686791 -0.6363804817265447
-3.0033850334522927 -1.323942779294565
-2.0672289112425535 -1.6755273563869393
-1.1097023379434714 -1.9638723952312334
-0.9607195715563976 -0.9750326026866298
-1.8912236898952544 -0.6087511729711352
-1.0387894305870742 -1.131585595668909
-1.7632430559783066 -0.44226205432021837
-2.284375245969497 0.411213921062209
-1.448626392110916 0.9603257978906637
-2.447297702839528 0.9087931565107022
-3.4366116239780005 1.0545942725613708
-4.213123961054356 0.42449222497842853
-3.9258976455719474 1.3823549728157167
-3.488947285438768 0.48286935159685307
-2.800681247971795 -0.24258902878723987
-3.5219855805695 -0.9352072928950957
-3.776874478978332 -1.9021776385975544
-3.8895719462503924 -2.895806986428255
-2.987408280485182 -3.3272009133362235
-3.740913133904524 -2.66975856919227
-4.581760645685294 -2.1284864916452313
-5.542670768801584 -1.8516259937539004
-4.5784512844976035 -2.116731229629328
-5.423350367233795 -2.6516569627844486
-4.629679335852122 -2.0433097807037286
-4.470625200596344 -3.0305796435366
-4.102981837735933 -3.9605465019486017
-3.52596542555161 -4.777279053075304
-2.953083004654525 -5.596916614334606
-2.053286222768619 -6.033225852499198
-2.786624295812449 -6.713090008507119
-3.696483221485081 -7.128007753817974
-3.1910199023637094 -7.990855847646086
-3.2584086222285404 -6.993129051155694
-2.773430087989836 -7.867655106415157
-2.310663038486569 -6.9811751811523
-2.3105461834272667 -7.981175174324747
-3.0389863642468335 -7.296065764837797
-3.2152343086863233 -8.280411568953838
-2.9406456371240743 -9.241973351394092
-3.88834504924733 -8.922809092334221
-3.2105300266848302 -9.658041569302288
-4.19932121848324 -9.807346555896443
-4.099351248148678 -8.812356101152625
-4.223610084734144 -7.820106262890897
-3.5029728990060613 -8.513418635884419
-3.566009656262679 -9.51142984185085
-2.5996919174193707 -9.76878179462517
-1.733226229492632 -9.269545165714947
-0.8582974025463327 -8.785293632131033
-0.9871827858486667 -7.793634135140755
-1.7326418784141597 -8.460185514489288
-0.8387998370288441 -8.011803528842973
0.14797161199391462 -7.849685956095523
-0.510089499183477 -8.602650479798982
-0.44753117377321555 -7.604609170071842
-0.45041476001697756 -8.604605012528387
0.41430122717423035 -9.106866161230867
0.21005717778029523 -10.08578616219477
-0.42531071704088297 -9.313576580390384
0.4454319322893353 -8.821837585966113
0.9140091687595004 -7.938415052032332
1.826178903023374 -7.528602441327178
1.0539362083628347 -8.163930089508359
2.0200824614007438 -7.905935093935172
1.062447266772586 -7.617951007552799
1.357654369309205 -6.662517720184217
2.015143447504503 -7.415981795010547
2.216155911170051 -6.436393111199271
1.8972620597344068 -5.48860267470155
1.7073933041656806 -4.506793194375156
2.6894415524555355 -4.69542309134493
1.7343127167557144 -4.399232431102741
1.6311813460194202 -5.393900174809177
0.6314204150739289 -5.372035112380625
1.5223804350147887 -4.917953354470243
2.4827632336211156 -5.196637548749501
3.2205195037160927 -4.521570377324651
2.6115649590401793 -3.728365257246275
2.8289226220105137 -2.752273229644331
1.830238467082626 -2.803556352559872
2.366908862917161 -3.6473483211367266
1.9057677656062975 -2.760021499514089
1.0516010719214555 -3.280020787397741
1.7985001647233063 -3.9449581868360433
2.5718211161594877 -3.310943434586666
3.550966595528532 -3.514103790540195
4.466742160955501 -3.112413469811757
5.2077714530338 -3.7838861708815292
5.490997115641099 -2.8248328751567002
5.106109614772737 -3.74779636938348
4.499988472527357 -4.543168710443411
5.486491181373956 -4.379423770251898
6.434167428163593 -4.060190734256707
6.470460406976869 -3.060849541425721
7.448449319271747 -3.2695064067052533
7.97343555209409 -4.12061712532358
7.370764021735092 -4.918606490224356
7.35072228630235 -3.91880734597545
6.368699160627797 -3.730046702195078
6.190170269563221 -2.7461120320796004
7.104397027562469 -3.151314987347924
6.401114793726757 -2.440404233757117
6.036822872314397 -3.3716890430360453
5.037684165174274 -3.3301939361635013
5.01444441788964 -4.3299238567651335
5.913870963918434 -3.892851908112838
5.2309418128127945 -4.623336524357514
5.6134031028706515 -3.6993650087753074
5.110828572046071 -4.56389889530981
4.48299397580323 -5.3422456816207635
3.4856121768704873 -5.4145612896019335
3.231846814162213 -6.381827096239147
3.941656432047543 -5.6774335227608805
2.9482101004712113 -5.563133976490874
3.924081203605634 -5.781481383315882
3.17258642287957 -5.121742348134936
3.040472639862882 -6.1129769058139045
2.0766680406350195 -6.379586535248439
3.0724538945847346 -6.287877576724003
2.0851289366040655 -6.129165802275886
2.4668637270264933 -7.05343770479221
2.731467906239093 -8.017794811025801
3.251225682757043 -8.872108485122803
2.3710466869013125 -8.39746658299616
1.714870065629183 -9.152073925722092
0.7337848121823055 -9.34565007474122
1.0446663064185961 -10.296098756439191
1.6467127372885486 -9.497637677189394
2.60414653982777 -9.78629060676969
1.8449992475962562 -10.437209487043999
0.8620313195041678 -10.25343230580991
-0.10908799139890635 -10.49202669801379
-0.8369929164465592 -9.806348624796211
-0.5515814686210965 -10.764753709011739
-0.04739410265619026 -9.90115941769123
-1.0251088121408107 -9.691221458147455
-1.861033049155571 -9.142376607601063
-1.3473172629600296 -10.000337032686916
-2.347229503144508 -10.013585124219608
-2.589525066794265 -9.043382640283575
-3.545221430804912 -9.337736950285702
-2.5724022735310546 -9.56930311197817
-2.239653208170007 -8.626287704096969
-2.0054248963565313 -7.654106086319195
-1.3561908423703717 -6.8935174043466745
-0.41105832306673673 -6.566830213053897
0.12293981911114615 -7.412315862932456
0.4048732456730456 -6.452881892829736
-0.08744467655442334 -7.3232973473419065
-0.18393012160163638 -6.327962951827494
-1.1340092753157454 -6.639971928746239
-0.6064841745690379 -5.790432484057426
-1.396589477350267 -5.177461350547061
-0.679536141448116 -4.480443048440439
0.31813489245006077 -4.412233752002615
1.2622152486055502 -4.741949206783437
0.40260366299820227 -4.231001144951687
0.966304287124624 -5.056980325294317
0.8399840255010425 -6.048969837085319
1.6573898728034884 -6.625032056637834
2.647840096396778 -6.487161267186252
3.6450073631644395 -6.411945297558047
3.95689660421324 -5.461826830566691
3.1215810284696546 -4.912056070230928
3.7962496031940374 -5.6501768694768035
2.810495567907624 -5.8183701568474735
2.8906510397634904 -6.8151525304534495
2.913343141119892 -5.815410029338272
3.6842498636846264 -6.4523580846022
2.7769661486104895 -6.031839047742664
1.832941333993725 -6.361713492627053
0.8330447577571727 -6.347331669709901
-0.10327238315741549 -5.996176132049549
-0.07528227027501773 -4.99656793201274
-0.9535783995645584 -4.518450886431837
-1.8205756001834903 -4.02013787825431
-2.7976788863635007 -3.807372354411219
-3.793487065548165 -3.8988385791552376
-4.59805401239413 -4.49270053958288
-4.7286194673009785 -3.5012608480307574
-3.7293317830404082 -3.4635232794134416
-2.730089635354674 -3.502447953958029
-3.5059521982414594 -4.13334991425832
-3.153602080760951 -3.197481657124084
-3.80060461191382 -3.9599695092776646
-4.336080770040721 -3.1154191649655836
-4.898138994325533 -3.9425168330277076
-4.380426258784959 -3.0869623207614842
-5.348959203342936 -3.335847706643931
-5.043973950666263 -2.383490633036691
-5.8499938808509615 -2.975379028044614
-4.92388182149824 -3.352627558222612
-5.4084394842303904 -2.4778682361873705
-6.384199433839368 -2.259024637379716
-7.384058172955836 -2.242216847149389
-8.37460197847236 -2.1050200200984532
-8.920531850816989 -2.9428508947275622
-9.480944103684875 -3.7710646997534987
-9.639878284675877 -2.783775519162159
-10.189398964214195 -1.9482954040428666
-9.46683589879043 -1.2569903943073575
-8.479454219350298 -1.0986318798347015
-9.471593187754669 -0.9734908898533549
-9.881232088396333 -1.8857386473628428
-9.019334430303969 -2.3928209158113662
-9.896795886952622 -1.9131737620660085
-10.889088865389706 -1.789259901079987
-10.737415596351566 -0.8008292158727319
-11.607734469228866 -0.30834057690368355
-11.62666311606888 0.6914802602110497
-12.311710364570592 1.4199788994137819
-12.752515618486553 2.3175816668560874
-13.736387422117312 2.496456690323194
-12.737451648934938 2.450333799514724
-13.587049961963316 1.922903513600716
-14.420791206354053 2.4750588698201272
-13.42610853323221 2.5780461495744023
-13.994352491137175 3.400906286113109
-13.009206789566248 3.5726268343195633
-13.983812745804729 3.796553675195055
-14.898714330491964 3.392876712343836
-14.77830252359844 4.385600740843517
-14.560569777636825 5.3616091687456615
-15.420317462737675 5.872328189307585
-16.363759982590356 5.540792049898889
-17.225889968871087 5.034104881366288
-17.1647115177223 4.035978037165093
-18.102690464250774 4.382670257829667
-17.325139150073543 3.753850765589437
-16.729502693313556 2.950596626864708
-17.17902622412869 2.057328136855409
-17.198868560128915 1.0575250153849596
-17.403397080750285 2.036385620503193
-17.768121960566763 1.1052702882038823
-17.256269614358146 1.9643437284176588
-17.82242366772047 2.7886431812025125
-18.822322178020663 2.802889903613678
-19.758814851639805 3.1535770466025124
-19.217546475942417 3.9944269413339737
-19.68288439085046 4.879560052763567
-20.15351752885003 5.76188904436289
-19.167049655525865 5.925843717670163
-20.114831640342345 5.606924747934374
-19.41127062686313 4.8962898907031125
-19.158682593034236 3.9287159735440906
-18.179488711761746 3.7257890337886326
-17.305483817762827 4.211706151480463
-16.613523104417343 4.933641308670089
-16.568568452930847 5.932630337293391
-15.576622412064438 5.805969167199887
-15.407689459349687 4.820341622187535
-16.326271044786992 5.215573036545612
-16.676986182397854 6.15205522657946
-16.89142200904332 5.175317146923058
-17.31432927276759 4.269144179830545
-17.08932386145477 3.2947866659374423
-16.457551863045328 4.06994093576103
-15.462281950225654 4.167089279215353
-15.127941932634677 5.109541799312395
-14.814514428209364 4.159929668245336
-14.715155747906463 3.164877984839662
-14.553206728850737 4.151677110916944
-14.136936274406583 3.24243626891915
-14.204243077400301 2.2447039429565376
-14.030696738093159 1.2598782385229612
-13.032328486179354 1.3169819474267985
-12.11121401758125 1.7062737862048951
-11.988539280743883 2.698720716242911
-12.411663520116829 1.7926490424471422
-12.760504796288817 2.7298308626072956
-13.454911344509448 3.449413759699985
-12.604476909252003 3.975494809851341
-13.274587099539676 3.2332331761448567
-13.62923560256731 2.298233475984339
-12.689342635508472 1.9567642819516484
-11.742671468714164 2.278965619565727
-10.789982991015412 2.5829140764791254
-11.751789610862746 2.8566439177786176
-12.745525321230367 2.9683996243002886
-11.749037987754377 3.05214324627779
-10.765984395671051 3.2354616444053916
-11.17409342777116 2.3225284497419967
-11.975956369344352 2.9200364605097064
-11.00218068489771 3.1475467160598085
-11.23867454133761 4.119179700198461
-11.940361942886241 3.40669475965029
-12.438399296640622 2.5395391829137197
-11.447404824348316 2.6734419681203527
-11.50334108041787 1.6750076261344007
-12.215810922351189 0.9733048939639236
-11.64421830105009 0.15276734133507608
-11.95270272933764 1.1039967340180943
-11.362879322740932 0.2964644752007416
-11.016803845775463 1.2346711497896208
-10.393959530905262 2.0170169553218473
-9.481372248702042 1.608135001255712
-10.07051463392128 2.4161642395498393
-9.400558899886146 1.6737631926530518
-8.614259604469769 2.2916089808783258
-8.110621695949188 1.4276941372154712
-7.853430564698155 0.4613335823469409
-8.70352840975561 0.9879583575224669
-8.35244933414293 1.924304171133521
-8.963212092700545 2.716117818880953
-9.90615938871822 3.0490598512724074
-9.14019641171499 3.691944536002375
-9.836509573578148 2.974206435706639
-10.49668976157316 3.7253136979394506
-9.9123193736499 4.5368007586609505
-10.79615194294954 5.004604124879275
-10.304053544077345 5.875143708027235
-10.337268953515961 6.874591924082386
-11.313264576222734 6.656801785514956
-12.044995895125982 7.338394975721631
-12.789439233524071 8.006080617258656
-13.322336069029136 7.159900398446678
-12.331404221460367 7.294265845917169
-12.372217192685975 8.293432649498902
-11.563397727333955 8.881489681144364
-11.10338214240151 9.769400522174735
-11.304193508834569 10.749030449806229
-10.304218228889454 10.741999127122048
-11.276884315601826 10.974207403804083
-12.169676005198502 10.523737650116766
-11.53417789511793 9.751635226804924
-12.513371093666912 9.954565460913624
-13.193320764082761 9.221306675967014
-12.959822193446028 8.248949530926879
-13.498591742736702 7.406496343647536
-13.066344038925132 8.308251256331479
-13.069823555291563 7.308257309866874
-13.095011810017812 6.30857458428648
-12.452742308091072 5.542095695539519
-11.520725322512106 5.90451029043368
-11.967489556057817 5.009858559521414
-12.92067322996669 5.312250496903321
-11.920958238900253 5.3361238426477655
-12.019018695107189 4.3409433831689395
-11.419098865756819 5.141003504879941
-10.46049191235491 5.425736202140912
-11.133854406560662 4.686423716518623
-11.319729836220166 5.668997034215015
-12.265873125803928 5.345248867308053
-13.241708621001422 5.563755357629647
-13.617987879216397 4.637249059843611
-12.617993858501585 4.633790948419214
-12.600139666047731 5.6336315496211355
-12.021641339252245 4.8179479799111515
-12.493302576149597 5.699727815022195
-13.283765465736753 5.087217880257441
-14.26741348100352 5.26731946842854
-14.99287995703778 5.955576972674175
-14.260138812882069 5.275069503456254
-13.67038443554781 6.082652176880517
-14.614532010763043 5.75312925474126
-15.331135492182613 5.05564846617619
-15.019802004018437 4.105347745799988
-14.22314324122296 4.709777076376508
-13.338041929671844 4.244378678989395
-13.751061387450115 3.3336564779332525
-13.969928846905145 2.3579018801005285
-13.02272880882166 2.678545120875447
-13.183273141593254 3.6655737512681643
-12.697500732703816 4.539659082778625
-11.81884256884721 5.0171104741140535
-10.922318695080415 4.574115052279718
-10.922709944186506 3.5741151288176525
-9.928926998927269 3.6854500187303585
-9.013518039856866 3.2829249416809363
-8.015862809207603 3.351364993976093
-8.595521870013553 2.5365058814753105
-9.265426355321672 3.278953172913608
-10.259467167117414 3.1699446205681103
-10.452605960373539 4.151116066615929
-9.457796752391392 4.049358316474074
-10.395563925276234 4.396622955416154
-9.399358739940755 4.483658745242547
-9.783568827362798 3.5604130527407367
-10.771850901237377 3.7130516535537663
-11.280947694986555 4.573760927695917
-11.020503586392165 3.6082720016597483
-10.564788822897492 4.498397865980629
-10.72322604922063 5.485766918217447
-10.328851929158386 4.566816944919046
-11.328122391350771 4.528626063941822
-11.145732485957543 3.5453997815374865
-11.480780786523782 2.603198828296791
-11.708290679458928 1.629423059129865
-12.66544973069195 1.9189857477530736
-13.58571860888982 2.310272333033521
-14.4264459544198 2.851731039195048
-15.400784037677175 3.076820575856229
-15.780520956867598 4.001915096542502
-15.589069937474234 4.98341726524782
-15.511039909529469 3.986466256050809
-16.17805839276852 3.2414250873779125
-15.181055082184201 3.318783982690007
-14.76358367475483 4.2274740420496
-15.004585357353085 5.19799873982128
-14.194897687560756 4.611137702278089
-13.24600576191244 4.926738895937793
-13.3220078724438 3.9296312391650754
-12.383507697181532 3.5843524807209874
-13.088790667206919 4.293278381074593
-13.129488125071356 3.2941068658063823
-12.250752663404556 3.771415977817913
-12.473208944194127 4.746358644407734
-11.753757722850802 5.440901616517881
-12.435682778143859 6.172323669072739
-11.620008051202305 5.59381287416151
-11.031024865263117 6.401958162263175
-11.85547002318135 5.836016308725925
-11.267018705379677 5.027483658440561
-12.175872891000902 4.610369682075851
-13.05450826327371 5.087863014585346
-13.806809691778252 4.429043949386087
-14.134234836102523 5.3739210709549345
-14.208403571684375 4.376675364690832
-15.153965361331956 4.051232740011053
-14.748290947890915 4.9652503931662135
-15.671065641235 4.579910458402463
-14.683540278710874 4.7373704799050405
-15.68178084960315 4.796664346574889
-15.770581325597938 3.800614912328225
-15.484552857815961 2.842393791908572
-15.184654155937375 3.7963648442007987
-14.306833134193512 3.317376061676029
-14.927845934582045 4.101176483820335
-14.50860346238156 5.0090507865204525
-14.526393728372653 6.008892527215432
-15.117077622935188 5.201989474361845
-14.44339480648141 4.462968863813733
-15.043904689750237 3.6633515302744577
-16.040727069674098 3.7430079354339174
-16.45431881337679 2.8325454872566374
-15.581979511413024 2.34364453384238
-14.60841734809531 2.572066761648984
-13.692525274474674 2.9734913616411753
-13.403147139616369 3.930706225225067
-13.850521029947144 3.0363591995967
-13.028502689391217 3.6058202147590044
-12.607301896473116 4.512787629854587
-11.835339281272397 3.8771196971000172
-12.629764328747239 3.2697574954899773
-13.300160153589236 4.011761159924607
-14.266489619480565 4.2690690753686855
-15.243642110065407 4.481608507342705
-16.037060509405336 5.090285140366238
-15.238388368409836 4.488518731202629
-14.247403909181365 4.622495600727392
-14.297314572506371 5.62124928692157
-14.896222097135574 4.820431094731532
-15.053278984643478 3.8328415372298696
-15.821910227852918 3.193149414437732
-16.17293055516695 2.2567815754917606
-15.542442060426056 3.032980169924502
-15.864529413476223 3.9796901239257982
-15.70944586306614 2.991788766303387
-15.81829301192842 1.9977302679319116
-16.027392610693905 2.9756246169267877
-15.471596142303577 3.8069430190597124
-15.080380691700832 2.8866438985506844
-14.143823896511044 2.536128036735795
-13.16064814136246 2.353465959423593
-13.979752405424007 1.779821291884366
-14.142774167696277 0.7931988184804591
-13.317130454953386 0.22900695429937035
-12.660777628266892 -0.5254471310501956
-11.676165921700516 -0.35069076552250483
-12.34103576819966 -1.0976499928008105
-13.337844106067724 -1.1774819259899099
-13.807382118586334 -2.060394183691701
-13.22633101728004 -1.246527107523398
-12.46008661013411 -0.603977880990844
-11.468428496228325 -0.475081856518323
-11.136823027471625 0.4683362973724364
-10.791652073385434 -0.4702035326056143
-11.495311639470545 0.2403337395039583
-12.481515875591183 0.40586683183811334
-11.487527713970616 0.2963792318179961
-10.487806976351658 0.320010710286519
-11.44913154748016 0.044592720778571404
-12.418870550006021 -0.19955122647416823
-13.412598545438982 -0.3113755131599696
-12.863205402832016 0.5241884729335207
-13.190907646306599 1.4689695267347305
-12.224155095943006 1.2132558071859147
-12.029836413736373 2.1941942607830183
-12.501193883767248 3.076136512546756
-13.243934952536986 2.4065577608208746
-14.012880122445038 1.767243029506886
-13.146511215854353 2.266647592654701
-13.01205932213388 3.2575677147003574
-12.655231707504331 2.323397466063747
-12.895403061246922 3.294127974928824
-12.59886463359651 4.2491488966507625
-11.678782735157476 4.640874949096631
-11.20770779130241 3.7587817582874368
-10.634930968975075 2.9390703994515346
-10.714349322997194 1.94222902538823
-10.677788763433782 0.9428975861327594
-11.03754086283679 0.009849662939567905
-10.203354212215267 -0.5416325506674017
-9.665607083386424 0.3014736261788701
-8.707199992989544 0.5868783372068891
-8.11521304826086 1.3928258896386834
-8.595833207274245 2.2697547708770363
-8.881791372360068 1.3115126679506675
-9.590527875146353 2.0169859627097706
-10.125342757284107 2.8619552176794296
-11.10227628463124 2.6484115847959115
-11.923283410415081 3.2193295293485034
-11.409916263078863 2.3611604480854496
-12.34533518701703 2.7147017281905614
-12.931653631353882 1.904621064410458
-12.18703196159006 2.5721078200229863
-12.102350017641522 1.5756997869516463
-11.186703083992667 1.1737163384124674
-11.470831085913776 2.1325026954932915
-12.381090233019798 2.546541685335815
-12.377033207961233 3.546533455575788
-13.368068437842132 3.6801342532340153
-13.633382934654934 4.644296178317644
-13.891728673826503 3.678243654356397
-14.532663568197648 4.445838900027869
-15.36453390401106 3.890868860842255
-16.07588737813307 4.59370329003205
-15.106354471631995 4.838664395539793
-14.212901928331949 4.389506791940925
-14.445662865321806 5.3620407739752824
-15.409005289661048 5.0937659643710385
-16.351716500583628 4.760156053245962
-16.367412969706287 5.760032856085732
-17.11760986634216 6.421247357044311
-16.689022894074647 7.3247478867633395
-16.877985985433583 6.3427636964099126
-17.309099336218434 7.245061473629305
-16.47103375266466 7.790630972101013
-16.915046695078846 6.894610600140255
-17.611708990716444 7.612009823611365
-16.968007565710078 8.377286554895399
-17.942774996424273 8.600509439069155
-18.926356795307566 8.780972302023029
-19.92634988438227 8.7846900705518
-19.466871182641135 7.8965012828234915
-20.047277808200697 8.71082809007385
-20.73619155043147 9.43567142195019
-19.742153594721596 9.544706015580536
-19.819193056664908 10.541734059972208
-20.796260589387344 10.328804408444553
-21.752094875601657 10.622710545327022
-21.345615696043954 9.709050501007422
-22.297342245555324 10.015997686945301
-21.478530510519423 9.44193554521542
-20.54711951264644 9.077966380256008
-21.016486885183596 9.960969364168049
-20.75834617630425 8.994862033474783
-19.910401891592983 9.524947394549294
-20.488895941827554 10.340633997260902
-19.9204290713627 11.163340152084054
-20.910464578462033 11.022522203360994
-19.911217955931694 10.983712573606136
-19.34793646358913 10.15744750694512
-18.723398486974745 9.376453066653506
-17.83280726287099 8.921648414578161
-16.868295297146258 8.657609273589907
-17.170628685694343 9.610811519794265
-16.960903021457582 10.588571789881186
-16.642686980086047 9.640553566947771
-15.699173212435234 9.971886888926356
-14.992777482953208 10.679704007516714
-15.339632883172978 11.6176226241026
-14.348147621946339 11.747841581133985
-15.31929036177535 11.509342568814432
-15.382499283705396 12.507342885542059
-16.268925090051102 12.970213590863064
-15.313892759746647 12.67371190777637
-15.36634351878963 13.67233541935409
-14.95542219559276 12.76066460916977
-15.550851373922578 11.957256808863178
-16.317126939250727 12.599768877217558
-15.542167313483873 13.231779619556086
-15.622270912127773 14.228566163147189
-16.536314209917194 14.634182792202557
-16.81437057395796 13.67361803206588
-16.765180383615046 14.672407461912846
-16.31659962508658 15.56614976430097
-16.496158965416587 16.54989690828679
-16.27165554975475 15.575423606263502
-17.24222543756342 15.33460397899224
-17.23405661239347 14.334637344401193
-16.60010729863162 15.108011941592542
-17.505082210182174 14.682547008297133
-17.473646258083672 15.68205277662249
-18.44994663354037 15.46563286791927
-18.636258836237907 14.48314227604269
-19.631150897967125 14.58408674348982
-18.70020752638111 14.21892316521282
-17.82793018859098 14.707934664032388
-16.83625619682344 14.579160854382133
-17.378498810410377 15.419382817919393
-18.274873554894757 15.862679916320188
-17.385801537314233 15.40491256541441
-16.710384453355353 16.142348503443255
-17.67975701376579 15.896753635574827
-18.605531136654275 16.27483070892107
-17.771715689489273 16.826874004387133
-18.337182194875698 17.651645264365357
-17.46660191628064 17.15961886413733
-17.963132064476113 16.291599387435923
-17.091610003311544 16.78195568331012
-16.47900035462889 15.991570069612024
-17.08993769371883 16.783249024558852
-17.64126695260067 15.94896127545738
-16.791660983657565 15.421543322088095
-17.638932759725463 15.952702937908754
-16.76620367346232 16.440907753524392
-17.76321229140514 16.363617290026287
-16.787890256324715 16.142830225444634
-15.97107421008777 15.565932013790407
-16.920547415776028 15.879780116668313
-15.98664381761144 16.237305037946868
