0 0
0.9390866897508993 0.3436803589568339
0.9457185668354008 -0.656297649904529
1.422216571577179 -1.5354732020424988
0.42408400718099837 -1.4743881474718095
1.4232410793920818 -1.5154386657459507
1.8331882389695393 -0.6033293924928088
1.01006071322882 -1.1711859556916164
1.953416462027484 -0.8394029977077687
2.363081059738077 -1.7516392156812814
1.36309200962061 -1.746959510010355
0.5243323014716366 -1.2024577634696771
0.5362960117344886 -0.2025293312122748
1.5346922346523595 -0.2591418922153684
0.6052601304103047 0.10985128333695299
-0.1055029067473694 -0.5935802378578245
-0.08052977766706645 0.40610788492044403
-0.9993325165232148 0.011390863409538488
-0.15674579034199176 -0.527169819209615
0.836622666693193 -0.6421442014325103
1.808447849067539 -0.8778470119865396
1.411205810932385 -1.7955608906754417
2.0913028684494823 -2.528682976249588
2.2755854253319083 -1.5458096684276312
2.6110219372168144 -2.4878724829439918
3.5443963297421734 -2.8467767088565834
4.4482498189588995 -3.2746188176195585
3.9485200591522505 -4.140800188444162
4.948287698468551 -4.119244043707435
5.14805328576071 -5.099087760906162
6.145980542758358 -5.163439837338475
5.367997328002654 -4.535154776591062
4.393151836321615 -4.312273042594861
3.615387894650545 -3.683716560617084
3.5292152546895825 -2.6874363409388256
3.903421633568322 -1.7600908896605756
4.352480514808963 -2.6535930559583996
4.177571158154874 -1.6690085156801904
3.774452458891225 -2.584156216493553
3.5415133254633098 -3.5566475327107474
2.5415519922103442 -3.547853671274956
1.6452901232250756 -3.9913789379769034
1.706061089278562 -4.989530674780946
2.643785862885319 -5.33690978895472
1.7384410246539597 -4.912232589322064
2.2333314071397314 -4.043277176586125
2.981045760379626 -4.707297692804597
3.850774183832159 -4.213767076288488
4.816800003759031 -3.955321501293257
5.640854934297265 -4.521831405404056
6.639393177650701 -4.5758811654463845
7.500244753201878 -4.067025031680606
6.72542405519839 -4.699206086399417
6.102027518712044 -3.9173002363785674
6.2586407258672905 -4.904960250424164
5.305984160624882 -4.600911786029857
4.520849644273992 -3.9815865150821477
3.997903987755918 -4.833952539938184
4.987828802973782 -4.9755465377483965
4.1319381573654965 -5.492703383164013
4.19042807135876 -6.490991382671701
3.707082325147229 -5.615561836894761
4.3955427083126395 -4.890287888092148
4.5850651040757775 -5.872164286374641
3.5874332244703675 -5.940943882149673
3.403140685745102 -6.923815318386477
2.413751502098782 -6.778525802991632
2.1023219097589045 -5.8282565732388125
1.35182563027545 -5.167381899430311
2.0146914654417833 -5.91612009437514
1.0529609121925496 -5.642123118211309
1.6625110956708165 -4.849375633938031
2.642642257911019 -4.651025174383058
3.3082022203869457 -5.397369556253145
2.38363297694472 -5.778383616467031
2.4599144521032255 -4.781297292948529
1.8147047782961692 -5.545302840589246
1.6961190467908431 -6.538246657873661
1.2470399000715884 -7.431738638801249
2.226387054540119 -7.229552706960303
2.989540456248427 -7.875770073997925
2.11571614460209 -8.362011857862502
2.4599613497483164 -9.3008916364997
1.9948848823691043 -10.186162148541117
2.8764214892896236 -9.714046473458136
2.9028654867995245 -8.71439617710661
3.254797004577855 -9.650421928245027
3.305846993379176 -8.651725829001927
2.4646554989147442 -9.19246316786498
3.404104031900476 -9.5351531937936
3.795868375033282 -10.455218788982181
2.9484448176691274 -9.924301361857886
3.7620490889400595 -10.505720392996096
4.496767206933385 -11.184092921252029
3.66670666717479 -11.741766213005965
4.002210047799946 -10.79972721084677
3.541314535106725 -9.912272802790078
3.14422607264338 -10.830053143055926
2.1450679484189488 -10.871078047642236
1.3446612743414659 -11.470535432359632
0.5064578030208581 -10.925177805965646
1.4267101717374826 -10.533852394228251
1.8043229759246675 -9.607888804169825
2.8025008357822347 -9.54754843550865
3.691782751773548 -9.090188977433474
4.14370325585695 -9.982247191895402
3.5206207087029777 -9.200091108091078
3.208521698606671 -10.15014068990084
3.839773264208382 -10.925718836141042
2.9085136060744587 -11.290075048016575
3.7490125706663417 -11.83188819894591
4.188639739187615 -10.933707842504083
5.188596155646457 -10.943044072085177
6.041098058647599 -10.420319952324636
6.865626873984773 -10.986139917223962
7.407612047653798 -10.145751869044458
8.254432944860453 -10.677630020554854
9.195322014550143 -10.338915157375705
8.688191204709007 -9.477046059594684
9.326036048355649 -8.706881171123786
9.413516440467447 -7.71071492947736
10.044807332940563 -8.486261065487655
9.258066390371091 -7.868977751858573
8.291613000533712 -7.612135688964195
8.125378722182862 -6.626049402323329
7.161818682132568 -6.358557254367032
6.993069742878349 -7.344216320931418
7.198337809625587 -8.322922109600235
6.250967257520722 -8.002783019508874
7.2503566983696395 -7.9678438506623035
6.390327580451701 -7.457598893476744
7.0240847984320975 -6.684066871736372
6.247218969959061 -7.3137330408695895
6.072292140074168 -8.298314476905443
5.484314136096367 -9.107191393894846
4.525373244395874 -9.390797399163887
4.579100203850892 -8.39224173530347
4.674870930203146 -9.387645155015278
3.900398011335875 -10.020252219425098
4.855100090014499 -10.317815558844982
4.353172405295261 -9.452905968591535
3.6550654217014253 -8.736912505313052
3.498018974238723 -9.724503723044025
4.382170425872889 -9.257303326454727
4.611819797818276 -10.23057675461615
3.6854785745500176 -10.607262217667044
4.502202179064619 -10.030233142291568
5.4611910601269305 -10.313676833346522
6.151871613585958 -9.590516842007446
5.678470904487805 -10.471364030017583
5.463179291240146 -9.494814225212307
5.335271960396203 -10.486600348686707
4.567012176407022 -11.126738540255447
5.558764850685144 -10.99857211305162
5.501800859399437 -10.00019587951198
5.4125005819313845 -10.996200628719597
4.5693625004391105 -11.533897732615022
5.415190919462708 -12.067352778117492
5.364775997156732 -13.06608113738686
6.073415239679104 -13.771652128823808
6.040910541159598 -12.772180546149166
6.904689430795423 -13.27605159098058
6.263301884663106 -12.508834531950761
6.973508081554785 -11.804840811881713
7.375129784875033 -12.720646472173318
8.374049325034058 -12.767119607299792
9.23296924290014 -12.25500968287641
9.524138318130639 -11.29833807274605
8.567521969382884 -11.589688654191347
8.227589408175504 -10.649238839564863
7.433081750112538 -11.256492971933923
8.174134274011319 -11.927940033751343
8.910027704917788 -11.250842656449741
9.856245300800703 -11.574373584247308
9.385297054220331 -10.692212743446225
8.907963045482191 -9.813490805571691
9.412478393366728 -10.676893529535974
8.412924018270642 -10.706744010709222
9.412774213346104 -10.724052604169165
10.400030347265892 -10.883191933179175
9.868014886786742 -11.729926572727575
10.862022175764379 -11.839240384569122
11.802531898643842 -12.179007159238445
10.802599608581241 -12.167370351679544
9.847495592441128 -12.46364103594146
9.653279764475936 -13.444599858812122
9.328089698844618 -12.498951181334752
9.393954542331226 -11.501122627728229
10.260753399741223 -11.999780567395016
9.611425214455107 -11.23927224542014
8.756691463272471 -10.720205568981305
9.705148967739156 -10.403301226598893
8.785375761782463 -10.795751541421224
8.315382014377452 -11.6784212856632
7.812201203672286 -10.814240128880611
6.83080780352337 -11.006247925972682
7.641556814142815 -10.4208540057962
8.64097143600802 -10.45506531389789
7.814367629957231 -11.017849595681195
8.143003080438428 -10.073392746117902
8.676379571115529 -9.227514788494593
7.791978987571475 -9.694243411815402
8.756314702413222 -9.958925540189528
8.186607289976491 -9.137077948348653
8.07522057968885 -8.14330080996636
8.973136082371273 -7.703132944212203
8.91000146917832 -6.705127923875644
9.474127877869954 -7.530816360888468
10.47385149710086 -7.507307104161427
9.70041384921813 -8.141179492610105
10.284223023718232 -7.3292885838240105
9.536299013942534 -7.993072943086144
9.485636332337458 -8.991788764875597
8.522554854003264 -9.260998842862332
8.977513222151737 -10.151511550942166
8.305436818830817 -10.891993359023374
8.709278052995803 -9.977164272478735
9.692602384396157 -9.795303723496705
9.525628184128221 -8.809342458311868
9.560927893109062 -9.80871922937765
8.82450359016306 -9.132199276951635
9.228338356421702 -10.047031218655043
9.112603369426079 -9.053751090601972
10.112449185934027 -9.07131079480095
9.128411144355093 -9.24926902789371
10.072388429871861 -8.919258597106449
9.072627267281662 -8.941113065214674
9.440827258569959 -8.011366451122804
9.428682745627782 -7.0114401984394386
9.990376785050126 -6.184095163960225
9.318505868276123 -6.92476342383995
8.67036347388224 -6.163244260201001
9.248202077966438 -5.347093203330996
8.753545264968977 -6.216181597773814
8.575020107098387 -5.232246250300577
7.585580498116682 -5.087300535710145
7.019161938119982 -5.911418254783861
6.0803286484145325 -6.2557902253924516
7.07146541837382 -6.388635636433518
6.404264350574007 -7.133513300970983
6.493644517640491 -6.13751571777353
6.103009080085008 -5.216970251799232
5.410931164851867 -4.495147448580499
4.476135593293008 -4.850333652414411
3.688737060801815 -5.466777932970826
4.660833364572393 -5.232195801947213
4.480539486845154 -6.215808590423489
5.477849635624118 -6.142511474910793
4.621957033620662 -6.659665082493447
5.617009632866976 -6.759014590459786
6.558300583217757 -7.096611016370552
5.837468590154928 -7.7897208473332
6.699119172433226 -8.297222841476543
7.598951261843355 -8.733459257732457
6.969632808753051 -9.510606788514115
6.56979036362977 -8.594022903057997
5.573680165660797 -8.682139152990752
6.4744416694346345 -8.247825080781373
6.891511885780632 -7.338950812998913
5.994081713930771 -6.89779427994797
5.99528669271827 -7.897793553960767
5.2026202920382545 -8.5074491757941
4.576680619772292 -9.287320656670007
3.5894427548930077 -9.44657328034884
2.7022845303990075 -9.908038647102027
1.7069423850140888 -9.811633182420051
2.6069497528030547 -9.375758500974136
1.6137485818021164 -9.492169127303372
2.2130294210902264 -10.292707993106987
3.158775598431632 -9.967801594210139
4.151551101609555 -10.087788261343709
4.46241600700389 -9.137334153775031
3.992093151234604 -10.01982857944639
4.886747831525299 -10.46658690677108
4.58330570412643 -9.513737036476893
5.547028815646479 -9.246833000684784
4.5474143531845455 -9.274598562752566
5.025115080566014 -10.153121194822575
5.980582734135494 -9.85802534093365
5.673361014183565 -8.906387376795093
6.479339400721308 -8.314442412770552
6.304822934698888 -7.3297881571625005
6.7795385200642055 -6.44964889942469
7.7765509506076835 -6.372407632333929
8.410512572995655 -5.599043124912486
8.635714981149414 -4.624731123877012
7.644539201748075 -4.757285166924168
8.290473640203611 -5.520678054772314
7.452686783117318 -6.066675474265731
7.723185964397163 -7.02939567916793
7.523747852544528 -8.009306103411216
7.853462390563198 -8.953386779740912
6.911361213615519 -9.288715532450546
5.9116070140653765 -9.266544820196483
5.785365611615435 -10.258544370754583
5.946954532234365 -11.245402527093786
6.500480996313283 -10.41257093933772
7.46202316167556 -10.137913581470826
7.7517059242565765 -11.095036299341126
7.883704299476508 -10.103786366710965
8.793655072067407 -9.689070088442042
8.88280702857289 -8.693052052133842
9.063876012678561 -9.676522449753893
8.080577512564796 -9.858522613693436
7.108562126270732 -10.093439809333946
7.3838553497367165 -9.132079501689768
6.388890091780019 -9.23229993602909
5.8847874090545265 -10.095943661918975
4.887880975840572 -10.174541139083523
5.261056671638351 -9.24678044792128
5.702036147228587 -8.349263260281868
5.053982312204268 -9.110857789483774
4.3221359649426425 -8.429388110041016
3.6621862551351865 -9.180697886714428
4.3289546005312936 -8.435432850919955
3.6791764714564197 -7.675308924855293
3.7796389769504812 -8.670249769825412
4.770078552612137 -8.532302508297105
3.7894257043682975 -8.336547581842508
4.7598060923802405 -8.09496549939062
3.9395833791123946 -7.5229211823665505
3.9268471688882296 -8.522840073551794
3.1149976476010535 -7.9389733466476295
2.23520849517268 -7.463609225926088
2.753387534829569 -6.6083370570463424
3.2607450940207796 -5.746601420594224
3.933468112276611 -6.4864958324590285
2.9966995191856176 -6.8364452616603355
3.584743723090238 -7.645274053342593
4.269641006334901 -8.373913684027118
3.381170556633908 -8.832847513688993
2.5168707676769917 -8.329870501481645
2.9834464850521614 -9.214351761857378
3.9828795467656293 -9.24802007268586
3.1715202118824504 -9.832567786476552
2.425271932141114 -10.498235500116847
3.171114953794219 -9.832113749194866
4.011691437804511 -10.373806627612973
4.077767946334289 -11.371621187048
4.590172405315342 -10.512876946650234
4.124894571820846 -11.39804164186727
5.074239355543218 -11.712277988617803
4.105453878357476 -11.464377405330884
4.576013807393314 -10.582009368066508
4.066053672074415 -11.442207403628977
3.0688771394995764 -11.367114375443787
3.7109602270057436 -10.60047931967178
4.028473344596924 -9.652225440081757
5.024169153883017 -9.559543967445029
4.337622324801692 -10.286629554895624
4.392309539864804 -9.288126020345725
4.867032715074866 -10.168261184350934
5.2198135002982875 -11.103967183892
6.219343952090926 -11.134608266431684
5.576666490563953 -11.900745121337676
5.182736792503445 -12.819885694365523
6.029558449119632 -13.351762636792825
6.3754505967126045 -14.290036915579963
5.375746942544435 -14.314380371431755
6.175426907784146 -13.713953895338125
5.800282915984577 -14.640920445660566
4.801637202218981 -14.692946769551474
5.2396253889522 -15.591927496976787
6.23715553529256 -15.662167137794349
5.635344690156743 -16.46080579618556
5.930645090446114 -17.416210251685396
6.910405056978326 -17.61638619424793
7.190368210346577 -18.576396940414924
6.810450640259451 -19.501417286104193
7.483067779139461 -20.241407951237793
8.043722355123604 -21.06945773623145
8.169700069243952 -22.061490808031483
8.299848799488961 -21.069996325941133
7.660245924074853 -21.838701836368895
8.550540940398879 -22.29408605206878
9.461279943822015 -21.881103646095077
9.913182930865368 -20.989036557641917
10.244459600866644 -21.93257021783262
9.507398759930297 -22.60839661326136
9.06196062766162 -23.50370933534286
9.9886891400895 -23.127977696731993
10.537033991073033 -23.96423000578701
11.37789927058866 -24.50547448077507
10.726360394642214 -25.264089727873653
9.786395500934114 -24.92281857673966
10.780822128299889 -25.028249515206184
10.072599007212014 -25.734238191288565
10.604365204416089 -26.581129395346746
11.599212877311256 -26.479748392515486
11.203107127673386 -25.56154349430168
11.397699684033084 -26.542427655153205
10.409053219554108 -26.69268799014958
9.95498669601943 -25.8017202061051
9.735874107365703 -24.826020624526084
10.394196919424175 -24.0732848972463
10.725916477149234 -25.016662941840668
9.77088464516418 -25.31316623001008
10.542248716405801 -25.949560345002944
9.578068954668222 -26.214810014287686
10.125828430482155 -27.05144587095177
9.83830629379161 -28.009219863558013
8.845166279679756 -28.12615109279086
8.486426899815779 -27.1927133298228
9.277189363000554 -27.8048364602614
8.297754131046833 -28.006595292553225
8.944291285953557 -28.769477791582478
9.42259526204526 -29.647672135936205
9.516675549335856 -28.65210752249149
8.580674897372104 -28.30010925612725
7.580799282407712 -28.31588121223866
6.583346210761529 -28.2445554114118
5.65019203409217 -27.885079010844905
6.558329967112103 -27.466407905309445
7.132950794859832 -28.28482766577379
7.074015171252313 -29.283089451213858
8.039497316356146 -29.02262020641574
8.110217870833528 -30.020116373413096
7.6354338940266935 -29.140014006999117
6.783122345263969 -29.663048445488293
7.595464305567135 -30.246229840536873
8.424192073452538 -30.805881774095294
9.407368875902142 -30.623225333954323
9.563772289140353 -29.63553207573726
8.72463017887685 -30.179444310185534
8.137856216440824 -29.36969353555971
7.6740177154251334 -30.255613309001706
7.856452356138883 -29.272395326117113
7.658496444113133 -28.292184401420773
8.658387519030377 -28.277425055200837
9.63230126636732 -28.504343570858143
10.613403974605239 -28.310855907457555
9.77202136331937 -28.851295822180525
10.547071356872223 -29.483195741070947
11.191260313280488 -30.248062127076786
10.775561092002823 -29.338559978959946
11.760474308542808 -29.165510980451256
12.641703596533137 -28.6928219262221
13.555379278256014 -29.09926595512182
14.535596275184776 -28.90134011312043
13.541958037767246 -29.01395917519157
12.869932378680552 -29.754487036604694
11.871622131320487 -29.69637808707119
10.966810570620993 -30.122190298761442
10.981531088353325 -29.12229865145275
11.601201336798638 -29.90716092165799
10.608122042565789 -29.78971512409169
11.606788577635754 -29.841340231659125
12.486764642091599 -29.366322204648778
11.791542901942876 -30.085117538540548
12.207145145667319 -29.17557107188191
11.937902582502257 -28.212498674717345
11.287523520835506 -28.972108493075083
11.444657601889741 -29.959685771353215
11.58911278761097 -28.970174427649543
11.104185526687322 -29.844728915153375
11.783115652399024 -30.578931805641485
10.7917654804465 -30.710175230504216
10.017164682076467 -30.077724755633252
9.695942139556117 -31.02472849278362
10.28046672649762 -31.83610448901525
10.480776648251771 -30.85637190547684
9.667069650255314 -30.275096651047757
8.715707548204003 -30.583171562036156
9.280427332309083 -29.757888843544904
9.992175884957321 -29.055454506540272
10.558886200104883 -29.879371625372833
9.640584948912856 -29.483489304399594
9.5203699845377 -28.49074141981848
8.539677057279512 -28.68629545947445
7.689431426720179 -29.212681598838664
7.326502110717098 -30.144498271572918
8.189738649637235 -30.649297912889335
8.371473938125414 -29.66595042348484
9.371328371084326 -29.64888839276124
8.465134279320221 -29.226026396299236
9.124764681967646 -29.97761653188059
8.201486499712889 -29.593484525699964
8.62301114480527 -28.68666757968509
7.688060166515268 -29.04144450705575
8.374753438409035 -29.76839178873155
9.282086056984397 -29.347978278875864
9.851637749921384 -28.526022763612044
10.04280082305792 -27.544464472185094
9.441043767465825 -26.745785283746375
8.61699176967301 -26.17927111363792
9.346611152657117 -25.495417652745974
10.295173568757447 -25.178827471657073
10.101411323947247 -26.159875988544037
9.710209425972641 -27.080180870102897
10.57248530785972 -27.58661971489648
10.384118347929556 -28.56871843111938
9.561447068352045 -28.000201091227005
10.128778226033637 -28.82369083465048
10.559528120899163 -27.921219489912414
9.992970005767388 -27.097197704898004
10.916779657278125 -27.480049801373408
11.291936857708318 -26.553088596702263
11.799534262261394 -27.414682976263194
12.393424760173682 -28.219228858416287
11.434033774690274 -28.50130852264818
10.801679334125335 -27.726629323561355
9.80858676722959 -27.609295809268037
9.91817353168517 -28.603273042938987
10.420304332046634 -27.738481357428334
10.894929640404577 -28.618669301373334
9.9121016051356 -28.43414544630488
10.220589551091997 -29.385373698197977
10.96220016013257 -28.71454309025103
11.580591336033553 -27.928672647004944
11.975705723553153 -27.01004071811557
11.93480101454064 -26.01087766596612
11.431209688259877 -25.146935667858155
11.590744496666899 -24.159743363944408
11.52197226095597 -25.157375750946414
11.337976830518368 -26.14030284975796
10.619868496142185 -26.836234182648973
11.254304018937177 -26.06325839556645
11.044124365704358 -27.040921176573754
11.707925240839064 -27.78883052814679
11.088699378045742 -27.003617607438102
10.706475228943066 -27.92768724758582
10.119840491409482 -28.737538891233534
10.674684692638559 -29.56949316423324
10.539552054602499 -28.578665646378887
11.532134914661977 -28.45709564219962
12.497612661526873 -28.196610094983107
11.80441550283274 -27.475862081334522
12.749182953872452 -27.14812062308439
11.760038879942988 -27.001171648912333
11.229962690634375 -26.153221630616407
11.176015409285307 -27.151765415753065
10.196307846273928 -27.35219767607636
11.12381460433468 -26.978391290695324
10.190337859266798 -27.337029222901993
10.89990387190624 -26.63239025597853
10.818340817736955 -25.635722072381515
10.182257827643166 -26.40734272381157
9.87069319707125 -27.35756768716319
10.869534722840132 -27.30944693904256
11.859286451254384 -27.1666480731472
12.835470781805611 -26.94970533234619
13.649082724924522 -26.368297036899463
13.840695285024497 -27.34976768180533
12.892765037727774 -27.668245697153285
12.54525470883209 -26.73056954233713
13.07075011153258 -27.58136598199861
13.250046663755871 -26.597570908641945
12.798484606237267 -27.48981062318595
12.146095882873276 -26.731926097926657
11.222571082530928 -27.115464809340025
10.228422445807793 -27.007444033090586
9.456831693294202 -27.6435632912769
10.19865958448952 -28.31415361319089
10.596630781457316 -29.23155152379676
11.458113281471297 -29.739338784536592
10.596639924244247 -30.247141556080777
11.167950690056665 -31.06787537947715
10.16837352342771 -31.09695265503782
10.644094947830343 -30.217356653248174
9.689509979517412 -30.51529546956958
10.406438012673316 -31.212442652935625
9.411615257966613 -31.110817426157197
10.17623749774844 -30.466338698477983
10.62240304711008 -31.361289145465317
11.01260928327031 -32.2820166259185
10.112066168915145 -31.847249907795433
9.398130091971524 -31.147039026675788
8.783071429835323 -30.35855767487904
9.223994415922535 -29.46101273431064
8.900359910420663 -30.407194908550125
8.834295057686013 -29.409379577322373
7.868431389011391 -29.15032866816666
8.462472296084178 -29.95476350127879
9.024712028688086 -29.12778920719131
9.113527576368817 -30.123837297641852
8.509443780940302 -29.32691649348332
8.720689895806206 -30.30434939601631
8.67850380294631 -31.303459166546663
8.068035728755454 -30.511418302453333
9.062938805652871 -30.410582457735043
8.27576070080813 -29.793856723511926
8.227310722935263 -30.792682333738316
7.720064433418357 -29.930881195556584
8.257003021371908 -30.77450252812615
7.577097528072338 -31.50780227596537
8.118708025751799 -32.34843184289923
8.191335668965365 -31.351072717287376
7.617696463613962 -32.170180806664966
8.24634569329115 -32.94786978435867
7.759938993175007 -32.07413726116744
7.569143097152063 -33.055766990780796
7.633754409242407 -32.05785648459802
7.1114500944769645 -32.91061565504264
8.111382942502358 -32.92220441855852
7.930066333710463 -33.90562919319876
8.67940482539468 -34.56781634565675
8.268821169388355 -33.65599341250554
9.156413749911355 -33.195364048482226
9.388863808410287 -32.22275571502839
8.450807765563251 -32.56923927954215
7.561668126906827 -32.11160328557978
7.484681571442421 -33.10863541659549
6.68749206781297 -33.712364573836574
5.694693194828402 -33.83215771971968
4.761627821054149 -34.19186455627344
5.474244205449301 -34.893418466312845
4.680768051847821 -35.50201980846204
4.25000866592065 -36.40448662305172
3.8158166014228474 -37.305306944274065
3.2595279666613686 -38.13629608670326
4.015051361343056 -38.79141775486015
5.011483983853865 -38.70702564150689
4.1892656845411524 -38.13785337560199
3.2231755254632524 -38.396058341729365
3.636670191290393 -39.306564882800046
3.223394940897675 -40.2171710366409
2.2269517521889357 -40.301438300011434
2.9421966449627552 -39.60256438909404
2.399349107224715 -40.44239565236765
1.3997980321139825 -40.41243487392351
0.4051567969314739 -40.30904815681433
0.25013153888755524 -39.32113765005351
-0.6996353374663556 -39.63409592296051
-1.6783568778762128 -39.83928887200545
-0.9304778419480308 -40.503123902430275
-0.5027726234075331 -41.407042176409306
-0.5324154644786967 -40.407481621978896
0.40501665192925196 -40.05931352015606
-0.48981710390530586 -40.50571306027569
-0.5871513057926024 -39.510461306625906
0.41254315945013276 -39.53517923863976
0.10325183285486372 -38.58421190203301
-0.8008963584709727 -39.011430871792335
-1.758175261551623 -38.7222646536466
-1.4683752163002772 -39.67935186689956
-1.7605059449610048 -40.63573026344151
-2.4554921831297087 -41.354753301150396
-2.887646468368649 -40.45295361510608
-3.8400297322024977 -40.75785707321895
-2.842335086634872 -40.825720128010865
-2.2180291310770643 -40.044540203886434
-2.6426305138401847 -40.9499206022581
-3.5308935924979 -41.409255668515314
-3.3116719976659095 -42.384930764210246
-4.133663197342211 -42.954430955303025
-4.760236332532486 -43.733793583517794
-5.301951038346679 -42.893231166141994
-5.814385823035625 -43.75195731075435
-5.5363406314479455 -42.791389316578524
-4.779649985720205 -42.13761621628444
-5.631077351928525 -42.66208875138191
-5.758454829898444 -43.653943064326114
-4.778783531964727 -43.453333622861194
-4.956371082182976 -42.46922861728126
-4.401895580965487 -41.63702857008731
-4.402766722945832 -40.637028949531555
-3.413370929687348 -40.49178445124534
-3.235262265974467 -39.50777362614715
-3.244448734985296 -40.507731429650434
-2.2516540024731313 -40.38790397413168
-2.3210646154071357 -41.385492149087725
-1.3272937028657028 -41.27404990670824
-0.9626843679038408 -40.34288932288896
-1.2180633474122529 -39.37604829313006
-1.3436327365598755 -40.368133132500716
-0.4829953074793413 -40.87735137222279
0.4309073944997739 -40.47141806327257
0.6120345230775494 -39.48795837254134
-0.14003790326097154 -40.147038842242345
0.726126387197779 -40.646798206270766
0.3650414717662586 -39.714265266451584
1.3274226049230589 -39.442562203267094
1.85869113518086 -38.5953587160471
2.253827842703855 -39.51398104451941
2.5015323720486324 -40.48281666842167
3.4860973351279982 -40.65783619155131
3.406607283630679 -41.654671850881854
4.257212584966879 -42.18047658777451
4.865913214017613 -42.9738765778131
5.852806111224468 -43.13525318529591
6.823981921408206 -42.89688887229171
6.690499078899861 -43.88793999648052
7.489243373497683 -44.489610630505005
7.2507656992870215 -43.51846265058481
6.701241078340582 -44.353940173306796
6.2666352643802785 -45.25456095169907
5.585590188412652 -44.522319458405875
5.706144982810197 -43.529612783930595
6.280844495180072 -42.71124827438621
7.13967492947254 -42.19898829631549
6.1900758150753425 -41.88552135717189
6.132840711999962 -40.887160629290456
5.385847494040975 -40.22232897215966
4.599139142946136 -40.83965382207066
4.693858334882654 -39.84414979160223
5.674568764880581 -40.039616035473856
4.7849244178288926 -39.58296196973156
5.527584426067374 -38.913293311241986
5.24291794248808 -39.87191992944461
4.4678549568882495 -40.50380391274619
4.275103036245452 -41.48505143355249
5.2639054448685805 -41.335820750711804
6.000866987243315 -40.65988607556882
5.21931187124475 -40.03604987859363
5.0174570997833 -41.0154653426528
4.062761216054351 -40.71788212808753
5.041461628736821 -40.92317582554355
5.016662984464573 -39.9234833592109
4.0873820624649255 -40.29285711031875
4.116726888082078 -41.29242645819287
3.120472378043862 -41.37889582403138
3.6015424611084734 -40.502213683697605
3.1679020814597307 -41.403299706859706
2.414053051153139 -40.746252037732255
1.6009140686295897 -41.32832161699282
0.6815530112389389 -41.721736469474955
1.0922007346994729 -42.63353055106174
2.064950241265228 -42.401671978918976
3.0246449882868913 -42.12062751172735
4.0245875053427955 -42.131349572345655
4.616321815374479 -42.937482629806595
5.356733475774084 -42.26532894712361
5.926875694005865 -41.44378293441967
6.1832943560607925 -42.41034874684527
7.15233797996528 -42.65723830711476
7.368104441152277 -43.63368330516987
8.34437666563403 -43.85023016777805
7.513724141682574 -43.293439018016244
8.503579592834106 -43.43551711564427
9.484267547476072 -43.63109609104846
8.559511141391956 -44.01165566510539
7.923193663862221 -43.24022837249111
7.876695204614997 -44.239146734164194
8.791710128255618 -43.835726742697545
9.775508940342489 -44.01500277940202
10.498063004346188 -43.32368836136075
11.441129645049699 -42.991084526157074
11.750032025245199 -42.039990777092584
10.873437763909303 -42.52122097252194
10.097390751410813 -41.890545910075225
11.021155323788987 -41.50758505722082
10.18491221030012 -40.95922618281242
10.546097019490823 -40.02673192888381
11.200867794240468 -39.27090441381589
11.388808002105447 -40.253084885148766
11.370440837379352 -41.25291619455047
10.735118665588985 -40.48066899447036
11.424173381881142 -41.20537831409826
11.383463805355657 -40.20620729251131
10.666976465197417 -39.50860719833631
9.905367562645772 -40.1566441413836
