0 0
0.740995783819138 0.671509678532083
1.4738707108163847 1.3518730677431576
2.139151042261767 2.098466719331438
1.3224030312544697 1.521472190314374
1.4673538839112996 0.5320333340356962
2.0431588114726824 1.3496204458446037
3.0022380371798745 1.0664826016469535
3.3615196663616755 0.1332534170773373
4.123420652367382 0.7809469306495617
3.445224007162816 1.5158274042187487
2.518054602704914 1.1411850475141452
3.4466564188707665 0.7701073373057838
4.356418754176957 0.35497784755803374
3.943645384115073 1.2658116111876847
3.535129116452565 0.35306057226464194
2.5859623767239217 0.6678343008267602
1.8713624606570685 -0.0316990864802692
0.8829468129262888 -0.18347031998959876
1.2490341861067404 0.7471101629337413
0.30613520765579383 1.0801890071075513
-0.452108203219053 0.42821743574505844
-0.13299948865223282 -0.5195006807260322
0.06360612786379846 -1.499983333073513
0.5849980459915033 -2.3533006642646197
1.1757547921367868 -1.546450946607213
2.1315133793415635 -1.8406031571791024
1.890773199496132 -2.811192754180837
0.8936277632845587 -2.8866975821220433
1.2550120119549946 -3.8191145622403297
2.1632402230836343 -4.237589790312519
3.0628497152401692 -3.8008945171278175
3.7684170088541324 -3.0922515928124277
4.724570797251092 -2.79938655062722
3.789733907050135 -3.1544639910812773
3.0513672349478527 -3.8288634702689475
2.489810146501332 -3.001425474757824
3.4502977385194344 -2.723102666530998
3.2607938875972624 -3.704982644168625
4.245349781987348 -3.880053175160389
5.165402978823807 -3.4882597155531476
4.477332533043059 -2.762615821040775
5.075908557862997 -1.961549817199168
5.941841206607256 -2.46171043923848
4.953001536286182 -2.312726861622321
4.467725743604366 -1.4383657205387097
5.43133908158361 -1.1710656366096146
4.785176418811162 -1.9342653570228365
4.116546048966771 -1.1906704212400863
3.2827111085872804 -0.6386565697813278
4.21057026828316 -0.2657257722217048
5.109221398156768 -0.7043898199585669
4.680341584785979 -1.6077513786287583
3.847385538844772 -1.0544122190439793
3.3815997951952443 -0.16951468768068267
3.6177780615642634 0.8021950562732023
3.4631725098094073 -0.18578122044935974
3.3373965138205146 -1.177839887481205
2.3860416343378565 -0.8697426734650163
1.421957625522041 -1.1353401582905063
2.4168977518485892 -1.2358097806910695
3.0771549924101342 -1.9868493111327463
3.614786162052044 -1.143669184807729
3.6276627289078456 -0.1437520912314625
2.664400051734139 0.12480891629595797
1.961968111867362 0.8365598347042145
2.927879565990769 0.577687157904971
1.975455356791934 0.2729116245497256
1.013931200734405 0.5476320229875855
1.3932894884092186 -0.37761782952385015
0.40601692981188386 -0.5366552309131843
0.072638035552817 -1.4794481630369896
0.3428842014608397 -0.516656903307232
-0.064772534761871 0.39647834703208507
-0.33748768481385233 1.358573169246676
-0.10226346559500826 2.3305143025942083
-0.7620268840204776 1.579040928676317
-0.04490186582000322 0.8820963768854523
-1.0411004706631088 0.7949853000430099
-1.5422267409215147 -0.0703888740902947
-1.424979959237986 -1.0634916845710902
-1.1124459241246287 -2.0133982467632685
-2.110602916279844 -1.9527136604859197
-3.067015331047222 -2.2447329969669703
-3.398275939589925 -1.3011936977176395
-3.6169522648456365 -0.3253962470278674
-2.8831611347320205 0.353978890408426
-3.0967799783088954 1.3308959747451055
-4.070319547082017 1.102377467763626
-3.101739821567793 1.3510807353794572
-2.932507080206046 2.3366568507816052
-2.2625713314610145 3.0790759322668766
-1.2700831011253526 3.2014160836693755
-2.063781887833259 3.8097270534688663
-1.1668799811190955 4.2519565976339955
-1.2975468503549203 3.2605302668942335
-2.1499290151359705 2.7376109182723156
-1.9837505756947353 1.7515152199423434
-2.896732644358641 2.1595149041311608
-1.8988081856341312 2.0951194487061566
-1.3141430087434092 1.2838447535927564
-0.6257065285231043 2.009141391322367
-0.6346741354727107 1.0091816011179822
0.011868451017603032 1.7720594968879508
0.7186064698136444 2.479534848252397
0.8066838942390039 3.4756484799765066
0.936666468528383 2.4841322015518372
0.16540212440741575 3.120647175050226
0.4225038013242209 4.087031533225877
0.1772447722181795 5.056489117982406
-0.41390780018108175 5.86304887159384
-0.9217936559458543 6.724473248724
-0.05440818783638701 6.226836383417058
0.8586630699959186 6.634636430156304
1.3968456943177243 7.477464682458097
0.9229542520731918 6.596881409299108
1.8523330795837711 6.966008751790911
1.3116095551812506 6.124808377232199
1.2180504893721606 7.120422108156462
2.0396022565138514 6.550288181866888
2.6223003105463643 5.737599448201457
3.1536484817980153 6.584752988539645
2.1634290205449904 6.445234464480044
2.6519509752266397 5.572682861539553
2.0818949682017447 4.751077026083869
2.920290218464526 5.296139778743421
3.8627921398893506 5.6303405090097
4.759948176241416 6.072054269760995
3.7633643314840484 5.9894671014560865
4.661624796954587 6.428930565435348
5.09921599827864 7.328104597824947
5.127002416485641 8.327718480763366
5.947853647969093 7.756576418074843
5.401301171668463 8.594001274793133
6.184008060457173 9.216391768167426
5.304492875680443 8.740520945625054
6.054028767401114 8.078557240409657
5.08216976664979 7.842993909947045
5.575851667635198 6.97335135082322
6.033794189023885 6.084369547238821
6.980530729256139 6.406378744916561
6.011761318672595 6.158415382466354
6.38801663261493 5.23189936062423
7.290798582652977 5.661997896643014
8.171839940199275 5.188958652718181
7.182591777897043 5.0427120343584475
8.161926580565686 5.244957786556041
7.209789830465846 5.55063017508552
7.837910067967522 6.328746469247799
8.763882477183298 6.706337646807778
8.142280463481239 7.4896708687264875
7.459689744178544 8.22047173758327
6.965067283189912 9.089579683172051
6.934663559524667 8.090041983239082
7.514181185654426 7.275082278097209
7.205771587546382 6.323828621181854
6.220443288908142 6.494498313578226
5.539556284373365 7.226886794546939
6.185486781161096 7.990283017565861
6.822105515746271 8.76146171720374
6.9986241286670445 9.745759019492295
7.900893071817699 9.314585325691525
7.165797616088673 9.992548946372263
7.0919193357258274 8.995281680444704
8.018264830449734 9.371956639002768
7.06606147114456 9.066491808739213
6.338170009452055 8.380799443319306
5.907318410260933 7.478376649128882
6.901549053973938 7.585640003085501
5.901845897911828 7.561276100289413
6.901828877082289 7.567110598500042
6.419869625222526 6.690916967190856
5.442064010649961 6.481402814660845
4.502054871500888 6.822552075712688
4.917193869913053 7.732310072103675
4.398799461955502 6.877168424305873
5.3965128593000475 6.809581615243713
5.409483402454449 7.809497494210679
6.407332861191451 7.743950124330021
5.67148610199957 8.421098222597163
6.191753539284767 9.27510161468685
7.191530633028368 9.253988518618307
6.197449430155034 9.145348921353284
6.683784953683555 8.271576777969072
7.681590316536538 8.337792016863354
7.861630703490401 7.35413279789293
7.7502408120220885 8.347909579709993
8.675420744433525 8.727438356831266
9.49444996775306 8.153686553915929
10.462244219336675 8.405429054502756
11.073349755294856 7.613879925312872
11.200683558723396 8.605739846120454
12.033025016091052 8.051476642987605
12.240801744979503 9.029652921033856
11.241494400049826 8.99243961199529
11.56608960442212 8.046586582556513
11.73108684342797 9.032880611292592
12.729825535757612 9.083090415551098
13.728379998743364 9.029341141590987
14.286404163571865 8.199516442351772
14.257548185106245 9.199100021902172
13.258074784692159 9.23154877942388
12.283599029436978 9.007056012458342
11.681337350661076 8.20875727747373
10.839780749960456 8.748926221247078
11.826348046838856 8.585570876277751
12.430671802282431 7.788832024076746
13.416697808026099 7.622240559718005
14.25966935946001 8.160198702581466
15.061757560894991 8.757404292909285
16.01311522685871 9.065492902585246
15.365143731425865 9.827157488283259
14.412599538196908 10.131557816709154
14.56534311362553 11.119823671712393
14.161125378234152 12.034486463343857
14.639449398102052 11.156303036025047
13.876412747967471 10.509947815924368
14.647059255362842 9.872684949722897
14.397523256745103 8.904319427105612
15.396219113434597 8.853264693424599
14.396675250757184 8.88346513355249
13.815938061991575 8.069374034482724
13.79030979368256 7.069702492493316
13.415351673206539 7.996744243381101
14.389399145739292 8.223088055429402
15.369568252607387 8.421250922640695
15.31496920048925 9.419759281898545
15.569568518863983 8.452712650611758
16.56935847536067 8.473207598485683
17.55780560513715 8.321641534880952
18.213626685963643 9.076557894449065
17.916742904357342 10.031471513693834
18.65887032776554 9.361212692472131
18.704468869961122 10.360172537986273
17.786008934321146 10.755686566339513
17.29869434310008 11.628913048520996
16.376561132302417 12.01578556181703
15.417077502037147 12.297549937231981
15.859386113089144 11.400687019842008
15.601111391317913 10.434615506912458
14.618237912799154 10.250333860445874
13.619748343336587 10.19539225804425
13.337984487318561 11.154876040836776
13.525789265461956 12.137082416964782
14.492506325029893 11.881234558384099
13.637205261446814 11.36310321342063
12.8327961064817 10.769027535237866
13.578288242302781 11.435541957759181
13.16597854409453 10.524498208665088
14.11488113445902 10.208929081531966
13.376589618139464 10.883410835866782
12.870335223900552 10.021026647518113
11.951962932909503 10.416744141621988
12.950107315241864 10.47763578323517
13.843604876082326 10.9267038279368
14.655038861469993 11.51114791196699
15.373121088479365 12.207106183168117
15.46258172946306 11.21111582492423
16.373907979075774 11.62280073692226
17.144216992940844 10.985129957320257
16.48967121564648 11.741152328302835
17.391227834116957 12.17381347018188
17.774118404359733 11.250019764195981
17.776156018501805 12.250017688258131
16.776162264363826 12.246483330461858
15.779215308289757 12.168401535050586
16.113300364888797 13.11094446508466
15.710472857418377 14.026220379345038
14.756182491665271 13.727339302943731
13.870415165761026 13.263209747366366
14.869084821599134 13.31477444952002
15.784863386323249 13.716457932366701
15.709597209344274 12.719294453992683
16.384966078894877 13.456774548667747
16.418929718150604 14.456197617847415
17.387239320511068 14.206444712005416
17.717940656487478 15.15018017620257
17.718128845209527 14.150180193910067
16.97734586427104 13.478435766950016
17.333817033421766 14.412742090146168
18.09976340152905 15.055646562974957
18.879808518483017 14.429923289062062
18.502337307197116 15.355944608822226
19.41058252621303 14.937506295405855
19.977182832990703 15.76149906986413
19.08317806927065 16.209556524266862
18.225922608870263 15.694665200186027
18.68498125921171 16.583071163440827
18.981217750666964 17.53818578542621
19.23886977381293 16.5719480119104
20.20592219953782 16.826525320207125
19.449423004670173 17.480519944164083
19.18634460973138 16.51574548445009
18.233194036640423 16.213249228247825
18.963682475308733 16.896174290734137
17.963897401011085 16.875442546677064
18.95791913227242 16.984624952678303
18.349174805926122 16.191258489345504
19.329615259311527 15.994442541400684
18.78856735473796 16.835434316007635
18.99434153193082 15.85683481263529
18.070540882663263 15.473960994762045
17.304518827696654 16.116775284666005
18.085040844283334 16.74190357679768
18.6796327725125 17.545931212445062
19.67438293013466 17.648264608317042
18.675494439541513 17.601128811298803
18.902991509151736 18.574907576377793
19.297588859353713 17.656053436041265
18.31093217144014 17.49323887835241
18.443138888469875 18.48446104516075
17.691188087000246 19.143680274377544
18.244661745020284 18.310813592442244
19.07552001979334 17.754329516083235
20.068503404091185 17.636075558397238
20.927686936149723 17.12440803134533
21.736007395455673 17.713150789319826
22.659540879067833 17.329632987063935
22.299511558379006 18.26257397568237
23.114066984922214 18.84265970821594
23.9246076228372 18.256977307687833
23.277438912438335 19.01932411871328
22.88933241189895 18.097709587448136
23.461051978063928 18.918158694744942
24.21267734424749 18.258568436395542
25.212663006115623 18.253213433300314
26.121289614176003 18.67082292448159
27.099228221895824 18.87971543160193
26.782997316198752 17.931033180117268
25.819309975308382 18.19806634099368
24.824477362357783 18.299595017779517
25.00978030657677 17.31691357455197
24.36131592714851 16.555668575479576
23.681363481368383 17.288924786825667
23.22135141875776 18.176837452718388
24.174735004712918 17.87507639156025
25.150641190527093 17.656885840688705
25.444815185649823 16.701133958350233
25.418810047403554 15.701472149144344
24.53736104639489 16.173751365943925
25.534316535726834 16.251724132285158
25.828682731299782 15.296031429109128
24.85519896046036 15.06727534085734
24.90224589029747 16.06616802097513
24.312471183337603 16.87373584786672
23.492592288472053 17.446272831610166
22.51636619118993 17.663027547787955
21.57443283019464 17.998827404017995
22.247662864760528 17.259394296456254
21.33334087443758 17.66438231851603
20.534340987744795 17.063051144315892
20.703054915920887 18.048716204282712
21.421354885824908 17.352982668195885
20.474363216225502 17.674240785150662
21.354251992145063 17.199061090707836
22.191247349903378 17.746271078821202
22.729872828110885 16.903725771893594
22.92096478809327 17.885297910266566
22.881107102881092 16.886092543522807
23.413151032060888 16.039375791932923
22.469890645911914 15.707321814510443
23.46934905839125 15.67441464622922
22.497050633665946 15.908157610351559
23.303915948036693 15.317422166632973
24.275556369938545 15.553885462994982
24.621295348376087 14.615554733034077
24.06995479813265 15.449835020262094
24.73154432695677 14.69996883529955
24.078679339259825 13.942494540132072
23.344199069011776 13.263864499081462
24.33015791745507 13.096876028891554
25.13292087589007 12.50057775406201
24.393170851863015 13.17345954305022
24.613471583778242 14.148891543508281
23.657442151958705 14.44216228104411
24.306755030844247 13.68164089060636
24.837436038159574 14.529212520897742
23.926185467160202 14.117360123972194
24.857142036019948 13.752230192445218
25.70397554137378 13.2203721153136
25.80441022741356 14.21531576891419
26.775423657046407 13.976290834079652
26.444018949725713 14.919779530337156
26.882510565871865 14.021044250864087
26.898369685535595 13.0211700146106
27.459268070454318 13.849054669496514
26.835794532583687 14.630899121785509
26.757403380360586 13.633976443112216
27.7432901389972 13.801390000343972
26.769866254195552 13.572379213485208
25.99346594955889 12.94213912672454
25.05365516614349 12.60044380721294
25.916869703563805 13.105281070483228
25.041701168263995 13.58909925412372
26.03588814321856 13.69676660679244
26.978324430776976 14.031152377861
27.936961720553285 13.74652183373347
27.56486719113226 12.818326993640643
28.489758666766463 13.198558184232883
29.00254652908209 12.340042833023732
29.388025227268592 11.417326097917861
29.46610354577911 10.420378869535853
30.38309610099333 10.819283185984913
30.756196196309403 9.891492089414603
30.157694029046745 10.692613276116028
29.187564030965042 10.45002764830185
30.14446782454544 10.740432761602978
29.969905896366726 9.755786564621276
29.57313158209257 8.83787036826549
30.138976005333213 8.013358337614957
31.136404852539947 7.941694575783446
31.665311562412132 7.093014605328046
30.70782441903163 6.804538661337823
31.705670024970726 6.870144657314102
32.34934757165666 7.635441472865024
31.35006378238382 7.597600906054774
30.647970158391317 6.88551625999851
31.592789653477148 6.557924865566734
31.004331604481585 5.749397114297592
30.377095575475618 6.528226340711716
30.608251134505586 5.555309536699398
29.94677502949281 4.805343295794433
30.20424544349249 5.771629477996597
31.203075607778047 5.81998547982977
31.855613885772566 5.0622297172307995
31.272220721022435 4.25003982852076
32.03295446813461 3.60097575926052
31.033159058662953 3.6212029488674418
31.915174132183076 4.092424139056603
32.1357730787389 3.1170595381106496
31.867398003222558 4.080374034441727
31.739559430517307 3.0885790458837663
30.85113714185258 3.5476061006460418
31.489153455804733 2.777583254796057
32.38711761243837 3.217651855586033
31.565962033026942 3.7883562575328593
31.201439918526525 4.719550989068721
31.754540864863237 5.552665232832103
32.109124280071086 4.6176408472359105
31.351027391131076 5.269782784991395
31.62287667030998 4.30744294407764
32.292316497744835 5.05030922911418
31.663645801578692 4.2726376044666186
32.663609357784836 4.2811749494615965
33.65017993082452 4.117839391752484
33.89241329664955 3.14762137682951
34.630786971084426 3.822013189429231
35.625178262952346 3.9277768819576355
35.87063938097287 4.897183318670389
35.09980394493756 4.260148994200927
34.126115984681945 4.4880343953420505
33.93911824227704 3.505674051916346
34.281001565935114 2.5659316441233875
34.804092301554995 1.7136546455433161
35.29868763845389 2.5827780273009737
34.308064289827094 2.446156721658604
33.35260588264361 2.1510309312871216
33.20397359338021 3.1399234646740024
32.978946651042826 4.114276006222639
33.65437598730258 3.3768512902551646
32.80758327270278 2.8449282709180594
33.787387698650974 2.6449700580526696
34.075615094658836 3.602532049879061
34.47486735811015 2.6856909348929356
34.41290108323842 1.6876126910770912
34.239095828979714 0.7028326478227275
33.84244565904388 -0.2151372006417398
32.98324163934048 -0.7267703236170875
33.121930745459004 0.26356564555905204
32.8852223456391 -0.7080150939858919
31.886164848427047 -0.6646086743640377
31.52678810426595 -1.5978012352838988
32.14201429525786 -0.8094505938066519
31.14723105843784 -0.7074392623680075
31.187749516065303 -1.7066180524709056
31.037535801199702 -0.7179645035133974
30.8932804073549 0.27157598648520886
31.5812365653995 -0.4541762609164198
30.581813304691117 -0.4202182581037923
30.74123409015323 -1.4074289818921044
30.04490823314954 -2.125154765787368
30.718881915567003 -2.8639101213744826
29.727882636494293 -2.730042915243304
30.600047533695633 -2.240830903851742
29.679970605761284 -1.8490931769439396
28.967899340806298 -2.5512003721964938
29.817592577361687 -2.0239230222638174
30.172579653054346 -1.089051813972978
30.726838334151218 -1.9213962825848367
30.842332329915145 -2.91470446081679
31.38592294884295 -2.0753539744205005
30.386293410102542 -2.10257134530093
29.48447455647299 -2.5346856302282874
30.31672155615349 -3.089090655027669
29.373973575960466 -3.4225966457414483
29.991946688724102 -4.208795877425901
29.26477003997298 -3.522345499386026
30.251657907991536 -3.683752859682223
29.895309557737416 -4.618106033418561
29.44582044330311 -5.511391842107507
29.954716222816284 -4.650563702701227
29.468096158701947 -5.524177412072456
28.46812296294101 -5.531499144084664
29.300546705472936 -4.977359529123651
28.992920825028527 -4.025852136782003
29.116347429892773 -5.018205840464155
30.034387086010653 -5.414694415072508
30.977368190408544 -5.747540681010001
31.202898898076697 -6.721776740647861
30.596953807233245 -5.92627026871773
31.535035710465024 -6.272683811797442
32.44466313607848 -6.6881088309908385
31.884040096186265 -7.516179967513547
30.88458393362838 -7.4832045353698105
31.8826634100817 -7.545150953205467
31.957673716924187 -8.542333711714356
31.58428556679407 -7.614658504897656
30.9025033242306 -6.883103330132877
30.59464109964685 -5.9316723811542635
30.416943143529263 -4.9475873053647605
29.96601371427978 -5.840146911126043
28.98129782761583 -5.665978536982999
29.56471634348248 -6.478150215474654
30.44307632418095 -6.000150482935623
31.410951081012897 -6.251583287254199
30.428366694960722 -6.065766376596225
29.478292477435325 -5.753742369196949
28.505331528727297 -5.984712047486484
29.481317150858253 -6.202546997376651
29.807109262724847 -7.147988428585114
29.237630697072976 -6.325982246574852
30.209319141588935 -6.562248128145085
29.905591668481556 -5.6094891753769645
30.454912526581136 -6.4451006849056105
31.050301102078663 -7.2485385755773315
30.972516856538682 -8.245508791354
31.959318341573443 -8.083574146718616
32.95763502502086 -8.141572418680253
32.46661915377817 -7.270421792101946
32.680130716284324 -6.293481255182641
31.681350092061994 -6.342849916072403
31.56228767799288 -5.349963144302311
31.912434769733302 -4.413268415937875
32.186553131509896 -5.374964378150941
31.318352747230012 -4.87875062104997
31.313903858856197 -3.87876051740282
31.509520368674494 -4.859440985795307
30.845321960922924 -5.606997321558893
31.467104756184465 -4.823807590065466
31.19763454147949 -5.78681631452587
31.059319627934283 -4.7964280145692415
30.160418533664096 -4.3582764166948715
29.49870738140629 -5.1080352785815775
30.255760400167105 -5.761388725641541
31.161197808824884 -6.185868523751049
31.833522943087242 -5.445612545160465
32.10896798540951 -4.484295725032945
31.869310260520745 -5.455153168173359
32.86693768443866 -5.523997362168909
33.81554638840139 -5.840448822532346
32.81554748196725 -5.83896992749427
33.43928178586545 -5.057333491457264
33.44399391236406 -4.057344593586962
34.152258666524375 -3.351397684808243
35.14835525106691 -3.4396676925271406
35.723955004891245 -2.6219361208012057
35.74663631563851 -1.6221933748196276
36.479446007642395 -2.302627027209902
37.22333241163927 -1.6343209461747203
37.2142545248184 -0.6343621510382069
36.87630898415256 0.30680351532668493
37.12018138568897 -0.6630038118104431
36.14503132125967 -0.8845491837854278
37.06002133683831 -1.2880256656172793
36.64606064251841 -0.37773090920143393
35.66739554071837 -0.5831928728801514
36.61790948133388 -0.8938747820663324
37.52794060439703 -0.4793348502667206
36.61812149292775 -0.06432980884523187
37.56646354207312 -0.3815794862646918
37.39650367042616 -1.3670304703474863
36.49096960981841 -1.7913040437399677
36.31082737041105 -0.8076634724023972
37.30913206816836 -0.7494592591899925
37.804433020032455 -1.6181807145958798
38.80135142763979 -1.696626164264196
39.241770255366475 -0.7988337293529582
40.23462985741075 -0.6795449594352385
40.148415246922475 0.3167316291376109
40.99938811310633 0.8419412834841826
40.841838919653725 1.829452423493466
41.14570816355528 0.8767386770771037
41.38438394776864 1.8478379871531314
42.37933616097119 1.7474881319298228
43.006051659244946 0.9682399787568562
43.94803810214865 1.3038909006766837
43.03956463349119 1.7218334287178905
43.99852729918091 1.4383010569977164
43.09241426923978 1.0152653883231708
42.55188564095892 0.17393976645681253
42.431873750241266 1.1667122207918292
41.58720107808384 1.701995395298954
41.814563192458145 0.7281851114411365
42.80756907678502 0.6101202407462656
41.89280452532127 1.0141076358284802
42.88813224163904 0.9175533136588032
43.802791219601495 1.3217796784999358
43.24140421124721 2.1493330766870384
43.5295424720047 1.191744259559537
43.19624447175383 0.24892272659119763
43.68550659194997 1.121059515025891
43.796611992454054 0.12725088657732186
43.97587164550987 1.1110526840885417
44.069050597504386 0.11540330659403286
44.99022493120071 -0.27374685329176146
45.20072202381551 0.7038476301218446
44.952597444516186 -0.26488050157844567
45.02111201935959 -1.2625306171169681
44.55137372495459 -2.145336334570971
43.58345422595306 -1.8940758254322634
44.476844494807416 -2.3433572823346616
43.68715465894212 -1.729850996196503
44.68691744639662 -1.751631005866146
45.68511805227446 -1.8115939146107516
46.27696127505748 -1.0055408148426226
46.77423446760062 -0.13794680150576677
47.4516232192716 -0.8735720315717482
47.76284633672045 -1.8239089040361502
46.86573223037707 -2.265707817796376
47.19943604657822 -3.208385792002197
46.200929698682955 -3.2630216155327667
47.198048760645506 -3.338873947539877
47.05356279258576 -4.3283807969521675
46.78616450814272 -5.29196688935747
45.79891562020218 -5.132782614819516
46.51270778875789 -4.432425034644552
45.9793409027627 -3.5865410207727995
46.5893927425837 -2.7941795169558734
46.47272638220416 -1.801008353280754
46.00660735704874 -0.9162863323113607
45.87671488406893 -1.9078144183801258
46.63682302864863 -1.2580178282508676
47.37939295399281 -0.588249281680984
46.51347064408161 -0.08807076035280526
46.88730847943351 0.8394233220323088
47.825414343564134 0.49307467156036533
48.75333726948519 0.12030256483817886
48.74772584286684 1.1202868206598928
48.08979548515207 0.36720804364031023
47.195086993634824 -0.07944250791755375
48.17536341314446 -0.2770738347697644
49.17409390486566 -0.32744649507608886
50.046195810775814 0.16187779995519974
51.00766809612433 -0.11302408164387473
50.86701421760836 0.8770347481528273
51.85061962153237 1.057368908453899
51.620150114052194 2.030448456138386
51.23084078187754 1.1093413809936328
51.90983629828501 0.3751989638165881
51.108201510137675 0.9730130372808932
51.253088807229005 -0.01643512767852917
51.78412376000666 -0.8637850429605436
50.834988326057704 -0.54891693085243
50.01508481532408 -1.12141866280324
50.61314223690631 -1.9228719181403247
49.61314276803052 -1.9239025723674843
50.6127628469169 -1.951465189935177
49.61292942276681 -1.969716873482192
49.395654672161335 -2.9458273604401635
49.536595563474044 -3.9358453729813387
49.65647676472832 -2.9430571289001386
49.693981449338814 -1.9437606770740214
48.83438697130971 -2.4547375193495515
48.35791150541177 -3.333925286778864
49.00560960838458 -2.572028202255357
48.19190037026556 -3.153300320802046
48.466973574375096 -4.114723605511187
48.01393095825767 -5.006212465778928
47.60032702259011 -4.095755556090003
46.69348807670532 -4.517232870101769
46.63061619023117 -3.5192112641777387
47.18183443414205 -4.353572365607936
46.28856767733576 -4.803099340532446
46.79405772006831 -5.6659317788993935
47.79205502525678 -5.602675325975174
48.77999738034763 -5.447853160192789
48.31509739565889 -4.5624899554929295
47.96723497135277 -5.500035545720876
47.31186544120291 -6.255343945615357
46.36510038234837 -6.577269283748543
46.31714377949728 -5.578419863543985
45.3435830491293 -5.349991528424702
45.95181552996114 -4.556232591932555
44.9585080934424 -4.440732217229429
44.277363257546554 -3.7085835215859655
44.54166626354389 -2.744143828800164
44.62584292440706 -3.740594675438334
44.86825409104216 -2.770421069174687
44.466127044775945 -3.6860049477249857
44.82714006191355 -4.618565724005652
44.14404706497792 -5.348897126546647
45.12639463046448 -5.161832269925677
45.25706728502738 -6.15325783816037
45.337697253331 -5.156513734485131
46.19439950764122 -4.640702482708106
46.51126053882253 -3.6922305079409465
45.72444032545508 -4.309412775862172
45.56299258164486 -3.3225315134913673
44.740865475591065 -2.7532275336250653
44.69599389526575 -1.7542347702483188
45.69309185721188 -1.8303639649299732
46.19737739227246 -2.693900935261104
46.17196258149452 -1.694223943731779
45.31229877352191 -1.1833637502717314
46.31158452409049 -1.1455750123914492
46.40068432128299 -2.141597716018358
46.716172165033306 -1.1926680977400705
47.25457715806469 -2.035354316613306
46.86885675114489 -1.1127385961285394
47.315128891036686 -2.0076358959101395
47.92117953833786 -2.803061953382378
47.7692333681873 -1.814673183020949
47.21582805696162 -2.647585280127964
48.20155869239869 -2.8159156527908644
47.43047690586068 -2.179179539106906
46.43641316473104 -2.287978797244802
47.24180324112524 -1.6952336371247507
46.25747635423373 -1.8715872017115553
46.72907156781007 -0.989772054114346
45.75679191559197 -0.7559510159619596
46.19138927932292 0.14467384014523776
45.22372692329174 0.3969228534638158
45.35968849899808 -0.5937912576355713
46.07900208882836 -1.288476768845845
46.42923315753213 -0.3518134363113564
47.40312858035901 -0.12481628787804902
48.23055603569529 -0.6863889066511953
49.068714527994764 -1.2318156586411102
50.068518229217894 -1.2120025563969734
49.94267222018923 -0.21995276832605293
48.95509826630645 -0.3771077415605388
49.873652075683495 0.018188222596601245
50.639821884557364 0.6608263975988166
51.21718882033883 1.4773111932112744
51.22627869428461 0.47735250696886267
50.504212636990104 1.1691766239980155
50.35347702494009 0.18060251182437193
49.449326909292225 -0.2466123853572974
49.64976221154086 -1.226319326035222
48.71185392682523 -1.5732026629970528
49.66271545327362 -1.2635861945716318
