0 0
-0.9999958468623008 -0.0028820579712732033
-0.913351899595528 0.9933572839551701
-0.9010683922823233 -0.0065672709228898896
-0.47225711759460853 0.8968268239773908
-1.4209621447422782 0.5806642527189647
-2.406143276967355 0.7521814142734744
-3.383083001352333 0.5386661339804634
-4.138630565051541 1.1937599280192956
-3.16581054497682 1.4253224650191751
-3.4931647997251587 0.48042078129850374
-4.25385284895451 -0.16869684422066455
-3.3695416441384536 0.2982011029120832
-3.480123164782507 -0.695665954239953
-2.5292153643691 -1.0051402748433522
-3.4434308435996805 -0.5999118731546254
-3.098256030845456 0.3386265376949713
-2.1444505709069364 0.03820159766590325
-2.024695819184505 -0.9546019072835398
-3.008382891552044 -0.7747137652146965
-3.990960592541872 -0.9605660224448529
-3.0882903184179242 -1.3908988892038272
-2.1269941139221014 -1.1153819074732536
-1.2817613985307728 -0.5809835010083754
-1.12363200758653 -1.5684019005329146
-1.6197859015761362 -0.7001673046551931
-1.5583216374454676 -1.698276589370487
-2.556257809794931 -1.7624902632764503
-1.5629035686043278 -1.8775874027224013
-0.831838341675039 -2.559894982905142
-1.8197750335363245 -2.714753282244181
-2.30785470116601 -3.5875523645343126
-1.666254431503205 -4.354591538220126
-2.3142599405027613 -5.116227186221338
-2.408896388089271 -6.111739086094065
-1.6653806169948462 -5.443020686366749
-0.685820849457642 -5.241867357230842
-1.6341117004826642 -4.92446467629976
-2.327637926027665 -4.204033295472061
-1.7708459537960188 -5.034685268116678
-2.0585762295817447 -5.99239675306205
-1.0585942756873585 -5.998404405312796
-0.4946511222209119 -6.824218016037588
-0.4725954663003632 -7.82397476047191
-0.11854340854852624 -6.888749044186429
0.4500687131112813 -6.066143272810169
0.7884238737815628 -7.007161755757124
0.1058879021790019 -7.738013756827484
0.2121703466870708 -6.743677776391601
-0.05138308975819189 -5.779032978480011
-0.8742932391839568 -6.347204507133168
-0.09963805629479328 -6.979588368109202
-0.8658600112189793 -7.6221643681217754
-1.38480811623193 -8.476970114653389
-2.3558246976555033 -8.71598224530888
-2.046450636509025 -7.765041821155118
-2.2427804140083962 -6.784503898141915
-3.157063837479101 -7.189578979536325
-2.1608924749977794 -7.102156919550832
-2.0956490938541217 -6.104287538711364
-2.8523513656329538 -5.450527894893581
-2.0160016685706528 -5.998724195705432
-3.0143934294063754 -5.942032998017033
-3.4156990590168235 -5.026088790304051
-2.5953205995092095 -5.597909726590853
-2.5164295921822184 -4.601026479182746
-1.5337197862447125 -4.786178949634181
-2.4694633788164575 -5.1388600080437925
-2.383502151597152 -6.135158491137564
-1.5938011469338933 -5.521666581464878
-0.680951893377562 -5.929963336634017
0.26922901442829017 -5.618264375388962
0.5139059542744446 -4.648659716206921
1.0335926476370392 -5.5030166326896355
0.22043098937407835 -6.0850545331145405
1.1888785816969416 -6.334271829713411
0.9808403028831267 -5.356151144650374
0.41692572257533367 -6.181984267088731
-0.5156140679760297 -6.543051489415016
0.4842083650554876 -6.561895650498418
-0.33308348909281427 -7.13811958712621
-0.603349736178548 -8.100905210038286
-1.164009446213794 -8.92895151885392
-1.7478382829989791 -8.117074749055659
-2.710232699183414 -7.845418739188361
-1.8154651556502794 -7.398886497306903
-0.9178846353039641 -6.958035944971037
-1.8710250613011028 -6.655507717643416
-2.2183003136229233 -5.717744475068396
-3.1496598912875293 -6.081845198896853
-2.377157179675938 -6.71685666379551
-1.8401884482468154 -5.8732545173618975
-1.395738830048243 -4.9774506678037795
-0.4098473009900587 -5.14483612993032
-0.8927077393059593 -6.020533450418042
-0.2364431134945525 -6.775064258873611
0.45880707843693447 -6.056296444750559
-0.49415245758353643 -6.359393991272547
-1.4907330421311236 -6.276767491269281
-1.2518861616682264 -5.30571024903629
-0.4841307410636375 -5.946453266268839
-1.0589279236735312 -6.764749177821456
-2.039070569195993 -6.963042885306666
-1.164921984315135 -7.448701460388784
-1.1094195118314738 -8.447160010128432
-1.00082638765425 -9.441246290780885
-0.12975714716576692 -9.932406527643375
-1.1270257371777797 -9.858546122990733
-2.126718010215405 -9.833739687759799
-1.126720943796361 -9.831317467021206
-0.5134343047726494 -10.621177896714325
0.4296081989673417 -10.953850162074408
0.5071367809986738 -11.950840291899278
1.483429047872583 -12.167296776307124
0.7586132109040626 -12.856239446258423
1.404602236578215 -12.092892749986959
0.45529377247718317 -12.407238801315968
-0.2333456705691771 -13.132342736956094
0.2736018038498146 -13.9943196845482
0.9958034625709362 -13.302637124307983
0.14559350919974456 -12.77619336170028
-0.7227596503411756 -13.272139720004583
0.0950843928083005 -13.847579656996201
1.0944411864470602 -13.883440485319838
1.8878960254653419 -14.49206961577489
2.7193712244654726 -13.936507743930093
1.7280726273511235 -14.068140153917616
2.148951919895608 -13.161023501492332
1.3973063633107943 -12.501456251497075
1.2493364328016918 -11.51246439123475
1.123922449828483 -12.504568888187968
0.32210753693567074 -11.906996427759367
0.4040304245756932 -12.903635098733316
-0.46656521697513625 -12.411635882359246
-0.6981307810972717 -13.384455181876271
-0.643070820664771 -12.385972132066625
-0.017064338127044443 -11.606154279090212
-0.6470043310841289 -12.38279808758496
0.12274465969346537 -11.744451401843682
0.26141953065472245 -10.754113439245115
0.3313171180175392 -9.75655926664051
0.9140582093162724 -8.943901392432696
0.9745577155264201 -7.945733165254367
1.8144632837213943 -7.403000600803811
1.976551817348386 -6.416224381356538
0.9918394422824212 -6.242036154452575
0.13602830046565317 -6.759324555194636
0.8084938909029143 -7.499452942488264
0.7594740464509149 -6.500655137699977
0.37882333939089974 -7.425374035103242
0.4205033043456824 -8.424505047794455
-0.5660421377562845 -8.587992327629415
0.026327134479178893 -7.782325743172031
-0.40573024299929555 -6.880479624055015
-0.8559476662584369 -7.773398585548105
-1.0358181211749578 -8.757088892224004
-1.8494230682820807 -8.175670806813157
-1.3826000035287023 -9.060021543915955
-2.2047039164512388 -8.490684072500754
-3.204579718784844 -8.474923999286151
-3.5031078739387485 -9.42932482733504
-4.452087363755489 -9.113987027654828
-3.5683518633493954 -9.581973742553863
-3.4179615703682917 -10.570600446510952
-4.390066143453276 -10.805148307271311
-4.755390057941488 -11.736028770866401
-5.745656652811509 -11.59684518316823
-5.322768664935511 -10.690663220364849
-4.457761730766453 -11.192423126933166
-3.778667837469266 -10.458371709056687
-3.4046975031594435 -11.385812375113659
-4.302438548617363 -11.826335944630799
-4.716014882505495 -10.915866496462629
-3.910486572006067 -11.508423785662531
-3.6842954585779726 -12.482506728848664
-4.66792095170219 -12.302282176480954
-4.8989016625743 -11.329323846846528
-5.88717956814351 -11.481989433550725
-5.543543138885527 -10.542886667881907
-5.33295630537525 -9.565311511920937
-4.4218453621834835 -9.15315031870133
-4.992781077485224 -9.974145086646224
-5.983431988816687 -9.83772378377111
-6.826829876628688 -9.300434287471159
-5.930208368157559 -9.743232063602608
-5.732574702547287 -10.723508011597584
-5.723548874036754 -9.723548745217348
-6.684852743137466 -9.999038983251298
-7.111643823470299 -9.094688733763672
-6.143432722890034 -8.844554240514237
-5.7179129984167485 -7.939605090515089
-5.934771140687402 -8.915808218010039
-5.118636474171967 -9.493669971469929
-4.361595232604115 -8.840302878201983
-4.8452746785629 -7.965057659102214
-5.107135880070433 -6.999952115057921
-5.70898427814471 -6.201341755911844
-4.805256731638223 -5.7732336834752624
-4.299764132384063 -6.636064624099944
-5.15721288284676 -6.121495250419425
-4.22997770929565 -6.495974799833865
-3.230939982088181 -6.452115711652115
-2.5058563241302765 -7.1407765054848875
-2.115217406191499 -8.061320494543326
-1.5828619852885537 -8.907841436892213
-0.7100153234327824 -9.3958360115416
0.20037736888284097 -8.98209074476709
0.057069713689760576 -7.992412556686206
-0.8568766020585726 -8.398247661045167
-1.3072111104959827 -7.505387744535059
-0.5434095592069446 -8.150838897023347
0.4104463524778865 -7.850574180907883
0.07839055593024896 -6.907314435143698
0.5361375856500654 -6.0182319548401635
0.6593703982431057 -5.0258541669486725
0.09182407468891429 -5.8491956335469
-0.6254210758055424 -6.546016553218651
-1.402438849897126 -7.175495209525408
-2.3219813990216895 -7.568485667869501
-3.3045990083328123 -7.382844525145983
-2.5444394733174462 -8.032580995820997
-1.874024767770136 -7.290594390425783
-2.625414226276827 -7.950453376607696
-3.1084154687130234 -7.07483371042546
-3.343446480152721 -6.102845838247194
-2.6318771999882564 -5.400229897973828
-1.675071365533805 -5.690957597297303
-0.6798559048082696 -5.788662186405801
0.31652547195810754 -5.873657198219076
0.6771147419997559 -6.806381904834502
-0.25241250797172743 -6.437628475615936
0.6697616441079338 -6.82440338849959
-0.32511777266328556 -6.723334372055587
0.6622708273485362 -6.881649730017772
-0.3323890891214869 -6.778442896097499
0.35509967733018755 -7.504637908475549
-0.5413544925355881 -7.9477743675152706
0.38415856346520405 -7.56905866521066
-0.18478094845053616 -6.746679293034363
0.736777970371824 -7.134917826849546
0.3331384240129513 -6.219999734004507
-0.6663132620173602 -6.186888900563356
-0.6964988364217125 -7.186433212286393
-1.0200398168471188 -6.240219053659834
-0.3692068325969613 -6.999439987652064
-0.5868651216663134 -6.023414952522636
-1.2881246743718764 -5.310508899988928
-1.1628047557697498 -6.302625283283527
-0.20000631040605743 -6.032404718549351
0.7845883070536136 -5.85755209698066
1.248926158947346 -4.971893946620876
2.221600817433359 -4.739721578025649
2.791158108530764 -5.561673214168424
3.7275697579954237 -5.210769776244434
2.7566125656711 -5.450023053491928
2.3602854203901003 -6.368132411854761
2.1420495029483995 -7.344028453622725
2.7354621966083545 -6.539130090471677
1.7556904354469482 -6.739248295617227
0.8981614413195449 -6.224812658991182
0.28797631136182644 -7.017071522733635
1.2820415990072018 -6.908286395540084
0.3516098315025453 -7.274751572628113
0.9872701845041528 -6.502782715988241
0.3319802691813192 -7.258160189094365
0.19551194545225722 -6.267515754083205
1.1692499413435362 -6.039844246516633
0.7718648543914196 -5.122192301241052
1.0340741084566938 -4.157181261365065
0.18485002898539737 -4.685213895627503
-0.7951077208758333 -4.486008452712622
-1.7950901085277227 -4.480073439146805
-0.8387666332955771 -4.187762969406305
-0.8777523914467052 -3.188523203053213
-0.6946146614825472 -4.171610468693235
-1.2517502451083151 -3.3411889242605444
-1.718567021503647 -2.4568348677447895
-1.6157832001736068 -1.4621311500113157
-2.057918200307998 -0.5651826332857669
-2.4064863609567215 -1.5024660682092514
-1.4370246505095992 -1.747708788747374
-0.4498218235172614 -1.9071784673020646
-0.1531760874077958 -0.9521908719647884
-0.15022768011552415 -1.9521865254025617
-0.9406224768508846 -1.339588724807695
-1.7328062053058124 -0.7293060522933518
-1.3988831349410717 -1.6719063828036824
-0.7330343954953912 -2.4179931446341
-1.6610135988424841 -2.790625132197292
-1.2250874194138435 -3.6906075576305604
-1.6025092825215548 -2.7645661237582395
-1.418558842811901 -1.7816306041382468
-2.062150820236031 -1.0162618259696452
-1.1569691838569547 -1.4412867724870202
-1.827157291834935 -0.6990954899156773
-0.9753364421656557 -1.222928707713773
-1.0083894900659338 -2.2223823064488526
-0.036561186380687505 -2.4580722471681304
-1.0347286482713294 -2.3975601159645965
-1.720236929346222 -1.669495286036831
-1.79402957822933 -0.6722216801638919
-1.7482346142125529 -1.6711725404521758
-2.740961378311235 -1.7915617918085962
-2.112087184586062 -2.5690688647452435
-2.279317170571781 -3.554986778056091
-3.1574755352694677 -3.0766167471056933
-3.426449404578941 -4.03976422160204
-2.590643450205362 -4.588789181538901
-3.0200550014879814 -3.6856802625124887
-3.9609377738680274 -4.024412617976856
-3.1483369844783544 -3.4415919276412428
-2.2817355432463926 -2.942590983699564
-1.733389231120758 -3.7788423346570474
-2.6215227547876636 -3.3192568212441396
-3.3456165285167225 -4.0089583558566195
-4.34525863346942 -3.982206496000906
-5.16695782286912 -4.552127931060051
-5.95987087188197 -5.161462729594605
-5.264036961681522 -5.8796654651889195
-6.247860501539316 -6.058805752175627
-5.27074435193719 -6.27151219351372
-4.815604923843808 -5.381092011243108
-4.446701279086564 -6.310559655050477
-3.602724608021743 -5.774179772226424
-2.7583978221083223 -6.3100083629054895
-3.6364095332706645 -5.831369213794412
-4.019686941515681 -4.907735937905662
-4.9355314977659885 -5.309268936283973
-5.6117873613706095 -6.0459357584908435
-4.835596121977161 -6.676433307961785
-5.619980268999656 -7.296708658028021
-5.45416054777776 -8.282864741036128
-5.647747364791158 -7.301781592532078
-4.870696669061842 -6.6723435763092045
-5.845579546017946 -6.895061730526119
-4.896403919545778 -6.580314800261236
-5.038068801922568 -7.570229473907996
-5.553603470860801 -6.713360752852812
-6.433460497857823 -7.1885992319808825
-5.596054682938311 -6.642017581045738
-5.273706267723994 -5.695396485142621
-4.3238506531374155 -6.008085326386363
-3.361624929462093 -6.280338254189723
-2.4624317192873026 -5.842786462083285
-3.0276018949885817 -5.017812115513777
-3.8213277825313465 -5.626087723642568
-3.6733693834067678 -6.615081309126565
-4.224518803951698 -7.449487874436898
-4.566838139510579 -6.509904204664735
-4.704957456866134 -5.51948860797149
-5.466011575999179 -6.168176998302799
-4.964647577937674 -7.033413463928112
-4.257461138181657 -7.740440577570305
-4.209640290068135 -8.739296506363694
-3.374379192406772 -8.189442981565012
-2.3915083237311405 -8.005147415940636
-2.1496873709272677 -8.975468304505355
-1.7417666465025727 -8.06245095385706
-1.7660303531265247 -7.062745360924387
-2.4613328101961924 -6.3440281055360925
-1.6760212834527692 -6.9631289098999005
-2.5425775366863985 -6.464049497399551
-1.9983615256480296 -5.625104366101034
-2.846331866682558 -5.0950606879708396
-3.7988304974488276 -4.7905178200714555
-4.16538166228973 -5.720915715358078
-5.101466986416086 -6.072688747234108
-5.432022843196588 -5.128902317183268
-5.878014299226973 -4.233865099438723
-5.990110020013101 -3.2401676860469806
-5.067476400614161 -2.854490094845715
-4.427283437853895 -3.622704238449068
-5.097633925293669 -4.36474886243691
-4.109873114219941 -4.208772645958334
-3.124118426974401 -4.040583179660808
-3.7291952773545347 -3.244416108541902
-4.727536914884519 -3.3019832412996553
-5.5420900089907 -3.8820722490235107
-6.407833390759215 -4.382560407648681
-6.217469225644446 -3.400846862544939
-7.1962115227433 -3.6059407821760643
-7.665431423973184 -2.722859424491611
-7.905209932866832 -3.6936870439342897
-7.850294560521574 -2.6951960315159598
-8.72199908524789 -2.205164173804987
-9.245353724176423 -1.3530492039141953
-8.74731404124179 -2.2202034429180584
-7.96363975644722 -1.5990314736923694
-8.491229533075499 -2.4485307542084405
-9.36384530128576 -2.9369380853069966
-9.45379963687238 -1.9409921944528952
-8.756867599209675 -1.22385501449406
-9.41575501734088 -1.976096578240969
-10.109232365677798 -1.2556181487626146
-9.922044984050105 -0.27329392318362156
-9.978753155164569 -1.2716847200807346
-10.815216709606847 -0.7236621638936852
-11.079002137427537 0.24091922099276186
-10.130067197643676 0.556391058178588
-9.17599370840058 0.25681840067543565
-10.145074706745918 0.010075581841731962
-11.0719861209465 0.385355784123542
-12.04324553163349 0.14733234588276334
-13.036259282725446 0.029333658846502825
-12.786076077629456 0.9975321735571471
-13.175147944466843 1.9187395782362837
-12.919775905670493 2.885582441270911
-12.913583560756793 1.8856016140224732
-12.882536048207498 2.885119523799232
-13.821532821431962 3.2290454749486686
-14.810714471956704 3.375741290380291
-14.448962168086949 2.443467043902934
-15.16445353198825 1.7448454666648305
-14.3279503864909 1.196883344275849
-14.168739002015233 0.20963882793081423
-13.7604885627581 -0.7032311402718638
-14.040318205836712 0.2568185307631805
-13.257012161586141 0.8784547918037693
-12.95588810151066 -0.07513018104535096
-12.063010489723288 -0.5254296040617246
-11.065208256846917 -0.5916919920878914
-10.361729246812779 0.11902404293691948
-10.17658637025369 -0.8636875705384813
-9.23547272003432 -1.2017779391838685
-10.192580606919396 -1.4915096993731582
-9.715056906560115 -0.6128908311514595
-9.93125518336182 -1.589240310133229
-10.930901327094517 -1.6158408236686133
-11.260018204996026 -2.5601300170200796
-10.328887066410099 -2.1954454920458564
-11.100241805486977 -1.5590400658404842
-11.234202705466005 -0.5680534477286103
-12.194726381494428 -0.2898551950582443
-11.57299087302479 -1.0730824657198315
-11.958439213649939 -1.9958118825638584
-10.992960641833168 -1.7353293930129314
-11.728970104245622 -1.058358144554528
-10.814268423600474 -0.6542284185692435
-11.078638099499626 0.31019300096942337
-10.238253742424353 -0.23179789598658795
-9.493907972234574 -0.8995923062661174
-8.547906407550741 -0.5754302486225039
-8.165675244079022 0.34863649013128106
-7.429160464881905 1.0250579416126944
-7.778800896468798 0.08817397409071193
-7.6950564214728505 -0.9083132876982449
-7.700248065322164 0.09167323562801566
-8.68933787841461 -0.05564051674001916
-9.681430394933924 -0.18114923622347337
-8.700269139338909 0.01204131871960007
-8.827978670871655 1.0038529316560925
-9.822408910899192 0.898456073454463
-10.042021110866209 -0.07713117616785903
-9.474469683970396 0.7462067725679731
-9.007536050322454 1.6304991347244768
-9.656141903257495 0.8693746721440079
-9.281494896218835 1.796542197522768
-9.412888671231327 2.7878724532337325
-10.115597662087714 2.076395064858249
-9.602755196499098 2.9348777993899287
-9.594573534943553 1.9349112697429658
-10.162332046773686 1.1117161092588725
-10.021812397210756 2.1017939991678993
-10.721507797826643 2.816235281819577
-11.227971258496236 1.9539738580004546
-11.148524008494698 0.957134786501352
-10.148567971173325 0.9477580373559046
-9.152953095153473 0.8542111579425619
-8.916774568872166 1.8259208387236017
-9.436806000257963 0.9717737141772274
-9.777969657461595 0.031769799821844025
-10.547174748489073 0.6707717778605733
-10.745166864015257 1.6509753904786184
-9.750644433017783 1.755498757449245
-9.886552343174094 0.7647772829888677
-8.88812104334996 0.8207678137194427
-9.797095337412696 1.2376199850381864
-9.43851451913307 0.30412129903915697
-8.46636983564975 0.538502856281009
-9.161824049503922 -0.18006755532280638
-9.151934186869903 0.8198835387898409
-9.64896441198777 -0.047849689408366536
-9.295707953258884 -0.9833762119433113
-9.767899901014284 -0.10188045785543087
-9.732955591166116 0.8975088032481869
-9.66054359508404 -0.09986600234066967
-9.110113390210023 0.7350151805604351
-8.374543694787175 0.057566124781671224
-8.613754464656703 -0.9134015407862548
-7.9939866026039965 -1.6981867325213043
-7.3192589178204495 -0.9601199663093072
-7.658958436116622 -1.900653983381177
-7.701282317244298 -0.9015500402970301
-7.597149148427926 0.09301332276852181
-6.599279544320759 0.02777335649779193
-5.9283231321016725 0.7692701487377116
-5.797903857132185 -0.22218878269436393
-6.45656695974454 0.5302491996384431
-7.452216687745032 0.4370739929976923
-7.119792374392868 -0.506055942850143
-6.473824774921445 -1.269420770722849
-5.994789727751945 -0.3916249951672165
-6.900813482320673 0.03160184254181436
-7.245485313721885 -0.9071214013583959
-6.753236488970703 -1.777575934651824
-7.704099642465719 -2.087187406218227
-8.057022474940638 -1.151534973785179
-7.7151646457843945 -2.0912866562229286
-7.387802624930005 -1.146387663048457
-6.38992238506906 -1.0813105787940032
-5.450008753524929 -0.7398982690605602
-6.084567553581268 0.03297631925960176
-5.883017104852075 -0.9465018155739743
-5.087323108324292 -0.34080299281661985
-4.388051633557433 0.3740532197026404
-3.9960574236866666 -0.5459144642014159
-4.967566778992669 -0.3089132562869524
-5.9440236429648285 -0.09320050098106938
-5.972514070847926 -1.0927945663491256
-6.713787655942594 -0.42159156274969534
-6.660674694205064 -1.4201800732461198
-5.67409142126154 -1.5834389031697818
-6.1048793293109105 -2.4858921032186525
-6.31014604320431 -1.507186030811106
-5.323552373086984 -1.670382017540023
-4.803542963993261 -2.524542549556106
-3.8036667861867572 -2.5402787833830267
-4.792514552906428 -2.689208613348418
-4.708882171488106 -1.6927119375996726
-3.7857355710001377 -2.0771600537447594
-2.7857362673786326 -2.075979902693074
-3.5008477181108484 -1.3769694499588776
-4.492310691204189 -1.5073579961771448
-4.763380462097334 -0.5447982944921337
-3.8803262403378307 -0.07552732646543264
-4.528347779338395 0.6860946827959467
-4.120395261426165 -0.22690846239527995
-4.423668618102148 -1.1798120625199107
-5.418371107627457 -1.2826077692987101
-4.9731573548118675 -0.38718344848546626
-5.607536421640494 0.3858386725237851
-5.2763209006011484 1.3293938000190657
-6.182705197930413 0.9069396539216046
-6.7277206664917575 1.7453656429205489
-7.502082767520779 2.3781083524715316
-6.6178598388079575 1.9110432474395662
-6.211219292387414 2.824631484013791
-7.065477364505495 2.304782326833461
-8.061520092451234 2.2159066602738857
-7.716536896435286 3.154515521550308
-8.346510683356632 2.377899124741705
-8.35099985737242 3.3778890483492665
-7.478217091888105 2.8897802036501035
-8.188408966675127 2.1857720353832173
-8.989005834276178 1.5865686846020457
-9.700374589553475 0.8837497221264804
-10.515435520262868 0.3043744730597483
-10.135069044591752 -0.6204613740966727
-11.022182700617286 -0.15891033543137822
-11.441043718746112 0.7491400197208476
-11.944620932099816 1.613090244091973
-12.659693750888861 0.91404027175159
-13.561208866872906 0.48129265979714775
-12.56671240239386 0.586062799334493
-11.56767397350877 0.5422196971311609
-12.101827459199953 1.387607214027383
-11.801170968299585 2.3413397103173423
-12.395756284827916 3.1453722353863878
-13.16768238043099 2.5096599553988193
-14.082024606276637 2.91460228960905
-14.878379519894713 2.309772684218949
-14.121850821374357 2.963733178679507
-13.623522630237959 2.0967447047545504
-12.678718380870635 2.4243800666699666
-11.70682569082434 2.659804362430997
-11.749675570363863 1.6607228403200893
-10.872325086415069 1.1808727300618775
-11.34843922063203 2.0602562250166283
-12.324072732767368 2.2796628110583104
-11.335249735844071 2.1305686101126304
-12.254186099186105 1.7361627783508324
-13.129691720182809 2.2193707124777227
-13.187907645466671 3.2176747273165613
-12.215202930704244 2.985628314116649
-11.895722365985703 2.038035485541463
-12.426447969418579 1.1904917793759284
-13.098010110415865 1.9314400169601345
-12.87077549795846 0.9575999731637558
-13.411590997467114 0.11645872730120377
-12.459184616428994 -0.18837251348272993
-11.460147151572265 -0.14450744979143987
-12.30046189254392 -0.686606274827742
-13.169360166303344 -1.181596971566472
-13.093416069930589 -2.1787090486300915
-13.804563223487959 -2.8817522379060074
-14.199432340797701 -1.9630148542130255
-14.99829831346419 -1.3615057871860827
-15.177237664346432 -2.3453658934541646
-16.048650846472896 -1.8548161344936358
-15.533425550928715 -2.7118709138580663
-14.577424536836252 -3.005234273966625
-13.743794444141788 -2.452911118056774
-13.871242092093427 -1.4610658191156563
-12.873025421744003 -1.4013709362820983
-13.714372003927341 -1.941866938717284
-13.483251173837237 -0.9689418841018418
-12.807182862001497 -1.7057808337588019
-12.68231665806099 -0.7136072445550337
-13.112497472406972 -1.6163499913930397
-12.157706802172179 -1.9136289446214731
-12.226998896069642 -0.9160325303720508
-11.293134919502384 -0.5584041292767428
-10.646399705287353 0.20431047179907158
-10.49675676548346 -0.7844296308400639
-9.619191004501094 -0.30497333966072926
-9.728808911872598 0.689000459985666
-8.769634260691983 0.40618605347046105
-7.769940112956519 0.3814552834973579
-6.91572137146518 0.9013690664315602
-6.132163252535927 1.522687563065976
-7.097188908101869 1.784843020952174
-6.346202933768275 2.4451611763547203
-5.746088303724679 3.2450751909885662
-6.695556816592362 2.9312128914480984
-7.635764848798836 2.590612163065981
-8.605752792325319 2.8337651795252934
-9.5101086392164 3.260544399021645
-9.528918254551856 2.2607213154858963
-10.492544516995851 1.9934678284586582
-10.424505520293593 0.9957851660214732
-9.992325452673313 0.09399783568702547
-9.979361587903968 -0.9059181298872032
-8.99261259106044 -1.0681723046510405
-8.223390187411793 -0.42919116742945074
-7.240885010290628 -0.6154264404850904
-6.245226210518896 -0.5223482237149264
-7.209024683318554 -0.7889799994451395
-6.51993984011613 -1.5136606731688773
-7.389230864762275 -1.0193600414985777
-6.46141740211445 -0.6463155689092441
-7.260450715136703 -1.2476023263558744
-6.263967466141021 -1.1638101162703964
-6.182750977625012 -0.1671136318815285
-7.1712070773139684 -0.3186211861080236
-6.210815054574159 -0.03996878138533655
-5.866708255097053 -0.9788992956160877
-6.171086715045048 -0.026348114251177113
-5.886560935142483 -0.9850165035135108
-6.703783509227084 -1.5613386915355734
-6.3810257847554706 -0.6148570745487952
-6.052663753654422 -1.5594090194047645
-7.050213254610761 -1.489444791818384
-7.57969680988718 -2.33776499356525
-7.052749737892289 -3.1876630952903993
-6.580477025321487 -2.306210609355385
-5.592112280759324 -2.1541082368999565
-4.918204819965973 -2.8929240016796864
-5.449662758259473 -2.045839318885326
-4.684505675390316 -1.4019956744069781
-5.425880702489721 -2.0730866288932956
-5.877052618868024 -1.1806495712407523
-6.697473227250866 -0.6088891097354747
-5.72358750219363 -0.8359278608986669
-4.737322828639565 -1.001100478784604
-5.6747719182556455 -1.3492228773428998
-5.95427130248178 -0.38907700602062434
-5.6930714131618565 -1.354361740085791
-6.690976127025365 -1.4190624514341887
-7.407959770609853 -0.7219724609506699
-8.289535195738432 -0.24992927456899455
-7.927754618937611 0.6823340006111793
-7.369903285361852 -0.14760689465049381
-7.496763414130143 0.844313720988123
-6.769093016240266 1.5302406792240473
-7.627072538036967 1.0165567879275574
-6.648657973425473 0.8099050524978744
-5.91025135890666 1.4842607981061293
-6.258908256034405 2.4215112278661017
-6.708042850669974 3.3149753378904174
-6.163094512730059 2.4765057147217995
-6.352702725223134 1.4946458847281385
-5.363196949093464 1.6391392029335783
-6.098022583072648 0.9608831394537964
-5.137331245189241 0.6832644201357573
-4.344345929458341 0.07402367212626526
-3.8926661810166383 -0.818156469351699
-4.532460550000457 -1.5867026068194483
-4.115837718199244 -0.6776231735343595
-4.882754598754431 -0.03587672958667332
-4.01611498851015 -0.5348113805737944
-3.048843329492665 -0.7885544349842791
-2.2454188187213155 -1.3839610653570174
-1.264002168174974 -1.1920721442844344
-2.2354106993311142 -1.4294862668573562
-2.534823421092112 -0.47536257359338996
-1.5382481591875437 -0.5580532463433487
-2.5223299366716376 -0.735769467391812
-1.7055637404354327 -1.31273825397029
-0.7089002077162587 -1.3943581201043145
0.06425400620015453 -2.0285761910415063
0.9576566075559217 -1.5793192579945603
1.7231043041225802 -2.222817372848673
2.4617738462765635 -1.5487496407222752
3.439724505500771 -1.339913561169584
4.227136708641193 -1.9563403794907432
4.340513792907698 -2.9498924097152432
4.747092441630614 -3.8635081946065988
5.507338252323916 -4.513143713434875
5.049542263054826 -3.6240864418212095
5.256383469330525 -4.602460968976539
5.180289379117577 -5.59956161055424
6.056226410241644 -5.117136157758106
7.0147651588700795 -5.4020983787240295
6.054104066972713 -5.124375015438619
6.748895727194014 -4.405163955396486
7.691052055507359 -4.740337720806485
8.493723545598577 -4.1439163269960835
7.641331551593684 -4.666819653201188
6.950259535014461 -5.389605560577035
5.960711791001583 -5.533811185706652
6.496699117142627 -6.378037213625819
5.527661648145645 -6.131123496550556
4.6676302750621534 -6.641364652585744
3.850029542495819 -7.2171502395076415
4.847705638013789 -7.28528546117764
4.8253549599738 -6.285535268783984
5.655845903312082 -6.842567398048616
5.2798551186566725 -5.915943995660025
6.240015874061818 -5.636495746819888
7.23635879825035 -5.721940333655132
7.47406186567019 -6.693278200588775
6.538691666271948 -7.046948371903368
7.482550241159598 -7.37729817228329
6.786447908701547 -8.095240748501237
7.582021427441708 -8.701097807781228
8.563776040457881 -8.510945553465207
7.997841114145421 -7.6864956403839395
8.996315476442621 -7.741712918795678
9.016131540488532 -6.741909276270944
8.973406986328394 -7.740996165621323
8.222129662936304 -7.081009511698065
7.257890625094749 -7.346043618752975
6.454505944128741 -7.941503990557132
5.56264843504128 -8.393820454423206
6.500394853789628 -8.741141133514802
6.436605711825839 -7.743177734703241
5.603343887325285 -8.296056321582862
5.917424420024431 -7.346659977067348
5.307177786224759 -6.554448486405814
4.357645192304261 -6.240780105655364
4.767026220721527 -7.153143615212833
