0 0
-0.7312101134579451 0.6821523070230131
-1.6919075511510755 0.959749917261022
-1.020421201185485 0.21873299315612116
-0.3456722066850937 -0.5193142915219752
0.5379089413357491 -0.05103621723046026
-0.4576948399508677 0.042628667800113526
-1.2958353712597255 0.5880830194898818
-0.3908378424130051 1.0134998418903713
-1.2154330197224392 1.5792230900939632
-0.46149141308353525 0.9222816514719593
-0.47163541729936836 1.9222301997375535
-0.6478568634070558 2.9065807480341017
-1.17826879959673 3.7543207895253135
-2.0791353235356187 3.3202245950634595
-2.8707445590366008 3.931252268961746
-3.72743294729737 3.4154179879962743
-3.5816182284791487 2.426106071674651
-2.5936409714625897 2.580705358924094
-1.8043043061069823 3.1946659673716473
-2.49675895681631 3.9161273708514335
-2.474835035285199 4.915887012797786
-2.392806542538662 3.9192570281105237
-1.4005281762822868 3.795226209925774
-0.9605753279211657 2.89720533532489
-1.383489557212771 3.80337505158266
-0.42151169503325703 3.530247622208509
0.0503032203241045 4.411945237973872
0.8262380358838975 3.781132142039593
0.10392762807402534 4.472701136984809
1.102702579623552 4.4232178452870965
2.037652682035574 4.777997080868534
1.6322279702004454 3.8638686418440154
2.4997872291947205 4.361202465480921
3.2600154045112717 3.711546309152924
2.946019004645507 2.7621221358397845
3.6976960032054977 3.421653552707733
2.70615581993113 3.551453648825699
2.283395741544773 2.6452120054861528
2.7523414052250637 1.7619849879445404
2.9559999483592576 0.7829430083499688
2.298664067902351 1.5365407394133943
1.3120130589604417 1.3736917708753253
0.4638897364320983 1.9034906287294016
-0.42841660191494557 2.3549210204241686
0.555000402504302 2.5362797682668723
1.4301369149972267 3.0201558727623525
1.1143233402662118 3.968977134125955
0.14199643769330317 4.202601607443657
-0.21044401926303546 5.138435847200039
0.10065123704844914 4.188057111379161
-0.155742957990413 3.221484808470385
-1.1187745769668014 3.49087319138939
-0.6761494179394782 4.387579926390325
-1.2724165956038003 3.584793869685163
-2.029174694341886 4.238488890313527
-2.8843943603917994 4.756754577776507
-2.9503741760361213 5.754575535627935
-3.950340279319486 5.7628091426311485
-3.765563993003595 4.7800285343490625
-4.221782105593072 3.890160547653679
-4.713662657091118 4.760823239548754
-4.403917127414645 5.711642731800276
-5.20574387592857 6.309199311019003
-4.3381591589956 5.811909899363839
-3.3465777954294658 5.941395031438244
-2.4852365332863813 6.4494218320401
-1.5704857027531567 6.045403369542685
-2.4019011941862374 6.601054591628166
-2.7524277786954365 5.664501809585256
-2.7851204464836194 4.665036357719664
-2.8761808829205444 3.6691909897453403
-1.8932786895222167 3.4850625611614947
-1.9980015751488474 4.479564002701944
-1.3145548873087773 3.74956357470177
-0.7296997549992941 2.938425809453932
-1.490128654752943 2.2890046145276695
-2.4068558982381694 2.6885182701791113
-1.4258086722345649 2.8822870508189053
-1.6844298232741495 1.9163082207015159
-0.9707064371513994 1.2158805455619082
-1.9575365441344812 1.3776406764711007
-2.1442076830379673 0.39521821851298
-1.1447324453070709 0.4276103342630824
-1.123798398570106 -0.5721705245690991
-0.23312593042104224 -0.11752499838275815
-0.3729851186294816 -1.10769640146087
0.019696417532486743 -2.027370915165298
0.6002736963445479 -1.2131657669826166
-0.33330817838440185 -0.8548015902327918
-1.0911784802742506 -1.507206836619874
-2.0907724146593365 -1.5357018597036405
-2.9809547008789927 -1.991306400177884
-3.892236605034278 -1.5795233369526973
-3.3224217552057045 -2.4012964424476633
-4.180131335572926 -2.915430934333089
-5.110910879659416 -3.281011897062476
-4.4907294108727 -4.065470274399064
-4.30975559881243 -3.081982359197065
-3.5544398693314685 -2.4266212764353225
-4.1821020744097 -3.205107086399982
-5.182078868261056 -3.2119197040146066
-5.244403744837631 -4.209975619161506
-6.1034261128449225 -4.7219136732883165
-5.320760947286457 -4.099470713153543
-4.356967590222632 -3.832820446175164
-4.078106706584732 -2.8724889369676974
-4.977873494353277 -3.3088600263270567
-4.555185758792499 -2.402584638706659
-3.6413185359465885 -2.808597814610968
-2.8421023863282446 -2.2075541005691113
-3.342878562236481 -3.073130914978279
-4.254460038786959 -3.484250376461253
-5.0457398052148354 -4.0957046521367495
-5.61087495049924 -4.920702996113497
-4.889042377045518 -5.612770721051726
-5.67287667654332 -6.2337407613361115
-4.714904423145771 -6.520601636535958
-4.173325534570159 -5.679951704965625
-5.156341617839185 -5.496432278107259
-6.029764114748783 -5.009469094804657
-5.780855192523888 -5.977995990888003
-5.039289488162202 -5.307115743664583
-4.413906431704476 -4.52679783877223
-4.29526196213576 -3.533861038245248
-3.461158308497312 -4.085468774763683
-3.1963755635388527 -3.1211606818948825
-2.269627389824285 -3.496843823008127
-2.0672004481399164 -4.476141190144541
-1.9338657189253639 -3.485070128118572
-2.105471128313534 -2.499904363656206
-2.0377332180943686 -1.502201213656598
-2.3363871180026825 -2.456562700761749
-1.3420535277553203 -2.350257896986047
-2.2142050552144403 -1.8610220508435922
-1.8000769594437813 -0.9508034395784919
-1.8590390114569635 0.04745678522383634
-1.6670570760892995 1.028855244817332
-1.0718813147085418 0.22525969165340665
-1.141857371391376 -0.772288979585807
-0.2765907448078233 -0.2709770358614242
0.7113033096919122 -0.4261071009167624
1.5724754550880848 0.08220632207514866
0.8565110116298298 -0.6159304236298107
1.6263786986375215 0.022273105427673356
0.631455690542826 0.1229121036530259
1.3985419421209369 0.7644560870554449
0.4029161752597682 0.6710251908694943
0.3630696296147663 -0.3281806201625277
-0.5387612847164084 -0.760269733606268
0.03755959905927786 -1.5774932274707139
-0.03069743045220477 -2.575160996781855
-0.4133230759984984 -3.499064463259973
-1.411563679310786 -3.558357784120929
-1.1891274388789996 -4.533305023176752
-2.1621712819791377 -4.763925229153839
-2.833042735826079 -5.5054988886195
-3.5183911699054113 -6.233714189135087
-4.029312358854217 -5.374086631012885
-3.91757782755149 -6.367824722521186
-3.4094037896581835 -5.506570319216789
-4.271379636103669 -4.9996209724921
-4.812385623038043 -4.158602231855982
-5.749059061185981 -3.808398190948224
-4.749070564889574 -3.8131947808672773
-5.012206737074434 -2.848436077932756
-4.779204720828348 -3.820912329789458
-3.8789623444175976 -4.256301424409804
-4.597692023322107 -3.561011809456567
-5.067176293868575 -4.443952645362037
-5.392600985624817 -3.498384683766809
-6.392015763081524 -3.464177921260541
-7.369796971290285 -3.254549896240468
-6.370550217019089 -3.2157436586171104
-6.406530108416848 -2.2163911445286106
-5.968535578470064 -1.3174135075783382
-5.045486771949687 -1.70209636498338
-5.099307625948922 -0.7035457575153393
-5.997115647733622 -1.1439328100260178
-5.169507782088468 -1.705239518272296
-5.050967936231693 -0.7122902220117809
-4.05380144791242 -0.6370639329034579
-4.299685399909277 0.33223534087652784
-5.2991250075722665 0.36570877264635476
-5.230954444801224 -0.631964908660053
-4.356006873100968 -0.1477472439927825
-5.340792356836162 0.026027181698805496
-4.458275313014196 0.4963075952434677
-5.06391416350215 -0.29943204985386573
-5.173807155227431 -1.29337547398306
-5.107523915451405 -2.291176321910538
-6.070878330282794 -2.0229445724384236
-6.001954908957577 -1.0253226189947222
-5.909952993180412 -2.0210814489798405
-5.30840113909619 -2.8199152031789443
-6.304848072067258 -2.904138179691011
-5.366104928354452 -2.5595205508148924
-4.39205823257879 -2.785867705531965
-5.388925316324457 -2.8649626949080864
-5.110974788019336 -3.8255580851816937
-4.653898694697273 -4.7149856791506695
-3.7509667258568182 -5.144769182377469
-3.993501674219741 -6.114911851690902
-3.3118228947990627 -6.8465634365914845
-3.459269347226543 -5.857493396772994
-2.6707749360213864 -5.2424514766584105
-3.5784069153982987 -5.662218304805119
-3.2528809935311314 -4.716685188413878
-3.3777526344230173 -3.724512283471918
-3.5532968214875797 -2.740040730613309
-3.5668037800140295 -3.739949507488162
-3.2278815635811116 -4.680763905341531
-3.118734275140842 -5.674789493254708
-3.56063697694182 -6.571852479973587
-2.658863477016252 -7.004061404953153
-1.9719113684659866 -6.277358714330402
-2.464364673923761 -5.407019848173253
-3.421465060608363 -5.117263312771229
-3.1163877995467852 -4.1649357090637835
-2.1808336065580574 -4.518118879644163
-1.3276228479126 -5.039685175844026
-2.196918510236209 -5.533977651474961
-1.5230784558863042 -4.795100407845332
-0.8509129716425653 -4.0546994612013
-1.8284261189149773 -4.265573942610463
-0.8466593530986152 -4.075484443851378
-1.8044504350583386 -4.362949647516835
-2.1324037443872093 -3.4182557145945145
-1.161279315765336 -3.656829275857787
-0.6401206286475054 -2.8033694801780964
0.2826602491659016 -2.418044355715756
0.8665318636039131 -3.229890361959274
0.3037581053332383 -4.056501332732044
1.1832359332616935 -3.5805614728944306
1.3121354932816833 -2.5889038185465942
0.5698333793832587 -3.2589691673760424
1.3511759394238214 -3.883071565920752
2.3005648178931297 -3.5689684659061403
2.82752607663439 -4.418857771513539
3.7040158681296864 -4.900278217074935
3.412262829966456 -3.9437845345435107
2.433372553260128 -3.739398071758404
1.6543578958492962 -3.1123923592333234
1.0226644400470504 -3.8876106368149452
1.2017524789715333 -2.9037775847607956
1.9364637774402098 -3.582157498896283
2.909910851540443 -3.8110696958751573
2.8523705595103706 -2.812726510996784
1.859160998848068 -2.9290655354425637
1.2025881542053993 -2.1748029156092366
2.1053495551116184 -2.6049445818470476
2.940535109787794 -2.0549763197989104
3.9182170776886394 -1.8448859353413374
3.4162442501344548 -2.7097693265550067
4.132864950112074 -3.407232424047331
4.924046958420995 -4.018813187093605
4.7458282456543355 -3.0348222875321333
3.7582655835657235 -3.192048202852903
4.365568554642906 -2.3975778753259234
5.3494376803944625 -2.5764676273881046
4.971175382241763 -1.6507691701158467
4.837489703599968 -2.641792953546942
3.9048734434623005 -3.002662613295209
3.1887186337036875 -2.3047211483716774
4.006404784261151 -2.880385424826728
4.569133048420359 -3.707027367094579
3.8798683207263363 -2.9825177845790094
4.752903403861908 -2.494860380642121
5.40604917445267 -1.7376281821987383
4.562117759315703 -2.274079267149562
3.648395352758805 -1.867740290732248
3.0805602598590247 -1.0445979535441419
2.7436422526172874 -1.9861319446439092
2.12776143670783 -1.1982926078532785
1.1552706731672504 -0.9653511670827262
2.1409776723280958 -0.7968824405922541
3.1391955308449075 -0.8565574515944357
4.102355488400457 -1.1254866172897762
3.298149234272822 -0.5311362990245315
4.065841530048167 -1.1719549465428292
4.310076818728961 -0.20223894494080896
5.194271327411878 -0.669357849305612
6.155519331299782 -0.39367274810948466
6.538882029765393 0.5299251305288142
5.850448892484105 1.2552249412919523
5.006374290992651 0.7189991799590572
5.994909984136589 0.8699865416170307
6.388297848327612 -0.04938606418935554
6.597688209633072 -1.0272181952795387
7.588150539571916 -1.1650019859521572
8.511919505156914 -1.5479522414972102
8.43745961301827 -0.550728232328407
8.846596208165508 -1.463201380706662
9.515597073337796 -2.206463005169227
10.434437518815798 -2.601092243510466
10.563539349601479 -1.6094609020897819
9.92662376035692 -0.8385273562006077
9.098704231597678 -1.3993742639205977
9.011941022181725 -2.3956032263041673
8.4603088558297 -3.229690723540381
7.56686806665629 -2.7805097397029153
8.556378738086497 -2.924969530391333
7.563696599645529 -2.8042128658950563
6.605826732344245 -3.0914154378128935
7.553131345736013 -3.4117495906075566
6.982759686880955 -2.590362854182546
7.307583761064631 -3.53613730976417
7.7517084938358645 -4.432102276568609
7.009432741791101 -3.7620077250862227
7.0141018427382145 -2.762018625397458
6.318472446943765 -3.480419449246268
5.548563997752904 -2.8422650949835058
4.563638624203385 -3.015244887266708
5.291620667181427 -3.700841084092154
5.100346179633815 -4.682377670477704
6.000367576876415 -5.118223382290357
6.330016812192539 -6.06232686266499
6.597367294657322 -5.098727506331743
7.480273318544488 -5.568277240634462
8.078503383675088 -6.369601637601034
7.07858722671016 -6.382550731796725
6.114516278908497 -6.116905841755897
5.131606143444468 -5.932819814034928
5.30139803470493 -4.947339873263836
4.725443218089925 -5.7648214016288355
5.178992729395947 -4.873590320037721
5.120135048991662 -5.871856704054245
5.249468719627323 -4.8802555737402935
4.2549544788375915 -4.7756543076560645
4.006489898003007 -3.8070133256246956
3.1587506317828193 -3.2766001503467272
2.6910098729695524 -2.392734446438724
3.3808091896213166 -1.6687338229950979
2.578484229003758 -2.265621297792512
3.3548422384766976 -2.8959134848987897
3.20895479733773 -1.9066122898535576
2.9297685205869204 -0.9463753280186048
1.9529885772277504 -0.7321302761474897
1.6268632972346062 -1.677456834406271
1.466517105513202 -2.664517672855676
2.163770281024914 -1.9476927226489789
1.179386602635139 -2.1237290078853355
2.0937468257118685 -1.718827313081432
3.059454659089625 -1.4591960735264844
3.6983756242681927 -2.228468457182162
3.128000018978904 -3.0498524531857836
3.9115059390069202 -2.428468133073784
4.875593857889627 -2.1628848416859188
5.871515537860247 -2.072662852323572
5.976023664771234 -3.0671868849188417
6.0068266259382 -2.0676614087135845
6.952258285174697 -1.7418409401832529
7.905404771935075 -2.0443500719071546
7.601499836796026 -1.0916477099923063
7.972266538786132 -2.0203737474734247
8.714100467669272 -2.690957390248734
7.714999560450323 -2.6485619047075466
6.8255887881828485 -3.1056707300156727
6.283222117401998 -2.2655288405552696
5.753962323724502 -3.1139886632908276
4.787135255600356 -2.8585568321842336
5.764498336554337 -3.0701257523689867
6.072789266847405 -4.021417874852419
5.542753333414518 -3.173442692863036
4.812407902891975 -2.4903646943044224
5.553020792695326 -1.818432742796586
4.68109414220052 -2.308069257118085
4.482362675161935 -3.288123237268511
4.170231361490243 -4.238162206482714
3.59145921388679 -5.053651508165137
4.524178387549463 -5.414255089791861
5.422343099850984 -5.853914218636385
6.342136664186241 -5.461511620521332
5.573375239389265 -4.821975951661397
5.363874036338216 -5.799784340825738
5.077767949970886 -4.841586392934192
5.972986809876552 -4.395959651289126
6.112047633058369 -3.405675809425595
5.720223706756541 -2.4856355870562576
4.791149616963807 -2.1157419054722064
4.247800684849798 -1.2762349442321188
3.796949612677254 -0.38363575606260936
4.662892512618866 -0.8837786296904477
5.580555270574342 -1.2811387467902264
5.063629318382268 -2.1371688630538523
4.7116374726261645 -1.2011657965411344
4.941821304715836 -0.22801863221062368
5.941818832513466 -0.23024223258561857
5.42498984260431 0.6258464282372439
5.42009646542492 1.625834455595462
4.535485451594419 1.1595047930071019
5.082546674551688 1.996597391431253
4.786545171203823 2.951784865184863
5.044375862419625 3.9179749782926208
6.005900685206415 4.192693043160646
5.059701344481035 4.516277356147009
4.46909763026272 3.709315614332981
4.807391288538079 2.7682750196875245
4.153243962211885 2.0119078631687524
5.136302209859119 1.8286144324824651
4.631464524568134 0.9654001418743681
5.300431509984941 1.7086922597004284
4.302336835198442 1.6469912049052773
3.445887549077235 1.1307600354642267
3.1879614117555803 0.16459539748251562
2.228050557673581 0.4449008598188159
3.191268220812361 0.7136232694118165
3.442098520261735 1.6816543437467972
2.699715577467343 1.011678548476596
3.406989292157985 0.30473874021304925
4.380311855953644 0.5341797714307588
5.316722202820813 0.18327285744913296
6.146547389254737 0.7412962977810815
6.738813772388698 -0.06444592614007794
6.147677902946343 0.7421260693188715
6.273765728525803 -0.24989301328016988
7.015531289053761 0.4207662543175017
7.676557554721387 1.1711290173178472
7.91839727164688 2.141445229342256
7.63911394213128 3.1016539680312354
8.588558719529155 3.415588060910456
8.385514835885386 4.394757699591546
9.264618783628604 4.871387796272704
9.100397639222502 5.85781134411103
9.97154686864354 5.366792994067845
9.429716748339725 4.52630496873283
10.422974738552194 4.410380144475525
9.453792781118862 4.164034181679917
8.478241803460675 4.383807451187731
7.881874533253744 5.186519154743829
8.162596333679652 6.146308335119205
9.1187559136647 6.439154468101727
10.117468009294633 6.388418385847919
10.06653000406092 5.389716568675841
9.410601335004904 4.634893688053902
8.511856502630819 5.073365723970536
7.701253824064516 5.658962255296614
6.7679940241003695 6.018164351296738
7.755121374441031 5.858228132104756
8.328902656751819 5.039219560678431
9.135002053212474 4.447439396237473
9.659584610563408 3.5960798126753013
10.495460860551521 4.144997743431632
11.382135723458825 3.6826043097754932
10.91897704779644 2.7963289343087783
10.037433370639686 2.32422646104164
9.112673370930542 1.9436756195789728
10.058621927756965 2.26799232873533
10.226626265382171 1.2822060727248723
10.686988033823871 2.1699374747588602
9.881558925344656 2.7626295965340515
10.033568401494657 1.7742505603538001
9.501376022300722 2.620874013565379
10.442618359843248 2.2831420754584206
11.288624763590454 2.816314809962654
11.265065814489365 3.816037259404124
12.108919383141245 3.2794637279347763
12.615507202927843 4.141652095313891
11.65505929328687 3.863192380334711
12.335223885369562 4.596251810174466
11.339790758742515 4.500790349817416
11.118420509512472 3.525600515602647
10.119277840569609 3.5670001182303563
10.658565213627018 2.724878316315195
11.653643666499505 2.8239685410040876
11.157539955062635 3.692231811849148
12.104508316781475 3.37090499705845
11.974619471035824 2.379376435820367
11.17665723143328 1.776668990894977
11.93265196080905 2.431246693811946
12.903447698225186 2.1913391361680503
13.86255253917128 2.4743901988294894
13.191920932421393 1.7325996299840334
12.291270085354569 1.2980561319567228
12.726702414400274 2.19827759738722
13.681127851892949 2.4967270642436947
13.689291469444646 1.496760387124667
14.479125123620602 2.1100815091570464
14.070779025256407 1.197254327292517
14.894313641219812 0.6299883082943686
15.351641764937586 1.5192863389099664
16.14028351300583 0.9044333538770705
16.00055495336885 -0.08575649136563612
16.21842112572081 -1.061735144280087
16.572550140859903 -1.9969317228862187
17.38781653431676 -2.57601781985268
16.45048129091824 -2.2275890014649895
15.627609342145044 -2.7958158539827176
16.6215581237654 -2.905660378267769
15.638256106339401 -3.087641538078236
15.799506138966901 -2.1007279517001627
15.186668712657662 -2.8909369676666135
15.256201203778298 -3.88851665504931
16.169673265913037 -3.481615202976074
16.02687133008938 -2.4918639174881405
15.744295243805784 -3.4511088056479076
14.871558262715379 -3.9392995079735504
13.873364899762171 -3.879216147913001
13.485520668648054 -2.9574912147623893
12.74236939581387 -2.2883677689880444
13.489981415733585 -2.9525034988441976
12.577873204163197 -2.5425539770907655
13.541170282449626 -2.2741163885066955
14.327562765079625 -1.6563892130780706
13.822619264256847 -0.7932368157710611
14.418104420406646 0.010129494703338349
14.014195400328097 0.9249286549014585
14.365648332354745 1.8611342074217756
14.093134246487265 0.8989824143018895
14.904085162704126 0.3138682275938297
14.57821021380992 1.2592811097163437
15.554142008618022 1.4773570870330475
14.557797333941632 1.562781259513663
13.78260717707143 0.931053295361725
14.77022584747167 1.0879270085097976
15.034189859361575 2.052459537990782
15.569540210561883 2.8970896354119597
16.56347817982835 3.0070319532447574
15.816602681779894 2.3420680516569576
16.816487870770935 2.3572209007736658
17.634857419730828 1.7825285645317592
18.444732908693958 1.195926746961499
17.782037120075252 0.4470380424485827
18.743163477246718 0.7231469440622564
19.59553259031526 1.2460875669696279
18.811271589867925 1.8665186132409648
18.00177598872721 1.2793926712712413
18.934178194569157 1.6408150371274113
18.57431345996382 0.707810550113854
18.91208373556648 1.649039130703768
19.895047012712666 1.8328411866825505
19.48940342231256 0.918809853758284
20.48305786804176 1.0312858177799025
19.81536730134555 0.28684689674951347
18.881609684650638 -0.07105911502485934
18.009927905102057 0.41901320127449865
18.975153458145208 0.15759470201986153
18.264519768352805 0.8611568946738115
18.682764479212686 1.7694912834523797
18.504842719959242 2.7535359204400316
19.50233579698187 2.6827717961118998
18.540931389736798 2.957910971311922
19.453217993579667 2.548358590719596
19.49322113844558 1.549159036876202
20.216843204987647 0.8589626120713589
21.198506788035534 0.6683409718581288
21.80555932065308 1.4630026751272767
22.290641579565737 0.5885341496283899
23.282955449202667 0.7122806005923582
22.374328865238923 0.29467105698208734
21.495251798120645 0.7713507293688253
22.276155156612727 0.1466988705740352
21.387149963099457 -0.31119824222144354
20.758467681682287 0.466464016752272
20.05613005993131 -0.24537997252710841
19.449523880654425 -1.0403824525629253
20.23240207063822 -0.4182074453119936
21.17210214410558 -0.07620777875450302
20.482417295007046 -0.8003174451199888
19.697622345673448 -0.18056193889154426
20.09380641710322 -1.0987330457911941
21.065697925759917 -0.8633038730002884
20.079159711768646 -1.0268347640726243
19.98685951510654 -2.022565989703385
19.23253627847783 -2.6790691920428618
18.78669488676815 -1.783957213886847
17.83180735253258 -1.48698954399413
18.831174076436433 -1.451406526223302
19.618502288910175 -0.8348724348358888
19.63734695034188 0.16494998876518474
18.64078001749142 0.08215899680937491
17.69996782499209 0.42108733502352413
16.70625032709323 0.30916980123355
16.48073739455247 1.2834099755524222
17.165033177157216 0.5542054213227073
16.372193021428533 -0.0552242197878281
16.100625683589467 -1.01764366110175
15.29574584627557 -1.6110814821795414
15.408054816695202 -0.6174081479477715
16.09040220905418 0.11361992000920162
16.409518722744078 1.0613354103808663
16.903656977028067 0.19195207395603486
17.054596087729248 -0.7965909877568765
16.479182891443386 0.02127186965877259
15.502617447021356 -0.19394879096840978
16.092170087688277 -1.0016787482453822
15.221648971836863 -0.509547681499124
15.983265909046048 0.13847981865507475
15.021761979915091 -0.13631136436528996
14.8586314070323 0.8502931238623546
15.693384318732326 0.2996684091897116
14.948961802362772 -0.36804044736531505
14.826678741354891 0.6244548186135929
15.696227701258708 0.13060807484566128
15.237479239581855 -0.7579581010293388
15.552374334019852 0.19116838132108283
16.060235756693654 -0.6702704008101507
16.11349217774717 -1.668851270653235
15.375888028380219 -2.34408465166802
16.375690036833312 -2.363982990622774
16.016853508450765 -1.4305825696359593
15.682200927591683 -2.3729241478995715
16.516691110330434 -2.9239469558781956
17.073371344841533 -3.754673816226811
18.012580992308507 -4.098018013942402
17.732715193431776 -3.1379788821258447
18.58045551923377 -2.6075674003410594
17.82656251340042 -1.950570188965271
18.625989558719077 -2.551333369605602
17.696417314286972 -2.1826933793963725
16.7091665243516 -2.3418658574570657
17.621966577474666 -1.9334591202225688
17.030376723933916 -2.739698194683511
16.039058845962 -2.608211066745997
16.674462006560578 -3.380391630799079
15.854247521820492 -2.808335515524927
15.004167118971823 -2.2816825855106293
15.927426142810765 -1.8975045344718353
16.887904043831337 -1.619148284944162
17.887614708375395 -1.6432021244896786
17.86558999843002 -2.642959551144676
18.559634550588438 -3.36289160322961
19.132521555158334 -4.182525960729912
18.707488326391672 -3.277348213298952
19.29477756363781 -2.467971075114996
18.37478228484884 -2.076041633753402
17.951690868094328 -1.169954632925855
18.129755192818354 -0.18593578338049366
18.789815609310285 -0.9371483009682267
19.734145315646582 -0.6081476843566427
19.839357193885885 0.38630214377816996
19.343808705278818 1.2548824195381316
20.00942655213996 0.5085896606693756
19.514826368513162 1.3777102842633273
19.260386083033794 0.41062179755428885
18.439685289848665 0.9819800109942464
18.87084995576703 0.07970675368053037
17.874154601596167 -0.0015236037864577584
18.582800525737717 -0.7070878844849405
17.862543718433987 -0.013380358554425875
18.531665457703685 0.7297724507901225
17.585195913561083 0.406979325072589
18.00177435264199 1.3160791018258975
17.31759220277648 2.0453902739639687
18.054838427503654 1.3697661150371785
19.052036609428946 1.294961128807026
18.896030170042682 0.30720509067310475
18.82596694312949 -0.6903374619202725
17.9073706073704 -1.085534592388059
17.02599929278765 -1.5579587723690098
17.787344184764 -0.9096116774718999
17.884602821279366 0.08564746346736896
17.346681635748553 -0.7573476718431045
17.579539308115972 0.21516315299106004
17.391916656044646 1.197404335404892
18.259930549283055 1.6939442443196735
17.71497139306783 2.5324068362444354
16.903152955356987 3.116316781520866
17.88269231768173 3.317569452699248
17.303495254164954 2.502381890469829
17.24092639239637 3.5004225397106223
18.119434892952892 3.9781492549463655
17.793590290218777 3.0327259133321194
17.533879858650224 2.0670393742654944
17.64460843535837 1.0731886901583758
16.88920731040622 1.7284513401095436
16.26058782565042 2.506164361336106
17.18439089546946 2.1232963838387477
16.226769382471044 1.8352668057697148
17.210825696757016 1.6574096430972172
17.95975082115568 2.3200642726324276
18.812622011677238 2.8421856496879383
18.255651904884935 3.672718189772774
18.079479941586825 2.688358784195884
18.977210606485528 2.247814060812964
17.99967286935335 2.0370535984807168
17.206687787143814 2.6462946504405576
18.053415916552513 3.1783204720583096
17.055136995204705 3.2369651239257666
16.329986940587084 2.5483742451827625
15.357873282517211 2.7828844492123737
14.50168207099098 3.2995435334306276
13.608000318205754 2.8508421575259804
13.6572973099571 3.849626321699736
13.043003811879176 4.638703946663965
14.017263074025779 4.413273491486416
13.025368662436632 4.286208640885551
13.746976720173786 3.5939068201391278
12.773030710503914 3.8206868242138547
13.175509077839209 4.736116321131622
13.400288370961649 3.76170661808912
12.422666129981861 3.9720747571731025
12.630329658221203 2.9938744407556586
13.571721204241818 2.6565586286730976
14.003918726066921 1.754779663444788
13.980265068010842 2.7544998765347137
14.325734505823087 1.8160698751293387
13.536781146432736 2.430522962603622
14.421025611537834 2.897547293801684
15.19437126663235 3.5315319132889664
15.200729229154625 2.531552125336947
15.402650883066283 3.510953802730641
14.402652539714193 3.5091335573969027
13.462740704321131 3.167716302870939
12.49629268620131 3.424578577781575
11.594467428783629 3.8566794978032006
12.36997370685057 4.4880193529357255
11.370080309925239 4.473418161713012
10.42512059428654 4.80060486043414
10.608709501271136 3.8176017509618445
10.357044001730122 2.8497874731477735
10.190150395450088 1.8638125626237556
9.5880275439825 1.0654091108898958
9.736751597809224 2.054287847547402
9.292357892257408 2.9501194357747464
10.291722754816123 2.9144841795949286
11.286768160210173 3.013905712494958
11.736226531733978 2.1206044350598647
10.807114222198216 1.7508067656930588
11.77700458366613 1.5072648047671502
12.77678098368549 1.4861188840180177
13.668004077228325 1.0325536764282586
12.885457550052077 0.40996156854028043
13.884714302877438 0.37141365117868913
14.498607298699445 1.1608029022333766
15.346436940272826 1.6910716066366747
15.308287088969722 2.690343636088891
15.711549290480374 1.7752591608447834
15.482437227574753 0.8018591081269243
16.432716635756773 0.49046057507766583
15.71752264447215 -0.20846542589122785
16.154741789158006 -1.1078204278343795
17.017923440135334 -0.6029269366740617
17.480509515572635 -1.4895013119023983
16.98407142109649 -0.621429184511537
16.679317359444397 0.3310018953606776
17.65105617219028 0.5670605317271964
18.384376008435932 1.246944358398085
17.51537076184329 1.741747229645269
18.514464987935728 1.7842998722042764
17.62629936356868 1.3247763976214313
18.006768028198046 2.24957020990347
18.68706548897862 1.5166340838628019
17.96097571913327 0.8290341666682732
17.655917090880724 -0.12329940584120969
16.934524422076098 0.5692268517078722
17.56592848122029 -0.2062271534376534
18.07893079986184 0.6521600674996066
19.065535709959345 0.8152880889168113
19.447123547953268 1.7396206707806794
18.689622306355563 1.0867869484761892
