0 0
0.46379362940989294 0.8859432652934379
-0.2401383773021752 0.17567590019328017
-1.1300707681696576 -0.28041656815594257
-0.31195784156235173 0.2946410283663789
-0.23172269849825688 -0.7021349353373434
-1.0450140233630405 -1.2839916366820001
-0.22031622207078005 -0.718418001738051
0.7366238148027724 -1.0087036641956448
0.3092394645147993 -0.10463363531020109
1.3068993718859523 -0.03626179005074877
1.700653029469349 0.882954211300238
2.5675835086225867 0.38452513478569794
3.55516444682467 0.22741405783727703
3.4620939163466593 1.2230735761247997
4.051954830687241 2.0305784378645253
5.0477396425099155 2.122298711213886
4.424140019228601 1.340554821027718
4.306334949879178 2.333591560345845
3.7195927977206544 3.143365384867473
2.8693239181576726 3.6697139694069505
3.6943420245490985 3.1046076748690945
4.651785789885371 3.393227556753037
5.635157273107599 3.2116221438785457
6.097251643564712 2.3247913861846974
5.352484564322316 1.657466879159254
4.708262116926953 2.4223050569929248
5.596243391535161 2.882184667266289
4.842049384200053 2.225533009764527
5.421573924714542 3.040487798045123
6.387896097317207 3.297823102145559
6.59170323417282 4.276834159778065
7.039687539053441 5.170875580843457
7.82868089050013 5.7852773153567325
8.73067669287432 6.217022115556272
9.680531497393208 5.90433081357877
10.497206617884506 6.4814285068426765
9.73705701973773 7.131176602982476
10.117993077557697 8.055777987284156
10.478690623358329 7.123095147057425
11.02779504793123 7.958848897222187
10.0992910725417 7.587526439396328
10.879093316367156 8.213552365796172
10.57828755816196 9.167237793927795
9.904403543173515 9.906074944010987
10.83363800114234 10.275565569228169
11.396646828948208 11.102016450897892
10.422596520832839 10.875684841836428
9.513056750989879 10.460067942427832
10.061626395164357 9.623963077300086
9.142891091768618 10.01883703477809
8.142944684556285 10.00848412682197
8.815886152195578 9.26878839131211
8.941534514916537 8.27671355091672
8.226396204787166 7.5777305773148536
7.919605480857554 6.625953580476443
8.653805144246146 7.304887195994248
8.978064941336626 8.250855263103725
9.919142388341946 7.912664135576778
10.919122463677386 7.918976736635594
11.830503702079941 8.330539901031809
10.851107868089636 8.5324898957395
10.141889526288992 9.237478791860243
10.788473389955488 10.000321703111377
11.584788546359524 10.60520365166102
12.579554091656775 10.503019945085729
11.585193095258534 10.609068089067113
10.73950573913164 10.075389444481155
11.155045994175017 10.984964233291008
11.866419387121734 10.282149964933089
10.876788385304739 10.425783109585323
10.060830237112176 11.003894085435258
10.300200267102552 10.03296566956599
9.316753651098372 10.214163775157427
8.376729250673993 9.873056568246191
9.231848753225373 10.391487505166703
8.521182344021469 11.095016648009576
8.898231093825535 12.02121006208203
9.80525169641258 12.442296307977848
9.858856901858516 11.44373410062715
8.862003487600235 11.523001183843373
9.791285038642359 11.892373352384459
9.954104041328735 12.879029306790153
8.962238633407306 12.75173825223856
8.382774820667736 13.566736221392668
8.954054222347882 14.387491876393579
9.743536630663488 15.001265064925132
8.903883667828351 15.544388349274254
9.878070742583065 15.770130554855875
10.662183968565738 16.39074835095831
10.276921200730893 15.467941437395005
9.472258692181871 14.87420896621325
8.629515124001925 14.3358937441627
8.139213403428474 15.207446509520434
8.321336565187146 14.224170783210145
7.405455766057666 13.822720460273487
7.071297119323318 12.880203617552537
7.9327818798093555 13.387987043286692
8.662196882111605 12.703915589112198
9.072092404610059 13.616048068873619
8.354341752953502 12.91974784479884
7.437402459484131 12.520721113749538
6.55435176681528 12.989998722609222
6.196869641858707 12.056078741916801
5.8397747926753985 11.122010613412916
5.303905394821877 11.966311500800881
5.929223157586662 12.746681730609042
6.731195122169556 13.34404340331918
6.500928581519344 12.370915806209231
7.132710362237976 13.146062103079696
7.555932472538289 14.05208806592676
6.812711572221518 14.721134172957008
7.593114125209039 15.34641159561879
8.205804838246795 14.556088819686522
7.87844809651189 15.500989641805281
7.218332572273271 14.749825548774222
7.447223793773095 15.72327755515169
8.091386025109815 16.48816644886064
7.712997600953071 15.562519539686209
7.476499957461233 16.534151602054884
6.754390599438467 17.225930522705077
6.064883087476605 17.950209054036886
6.258972891517292 16.96922528864245
7.171468504028887 17.378311779677155
6.342904699151199 16.81841712775895
6.128525713159768 17.795167684638894
7.062824915488584 18.15165751693112
7.497118956094815 19.05242867893283
6.662355813324697 19.603037882881107
5.763988438578727 20.042282757628705
5.538997025971354 19.067922011163137
5.211743374367019 18.122985480219587
4.407315741614318 17.528934822729937
4.610623848178643 16.549820011379794
4.493287221924766 17.54291221059362
4.25782964562247 18.514796838397686
4.815973579949213 19.344540984851438
3.8193465448830843 19.262476662668785
4.206208835255044 20.184614162333645
3.788976896822195 21.093414200599252
4.020508907022972 20.12058691466799
3.0311715631185496 19.97494481925549
2.0313874364181634 19.99572221076517
3.024923518637304 19.882205457249928
2.7236113394602364 18.92867990925472
1.905970965163991 18.35295061668685
2.894311239388416 18.200689320403164
2.690811291336148 17.22161436354709
1.8968070117413025 16.613702195561395
1.622246429465726 17.575271998883284
2.341022204475031 18.270513960548268
3.3073882533296723 18.013343473086994
2.307773391910735 18.04109466820357
1.5784416421492853 18.725254882473518
0.7733347808675676 18.13212509742045
1.2637183441572248 19.003631816187056
0.39469752854975215 19.498407343109037
0.4551958295078946 20.4965756433376
-0.4515943640512665 20.91815783563815
0.3950294369122699 20.38596600965615
-0.5098300604188866 19.960255673759068
0.06354897505327994 19.140965443327257
-0.4631427423978075 18.29090907180333
-0.2902757112525411 19.275854242634185
-0.5284443659607853 18.30463043119088
0.02747465654239989 19.13586688396416
-0.8179562179642966 18.60178202513474
-0.09994818382162807 19.29781683957047
-0.5703162623380704 18.415346516719467
-1.4255121763274257 17.897041636657633
-1.4402197392389815 16.897149798710547
-1.8474734397948749 17.81046487215647
-1.6194142601471067 18.784112144313273
-0.6195791743848382 18.765951712634557
-1.5033561896828451 18.298043401925135
-0.6510328945421233 18.821058698604364
-0.024535400347550862 19.60048213279654
0.37306289302870377 20.518041720564163
1.2668937028439538 20.06963734566912
0.4056159313187937 20.577771776973133
0.749560567954473 21.516761706061594
1.5692597669900366 20.943967482015598
0.5853405288476338 21.122581403122755
1.311619691158439 20.435181535219716
1.7575620875820668 21.330243197381577
2.2914342045545917 20.48467796470034
3.200600874103359 20.06824553683046
3.8360843672110145 20.840359990773457
4.806353108018248 20.59832988807475
5.789806271278727 20.417167321099786
4.889723665212845 20.852886614059887
4.481368106205336 19.940063664398966
4.110454020182717 20.868730849557355
3.2993794312647884 21.453673591380532
2.4395544980956263 21.964262549644072
2.060016120778715 22.889438543789858
3.0583962956509048 22.83254367212135
3.283536064514191 23.806870149476957
2.5979417616659584 23.07888632280081
2.109824402581089 23.95166432651081
3.0863957562079234 24.166858172323025
2.463254419718787 23.384748924993385
1.570583166882551 23.835457294518275
0.833565673681645 23.159583626799336
1.7036229222056427 23.652534318340436
1.2264541523128725 22.773722640539656
0.27214424087740463 23.072541302835084
-0.44579532104188335 23.76864674415209
0.42377840009041223 24.26244988662501
0.821288774468436 25.18004756658167
1.2335371790335725 26.091119052763464
1.8565555346995681 25.30891183692917
2.665618309182176 24.721189600709963
1.9188387680237593 24.056117937723766
1.0002222150235989 23.660967803529047
1.882504682557148 23.190247453976458
2.5584062687317015 22.453255564057226
3.5581882886948635 22.474134083122998
4.418834312194157 21.964930369237432
4.6023664222484095 22.947944084593956
5.213576680984456 22.15647581636344
4.8960686556210655 21.208220231708204
5.203244023043373 22.15987315880346
4.207702868500322 22.065544957235275
3.3981213152794942 21.47853753932256
2.3988298189641215 21.516174029485473
1.4047522499379737 21.407501186700056
1.1271923284670828 20.44679285947838
0.20961273025346028 20.049240748501557
-0.02930563455519808 19.078201091763916
-0.9684770738713019 18.734752394615537
-1.960117790474877 18.863782194173425
-2.1742348907771447 17.886974194944226
-1.2302886519800205 17.55687497007273
-2.215115724276904 17.38333639317656
-1.8819496377970917 18.326204548763396
-0.901425307805182 18.52260220224713
-0.6840028690814478 19.49867980322946
-1.1096837500883128 20.40355315765273
-0.3705786295961502 19.729963059104463
0.31283188228041414 18.999928763843883
1.1414536499807726 19.559737629523173
0.14643882620690984 19.460010499461845
-0.6589754087505305 20.05272283283101
0.23898949380688672 20.49278991155316
0.06656497408299017 19.50776717831398
-0.3751098208472917 18.610591958235265
0.5642332291338962 18.953571016563963
1.3091316929880488 19.620748862829654
0.46672590993932495 19.08190519655337
-0.33350831517613966 19.68159276933928
0.4032720524664418 19.005460615203372
0.22031440601217314 19.988581411242148
1.1498062518027303 19.619738750194294
1.4725792004279108 18.67326232490109
2.246759731058461 18.04029747122231
3.245720334231744 18.08587941180924
3.524088591983994 19.046353832643018
4.081912846571624 19.876312928619292
4.711449224679223 19.09934191973983
4.066310114241508 18.335276786270416
3.6959133749111666 17.406403137438968
3.092696145775283 16.60882619790672
4.012101148262431 16.215514055452907
4.614808966356084 17.013476013198254
4.367023638959722 17.982290975679263
5.351660678801779 18.156904548379302
6.1320882706298425 18.78215071903007
5.949407157604063 19.765322937384344
5.085222871992035 20.268498374484793
5.767300796482811 19.537218875987566
5.586399755166455 20.520720179113628
4.653554210177296 20.160443633674046
5.153126617522235 21.02671576748627
6.050616289364143 21.467751241044922
6.311682409840714 22.433072162158368
5.578964213762962 23.11360434004312
6.472364765134202 22.66434333037328
7.471049949188877 22.71560640821377
6.4740960525512055 22.63761328044624
7.062863723348048 21.82931096706067
7.916731723708644 21.30882135336968
7.1172319816288825 21.90948778527211
7.979098395043191 21.40235241337585
8.858818588286221 21.8778441394873
9.512249524700666 21.120858002668044
8.710353930006853 21.718322190055588
9.704563487835987 21.610863569548904
10.600583501837296 21.166849904771464
11.299753003111082 20.45189395613647
11.118436381345456 21.435318728384708
12.0578131912998 21.778205311557624
12.849780378916527 22.388768964044775
11.858309647281779 22.519098501416998
12.247591202810167 21.59797968686298
11.744075625334768 22.461965834460045
12.743522285466435 22.49522802848955
13.282560477465637 23.337509351781378
13.005083872171873 22.37677695745159
12.802271299161989 23.35599453298274
13.605431040669236 23.95175826939342
12.609618301049103 23.860341708474476
13.513512020745857 23.432584600418085
14.495015444251658 23.241140014058505
13.675011256676868 22.66878249260901
14.22033152048012 23.507010271846582
13.742565171928309 22.62852332476571
14.66138564611914 23.023199060285055
15.607627736470253 23.346658341258653
14.644147310077496 23.078879574441654
14.17910373285781 23.96416736453407
13.191890403084688 23.80476271743034
12.257270157535308 23.449115425005363
11.260997939869203 23.53538052980829
12.081941191438654 24.10639031755503
11.60701289319347 24.98641481239931
12.365620846336725 25.637962180921203
11.63113801702968 24.95933490954676
12.511024254419844 24.484150514546904
11.776662828041873 25.162909157547574
12.625331499670388 25.69183399700616
13.61683049353193 25.821948351216403
14.427609534076868 25.236596023628113
15.393857541941264 24.978982384047274
15.417948700905539 23.979272618135308
14.421433216683624 24.062680589612633
14.237541082078096 23.07973416033471
13.57593166814857 23.829582800661427
12.704997675913916 24.320982822202133
13.699488898926788 24.425802702713234
12.961968003205149 23.750478389235663
12.438121408662257 24.602291012636968
11.923906580283418 23.744629593267227
11.499774362440245 24.65022987031413
12.34569632379267 24.116923171217195
13.232651358656204 23.655067386225575
13.334557151425242 22.660273332463635
14.305100084937001 22.41934509789909
14.988893325996074 21.689669277084167
15.920806210287832 22.05235147418104
16.623730309366877 21.341086607247554
16.90019297869439 22.302111264823157
16.565545707159014 23.244454728563383
16.275300626845883 24.201407075001818
17.18569049579179 23.787655595825424
16.269150818941313 24.187599367821967
15.336206235665738 23.82757936207678
14.352930997604972 24.009705159855525
15.336275694493526 24.19145555765744
14.514380415165467 24.761094171006512
15.514152246722498 24.739733346464796
15.599838841100365 25.736055486911308
15.830806847703768 24.763094141365837
16.246588999281215 23.85362990214055
15.247597696005448 23.808725826831243
15.71591454248282 24.692286425378672
14.72676426383407 24.8391936282283
15.377782998051867 25.598255290873347
14.688740249192763 26.322975988966544
13.7193596184799 26.077412977096415
14.67508790087128 26.371663635952466
15.674793382785845 26.347395355626762
14.860330493242305 25.767179704720665
15.6579215569431 26.37037825835341
14.738406487818766 26.763433009823572
14.350359667806483 25.8417933484166
14.815079767087589 26.727250986773264
15.26440723552356 25.83388385837144
15.503586089493313 26.80485938628845
16.349967134853898 27.337437198494627
15.423817342976324 26.960281311618754
16.28605080581705 26.453770249984668
17.286025624309403 26.46086689575495
18.17903625438218 26.910902466101366
17.20065083616245 26.70411278208642
18.15617826622638 26.409210543377693
19.135889866677353 26.60962306779119
19.334935954151735 27.589613197874723
18.52795647549269 26.999033718868574
19.202788650596396 27.73700494828392
20.04104547642135 28.282280561123773
20.831274148934057 28.895092640915614
20.038194704296068 29.504210851522306
20.342439068956466 28.551616831715133
19.417225934798495 28.931064662624188
20.415969354255136 28.981180349709756
20.02842058788688 28.059331146376348
20.40885449113243 27.134523033705747
20.863208441670466 26.24370179034068
21.66164789305071 25.641626676688226
22.506374956370582 25.10642934065694
22.434501229617734 26.10384307998614
21.48198686952398 25.799349412046755
20.618953085740976 25.294203207419624
20.235649002289534 24.370581001315067
21.03034000047218 23.76356681910227
20.04434103818854 23.59681536820726
20.01370901727064 22.5972846386674
19.043464268913894 22.355158373495374
20.016716966038267 22.125421159400364
21.016067807318457 22.16144748356168
20.79497866382241 23.136701086799413
20.10696110056618 23.8623951219485
19.320845626007685 23.244315466354116
18.32404431177473 23.32423505058387
18.528562857899693 24.303097739775225
19.526594586800357 24.24038675104476
20.444399096259314 24.63741934720885
20.317852373098706 25.62937999504591
19.753873220469337 26.455169021008025
20.696813467168184 26.122207024444574
21.090561845878163 27.041425287026026
20.89179082169858 26.061379328947222
21.24445880775501 26.9971278483748
22.231680548050342 27.15648039930592
22.998523635093314 26.514645778975723
23.258716381160472 25.54908908209354
22.384071078544103 26.033852524002192
22.197970788075185 25.051321770342348
21.202481512532408 24.956447631193072
20.21142709652195 24.822989231284474
19.2723887365024 24.479176842892493
19.549750861975426 23.51841139214341
19.032232950632178 22.66273901825319
18.039500381722313 22.78308039362184
17.302956874648263 23.459470563706432
17.891151366548076 22.650751057512398
17.494701694843133 21.732694600748957
16.54042840625309 22.031630196962485
17.540341169394765 22.018421635103557
18.52022140027555 21.81883522993271
17.601462334482637 22.213653895934375
16.905177559956293 21.495888256771565
17.195826418221333 22.45271804371866
16.298559250647322 22.894206016367647
16.49312170629742 21.913315884471416
17.141322015817984 21.151846017216354
16.14644947765464 21.05070931364922
16.692039587033626 21.88876147941686
17.366744938025438 22.626848662169017
16.595309681584745 23.26315648478342
17.257979388990876 24.01206826789694
17.83292909024238 24.830257024255033
16.833522625643035 24.79580824318757
17.735684249078915 24.36441004523174
18.416523207586952 23.631976899765416
17.968490382625113 22.737959792682606
18.588325424271037 21.953227659309825
19.099781157198912 21.093918033356985
19.103988159293756 20.093926882829454
20.085318836891574 19.901598774625256
20.582086807784254 20.769482167193157
19.831435328692855 21.43018055294712
20.821819755812776 21.568523194668117
21.232848938489006 20.656901008130014
20.35412828004759 20.17956464409697
21.330440465501443 20.395931269375264
21.052741372781547 19.435263161284574
20.084085689798115 19.186855899265314
20.900065494437275 19.76493630753136
21.893963232539207 19.875241729863458
21.22230598155697 20.616103752917
20.60007724914919 19.833268262813103
21.163230845889974 19.006916021648404
21.949814963861705 19.624399159357147
21.011285305788665 19.96959777018474
20.727302766545947 20.928427221862805
21.096238998231147 19.998972512396055
20.09635871370156 20.01444560546195
20.83689911710664 19.342433767080635
21.70583736245528 19.837354291781747
22.63790255924494 19.475063705465384
21.868040633344737 18.836853226822775
21.22326570389108 18.072480745405482
20.809138701044045 17.162261636886587
21.809040068905645 17.148216903051438
22.6530113241919 17.68460530733563
23.605160166444392 17.990240027544637
23.941384320072423 18.93202201851554
23.17090793774152 18.294553474765898
24.159730793826775 18.443648609775074
23.66764954325237 17.573099333264473
24.406057074549594 18.247454075016574
24.64103800782098 19.219454054954284
23.959632033906626 19.951359717395714
22.967369269153345 20.075515287887644
22.000346505291073 20.330205244839576
22.728045007375357 19.644308102358075
21.844339193892008 20.11235087307004
20.963983419495865 19.638036936433796
19.965091506766772 19.590973716352597
20.234567317842775 18.627966557892737
19.731015327350036 19.491931483610674
20.73101309737773 19.494043340528847
19.912394018664237 18.919706502108856
19.028728739522016 19.387825797201998
19.6300503173976 18.588818688359268
18.688235182837218 18.92494999055085
19.604559856355507 19.32538611866818
20.554283383726183 19.012296320752945
21.003127940950776 18.118686471070287
20.28895414207912 18.81865488821868
19.42703431052925 19.325699466121893
19.26246546670697 18.33933386674051
19.62829520596608 17.408652072638137
18.824992731520314 18.00422334003551
17.83205622745111 18.122870290636104
18.733256397153827 18.556273398755778
17.780408691259314 18.859722322582446
18.661004717558697 18.385854578938993
19.525899218036297 17.88390089278498
20.503509910638666 17.67347909327382
19.541468025432426 17.946380927472173
18.551378131650768 18.0868159737798
19.520245965563355 17.839237460153242
20.30305899295828 18.461494452191733
21.26868428145061 18.20155637836625
20.28828714426324 18.004524773300442
19.77268796624401 18.861354679189525
20.76138745261864 18.71144362008264
20.968620979154746 17.733152116756862
19.992743614780924 17.51483269548885
19.13111237576176 18.022367529708433
19.57035444255208 17.123998782054237
20.460243160459157 17.580176455490477
21.120829198545586 18.33092680433174
20.300053475915526 17.75967623484309
19.74658085990152 16.926808860453498
20.258679442911937 17.785735540257267
21.15644672888732 18.22620563031151
21.335963651638753 19.20996051565941
20.61416770074207 19.90206643621576
20.21262134706804 20.817905136998323
19.212670746127653 20.82784473854755
19.54236987362019 21.77193079677035
18.85702856117585 21.0437087939051
19.684666249610068 20.482446059810574
19.034750323184245 19.72243994892852
18.431451742413678 20.519955354698354
19.28811228165327 21.03583588399727
18.370692505268515 20.63791509552531
18.118445372961485 19.670252249156352
18.70591007753817 20.47950203808226
18.702588438887954 19.479507554739136
19.04878595759108 18.541345906597517
19.37805171364603 17.597108615505093
18.406069294042865 17.83216217532153
17.782506234117907 18.613935230815912
16.787689231803007 18.512253708870183
17.591624677838936 17.917537138891664
18.57691088518723 18.088449659232374
17.613784126880194 18.35749769849856
17.043200448934297 17.536258228878562
16.353850662249243 16.811829577045085
16.01722761157161 17.753469063129057
15.49979980262482 16.89774220102379
16.49664991148712 16.97705084154439
17.286181526677176 16.36334095192603
17.7831794686823 17.231092670819557
17.599808975316503 18.214136546830584
16.74160207708435 18.727440472226398
15.792185551681072 18.41342094848438
16.12010066502639 17.46871375657795
15.126896425265954 17.585098197642452
14.423398997406482 18.29579600191309
14.016895636177276 17.382146716186142
14.523012808061363 16.51968198744412
13.961949960194337 15.691908781340333
14.879326101503686 15.293887405838504
14.140772696502385 15.968082383542272
15.031367817792187 15.513285362955283
15.993032281087737 15.787514209057369
16.984460363306518 15.918167788373028
16.771386519098243 16.89520388643405
16.265480665827212 17.757792587743143
16.12829516263716 18.748337961622852
16.19402286186377 19.746175558406204
15.96214977187458 18.773429512339263
16.451205307677547 17.90117686379042
16.02234975752315 16.997803786318123
16.156653398531947 17.988744012573864
15.26569669664066 18.442832280815843
16.136719033066637 17.951588869209097
17.123646855491394 17.790425990964987
16.135872810062377 17.634533607646265
15.51275846798208 18.416664361864406
15.63956963035159 19.408591238755285
14.778616039341129 18.89990772798833
14.13568116335282 18.13398688009483
14.017581709355493 17.140985108210444
13.748787913561138 18.104182852883085
14.348453449123248 17.303932113765022
13.662181525062936 16.576587046931845
13.817342479536014 15.58869784352541
13.001726658499845 15.01010400284311
13.944307917049517 14.676127100900906
12.994658015612949 14.362814055048178
13.622253566260445 13.584274508970097
12.942371375019452 12.850953156469473
12.90701132078523 11.851578518726171
12.445369426427336 12.738644898076474
11.481149889028247 12.473539855314387
12.177283825548312 13.19145178753524
11.473862021297577 13.902224441275267
10.99472096527206 14.77996235684617
11.913981160536306 15.173612827953145
12.89964197916087 15.34235153314064
13.610342321237779 14.638856669071425
14.575075703404845 14.90208565936788
15.075738680892048 14.03644336432122
15.54964542955766 13.155868328580832
16.481682582546256 13.518231054932363
15.486286516118131 13.614078177682169
16.456627080178265 13.85582016770348
15.577933038873503 13.378434807878207
14.71674101009063 13.88671454341843
15.598391315222198 14.358617859216713
16.26533466623839 15.103726285242944
15.276671216063749 15.253874819330925
15.610795191245526 14.311345684922482
15.566517007087294 15.310364925181473
15.374271953746701 14.329017973555253
15.84588353836836 15.210824365713218
16.593301494684308 15.875178487079596
17.528486682681176 16.2293375814867
16.629402206827617 15.79156240485019
15.64321489511943 15.957196296991194
16.594351951510692 15.64842728954491
15.968186254710869 16.42811730496847
16.285796715337423 15.479896025255455
17.06988002961343 14.859240439383587
16.120775638788185 15.174202112157026
16.91965156436509 15.775697960466593
17.129115136753153 16.753514411464646
18.03462906394942 16.329197869654653
18.987499730813397 16.632574685232576
18.569739320397677 15.724017455615591
17.786383619076474 15.102443771160107
16.900395158137965 15.56615105715399
16.063759332217916 15.01839153438229
16.9258868336399 14.511700137877586
17.58052358767077 15.267643733836918
16.86138162311936 14.572780556786112
15.86141951843897 14.564074857321692
16.636921252136244 15.195420294489432
16.711845850653198 16.192609496465202
15.750198211040237 16.466897332919576
15.433232082181219 15.518460475160385
16.163724680575193 16.201381088183318
15.166497745447288 16.275801783258032
14.312257399738481 16.79568006878581
15.212044220107408 16.35935028766793
14.304785750282845 16.779923787702813
13.846064921182482 17.66850422916519
14.52818279295485 18.39974646605303
13.883808429668786 17.63503627262046
13.603331347295521 16.67517555029488
12.628613075270188 16.89861299160665
13.298167717980279 16.155850189343802
13.200310353958528 15.160649739029035
14.142140934769655 15.496737758822922
15.112560609458475 15.738161980840605
15.406611290383623 14.782372151930788
16.397976679463866 14.651243721246301
17.171608666727508 15.284878906729642
16.568942436654396 14.486885538881596
17.49714002118724 14.858973222186751
16.539147924806272 14.572178620996974
17.164588348432503 13.791906696284672
17.89636145657838 14.473455020466105
18.788133241667353 14.020969569518535
18.53764950241889 13.052848762815099
19.02213118229304 12.178047355713852
19.70789671637059 11.450224827709029
20.056192661706177 10.512840203094996
20.696369777345325 11.281067552654969
20.09646078013955 12.081135796663919
21.094490490598 12.143878900207037
20.920508965549093 13.128627816906953
21.131493018654325 14.106117320346907
21.061205476898483 15.103644092656262
20.184470702479064 15.58461824510495
19.218854824891565 15.324645213905699
18.28930774581676 14.955941772392737
17.476043420368157 15.537836210373227
16.52465177115056 15.845819862210497
15.72746204762084 16.44954872908586
15.209645858551468 17.30504063105669
14.997527747648228 18.282284667634475
15.073957403940728 17.285209691697855
14.330810321091798 17.954337790983132
14.09967498945843 18.927259400605784
13.441230122121764 19.679888364091777
13.462270190658465 20.679666997348146
12.781731922064157 21.412379536464723
13.765765610891828 21.590361836854974
13.910377645311641 20.600873403622447
13.35174849341606 19.771455854584314
12.379193698013054 19.53878189828792
12.800922995605966 20.445503685580906
13.169056592350728 21.375276590621574
13.536584978807317 22.305288894383526
13.710175088843306 23.290106884520636
14.547711702374125 22.743725679687117
14.016149126232184 23.590744704057492
14.448201945764797 22.688896401329192
15.37761723890908 22.319860884245095
16.142118496860256 21.675238648675244
16.45228963061887 22.625919387821092
16.308708064845096 23.615557874325102
16.47799823880023 24.60112412628498
16.21374252558101 23.6366714742429
15.550648648197942 22.888135229444366
14.973798887066126 22.07128496588184
14.051858895077764 22.458617705490177
13.77601213889315 21.497416078825704
12.787963400341186 21.65155786500282
12.030115299821766 22.303988900851905
11.278794555722033 22.963926124749317
12.244663610951173 22.704895300037723
11.736714870974625 23.566282598270195
12.666527891281884 23.9343148621644
12.623251181092682 24.93337798647397
12.02248855288495 24.13395052600683
11.02441673249008 24.071880876952967
11.625668757832342 24.870940325318248
12.526129353365752 25.305877925315784
13.417818774738794 24.85323018610635
12.747350032040474 24.111292409022226
12.988200071733575 25.08185475033773
13.320304625756007 26.0250973305882
14.22542580388908 25.59994364908585
13.22634646915864 25.642844498897745
12.43780919935011 26.25783146959136
13.15505708185428 25.56101336201716
12.452063522258142 24.84981714776518
13.44899752652291 24.7715701597042
12.465568757421014 24.590275217406486
13.41430023671572 24.906358402968895
12.84905091716758 25.731278524405123
13.791732707452335 26.064971560391083
14.1672630989965 25.138161480047387
15.16712750424741 25.15462875402471
14.22502353385642 24.81930784955627
13.274227672257112 25.129125908367616
13.2858555636724 24.129193514582298
12.698395904714893 24.938446966287962
13.08367413395647 24.01564650786129
12.203409540757496 23.54116337227031
12.449933927106303 22.572026783891076
13.409074079038852 22.85495816947918
