0 0
0.9619268406712083 0.27330706759304246
1.1798899492558004 1.2492640765315208
0.5678056832808741 2.0400566228709103
1.555173581017631 1.881612201956518
1.5288732354289685 2.8812662880392574
0.975961232120553 3.7145059393986215
0.013541640615044481 3.986072744966552
-0.2247295377173006 3.0148740806469827
-0.8544430594466286 3.791701526448975
-1.2781637087822066 4.6974944450162575
-0.45100228134454234 5.259458832641742
0.058608912149938464 4.399054025899513
-0.8192639406974886 4.877947807685746
-0.3169640347680508 4.013254333382118
0.5941105498156526 4.4254958903916375
1.5554992325051402 4.700690005148061
1.6624755390548176 3.706428435018254
0.7311337684047988 3.3422821646233922
0.04894485660728065 4.073458127453488
0.7391873970686565 3.3498800491941854
0.9553635968028571 4.3262344165570195
1.8140336661411696 3.8137056739263864
2.6519352773040645 3.267884375321591
3.493268604875798 3.8084010095865084
2.6676902327874994 4.372688482015265
2.546143012223997 5.365274132311141
3.0760964732066567 4.517247405614098
2.1926883147471754 4.048643067640976
2.985077029035313 3.4386265715781295
2.8525825302658068 4.429810312261872
3.8093280340895577 4.138884134489852
4.710809392671598 3.706066204952409
4.579347240813369 4.697387395399181
3.9720532501023564 3.9029102032493412
4.023391296262183 2.9042288701823358
3.147097080989095 3.386005216923148
3.3773985099823007 4.359124557910515
2.7819358572320496 3.5557415675630506
1.7847667553676376 3.630933204644058
0.9236396486779004 3.122543485900492
0.9752900301244576 2.1238782576601047
1.9594724945667514 2.301036031083382
2.5826797638351895 1.5189793198846502
1.5832079399761718 1.4864820382763608
2.037499017204923 0.595628729840937
1.5743027373911027 -0.29062699305547224
1.33701921578326 0.6808134479255384
0.47382041700931177 0.175949274315237
1.4692063680832312 0.2719013894804002
1.8814694099144869 -0.6391634733806589
2.3188992728813673 -1.538416004644695
1.3209293233244903 -1.4747294300669695
0.34376305530318685 -1.2622533499042414
-0.6560448593730525 -1.2426540195394118
0.1512062565105441 -1.8328621488503254
-0.8116295210528444 -1.5627746344334144
-1.795431637342848 -1.742032537978307
-2.551691704091221 -2.39630366789445
-1.5791284707685924 -2.6289423516704615
-2.561050953636002 -2.4396588668137484
-2.248691700726436 -3.3896229172502785
-3.241114076742486 -3.5124961347659664
-3.966303560475771 -2.8239467809193073
-4.95249503012734 -2.6583376471540516
-5.646437071343801 -1.938306784320846
-6.629804657089432 -1.75668026834697
-7.384817208209306 -2.4123906065691614
-8.292629687121893 -1.9930142801860644
-7.376114130498346 -1.5930152371034227
-7.844575252202352 -2.47649934983654
-8.24850703012496 -1.5617102381915227
-8.648566630710645 -0.6452211133355741
-8.247442557989555 0.2708026190445677
-7.958472008356794 1.2281406060924756
-7.799044836377606 0.2409309136589387
-7.929118390704495 -0.7505734335149755
-7.007038234237332 -0.363574486424041
-6.606281297005889 0.5526099258319597
-7.590046657962754 0.7320694326333855
-8.42377690229002 1.284241398323419
-8.09624440286617 0.3394014849935656
-9.063887637971296 0.5917238374621585
-8.257593980947991 1.1832392968070375
-7.335801387645242 1.5709226920307588
-6.858204340086012 0.6923436915062147
-6.208656846587874 1.4526647116617053
-6.830175876780518 2.236063776703524
-5.964560624281352 2.736773507626345
-6.824481371880588 2.2263459340682834
-6.2173843747590425 3.0209736683476764
-5.861208952202113 3.9553927757970015
-5.928884062635652 2.957685364063577
-4.951105088314657 3.167323808476289
-5.752168719687166 2.568744608626938
-4.752335001169863 2.5869801595059574
-3.893586174126093 2.074583387413325
-3.208670073695691 1.3459614447220476
-2.2328122820391076 1.5643683366992382
-2.1918364455879917 2.563528474428487
-2.5566649933096053 1.6324537562842671
-1.557483357749077 1.5920055281575933
-2.556651524729675 1.6327851075158002
-2.0797882749052 0.7538076100980104
-1.0896978240116377 0.613376491575861
-0.351688524320513 1.2881670320915204
-1.1832139651518683 1.843653702723877
-0.20755148484069486 2.062931436461366
0.7816924590030124 1.9166562862527672
-0.15781757391119522 2.259177669605025
0.8351994476788822 2.141206508585174
1.6906828103270306 1.6233762118351511
2.6708910053006303 1.8213456400471797
1.9663994480892784 2.531058008417581
1.5761594997059458 3.451771200831904
2.560014114786342 3.2728016604486156
2.3084443329143944 2.304962497752199
1.3526309121963678 2.010988511189945
1.5901229817713365 2.9823779886339814
1.6130328533618041 1.9826404541862104
1.2930928214915585 2.9300782495093998
2.0653625418480854 2.2947834525682853
1.785194258675149 3.254734353971023
1.7011425638820514 2.258272958530935
0.8438099421559383 1.7435101240875093
0.5225796336433248 2.6905112269870206
-0.07091607102814568 3.495348383520263
0.8427944102280293 3.9017141749478994
-0.11302401781427096 4.195671880434158
-0.3874778414489032 5.157272160536203
-1.138737618181997 5.817278787671826
-0.8240739188032833 6.766482009481204
-1.3906173714507586 7.59051387552904
-2.175386006710114 6.970725049304196
-2.276493352753501 7.965600571455617
-2.5211526004377505 6.995991447879226
-3.2455643745315546 6.306623925033635
-3.1228469255915248 7.299065574565561
-2.135240165387991 7.45601425152806
-1.9487653838440417 6.473554503829389
-2.5416725885965454 5.668283713006468
-1.613458562929491 5.296237045832898
-2.488108785740951 4.811482481402749
-3.286624550158899 4.209508583317441
-2.3042811524628455 4.3965953252393986
-3.297190273623631 4.277719435691866
-3.4587167124319493 5.264587820820249
-4.047739823154908 6.072704009888534
-4.052359816891601 5.072714682116546
-4.283963159886925 6.0455249881440825
-3.5762319059880956 6.752006744635212
-2.7952836933020784 6.12741096406788
-2.6844949964404834 7.121254948125594
-1.6936277459309717 7.25609593546891
-2.0140063166122624 8.20338552764662
-1.3606166742675154 8.96040730756884
-1.101250004223419 7.994628383347444
-0.14172438378193497 8.276249731466484
0.7623503744630699 7.848875385600666
1.1992186526686928 8.748400875788494
0.22579651000576584 8.97741906758451
1.2104975821843857 8.803166955831808
0.8192524483441315 9.723453457550876
1.7991582649925428 9.922914206819021
1.7021652708377537 10.91819927105182
2.2559975668504753 11.750827512161427
2.224529629913784 10.75132275031937
1.2583057594661213 11.009026906624888
0.2891714565936926 10.762493535666772
0.9254516573985291 9.991035496585088
1.9253745429099263 9.978616840032897
2.721206285996617 9.373099014782806
3.6403525469748867 9.767015441109084
3.2368751808772247 10.682005066758956
3.656224395820691 11.589830069678737
4.365383636572846 12.29487841642939
3.4308831094546752 11.938916670147767
4.087670212594915 11.184840612214185
4.89328306042056 10.59239826107928
5.7250364823518485 10.037253014224376
5.243976287675607 10.913940580634472
4.724289693241232 10.059583603975884
3.741732378899634 9.873623597431934
3.6164548590541723 8.881501859427281
4.263683803838989 9.643797532399871
3.3034686278507364 9.923058728776757
3.5103270473611157 10.901429616670335
4.506242040110406 10.991725392967904
5.361489881610593 11.50994458366743
4.39458967999166 11.765099438822624
4.036276647154302 10.831497933629485
5.026954228081225 10.967725429564702
5.500444478783734 11.848524488652343
5.142150514875553 12.782133312211204
6.138254734333334 12.870317120126295
6.670494832173069 12.023723665006573
7.537068344435305 11.524674220717241
6.540111104885208 11.602624605633869
7.4566951628846505 11.202782556042692
6.7396696926481745 10.505735588448571
7.6388205553427095 10.068096780622215
6.6599883645275515 10.272761243155403
6.3983508535963995 11.237927453128457
5.52872602995514 11.731640594645784
5.049295648416005 12.609220510811394
4.774562890435458 13.570741135495235
5.202168893247989 14.474706348519879
6.0389068396880665 13.927102834116218
7.035384622387172 13.84324564249215
6.408631045468782 14.622463169130254
6.829640748347597 15.529519303050252
7.007227129927328 14.545414086583325
7.951405760573475 14.215980157803717
7.981205639928956 13.216424272827595
8.525085326729329 12.37726106683848
7.899081110158796 11.597441394839938
8.462415571007762 12.423670349319266
9.46085437497324 12.479526904314955
9.31214633004494 11.490645760105195
10.208011862321536 11.934971032938927
11.204502388243297 11.851265407392182
10.207884437043745 11.9334399736935
9.485069699597274 11.242398111480952
8.504516438720424 11.046144952057272
7.852965217313298 10.287540308067477
8.598811490242948 9.62142219755182
9.433710120734208 10.171825937368164
8.45115394232288 9.985859929007146
7.498317758794321 10.289345031374179
6.703423236986411 9.682597390917477
7.702913650257086 9.6506769620354
7.06462109077213 8.880883087997587
7.246508401042752 9.864202469664866
6.575765928838963 10.605892793170538
7.227735353115287 9.847647536140336
6.41745022079756 9.261611697351578
7.381973645477608 8.997614418495386
7.995669558999467 8.208071939760664
7.928151225272447 7.210353906140581
6.99746201189533 6.844543042300422
6.086463885402526 6.432132550767289
5.131374319216839 6.1358152874105345
4.137367818510933 6.026494307930837
4.673785802347151 5.182541852743291
3.68607292928678 5.026262358276395
2.7937214552388174 5.477603522767767
1.9031862230616765 5.02268924485246
2.6337361261698753 4.339829933523544
1.766377553112287 3.8421461928372476
1.875697811639224 4.836152772833378
2.8730435516417407 4.908964000668322
3.2443868958951962 3.980468378342261
3.655252774153849 3.0687725792498526
4.497564272041427 3.607763618624706
4.349056850738349 2.6188523254250025
3.486419321117262 3.124674915360671
4.081908584256226 3.9280381815648293
3.19074945567297 3.4743473093371287
2.9746447407907763 2.497977117142751
1.9811512726007763 2.611866224013451
1.676888847575373 3.564454475419934
1.6613853575478563 4.564334289096041
2.661363526378393 4.5709420014328845
3.2883808781606767 3.791936712257046
3.5491221618267192 4.757345425182398
4.539613786430236 4.619772384254003
5.462643831040937 5.004500257881539
6.113336340278144 4.245158925921671
5.364226368931738 3.582713267147015
5.403264441923673 2.5834755432509064
5.367649167257704 1.5841099683933033
4.458899423749569 2.0014514397017518
3.8629904745240977 2.804503445634739
3.988735284139528 1.812440825204567
3.9446086310390704 0.8134148803532073
3.111381950465904 0.2604833305380223
2.2200155652917832 -0.19280020918256002
3.016521729354465 -0.79743061745703
2.939981408170483 0.19963586940984535
3.3269914381815275 -0.7224396354545072
4.296933266639378 -0.47910273030479134
5.029513971463885 -1.159782912856648
5.5291111475494 -0.2935250634564942
6.506815651821562 -0.5035105446829954
7.2994498208610565 -1.1132080713887131
7.9399841778083085 -1.8811375848013507
8.784570708287564 -2.416556666019992
8.149667663086623 -1.6439648441667116
7.315991946994858 -1.091710554551065
6.910228006039249 -2.005688466877273
5.910249497485921 -2.0122445656762182
6.29269258149262 -2.936223617113774
5.318522143904847 -3.162037608110891
5.391901353493294 -2.1647334962171447
6.169578151258699 -1.536069199300782
6.848804194779079 -2.2699983387983567
6.204039004876035 -3.0343790357611273
7.039891625524998 -3.5833329468996316
6.109010091015438 -3.2180117612162285
6.086767958559711 -2.2182591480444387
5.153084917794097 -2.5763596638031823
5.391070505235992 -3.547628349682603
5.335247550137586 -4.546069032790058
6.334956056485917 -4.52192566237935
6.518475957855257 -5.50494165706173
5.547378895338937 -5.743626585727482
5.0171745580775085 -6.591496481849033
4.59890572798908 -5.683173199214234
3.698037927916894 -5.249079653082643
4.655698461692125 -5.536979465603145
3.832897367617519 -6.105308911954143
4.803357228506549 -6.346571545619707
5.448504961286649 -7.110629398722923
4.449278457263781 -7.071305186610824
3.505681530348402 -7.4024016068811935
2.5111644615022737 -7.2978272325167985
3.081188581194342 -6.4761992735418845
3.2716486797362663 -5.494504335761619
4.200352840143262 -5.123682839023987
5.0722280773084245 -5.613410897050268
4.1706486098791995 -5.180797369857653
3.807931472217952 -6.11269665521355
4.214814264497066 -5.199216281397478
4.389476392506652 -6.183844709302727
3.390404903416315 -6.140761537566937
2.969140319703037 -7.047699325129501
2.7924298324712913 -8.031962198401839
1.854649327094165 -7.684733565172058
1.3259132901116417 -8.53351987702918
1.0491301498657561 -9.494452285305448
0.14127543996477887 -9.91373718332899
-0.6455575863088633 -10.53090311625551
-1.3524087863243017 -11.238265386267656
-2.3473717859645937 -11.138022534418795
-2.1085820431380724 -12.109093828774078
-2.3301724539564956 -11.13395399786093
-2.4174742440226664 -12.130135907680238
-1.7065384245615869 -12.83339280285241
-0.7168722413467199 -12.69000226689931
-1.383806849311167 -11.944886015097412
-2.323994935618729 -12.285541797912447
-2.725783992566271 -11.369809547897628
-1.729335947174737 -11.285599733532605
-2.5566635226685674 -11.847319488239078
-3.4457260723310554 -12.305105227190868
-3.1596974665022564 -11.346884147978125
-4.082615448130508 -11.731880770284391
-4.338505544044814 -10.765174890084541
-3.3981564792766106 -11.105386054495066
-3.5541583287086413 -10.117629291433538
-2.5806538969213544 -9.88896114478755
-3.3867045962234177 -10.480807636839884
-2.3947169526069882 -10.607142568320944
-2.4456550703454343 -9.608440756887088
-1.654224040295584 -8.997182280729715
-1.4822856237719042 -8.012074580565246
-2.1421468890843762 -7.260687123563052
-1.668088028359804 -8.14118027888484
-1.1621696070019993 -9.003761608923247
-0.8240300342248286 -9.94485758135224
-1.5261981382554402 -10.656868784692508
-2.508617791788697 -10.84355468226272
-1.5705815488698804 -10.497017516909924
-1.195026343390802 -11.42381754260995
-1.6971880756507725 -10.559043818070595
-2.6761230754567067 -10.7632159664037
-3.6070707162410227 -10.398063272153589
-2.8805573174115224 -11.085215570644403
-3.5092758533545223 -11.862848519124398
-2.9200194103182793 -11.054902453882246
-3.910318447875038 -11.19385502209945
-4.563371425093431 -11.951167248955846
-4.443821563415207 -12.943995446869623
-4.181117556386268 -13.908871918077693
-5.0569789312187305 -13.426309122084687
-5.111192405266391 -14.424838490321637
-4.200078081182648 -14.836992209763089
-4.215970863483673 -13.837118508003346
-5.200114757847761 -14.014490420057896
-4.247984569911416 -14.320183248269977
-4.24116599300209 -13.320206495035718
-3.8925993057970034 -12.38292251215173
-4.872194892307009 -12.181943690157675
-4.588984017474619 -11.22288602746128
-3.7236697641909076 -11.724115758287429
-3.284493598380904 -12.62251672410638
-3.649007152763081 -13.553714806509728
-3.2773590639986336 -14.482088491034302
-4.21900781305851 -14.818685629159347
-3.2656959155625076 -15.120673089317169
-3.9709019738044056 -14.411670680704248
-3.2983448852982575 -13.671625437019692
-4.24822537169333 -13.359012159045355
-5.154023607617514 -13.782721441214905
-6.138864572708743 -13.60926172405217
-6.780758170272682 -14.376055444296686
-6.442698304077545 -15.317180051810551
-5.517579093938258 -15.696856818325518
-6.121676255287866 -16.49376749064039
-6.529650903322793 -15.580774234060268
-5.588585348167615 -15.918998450964494
-6.166105840839201 -16.7353746390937
-7.152565249457693 -16.571369044225552
-6.476531140273319 -17.30823937421536
-5.52058384096736 -17.01470102757281
-4.687098454325979 -17.567242528507595
-4.435585564928835 -18.535096477441577
-3.4391835732474223 -18.61984947723105
-3.973877142389843 -17.774803450604253
-3.5887480478368436 -16.851940741135078
-3.021992823544285 -16.028054513712206
-2.363404386663066 -15.275551177635645
-3.2958102014578152 -14.914138122341651
-3.807425046054298 -15.773353026069767
-3.76794007165465 -16.77257319039626
-2.9265833209319827 -17.31305336395806
-3.7850652548262547 -17.825897169787037
-4.681021253942145 -18.27003999326643
-3.914743515935102 -17.62753051611079
-4.642332037136723 -18.31354432341764
-5.592953304103498 -18.003190965468217
-5.460999278343221 -17.011935128115592
-4.506880548381912 -16.71250659050266
-5.108776836125209 -15.913932324199996
-5.8881323486443025 -16.540514310141262
-5.242277185329898 -15.77705435178056
-5.261126768150442 -16.77687668261114
-4.461120575211671 -16.176884939951613
-5.370328004589997 -16.593228368341276
-5.518785777318438 -17.58214711612418
-4.53588797527948 -17.397995247420695
-5.288207236070902 -18.05679394948548
-4.792872944779177 -18.925496395591466
-5.386528859042233 -18.1207774039798
-4.503988703955744 -18.591014444906946
-5.02412954003119 -17.736933938955232
-6.020669747492762 -17.6538218765789
-6.78235293626169 -17.005872248948172
-7.461534886912762 -16.271902305483316
-8.21388731589366 -16.930663129004678
-8.207405795244455 -15.930684134280252
-8.431193954455681 -14.956046324734137
-9.040394206341627 -14.163029897979875
-8.948793331709071 -15.158825700223764
-9.543985393003222 -14.355242219698921
-8.752276629817066 -14.966140930038245
-8.29846100267504 -15.857236534651852
-7.386582400078269 -15.446776531574622
-6.611425033642751 -14.815008332580122
-6.280801817379305 -13.871245497505752
-5.769867746790019 -14.730865399271098
-6.613283956925892 -15.268126133440308
-7.6115458104870495 -15.209191663690914
-7.9109881218052545 -14.255077256404025
-7.72339874367221 -13.272829718758011
-8.44696369771859 -12.582573420506513
-8.839020411269946 -13.502514469356553
-8.06150691663035 -12.873648215171036
-8.334207123920471 -13.835747272931682
-8.251624220931303 -12.839163074715655
-9.073059329672478 -12.268861082673393
-9.660262848555822 -11.459421753624564
-10.259472242332599 -10.658829408913682
-10.90453699863141 -11.422957317173259
-11.574087929570366 -10.680191168995531
-11.137222679461942 -9.780664208172396
-10.15987492918247 -9.992303937485337
-10.328223421479748 -10.978031478513401
-9.91381102876446 -11.888120687747303
-9.284632295266668 -12.665381339854505
-9.558949522022138 -11.703742083633552
-9.579732221278501 -10.703958067252204
-10.260930864817752 -11.43605669997889
-9.512693157188401 -10.772625970451251
-9.713256481946734 -9.792945230229273
-10.337249568712181 -9.011515369225146
-11.275150280292733 -9.358419181854373
-11.912837267375739 -8.588123585018328
-12.16997378569213 -7.621748496893575
-13.068350781407618 -8.060973693767815
-12.74724764313582 -7.113929463231563
-13.330545916198615 -7.9261875039070375
-14.197211181273948 -8.425077590310748
-14.11531803989857 -7.428436474664964
-14.436000855762574 -6.481249834340296
-15.407852622560242 -6.245656660898762
-15.3938745138918 -5.245754359432237
-14.39844177139185 -5.341219825224984
-13.85272067185502 -6.179186698985703
-14.045619393711814 -5.197968026565525
-14.751788186878994 -4.489924499967896
-13.905135266046011 -5.022069998534764
-14.19489378949383 -5.979169783347894
-14.60748283315406 -6.890087057885784
-13.823819744570715 -7.5112731520572575
-13.416550484566974 -8.4245812872756
-14.130168856844106 -7.72404662093243
-13.383047645054463 -7.059358803311274
-12.705173576355712 -7.794536840922438
-13.491102116946227 -7.1762195040433365
-12.703552815347377 -7.792471155198255
-13.564374740000318 -7.283564863198629
-12.639727720194875 -7.664390136473543
-13.521894414569449 -8.13532741821734
-12.599404949399565 -8.521349680076138
-11.625782309970965 -8.293185362111895
-10.627710824017843 -8.355260388711358
-11.085282417580807 -7.46608760642197
-10.860181653174394 -8.44042309580109
-11.82659263785775 -8.697424669110173
-12.327157036222012 -7.831725366182058
-12.686373748657887 -8.764979540299034
-13.673976936682712 -8.921950693710112
-12.676738252407809 -8.99621378404213
-13.660687069526917 -8.817762879617673
-14.476094381911606 -8.238875226519443
-13.576471036251549 -8.675541959787969
-14.56622041261472 -8.532726792565741
-15.455391012231832 -8.990302627566395
-14.511299336962361 -8.660619584801251
-13.9882305476441 -7.808329116920066
-14.228857385071287 -6.837711414057713
-14.776949960765016 -6.001293738210644
-15.42341112889563 -6.7642406289567845
-14.425081305571867 -6.822012281714382
-13.47296509973814 -7.127748656044926
-13.014737218151057 -8.016583403642146
-13.108807718425657 -7.021017865378549
-14.100601829159606 -6.893172482538752
-15.066051172482013 -6.632581681706614
-14.101357710587672 -6.369206427405238
-14.911076864387148 -6.956024024253067
-14.110424215440728 -7.555152838228061
-13.131447092570047 -7.351182759795354
-13.521253684802781 -6.430286011700377
-14.045746456834536 -5.578871111615556
-13.626860676356733 -4.670832179127801
-12.653621149388997 -4.9006251797775535
-12.781665259738821 -5.892393653668876
-12.12181284097656 -6.64378887953446
-11.194270463111984 -6.270070887907984
-12.185937848065807 -6.39889556574125
-12.589929314094986 -5.484132812140299
-12.142367828655214 -6.378385973583379
-12.577664260582146 -5.478098788096614
-12.471110900707314 -6.472405773639502
-11.508063121752897 -6.7417363798671746
-11.015682598732969 -7.612116423612791
-10.335968373572651 -6.8786393809490765
-11.140630911846173 -6.284906950051782
-10.253824131448148 -5.822766566358592
-9.678310452201032 -5.004974413669752
-9.764374375623598 -6.001264030741572
-8.917948234735556 -6.533770169693393
-8.225625637200892 -5.812182045523617
-7.365462860186337 -6.322201650086627
-6.483013566636408 -6.792609180121203
-6.626042849919021 -7.7823276371197885
-7.587494224631186 -8.057302643373244
-8.494143384676187 -8.479188055054774
-8.496115076693554 -7.479189998841369
-7.813467625313959 -8.209937874052063
-8.422912552169251 -7.417109468197209
-7.6627101305642675 -8.06679576033051
-8.310157661366985 -8.828905788382539
-7.3165866208833545 -8.715695419986895
-6.345606002043695 -8.954853605792342
-7.316365929641639 -9.19490602292251
-7.6036755387394015 -10.152743790250616
-8.53897506905525 -10.5066008074072
-9.150188862007132 -11.298066346331904
-9.20852759853284 -12.296363191874644
-8.266467065565289 -12.631806111348126
-9.263086583243492 -12.549650545603225
-8.374066423337004 -13.007518600046685
-7.3994009977158735 -12.78385074786676
-7.5827007879804045 -13.766907809734981
-6.707798867507807 -13.282607665657611
-5.717949374893256 -13.424727270113557
-6.0391430811294375 -14.371740788007713
-7.0273494548021915 -14.2186128577254
-7.934798562343597 -14.638774870789774
-7.509798556734668 -15.543968217667892
-7.984795429888022 -16.423955700814407
-7.606258405027632 -15.498369550955926
-6.66761522802054 -15.843259368518046
-6.86331023476721 -16.823924175847452
-7.857801078408675 -16.71910069606698
-8.544098983996637 -17.446421247671
-9.168404194424514 -18.227601767290253
-10.149665043847282 -18.03491771141092
-11.038025815650803 -17.57577161361562
-10.165824066718386 -17.086625307119053
-10.669365186048848 -16.222654045361217
-11.663599735376524 -16.115426898970043
-10.665614661499147 -16.051977767234725
-11.619309683933738 -16.3527531056245
-11.821389777207875 -17.33212210447137
-11.482403255632384 -18.27291333433597
-10.88135531984678 -17.473700359661596
-9.89048382062478 -17.338890597294228
-10.033671169793859 -16.34919499609256
-9.756769918860531 -17.310093376376113
-10.62743894871365 -16.818224043672164
-9.853454218823007 -17.451428306052094
-9.671845744256695 -16.468057388256728
-9.152266060157345 -17.32247938696183
-9.32014298320033 -18.308287349350866
-8.32056380175103 -18.33729527952775
-8.057899225941766 -19.302182485689663
-7.065805443251589 -19.17668377514849
-6.606218941075121 -18.288550763141167
-6.593863755811234 -17.288627091355618
-5.789917450337044 -16.693925201402003
-5.528422349152025 -15.728720398235215
-4.52860552401775 -15.709581010094029
-5.199758184184738 -16.45090017668206
-5.3593039095214134 -17.43809071630792
-4.394627744780246 -17.174652114010776
-3.394915231264427 -17.198628984529723
-4.393200448259684 -17.140091598794346
-3.4970966590663655 -17.583936165048545
-2.503148585499276 -17.69378709609727
-1.5163595813920818 -17.85579777899544
-2.2857694666538597 -18.49455315350235
-2.5632878809921404 -17.533832835353948
-2.0546623047408765 -16.6728450170992
-1.082797715519975 -16.908385290128013
-1.2459449145562038 -17.894987029152748
-2.24582933591372 -17.879783610900766
-2.727809929525179 -18.755965502622995
-3.3920263547098486 -19.5035058296388
-2.825981388090209 -20.327880195909714
-2.925199272341793 -19.332814463686642
-3.7259887986453992 -19.93176031646671
-3.8258347070336387 -20.926763228310755
-2.843315009266437 -21.11292187973326
-3.2154337328762357 -22.041107020499375
-2.2205177336981574 -22.141815285202362
-2.4214251650767533 -23.121425515863955
-3.0989091878156563 -23.856963005685863
-2.253704275417908 -24.39140538429998
-1.9851564902603924 -25.354671747818912
-2.91437479046828 -24.985140489927563
-2.1396036264891913 -24.35289872962816
-1.5693923359744741 -23.531400656490103
-1.0416669768558962 -22.681985595790582
-1.5675431790568328 -23.532546716439015
-0.6792954754172582 -23.073181919160184
-0.3676120625719742 -24.02336792734864
-0.9551247731976626 -24.832582864712784
0.04380990743730495 -24.786436317445244
-0.5724806027637094 -23.99891742431558
-0.38588567412784447 -24.981354360005284
-0.0779787243268093 -25.932770835721477
0.36076916550320687 -25.03416063704259
-0.17418691638628653 -24.189280769576545
-1.0795123282052903 -24.613999380794315
-0.7945037258438501 -25.57252433956168
-1.4038943803844832 -24.779654217688915
-1.5002082328796367 -25.775005232064014
-1.0862309966661994 -24.86471799833112
-0.4028713079974364 -24.134636129016087
-0.8196201201731396 -25.04365781607869
-0.7479497155876704 -26.041086185991315
-1.693275747279272 -26.367212992320095
-1.6599108009786252 -27.366656227505743
-0.6637057001751941 -27.45369298487426
-1.2239956029595596 -26.625396404633893
-2.1144819240666917 -26.170386391643973
-2.7610282624301874 -25.407511675619936
-3.674760159676339 -25.001194041305414
-4.561116575660101 -24.538190473452616
-5.479502822709533 -24.142505369827955
-6.114177668833057 -24.915284665421517
-6.028833807743712 -23.918933108302063
-5.2547115486618505 -23.285896989274093
-6.15334710131836 -22.847201031346817
-7.038896144014683 -22.382655131591342
-6.187363280277007 -21.85835389949789
-7.042150681319325 -21.339375577195963
-7.087139444002687 -22.33836307022689
-7.644373088150006 -23.168718816777908
-6.645026209429537 -23.132582740736698
-5.936865778721299 -22.426531181444375
-5.428606619949562 -21.565327008483834
-4.66863241120409 -20.915373777826662
-5.6120891576046485 -21.24686943039434
-6.589922321958663 -21.037483894386202
-6.704246280926635 -22.03092741689057
-5.968556735734853 -21.35360851630126
-6.571318822788854 -20.555687551286365
-6.235586288610413 -19.613730192647385
-6.89604154900223 -18.862864792578385
-7.223033897126893 -19.807891778578213
-7.427120412721426 -18.82893892263852
-7.758550341718644 -17.885459085988632
-7.5238313072881295 -18.85752234261137
-8.355691047405774 -18.30253642137426
-9.227253964702053 -18.792820095581344
-9.133350685037287 -19.78840142026969
-9.153887480553644 -18.788612322494604
-8.642667135816515 -17.92916263861145
-8.015745925831006 -17.150079975173032
-7.21452543132215 -16.551710758736405
-7.05966781644216 -15.563773959586944
-8.050951477429702 -15.695518801835647
-7.118994282900476 -15.332950480597823
-7.996336456130303 -15.812815785732884
-8.989277255585234 -15.69420478802271
-9.982578265614888 -15.57864915867447
-9.228268456085658 -16.235167788454294
-9.241668250844421 -17.235078007174167
-10.229218653688624 -17.392380905565304
-10.5082368247607 -18.352666727709728
-10.921166163759565 -19.26342979294347
-11.896368042981646 -19.48474697429576
-11.241773354445192 -20.240726996346517
-10.72254374994014 -21.09536178255963
-10.279425267597796 -21.991824838466908
-9.583182713378562 -22.709631431982373
-10.547763163428481 -22.44584258577864
-11.325605128760685 -21.817382661067338
-12.05171992372411 -22.504956151346903
-11.82025162540621 -21.532113704249834
-12.659138735927963 -22.076419147728462
-13.654908258865374 -21.984533037847815
-12.707994377017057 -21.66304571249431
-12.919858677107902 -22.640344806092077
-13.783666615425847 -23.144166049886838
-12.816199479173795 -22.891169330002462
-12.734491563798683 -21.894513011823996
-11.750829246549895 -22.074536470364112
-11.312773470412287 -21.17558867599979
-11.026827702850909 -22.13383447850233
-11.52647878853903 -21.26760772264063
-11.819389022443714 -22.223747667875585
-12.518190957258861 -22.939062882238183
-12.033444489351997 -22.06440817216579
-13.001760348080287 -22.314136820372788
-12.120511392598562 -21.84148443387467
-11.339969019569164 -22.46658730853262
-11.660299819044509 -21.519281561211574
-11.891065670495552 -22.492290873502096
-12.890681699643244 -22.46458177263249
-13.632868750914257 -21.7943889787846
-12.901101777917242 -21.112834067401234
-12.938986992887697 -22.112116164952592
-13.027113128284766 -21.11600684150462
-14.01908516972844 -21.242464221653314
-14.203703988094244 -22.22527442301735
