0 0
0.7136272498191822 -0.7005256228829253
-0.2861071896183097 -0.6774810876824963
-0.6721650035555101 -1.5999556750278767
-0.08404028203323399 -2.4087259217199426
-0.38080311963829977 -3.3636771341997163
-0.23746635336310865 -4.353351106492497
-0.21012355877886374 -5.352977222389997
0.4890897914308577 -6.067890287656326
-0.05356907282294682 -6.9078434750702264
-0.6773170637163088 -6.126217961248873
-1.1855760205233108 -6.987422253403445
-0.46791553101314376 -6.291029101659384
-1.1941104284591937 -5.603540213804954
-2.134386550641176 -5.2631275024465
-1.1490217400820955 -5.43358626611639
-2.147572519345417 -5.379768599568937
-1.1929423588320205 -5.081974616019627
-0.483873447462297 -5.787113807193225
-0.17557220776346205 -4.835825025802336
-0.900113481553269 -5.525056440187261
-0.6225771136360048 -6.485771571994444
-0.06752692416824058 -7.317588431147827
0.3080410101618642 -6.390793563497484
0.7810692083139545 -5.509746275462962
-0.21699860802406246 -5.447612275187248
0.7709978381062814 -5.293135667139912
0.7102530474011329 -6.291288997246157
-0.275822148283713 -6.124988941758816
0.4058151423371321 -6.856679179520038
1.0268810858989057 -7.640437492871625
1.0661945325313038 -6.641210565235124
2.0212036661724815 -6.937786954487416
2.3128347897683095 -5.981256093641706
3.258335833330417 -6.306875160379152
4.102235548993958 -5.770374209864623
4.392588859028301 -4.813454696346323
4.4009135249189955 -5.813420045714894
5.282254988044834 -6.285899913407905
4.360205831323547 -6.672972713523806
5.329646394827474 -6.427646412787033
4.754963864013783 -7.246022847429168
5.374123544938539 -6.460757739636166
4.599187338363186 -7.092797197058408
3.6185573742500754 -7.288666728848115
3.518751933710872 -8.283673700702472
4.314576419055113 -7.678146336724119
5.075665130825281 -7.0294985333546585
4.11937831239212 -6.737068164051157
4.584905916868354 -5.852034803397097
5.291314908145449 -5.144230920218376
6.179820810395472 -4.685365731228327
5.429341999878154 -4.024471220005461
5.868502303333365 -4.9228799398368785
5.375553596034559 -4.052821567098339
4.437832965076778 -3.705431270348211
4.460930553764412 -2.705698055236891
3.7659995407507223 -1.9866216426410068
3.372452177846756 -1.0673173006783825
4.227821867905631 -0.5492992572391762
4.261836233653842 0.4501220868008373
3.5669550030987436 1.169246606909999
2.8230000469627945 1.8374763752088665
3.0300344593986943 0.8591427143000119
2.0361585453250854 0.7486408255181961
2.9550239822079867 1.1432118696940132
3.627184186684727 1.883617609486586
3.109632729330106 1.0279655254067843
2.6721748657449402 1.9272044355900029
3.671630777030639 1.8942213884889008
4.222292907793179 1.059493158617609
5.219880718055723 0.9900773044084885
6.203815939357055 1.1686031576698557
5.3148435521555095 1.6265639581683113
4.314935954189067 1.6129700062418586
4.848008907159973 0.7669007260934316
5.017880113098748 -0.21856554597928946
5.040962666204301 -1.2182991083558505
5.754415568877415 -0.5175959217873093
5.888258181107102 0.4734066791939059
4.892741567690649 0.5679935303511128
3.9137907024802314 0.3638974659506099
4.260631757588172 -0.574026455533223
3.4351111824098735 -1.1383984781896364
4.307992692634529 -0.6504662399557555
5.102034511734454 -1.2583293738275858
5.851722342130927 -1.9201210003652966
6.5126369669427495 -2.6705820977646537
6.4885210101825965 -3.6702912657878057
6.617492464138177 -4.661939572429119
7.373637775870584 -5.316343322070807
7.282477420599363 -4.320507095763075
8.263445370977815 -4.126337375337105
8.488145488170453 -3.151909411178843
9.484724988425432 -3.234548988086866
9.689036023591296 -2.25564296557528
8.696342352526596 -2.3763047881542945
9.334831640807844 -1.6066740788201974
8.498186470804441 -2.1544193293792295
7.628705087490903 -1.6604536179465685
6.723764241964694 -2.0859910030237314
6.355020106055655 -3.015521939697006
6.674140921111881 -3.963235981693773
6.739187235929292 -2.9653537356703885
6.835154730979501 -3.9607382040512187
6.57283412177848 -4.92571898001953
6.24698615638415 -5.871141162670422
7.246963088097458 -5.8643488109983934
7.264208155902009 -6.86420010375968
7.590766117769881 -5.919022925903221
7.204926164897317 -6.841588658394569
6.702914393024734 -7.706449445400981
7.679919391183523 -7.919665846207171
7.691737517850463 -8.919596009709645
6.7957836158849565 -8.47544895573677
6.215689693955526 -9.289998550138812
6.566664686753895 -10.22638338258228
7.565360678987823 -10.277435464771836
7.783770053364292 -11.253292700838916
8.086460605112114 -12.206381589601449
7.409426146366321 -11.470430272141666
7.296598798910042 -10.476815663922775
7.379341994722112 -9.480244761504485
6.646495385508876 -8.799850870170456
7.079791602260859 -9.701102438018422
7.074783295452893 -10.701089896371235
7.99282759414485 -10.304612071469016
7.902977936770202 -11.300567411366172
7.07380328073191 -10.74157779627142
7.6260962208692735 -9.907927684849112
8.067729742543362 -10.805123222362392
7.8158805712698705 -11.772889720505852
7.733174439392122 -12.76946369957104
8.405393371771416 -12.029111278793716
8.546323461852332 -13.019130828959158
8.473648544104654 -14.016486510915383
9.280311182643274 -13.425474338802227
10.251567124518568 -13.663511931152541
9.659881551523945 -12.857343100999685
10.218458238594689 -12.027890218274528
9.347933030060064 -12.520014045482426
8.814235724054713 -13.36568962486416
7.910694417122889 -12.937188625252805
7.091937510870911 -13.511328963902415
6.715274455669421 -12.584978629068837
7.665871724633722 -12.89540548395999
8.632212739590548 -13.15267002254277
8.226238585072348 -14.0665545808231
7.301309142249856 -14.44669340520187
6.617327761293097 -13.71719393946904
6.847585782053155 -14.690323552560564
6.098307655593797 -14.028068096403686
5.220156617947997 -14.506451577600105
5.520038330421838 -13.552475184535918
5.275237594412349 -14.522048595706632
4.42390837948911 -13.997416755443213
5.379802263990388 -14.291128998247386
5.731470709744048 -13.355004378198748
6.575260289163404 -12.818330225976652
7.109544827145049 -11.973025527969039
8.073172288641333 -11.70577636435907
7.962748825660155 -12.699660994898874
7.212868907469922 -12.038087032068557
7.092021926257928 -11.045415884541871
7.9140900538248795 -10.476026743761537
7.2693011404266175 -11.240387429013394
8.26660129935554 -11.313820343979009
8.703518368461616 -10.414318551471759
7.718263172190895 -10.585409750022539
7.429532883827203 -11.542820226558815
7.943636420430577 -10.68509209151141
8.377462941609195 -11.586088511882798
9.363063501030489 -11.416998189071483
9.758948475144445 -10.498698081660626
10.700813724002005 -10.162707229114776
11.699723381849672 -10.209392295877684
10.792368792163465 -10.62975838463292
10.991577067411317 -9.649801210531534
10.424606488292211 -10.473539252880766
9.786305320228431 -9.703752516928258
10.634722375087518 -9.174424167957383
9.697877250583183 -8.824679671656932
8.802135290093437 -9.269254007643601
7.802144155773155 -9.27346486038804
8.495108464274999 -9.994436751062398
9.213802101209435 -10.689763621124209
9.756868457995042 -9.850073837854454
10.25463088018258 -8.982760416386762
10.29990799091838 -9.981734882148235
10.562536223514833 -10.94663198103664
10.856295115358433 -11.902511530699055
11.461460563903524 -11.106411800836508
12.419454668700716 -11.39319969314339
11.429020155319488 -11.531183296166684
10.599119834370676 -12.089094989258932
11.519577659370913 -11.698253087211786
10.609163788066224 -11.284554425217323
10.580654273034993 -12.284147946381143
10.072700115436504 -11.422763842871907
9.195991550046013 -10.94174191886953
8.548475096910282 -11.70379338886255
9.360589012133376 -11.120294469668163
8.53781943158879 -11.688669537146046
9.489472206719075 -11.995845375367136
9.165429340758243 -11.049802976201068
9.539347509354556 -11.977264675245065
9.453114842587087 -12.973539701120034
8.57932746214938 -13.45984784806784
7.955637017319126 -12.678176415157925
6.976080892005057 -12.477005350241303
7.618755560149742 -13.243144548380334
6.71936315220261 -13.680286740952797
7.708921810638878 -13.536156031130727
8.18548393782227 -12.657015235276933
7.186185647083282 -12.694470890739607
7.044138179331444 -11.704611043637357
6.117903812367344 -11.32766290734456
6.227935218770731 -10.333734796460835
6.429972299489568 -9.354356923515663
5.546838508465037 -9.823478130828487
6.335557447334966 -10.438232094189354
5.415756130985086 -10.830616521047796
6.0240432501204495 -10.036899455152145
6.6816763589156825 -9.283561088801196
7.598564351816799 -8.884416492854111
6.762501102658249 -9.433049560948305
6.506210165075878 -10.399649248157623
6.5334695403791825 -11.399277642341218
7.527131626025064 -11.286869192703845
7.772868669873805 -12.256205721098645
6.847989182268183 -12.636466070604563
6.998918862955835 -13.625010572125623
7.107968272465127 -12.630974241659942
6.108082056074464 -12.646059143779677
5.369871290957772 -11.971489009348995
4.921791164814571 -11.077495608615246
3.9256921302842214 -11.1657379647018
4.642370030590446 -11.863142285890492
4.873291339331788 -10.890169856081103
5.421560603278331 -10.053867988205923
6.294654219992372 -9.566315389553024
6.929857005386189 -8.793969986622486
6.031573473322249 -8.354553673745128
5.26271200372233 -8.99396906342906
4.269552520017174 -8.877203315341236
3.6647456921331942 -8.08083110277671
4.663988688936009 -8.041928232181732
4.875396614332392 -7.0645303147092235
5.875268812949251 -7.080517385519353
5.065058562770822 -7.6666567465128
5.733216994596291 -8.410675771794095
6.040178287554873 -9.362397771447982
5.6582589389688565 -8.438202115119934
6.6293209250263745 -8.199374522002998
5.814884960880251 -7.61912107711415
5.879412550735334 -6.62120515372807
5.030078411451126 -6.093349567562352
5.820890840734662 -6.705408144571671
5.143817304386439 -7.441323510885565
4.33876787434733 -6.848115777293271
4.522857556837666 -5.8652063263260885
4.036608576735179 -6.73902663356854
3.9374695625458065 -7.734100226759295
3.7265128375888805 -6.756604825135611
3.6167789409284206 -5.762643823926956
3.938188079447769 -4.815703400417509
3.7564298958706757 -3.8323601425961336
4.684641208328075 -3.4603067063452206
5.6611522461064085 -3.244839323437547
4.82339763029363 -2.6987924356299313
5.763871214678823 -3.0386592287616914
6.446848617808223 -2.308219726260204
6.50960569133509 -3.3062485583699504
6.0182453560815015 -4.177204941284434
5.316436140615565 -4.889569893459291
5.194587598566567 -3.8970211879538468
6.186846334701753 -3.772833424613794
6.51808150611041 -2.829285195204254
5.619900416114049 -2.389659525374853
6.47714190800301 -1.8747449454841796
7.307633349080303 -2.4317763326585125
8.239210470088697 -2.068232569661933
9.00179250861047 -1.4213410528494326
9.463540763944726 -2.3083520723389146
9.810613325404626 -3.24619035108513
10.785974598679841 -3.466804010215636
10.45112375499387 -4.409075156161851
11.451122997018524 -4.407843916902109
10.455585487324456 -4.313477255457878
11.038826001239551 -3.501177739929243
11.04032321917628 -4.50117661909784
11.074258383434797 -5.500600655544206
10.076623155610218 -5.569331668947188
10.8924106631657 -6.147683415306109
11.088011703335379 -7.128366969305328
10.894580056049692 -6.147253215539566
10.572171050278962 -5.200652754416749
11.224922912147704 -5.958224537699952
12.224921215994884 -5.956382717197809
12.227967584392015 -6.956378077006838
13.207554927242079 -7.157397075432244
14.145305390716496 -7.504706833794306
14.290977080085437 -6.5153738469206255
13.335425328944659 -6.2205504236792
12.836952888969009 -5.353644877160595
13.021678566706546 -6.336434999203144
12.403530237857842 -5.550373523527384
11.777239857674767 -6.329963389861048
12.515258459214209 -5.655183022792054
12.43989310597561 -6.652339010354291
12.574121607680711 -5.661388603255125
13.565506943246106 -5.7923661449402895
12.682152886293359 -5.323659829573063
12.123797650441693 -6.153261800759867
11.990292188224679 -7.144309878079136
11.914660196565727 -8.141445677174575
10.950943186175744 -8.408371741628747
11.907956768089385 -8.118328634431174
11.14065765555977 -8.759618016778383
11.341809902644094 -7.780058027041702
10.348189903710932 -7.892837891024867
9.36351287447373 -8.067225815184202
8.43393803020594 -8.43585924951228
8.597582186253351 -7.449339817270051
9.588135543421568 -7.312211969614021
10.585276044321741 -7.236641992344249
9.615534636761728 -6.9925075980784595
10.1580378750825 -6.15245388764592
11.057262509457484 -5.71496667990931
10.56600692097486 -4.843951211169178
11.560529369519024 -4.948474411185828
10.642363032806577 -4.552279284855325
9.643722057691289 -4.6043964875890415
8.710771983618553 -4.964402264331136
9.41994364939988 -5.669438113386302
10.41739369856993 -5.598070057432231
11.3670593276525 -5.911335428865472
11.993186905137334 -5.131614801516822
12.490703837143464 -5.99906906680532
11.763779899115548 -5.3123510836987275
12.619411497218396 -4.794765759014993
11.864205154888069 -5.450252891233505
12.66672267805783 -4.853624342632727
13.476787378753261 -4.267283843701243
12.606451608755858 -4.759742621126345
11.759104030649173 -4.228703939035543
11.120072069136201 -3.4595237571763873
10.24300380319551 -2.9791580039426777
10.387314319877484 -3.9686904565560224
10.316747252936961 -2.971183419456328
11.190645863704518 -3.4572916564761664
11.515543171930805 -4.403040956823416
12.492352821005989 -4.188931383301781
11.680890593693045 -4.773336254640407
10.783386582105605 -5.2143425461878765
11.486777793789246 -5.925145474801862
12.259616964936281 -6.559747409514294
11.817903622700365 -5.662591167106776
11.53563521615165 -6.621926638495409
10.712736548040755 -7.190114795729714
10.68808771273787 -8.18981096703288
11.51685345758824 -7.630215273551765
10.522020211887355 -7.731737750118487
11.443389478449463 -7.3430493471080505
12.42607559801759 -7.157771203744795
12.530982954977917 -8.15225320280541
11.801742598897054 -8.836510831964967
12.400785026224128 -8.035793547112139
11.403923167275563 -8.114954359220224
10.420753996625727 -8.297651873937081
9.628963847557912 -8.908445095771743
8.854743974993935 -8.275528364339385
8.323957865290234 -7.4280225497601515
8.797700995198396 -8.308685622032867
9.464756813824376 -7.563677880571596
10.366278296199233 -7.996412229585676
11.25981007186187 -7.547412267579914
11.981027580955836 -6.854703595354501
12.831324886769048 -7.381006257068073
13.585443522141462 -8.03774447263349
12.66882550675756 -8.437508670472264
12.478466730611782 -9.419223260536139
13.000716242311594 -10.272015994750793
12.097817010259483 -10.701868267932767
11.454157661062062 -11.467180388698374
10.7448789015021 -12.172108499385613
10.587997762506392 -13.15972599023286
10.292069634605006 -12.204515781369501
9.405775365960306 -12.66763830227251
9.726027986773008 -13.614970482060885
9.053465798892425 -14.35501109137451
9.94873913883424 -13.909493811362358
10.83403108246322 -14.37452948154866
10.108571431832692 -13.686264782971847
9.437998844390131 -14.428108705216
8.48534391276032 -14.732162288061849
8.024795591178194 -15.619796922068367
7.908911666937811 -14.626534159199121
7.759503404909529 -13.637758567248303
7.976239989929632 -12.661528444421814
8.328366756953388 -11.725576127289473
7.778287384835565 -10.890463749001102
8.642107174711734 -10.38666282540301
8.447615095750441 -11.36756691409941
8.734672984181325 -10.409653677584952
8.256298429016887 -11.287809577736644
8.556834371710734 -10.334039087970305
9.471797005835304 -9.930500517130014
9.760337014209082 -8.973032677687007
10.738285525764134 -8.764186541148028
9.94243534824485 -9.369680137268187
9.18435256450432 -8.717521802968756
9.055613062871803 -7.725843356737615
8.784806728721259 -6.763209506624321
7.837902931952666 -6.441692478046949
8.535879483235682 -5.725571864002733
9.282788255802558 -5.060645337638622
10.276518116611562 -4.94883762888598
11.259292344620425 -5.133647847114256
10.417453340472735 -5.673376567024199
11.417452891927061 -5.672429418066938
10.420767410313148 -5.753780820882398
10.88221003703572 -4.866610768275023
10.24680706012315 -5.638791483477522
9.803436031355838 -4.74245330463551
10.799868041332704 -4.826852649973385
9.804336087593137 -4.7324273933760015
9.345049621529581 -3.8441391844646993
8.402714308214968 -3.509468962783341
7.656870819225886 -2.84334773512835
6.849225447506681 -2.253679223555493
7.465423717109171 -3.0412702929175683
8.456367646904168 -3.175546605059542
7.662425849683013 -3.7835403736338935
8.630904169240742 -3.5344425122487797
8.744887217310653 -2.540959817506344
7.781585915524788 -2.2725373855494437
7.030470136755164 -1.6123668872057952
7.668498360382416 -2.3823798649243875
8.65615933381457 -2.225772708130546
8.639055747018437 -3.2256264310914133
8.26296407634596 -4.152208891129798
8.56604183415826 -5.105174720905174
9.565826613220091 -5.125920697775015
10.519663654828916 -4.8255960433509655
10.042608480139569 -3.9467226962171953
9.662619934333293 -3.021731504336953
10.644020253394253 -3.2137039339904
10.098641602215356 -4.0518937256475684
10.493867444013917 -4.970477708729474
10.350464652494072 -3.9808133012739386
9.931283600552021 -3.0729106381581426
10.660616850377888 -3.757069253318721
9.86330340149241 -4.360634713087869
9.108855050412142 -3.704275295122173
8.160614517880113 -4.0218282709598645
9.044584291245037 -3.5542842197976636
10.044201804446187 -3.526628708564864
10.926384986483377 -3.9975351040732896
10.276335948170516 -3.237642843428056
11.009699616848065 -3.9174793895652904
10.84747993568914 -2.9307247214513277
10.149898973793704 -2.2142187538550773
10.751820049037004 -3.012774336878544
11.243502622444888 -3.8835488467299752
10.737254982203718 -4.745936999912895
10.60763850728471 -5.737501203295395
9.640692368826988 -5.482520487707528
8.664648055261322 -5.700092310230871
8.384946378991858 -4.740005349434063
8.08800946143855 -3.7851082518398043
7.795107756332112 -2.828965693878
7.69555881402674 -3.823998360721598
6.729968390832685 -4.084065918552108
5.936813019995495 -4.693085259552145
5.091903082339028 -4.158176671801542
5.057383544690541 -5.157580694967615
5.977000271354726 -4.764763847009879
5.271479603695342 -4.056074502158796
6.23476406375023 -3.7875916367525253
5.451062299267473 -3.1664543376417615
4.475057529275098 -2.9487051953882735
5.003255658741979 -3.79782635048199
4.005091944256591 -3.8584002647086044
4.859261380148885 -4.378395048131901
5.4566905631292055 -3.5764733740742245
5.037045898962512 -2.668784905580533
4.567789775245719 -1.7857227954465462
3.586038383909489 -1.975891682516374
4.496832986751534 -1.5630319103977994
4.475494851944642 -0.5632595943163013
5.4474820160380375 -0.7982935340732643
6.287709390633888 -1.3405277629631085
6.686187914091138 -0.42335009950671476
7.685480603913462 -0.4609548873357093
8.133884945031708 0.43287593942420516
7.145648873477809 0.27993978647234125
7.957710486790383 0.8635114925926599
7.5589307731599815 1.7805582416719288
7.989748549143647 2.68299718359348
8.409124141661415 1.775184365662178
8.06867829113722 0.8349202416731488
7.419967872424398 0.07388489909473983
7.84926465533724 0.9770483794130509
8.76888788396205 1.3698500053945144
9.690970177778338 1.7568438599070801
8.947688771183193 2.4258227464273827
9.835487136045094 2.8860553651633163
10.833389485513415 2.950792533201515
11.464078287276124 3.7268283798807245
11.204148948703157 2.7612007399754552
10.684453377864559 1.906849223531115
9.86767813921724 1.3298932377465693
9.444423162414026 0.4238826281997988
9.988883571055851 1.262669170427067
10.979840948034237 1.1284921343436998
10.744056659894085 0.1566867168519871
11.4800881538873 -0.520260577883812
10.840384090401587 0.2483607275455051
10.32563916232472 1.1057041004242723
11.141847871558022 1.683461266517178
11.144754732063245 2.6834570415892545
10.150492474236897 2.5764871268372413
10.399483218110532 3.5449929912827045
11.15498285500672 2.88984392530632
10.251647393940596 2.460909146137677
10.266007373826234 1.4610122559646532
9.47554073721822 2.0735173550533172
10.334160153868853 1.560903760471077
10.17962709203951 2.548891378208085
9.179760284383546 2.56521213027018
9.199512972705255 1.5654072336508116
10.131056350542826 1.2017770159749834
10.420791134749146 0.24467004451311136
11.260673707661143 -0.29809810462492126
10.986345748960897 -1.25973429938641
10.186518059628717 -0.6595046205321021
10.947055527919218 -0.010210573642500664
9.978655348207413 -0.2596120410282064
9.550468381309122 0.6440781278783951
8.887400000696354 -0.10448070256284914
8.338114326982648 -0.9401153408186366
7.536657354728127 -0.3420629002880292
8.391513559013704 0.17680208214425464
7.556639696234795 -0.37363922557948626
6.579620699366391 -0.16048698008754517
5.625720480257065 0.13963694762095977
4.627882379988711 0.07391689244110544
4.608898623342999 1.0737366846954979
5.030319614841918 0.16687156356442923
4.72498405536127 1.1191163829867457
5.531341974500701 0.5276885291946471
4.561393395266505 0.7709985241425819
3.987610374884192 -0.048008829622297466
4.005416724422406 -1.0478502840120036
5.005213111700189 -1.0680290844296052
5.990765014056317 -0.8986553917786564
5.0234419311376595 -0.6451084469089823
5.922446860775033 -0.20716993925328325
4.961930833197043 -0.4853945980558365
4.30309597777752 -1.237682198169209
3.328518430001704 -1.013631749896333
4.294364172758255 -1.2727494860686122
4.527877168467882 -2.2451031670071457
5.328896921344363 -2.8437410838664943
5.760056435050836 -3.7460168032230543
5.474808586461905 -2.7875630146263446
4.606928738447896 -3.284337178015686
3.834258819564809 -2.649529178339245
2.8364730806820884 -2.5830188837807126
1.96366341905309 -3.07107963262974
2.215693317707488 -2.1033601845538765
2.700093716851727 -1.2285137675703572
3.5833296069837663 -1.6974427199529805
4.405041383532588 -2.2673460067315174
4.984362558208737 -3.082445372804051
5.586839065948179 -3.8805819886926383
5.86864735499657 -4.840052722078299
4.903002113993076 -4.580188779740576
5.703470753142531 -3.98081414085583
6.634879482902398 -4.344789109950012
7.53411058820401 -4.782263016895376
8.261512496300753 -5.468474692763119
8.077854521406525 -4.4854844851528135
7.876724541264189 -3.5059199231723674
8.597008074383549 -4.199599699378285
7.684672272938346 -4.609042473647583
8.545378918144445 -4.099941235289178
7.58246629217886 -4.369754642584035
8.490583538523634 -3.9510386685739847
7.5385813250089395 -3.644947529428921
6.550834169827885 -3.488884857941681
5.550998467937675 -3.4707583793616976
6.337518468521759 -2.8531935741135266
6.962834146246504 -2.0728216735483898
7.962593919902814 -2.0947395881089315
7.278398604579424 -1.365440766987214
6.4486769066893235 -0.8072634617782256
5.4546318730848 -0.6982934146726962
4.457351414275115 -0.7719933907672873
3.5832090834523127 -0.28632355902592965
2.824566661801076 -0.9378307931155808
3.3197515184762176 -0.0690431563943742
3.62695575793139 -1.0206867636659038
4.612412897523588 -0.8507625863786121
3.658329376318744 -1.150303292402628
4.636417192326403 -0.9421105351381928
3.921192849946676 -0.24321559305641738
4.9195968101901055 -0.1867396497687054
3.9265476736796048 -0.0690391294820529
3.271024508653964 0.6861359363899383
3.5565040439463815 -0.27224886885752875
2.6031571827736215 -0.574125933723421
2.270727105139424 -1.517253837819213
3.190716620019836 -1.9091968088113012
3.3316487901891914 -0.9191775547503733
2.353875021425916 -0.7095148324594022
3.1549765148368456 -0.11098630577518565
3.7629182631730504 -0.9049679369417503
2.789381348215912 -1.1334977494733707
1.965149967416117 -0.5672445985727659
2.3541567829617684 0.35399027780731973
2.5551429227736513 1.3335843629280488
1.5750428817757243 1.1350801825290917
1.6652727607480593 2.131001147736993
2.191103754336267 1.2804120776320222
3.0604455082782933 0.7862006705874243
4.055413724371162 0.8863917328882812
3.5435116509437266 1.7454355427261106
2.7600780841973247 2.3669110824660198
3.7514874859040095 2.2361158294650303
3.161315106510498 3.0433930820870776
3.6685195760155067 2.181567330491001
2.7477420293330344 1.7914792513019453
2.011917187084305 2.4686511656114747
1.3397513796819525 3.2090518188791117
2.0369921103213597 2.4922147637979544
2.038924159846925 3.4922128973885282
2.2558602765104476 2.516027094742869
1.2923594813494925 2.2483216265054655
1.6381059144656487 3.186649609668845
2.265365571323183 2.4078394127152043
3.140039797754988 1.9231281609209805
2.5290583167963026 1.1314832721447492
1.9357967437448722 0.3264735169612841
2.8530661599926357 0.7247407865384958
1.8705689742908471 0.5384633587914252
2.2810961223887847 1.4503117347150618
2.8269463637917944 2.2881944914061614
3.3130650345243606 3.162087298313967
4.000278315967334 3.888543013281081
4.997960604925666 3.956587486229751
4.433979156612631 4.7823749443318535
3.6795355928804363 5.438739865045221
2.8431591906032474 4.89058430891734
1.9827297673442543 4.381014679141196
0.9854087550828338 4.45416383157549
1.2088581002400707 3.479448288379013
0.3557924020856824 4.001251809479021
1.0704486788786705 4.700727617524148
2.0662549560681236 4.6092406878014724
2.1004713026913473 3.6098262384243585
2.201908852657283 4.604668147200274
2.1190775829023893 5.601231733104752
2.8081342390239588 4.876524257874531
1.810597614993045 4.806376672620246
1.9343186370813548 5.798693713032948
2.5671914703274616 6.572949469833662
3.2546465059920937 7.299176413659998
3.8535169215635356 8.100022357242961
3.185776279376599 8.844416362304647
4.183252198548778 8.77341079441299
4.607609822062651 9.67890546991675
4.715584912585001 8.684751870201548
4.6551944010779565 7.6865770427690405
3.863708953890591 8.297765055487398
2.952627394587425 7.885538913306056
2.9704530975315615 6.885697803771873
3.8807636214793213 6.471771783823917
3.4789992474337335 7.387514863376123
2.6890117682361585 8.000637838570382
1.7925376755097655 7.557541685269103
0.9295629063839868 7.052294668600712
1.4810901833622285 6.2181378111998
1.3764006994983835 7.2126427694420014
1.3203573686080958 8.211071106911808
1.4685047797780253 9.200036396779783
1.449530369344012 8.200216427110902
2.2195380842918615 8.838251002130777
2.1467045686203208 9.835595114759373
1.5654898597193136 10.649345360324386
0.5838423013354633 10.458641214803045
-0.004603111024760298 9.650104266561218
-0.36945493181063066 8.719038667975793
0.4120575203281622 9.342928311383993
1.2656297028565822 8.821953715829018
0.5260939757648002 8.14883640929558
0.6808386933325408 9.136790898320697
0.14461712665586213 9.980868164588903
0.36673356479649155 9.005848017152083
-0.5811777733205865 8.687313725326083
-1.4734987187707884 9.138715243168965
-0.7258358398722667 8.47463676925404
-0.03549050567778078 9.198116775581722
0.9571346195720246 9.319341198545118
1.2747825763818403 10.26754991793898
0.28312108372896194 10.138679890432718
-0.6837394238814247 10.393985117217023
-0.048782078983347965 11.166532313289848
0.0911115636754487 10.176365777426485
0.609482527265362 9.321209917885742
-0.38812013630586084 9.252007854075465
-0.6746830018994043 8.29394641342418
-0.08794758187805607 9.103725115843782
0.8751736230107915 9.372793034209117
-0.12106086200327348 9.286093259879763
-1.114469521490471 9.400719763166958
-0.45085734227647845 8.652642978606137
0.5201322439840913 8.891764753803479
-0.15396140918665768 9.630410641055898
0.8440737947560906 9.56775498136775
1.5289407583778352 10.296423110312286
1.3285104584141236 9.31671514624521
1.2237471139252105 8.322217965931712
0.5662952330026517 9.075714498286963
-0.41960734332134575 9.243034879584952
-0.9814223527961335 10.070297773185798
-0.05472907432251517 10.446116303372664
0.42818117132650446 9.570446448548825
1.395451231493057 9.316697299377061
0.6351133005043823 8.667169601199484
0.4885898505450737 9.656376798207281
1.1756867754706828 10.38294256657087
2.158830994216442 10.20011082658355
2.0416861003166407 11.193225660745846
1.783316267924905 12.159271741277134
0.9175921584150669 11.658750247019997
0.5322688646254516 10.735968604775678
1.0117280387675633 11.61353279065097
1.780690017607646 12.252827304234767
2.742683634996027 11.979755372128926
1.7616623655435872 12.173655523964667
2.6673420159139773 12.597618223862863
2.484044595693569 11.614560720081654
1.554505711845879 11.983284822108075
0.8742933662050549 12.716299941213956
0.06630427553047635 12.127102496081285
-0.8968730202930575 11.858235434487522
0.07615520249015517 12.088921536512206
0.9495287714473315 11.601870605862233
1.852018037667896 11.17115826060537
