0 0
0.22601978058094976 -0.9741227123859393
-0.5698345541269029 -1.5796108443313321
-0.7157513289897729 -2.5689077132304603
-1.0142574257221364 -1.6144999857818563
-1.504711387402032 -2.4859670887022682
-2.458140800829373 -2.787583324358767
-3.0783250251111305 -2.0031271254846463
-3.7513044726691183 -2.742788306813331
-2.8448760327669254 -2.3204288824642623
-2.61166055010043 -3.2928539637145526
-3.549252488265844 -2.9451164801335854
-4.254924660003863 -3.6536549660569313
-3.5886045052244624 -2.9079891888250966
-2.592972768640964 -2.8146219295329478
-3.5687028743136304 -3.0335985513079837
-4.486582755128532 -2.6367402335228816
-5.2142378035863555 -3.3226834749458467
-6.207721895099227 -3.436654348026842
-5.212247410380268 -3.3416251405508026
-5.309408528169047 -4.336893806384323
-6.010421356498432 -5.0500424686684475
-5.468009192865482 -5.890154987765159
-5.149754003609166 -6.838160069244909
-4.2952335752951205 -6.318742282108214
-3.4818665946198344 -5.73699134334905
-3.2343050205555075 -6.70586350573519
-2.345308604293383 -6.247949352347134
-2.8874332914357557 -5.407651295946439
-1.8874686764470456 -5.399238878310532
-1.2776331707957065 -4.60671086237231
-2.2621843464741316 -4.781807928225027
-3.2513031341776584 -4.634688847844862
-2.3712177284767906 -4.159873432475543
-1.5028539981634501 -4.655801281941874
-0.5095064126622054 -4.770955849280071
-0.2683726937129278 -5.741447750114741
0.42265035436744725 -5.018615026020357
1.4225943296381365 -5.029200219445659
0.5633199985931271 -4.51768519131144
-0.3359908042268064 -4.080375141196688
-1.2037279916560708 -3.583351828310512
-2.201164813896754 -3.6549045056776643
-2.8128355185579537 -2.86379203007178
-3.4562282013085888 -2.0982557110228788
-4.105919887961532 -1.3380578997302823
-3.4722750352875167 -2.111681969081621
-2.490339979222214 -2.300900217858083
-2.8265894876358573 -3.242673156570798
-3.081071660384409 -4.209750621799502
-3.7473580887907483 -3.4640547083592286
-4.693069851728698 -3.1390481523625917
-4.110707235662847 -2.32611901436289
-4.332424771469059 -1.3510080799989985
-4.513510593486317 -2.3344753774036118
-3.521918422436377 -2.2050730346409466
-3.0234645571775802 -3.0719892613944695
-2.867952101639736 -4.059823192869082
-2.854913659381187 -5.059738188767969
-2.1505731181501773 -4.3498759472179565
-1.559667632751145 -3.543135154072268
-2.3447256656957465 -2.9237129354611233
-3.099970400822135 -3.5791558315732646
-2.348733240501214 -4.23918820119839
-3.085177111044446 -4.9156868527412465
-2.2256307102279442 -5.426744564593243
-3.0185865017748883 -4.8174653899514706
-3.307568115788186 -3.860130742734381
-2.3243260763268654 -3.6778258008486957
-3.302337391498069 -3.8863776346864545
-2.455520202615011 -4.418261690296505
-1.825074417374871 -3.6420284058562253
-2.5058644676542743 -2.9095498004071874
-1.540339326944843 -3.169859620925033
-0.8454136823873991 -3.8889412216745036
-0.13614770097491147 -3.1840002542091557
-1.1331275172889126 -3.106339158012278
-0.3786085485444093 -2.450060919911447
-1.3713487702605238 -2.3297826916777398
-0.8662739365330835 -1.4667071374328067
-1.6415111627298216 -2.0983773386603044
-1.152937565978914 -2.970900026364115
-0.1844301625580793 -2.7219152687602963
-0.23648390743829 -1.7232709839201208
-0.7260294591023337 -2.595248708891319
0.25983042036096715 -2.4276769389997117
0.8320944619811932 -1.607607511043466
1.83110618635195 -1.5631600750120478
2.7411747961623165 -1.9776177030487716
1.7949741992571577 -2.301198342791512
2.326125496879491 -3.1484753335295537
3.1397036353663816 -2.567019735417191
2.1572422140110787 -2.7534856989293495
2.2862207274108064 -1.7618383104483448
1.3751561083464217 -2.1741018910482657
2.293812965125345 -1.779045465340407
1.5860290314695582 -1.0726164857120648
1.3276423968340096 -0.10657489911151086
0.4095652634250009 0.2898268883611203
0.6260356794036182 -0.686462289601047
0.9963230032346458 -1.6153795613804318
1.8750364095127652 -1.1380298472010844
2.6134483524759875 -0.46367993618360737
3.3693088907051187 0.19105271669691593
2.4534826522263673 -0.2105220595451443
3.192420336321213 -0.8842958339119906
2.2009691037451677 -1.0147736229162523
2.445540374924853 -1.9844049411571354
2.0918214117816945 -1.0490531917532393
1.902015404661268 -2.0308748047059186
1.418708801341705 -2.906325961074854
0.42796150286186274 -2.770606432064125
0.8030894957576555 -3.6975794569931
1.7913089900093255 -3.8506226900384504
2.622673518815934 -3.2948952206416555
3.1585088581324836 -4.139217723681529
2.7330402506789846 -5.044190907854176
3.7012596531143385 -4.794088551312447
4.699329162055169 -4.856195357079684
4.693899806552664 -3.8562100961388897
3.76353022339601 -3.489587076216635
3.130428385808216 -2.715518562942159
3.5161058337815367 -3.638152242212966
3.797733315888009 -2.678628422121787
3.342964074029951 -3.569237728529399
4.1915312991555185 -3.0401501512393114
3.951474835164405 -4.01090907810843
3.313832367413061 -4.781241527976651
4.0756096433569455 -4.1334025187656325
4.05359640338879 -5.133160198039017
3.076366460696608 -4.920977165951541
3.041407722964775 -5.920365922470343
2.081755135291483 -5.639177531934826
1.0821616718832392 -5.667689071905716
2.0821572644853794 -5.664720103011532
1.1616019920733553 -6.055332430562038
0.23546450492536508 -6.4325185317100075
0.48436322120024666 -5.463989012781072
-0.0026625146387617704 -6.337376631556649
0.6723497903197584 -7.075183102221271
1.235367630927301 -7.9016278439660645
0.36621646864531077 -8.396174360588986
-0.33439656090091974 -7.682632923228792
-1.17745421910729 -8.220456114379555
-0.18015086224040688 -8.293845584891654
-1.1501641395840116 -8.050793652627954
-0.9256794084244077 -7.076316046176066
-0.42195183865099084 -6.212453478720937
-0.5844015303189967 -7.199170306223625
-1.514094068369276 -6.830833796095142
-1.7887750220929557 -5.869298371026752
-0.7916183387884724 -5.793942223691564
-1.2705924588509885 -4.9161132014381765
-1.9745070553023998 -4.2058285817943
-2.2545288557923784 -3.245834940539135
-2.204651377763057 -2.2470795965306865
-2.107971528010128 -3.242395127732602
-2.9828543422407 -3.7267297861703343
-2.331018879618365 -4.485090208178185
-3.2182103956393857 -4.023688849380529
-4.0414580982477215 -4.591371172647775
-3.933215519620478 -5.58549568405071
-3.349707961552705 -4.773387975875382
-3.787133468160096 -3.874133325529181
-4.45057286462728 -4.622363348460136
-4.3378600782555505 -3.6287357382417404
-3.351445707438891 -3.464459479925531
-2.3689386012590985 -3.2782343841242123
-1.4022043462074387 -3.0224515072350187
-1.3823534936295054 -2.02264855482293
-0.8624291350920552 -2.876860859463539
-0.9216568013733978 -1.878616358578678
-1.5613627686086453 -1.1099966375959176
-1.8836109385312891 -2.0566518636320428
-0.9818952783992617 -2.4889814465576876
-0.35379546498078285 -3.2671142272472506
-1.2956571606813079 -3.603115040002416
-1.1025703768033273 -4.584296722409736
-0.9594100406490871 -3.5945972133908595
-0.9127510531113099 -2.595686337045052
-0.20396844301115136 -1.8902593658994864
-0.23314178190686435 -0.8906849983321323
0.7099220266585422 -0.5580731329783685
-0.2616334227171242 -0.7948853133839525
0.35428993424113053 -1.5826913925387622
-0.4771243343481383 -2.1383444443491264
0.5171725293424068 -2.2449922143921315
0.4757200376601031 -1.2458517383161551
0.8535662085768978 -2.17172012589806
0.539264561191191 -1.222396959399617
-0.46016485164598864 -1.2561734120838504
-1.4466704501230931 -1.4199009423691686
-1.7933890392024494 -2.3578701422829083
-0.8276000028625813 -2.6171991558654786
-0.38714761895742467 -1.7194231829678606
-1.3774228161367952 -1.580300812906973
-1.6788620455646803 -2.533786203965443
-1.393271815238164 -3.4921380288930357
-2.2687375837706423 -3.975418163109038
-2.911363794976676 -4.7415980066647
-2.1718727192754796 -5.414764367201445
-3.171761610855431 -5.399857841951881
-3.0593150626178844 -6.393515616937545
-2.1480605296322084 -5.981671986280158
-2.897557613505247 -5.319664341863713
-3.8525664863971327 -5.02308711297085
-3.7677980728297853 -6.019487793450985
-3.0272410454456424 -5.347494274738221
-2.0982175948766337 -5.71751512319524
-1.2969120717179718 -6.315770468808987
-1.8325741266174123 -5.471338018614829
-1.0469080905219894 -4.852687164153198
-0.08521709275487177 -4.5785513860911475
-0.9359622939538668 -5.104129736707763
-1.6617019149953087 -5.79209921455589
-0.8874844249282808 -6.425018860383314
-1.8368532926822487 -6.110855283660058
-0.9359363473325054 -5.676863742749768
-0.4918312084183667 -6.5728384218507205
-1.4385213542392976 -6.250692852572569
-0.6828467198834411 -5.59574564325632
0.054794153852462335 -6.270938905511012
0.4708043300976214 -7.180298863536695
1.214919637534427 -7.848350066093976
1.8797776529187755 -8.595319824102415
1.4069304208677456 -9.476464247645842
2.116709769232928 -8.77204017321745
1.6071050597059524 -9.63244882033109
0.7572392677486489 -10.15944800027427
0.7823665879011575 -11.159132259319072
0.10700105285082007 -11.896615407645983
1.0693381208712063 -12.168474502608662
1.571140638457595 -11.303492286985726
0.8128529799481297 -11.955412394784398
1.0644382489350463 -12.923247531793166
0.2902647990281594 -13.556221045819834
0.8319556989469051 -12.715643286808081
0.09325579031993148 -12.041608832945002
1.0541712492120654 -12.318450811087985
0.8524450107113053 -13.297892756636742
1.721941218878114 -12.80395314091075
2.569669051628812 -12.273521692390014
1.7122654647852171 -11.758877068141652
0.8532067429054258 -12.270754116232558
-0.10357286028451862 -12.561568130543582
0.2717392223200353 -11.63466962442167
0.28186576939663643 -10.63472089921407
-0.2604181337158238 -11.474916214855092
0.7131070489460255 -11.703496001195033
-0.2512296521510269 -11.438817466143067
0.6096224883172081 -10.929962288070506
0.5073325703346843 -9.935207658687396
-0.24275755057309167 -9.273872032460774
-0.4793381421725681 -8.30226016361682
-0.8632518963173227 -7.378891207360178
-0.06716423211856515 -7.984072528048917
-0.9247358772190472 -7.469707994357438
-1.8095837117077234 -7.003827849040318
-2.778895960075944 -6.757995049838614
-3.506210650326144 -7.444299167082752
-4.07131139604244 -8.269321074180306
-3.6958670161388567 -7.342476147777397
-3.2557903724897024 -8.240436362772748
-2.2646875984710713 -8.373535165669598
-3.207234671439462 -8.03946179762192
-4.110119449328305 -7.609579164968989
-3.269279412964211 -8.150862855141922
-4.134269281174169 -8.65265218134777
-3.4411221425758414 -9.373448299714783
-3.9250516147812418 -8.498341297153951
-3.6066314697032986 -9.446290985274867
-4.601498564504424 -9.547481220386606
-5.16488390233488 -8.721286956839792
-5.5415144675501 -7.794923411925775
-6.335321127803158 -7.186753216883394
-6.157690882263712 -8.170850516884567
-6.133002268352408 -9.170545706601482
-7.069984070294337 -9.519923872532978
-7.423142374459195 -10.455487452520678
-8.421262049609883 -10.516782754763875
-8.626969304675315 -9.538169181787573
-7.62825774649019 -9.588915842243608
-7.977709508061639 -10.525870198834479
-6.977713003202454 -10.52322628707096
-7.224660267044065 -9.554197366511238
-7.641475728009282 -10.463188494905983
-6.643164004701711 -10.521272082145986
-6.015669461438574 -11.29989304139059
-5.016614115858932 -11.343348955473044
-6.01647877833431 -11.326897307136234
-6.827668294015411 -11.911680659882412
-7.262404480483233 -12.812238513757118
-8.251031810390394 -12.962624691847516
-7.251657632367118 -12.997997736674062
-6.623510364277143 -13.776092210109711
-6.144160809093615 -12.898468142558375
-5.941188867136332 -13.87765269655118
-5.377195911853386 -14.70343229571261
-4.634181765043742 -15.37270800694135
-5.0545713140977675 -14.465364286487986
-5.252224104384898 -15.445636378558198
-4.676672164760064 -16.26340160452106
-4.560608665070962 -15.270159809166113
-5.5535167921862305 -15.389044001170136
-4.693864982661922 -15.899924384803704
-5.68751996571204 -16.0123956018313
-5.987141501379438 -16.96645374228413
-6.07263868677232 -17.962792154315853
-5.886583002296276 -18.945331355708934
-6.14736921840623 -19.91072793198578
-6.3361516796090305 -18.92870900022213
-5.948332423347113 -19.85044444191484
-6.929439269323901 -20.043911123225804
-6.017301969839346 -19.63402632613152
-5.432555959519654 -20.445242760515836
-4.883278416359307 -19.609602777879932
-5.718902535719488 -19.060301101982688
-5.6228639502514195 -18.06492349016831
-5.144388778808281 -18.943024572226896
-5.720168850583736 -18.125419955712132
-6.635150160099683 -17.72192373114927
-5.650680091407373 -17.546371220916697
-5.0998535598535 -18.38099097393979
-4.364871883032211 -19.059077940882062
-5.300765932218695 -18.706796336625857
-5.820700872309269 -17.852590472636965
-6.679448296208773 -18.36498959631495
-5.763736575519945 -18.766825439157653
-6.663070182531738 -19.204088590245366
-7.225550699241618 -18.37727805068882
-6.255502964734632 -18.134363677343263
-6.35106019395439 -19.12978761514255
-5.722926635936698 -18.35168207391306
-6.031366183324693 -17.4004381274897
-6.951880810895307 -17.791146228798763
-6.295360500689558 -18.545454575754665
-6.136337156914031 -17.55817975275225
-6.267041268605091 -16.566758331162493
-5.397035880245747 -17.05980054459427
-4.618051356639266 -16.432757394578594
-3.6183460209901694 -16.408483089753794
-2.6194690874566993 -16.361103013194423
-3.0742180364021956 -17.251722681421533
-2.686388303830697 -16.32999164769558
-2.7361747449916782 -15.331231761498438
-2.065276763945117 -16.072781422025397
-1.7978636600667426 -15.109199442184483
-0.8942702379448323 -15.537590533942955
-1.840402092762174 -15.86137211664941
-1.5854567742440737 -14.894416644786457
-0.598039976942749 -15.052556040280415
-0.532026525344377 -14.054737307138934
0.3169483027935672 -13.52630401788839
-0.6830512746717428 -13.525384741432944
-0.8458742912430429 -14.512040033454744
-0.6806855355100401 -15.498302004220818
0.10833534065162209 -14.883935617623145
1.0176160069661653 -14.467752160639833
1.9624696516696485 -14.14025927508269
1.2808656548870505 -14.871980527726063
0.3710802269578791 -14.456901649526106
-0.5807317838717032 -14.15021957303557
0.07571751005448835 -13.39584942217871
-0.8480942261764892 -13.013002356104138
-1.7923753925449808 -13.342142263805652
-0.8065677064643859 -13.174263718230515
-0.5532668374410952 -12.206876169338114
0.4465821606407051 -12.224253770864793
1.276946149226426 -11.667032408693517
0.48678977216028785 -12.279937702994125
1.4265788098029653 -11.938182579072551
2.3561791321230263 -11.56961339867023
1.8266333573811804 -12.417894762636843
1.4764941296938285 -13.354592430635705
1.3513722701731936 -14.346733811825956
1.568713533309582 -15.32282949122336
1.4411610188366604 -16.314661309654102
0.9112255873294969 -15.46662331614596
-0.0497304524129949 -15.7433243997767
0.8947292154275363 -16.071951750772556
1.1334287329484791 -17.04304522739325
1.9398327443304788 -17.63441023348257
2.653480307234207 -18.334915162773985
3.6335670685261086 -18.533484899492226
4.539072746708307 -18.109150754295545
5.361852973341449 -18.677510410377426
5.812699090070217 -19.570112101520003
6.723744968521216 -19.157807108393012
7.110653281174015 -20.07992529908234
7.997630894971793 -20.541737720549758
8.869194324654684 -21.032020483901068
9.245383078875415 -20.10547743514518
8.339400950215675 -20.528793372181767
7.572424877977267 -19.887117671680535
6.6640263118409235 -19.469012367909542
7.502080606678498 -18.923425528896452
8.241518382386026 -18.250200621561092
8.40559500851465 -17.263753025001474
7.42916170658712 -17.479572409874336
7.500423607079853 -18.477030048843613
8.46522937633042 -18.739993596927413
8.137765589161432 -19.684857326833978
7.390076953473227 -20.348906800941677
6.719044406186529 -21.090334693917065
6.184191586816063 -20.245389452134223
7.181078180283638 -20.32423816654742
7.650046058026793 -19.441022943827
8.22368207433746 -20.26013326654991
9.20186310202788 -20.467887633691767
8.906781416195091 -19.51241560443812
8.359765131815143 -18.675293639236422
8.808647914202613 -19.568884288066233
9.635015657242873 -19.00575343891788
10.4623609389355 -18.444059763627738
9.755931184429311 -19.15184292388823
9.773161345003382 -20.15169447365279
8.847146420782677 -19.774207573058185
8.040970486625067 -20.365883466757687
8.991649053543323 -20.67606125835833
9.609292173816092 -19.889602755969477
9.994900434515651 -20.812265353715947
10.122673106279459 -19.820461873005005
9.446374242136152 -19.08383452735561
8.747000544427083 -18.369078323498137
8.823494305093488 -17.372008263482737
9.228523324728627 -16.4577044336464
8.873480404222695 -17.392554434768833
9.639334461127124 -16.74953999984297
9.803950489335602 -15.763182274037131
9.44888237286651 -14.828341842376684
10.021678794333736 -14.008644178872427
9.32231275281554 -14.723407874069075
10.250573505720363 -15.095337940904994
11.22740973904725 -14.881349685947537
10.679657034938636 -14.044709395773976
9.76063481816255 -14.438915135295828
10.747151435740115 -14.275254012107329
10.025885648072377 -13.582595608895446
10.986037348189877 -13.862074969066239
10.913808948267244 -14.859463087225171
11.89800504940914 -15.036545086584479
12.291777690164592 -15.955752956107187
11.31668494180218 -16.177550458552634
11.754248181150023 -17.07673809835393
10.927153847503854 -17.638801229372497
11.913507135688622 -17.474158613725468
11.84594022316547 -18.47187335869624
11.486715383686896 -19.40512440461132
12.445373576744458 -19.120564272330622
13.00297548374463 -18.290455777427834
13.014445643543365 -19.290389992981133
12.569754865293055 -18.39470583450833
11.614255160706511 -18.099713776081277
10.925411626305273 -17.37480372296185
11.25746742964229 -18.31806346633597
10.509265604988357 -18.98153466358912
9.827789873135435 -18.249693952166528
8.941973373983267 -17.785658253292187
8.041649804454035 -17.35043707946198
7.69119090811812 -18.287015192583898
7.787853354260573 -19.28233241412975
8.10512411836713 -18.33399741939253
8.508835367039358 -19.248883875569202
7.577497002753237 -18.884728893166308
8.577047772868388 -18.854757941192616
7.904901028527217 -19.595175900234377
8.898632854292917 -19.706966143370217
7.907364524269976 -19.575105998165036
6.978458164886218 -19.94542069608616
6.732209457141563 -18.97621402362972
7.731218792914596 -18.93171293332484
7.691012567572476 -17.93252153051768
8.622700368976481 -18.295781548569444
7.63295016855106 -18.152972092447524
8.474674982601343 -18.692878878302285
9.3021684228615 -19.254354261846753
8.319548745700896 -19.068724064796843
8.512781437719878 -20.049877022665846
8.324626865727927 -21.032016451178176
9.31359223081417 -21.18016336022401
10.312404397800163 -21.13143703180966
10.785653399997543 -22.01236573602992
11.712476420715046 -22.387864189113397
12.37424321434628 -21.638154438045003
11.594222805817452 -22.263908512964633
10.737873096425451 -21.747512177555254
11.726980781204691 -21.894705886356455
12.010432842216613 -20.935719479201435
12.645186076768944 -21.708434388611984
13.580739639600287 -21.355249548799204
12.84145388910885 -22.028641395438523
12.082332844178545 -22.679590885909114
13.027501497099518 -22.353008250829486
12.402451313421937 -21.57242368277512
12.065999000819852 -22.514124187895888
11.867774184492488 -21.53396760744969
12.79602381466501 -21.162009781769708
11.800637474793566 -21.066061699989344
11.569487464375635 -22.03897982228114
12.169989165061526 -22.83860330084674
12.588232167276264 -23.746938476373042
11.813861457245977 -24.37967064992453
11.56833872832866 -23.410279815645087
12.551314485777773 -23.59401511510423
13.323876646275638 -22.959075977732095
12.420735159691507 -23.388419028462632
12.287124092470904 -24.379452873856508
13.272556732284322 -24.20938667383323
14.19084345496668 -24.605302693899723
15.188813501587664 -24.541617640336806
14.930864178247704 -23.575459192364395
13.931036291685757 -23.556906638549048
14.88742167715123 -23.8490144858727
14.753925102775245 -22.857965211300606
15.697109103612753 -22.525694326984585
14.702750920656452 -22.63176884790192
15.466269000043289 -21.985982395233982
15.714822366880968 -22.954600598569876
15.79428382522498 -21.957762659565827
15.82945716254739 -22.95714388629645
16.773034652653802 -22.625992077960024
17.515786561898082 -21.95642535140174
17.87740903512945 -22.888749965929335
17.45789048505481 -21.98100320270554
18.101023838639367 -22.746757399238007
17.792824956107285 -23.698079347269257
17.799838460463363 -24.698054752345126
18.75849513723165 -24.982619992821864
18.790660264605332 -23.983137424399064
19.681263502620133 -24.437918550258033
19.33549111793306 -23.499600129897537
19.03818539219618 -22.544817795831772
18.62566451394445 -23.455765941999502
19.61363912222508 -23.610382155226752
19.465581931697738 -22.62140335447663
19.124979477015064 -21.681195947643364
18.137085294183127 -21.52606669983104
17.155057219102662 -21.337331807048173
16.742349045356043 -22.248195113655004
17.364466496425063 -23.031119041680828
18.359659582897773 -22.933186816969435
19.357437627682135 -22.999812437764255
19.33534364245232 -22.00005653964879
19.62268762447906 -22.95788399592315
20.387898898462915 -22.31410475878669
19.7160210510022 -21.57344278589247
19.24636463842367 -22.45629206755037
20.10822401522678 -22.9634393978367
20.923069012449876 -23.543118300765293
21.894140635638205 -23.3043298951875
22.69743708866817 -23.89990928414373
23.362829130627322 -24.646403376884884
22.394753720166644 -24.39574424646791
23.35322621427554 -24.68092923561824
24.00221670185259 -23.9201327141787
23.465772571705998 -23.076196878210546
24.2387476659321 -23.710633245158522
24.731117830983102 -24.58101914840354
23.819702035841495 -24.992505780466345
22.919975343800157 -25.42895953475006
22.778532552890862 -24.439013103421683
21.85493874602493 -24.05564059538427
21.66251746844583 -25.036953008397997
20.785972900872675 -25.518273713394144
20.19374053113104 -24.712506488799963
19.652796428775062 -25.553565034994154
19.273242632432407 -24.62839536640256
18.27474927049031 -24.683268002183713
17.635581748961066 -23.91420046326261
18.539698917560187 -24.341485082040663
17.701913684197134 -23.795485171089375
18.62038540054947 -23.399998500946378
19.612607124745452 -23.5244816324685
18.838045585853145 -24.15698018777814
18.31451279619146 -23.304974660713285
18.45164668264195 -22.314422139547958
17.85539401924449 -21.511625302613833
17.070245130362718 -20.892318252526625
16.301209237029177 -20.2531126558954
16.541096783220166 -21.223913338416
16.92640888042494 -20.301127020925513
17.579016745958207 -21.058822852934714
16.599984305461273 -20.855118458149963
15.605705931241488 -20.748298448044835
15.271141472256696 -19.8059255798105
15.310180889922105 -18.8066879084488
15.732966543400208 -17.900458196282457
14.972938442358174 -18.550348406722993
14.57052246177271 -17.634891483340226
15.32954236337619 -18.285958906092926
14.708160120808875 -19.069466473779425
13.763128996641958 -19.396446862114587
13.212927117658115 -20.23147853358738
13.430067199364574 -19.25533808010924
12.55557461698722 -18.770299191599268
13.182088228907146 -19.5497096701528
13.505871668021886 -18.603578450630355
13.225921069741668 -19.56359285808607
12.28076266986687 -19.890205165181367
11.441289618233522 -20.433606486104857
10.44148651365153 -20.413763299157967
11.437072102948765 -20.507621353600175
11.009349184510262 -19.603711454858907
11.338237734252981 -18.659342712339264
12.303692771698012 -18.919912416395615
12.51230683149 -19.897910460390133
11.552445734526275 -19.617434660122807
10.74428199423679 -19.028476793309476
10.626373623348401 -18.035452314218226
11.493183281072142 -18.534091479624287
12.40814912444114 -18.937622773910196
13.017881644645767 -19.73023002457405
13.852000289565963 -19.178644957520472
14.846313153096396 -19.28514345242959
13.897221375358162 -18.970143773969948
13.765214340417952 -17.978894994537512
14.759107690814952 -18.089239944746502
15.301304281077757 -18.92949160794473
14.428499316836925 -18.441422458749084
13.43100964555777 -18.370610343320976
12.453866631478643 -18.58319333896352
12.026505819663491 -19.487274494902906
13.016754280206374 -19.626587044202846
12.016777022402799 -19.619842870744062
11.066750216274936 -19.3076745385281
10.736695443231525 -18.36371275604363
11.10342627582828 -17.433385664949917
12.102820421288254 -17.398581325847886
12.172983074391283 -16.40104576151469
11.695146515349638 -15.522597002142103
11.017857569457139 -14.786879880028021
11.98966152528235 -14.551089567583956
11.825592403518892 -13.564640722846548
12.801327425541496 -13.783595436882457
12.659506405874202 -14.77348775344044
12.78509366437517 -13.781405175979163
12.044160436412549 -13.10982647493148
13.007000617622166 -13.379898290284785
12.122006589322329 -13.845500663424813
11.337945557458859 -14.466184397957297
11.142538194738142 -13.485462234144052
11.487891380083504 -14.423935024038256
10.704247152600336 -15.045144911863868
10.382159322041174 -15.991854703408084
10.843458154849792 -15.10460987426034
10.677079633337536 -16.090671833560766
11.039289916862444 -17.022768239791798
10.241304970673607 -16.420090858719636
11.239803366084594 -16.474871825867755
10.849495499787416 -15.554187423096348
11.051693917579525 -14.574842846431746
10.064334817564744 -14.416343611045576
9.237055490407714 -13.85455280045981
10.016631654217987 -13.228245364116557
9.823876877006763 -14.209492323786879
10.623954326706253 -13.609595603940571
9.694700094349288 -13.240154713341452
9.269942387838075 -14.145461783212959
8.39863518293041 -13.654723813746573
8.920186828689573 -14.507943528008912
9.912535110202674 -14.631413719464163
9.321921691848 -13.824459080057828
10.292328579901476 -13.582983467172443
10.436876383926633 -14.5724812854376
11.217726841362852 -13.947763298565405
10.99544237085221 -12.972781445313867
10.148659881133774 -12.440842148865254
9.591452282611549 -13.271215373475185
10.568882564499132 -13.059957133282857
10.545916408626205 -12.06022089022451
9.545916409116847 -12.060189564784324
8.546030665241695 -12.045073374945904
8.702458137575492 -13.032762823051561
9.678440552145428 -12.81491350253337
9.89224444116074 -11.838036899762105
9.322215254802158 -12.659661343592358
10.13353995492816 -13.244257127844564
10.564453215369129 -14.14665047997884
10.349645300933476 -15.123306796139138
10.259715530468103 -16.11925490542197
11.134302016009478 -15.634385356668506
11.23414173956623 -14.639381824212409
11.06307271519031 -13.654122777616504
10.187583969913943 -13.17088426829175
10.77872422435891 -13.977453049968018
10.579419778592742 -12.997515430576946
10.716100961927761 -12.006900341795165
10.807140945235345 -13.002747579798742
10.698455201460561 -12.008671421197137
11.693434675837379 -11.908592224713395
10.72217270696351 -12.146605223978678
9.80013275124209 -12.533699941138758
9.273809457667324 -11.683415406032651
10.149201864762807 -11.200002400829462
11.109572722697092 -10.921277060699493
12.049443142468917 -11.262808309691344
11.247397631928667 -10.665545386832214
11.934871947584647 -9.939336694159548
12.641928014183955 -10.646494186296282
12.634892398257925 -9.646518936548299
13.452452102863575 -10.222362777711096
13.615410033545153 -9.2357297593968
13.808877036888598 -10.21683654187122
13.863519794676987 -11.215342510316717
13.31557740188445 -10.37882644102648
12.335075808702026 -10.18231530707543
13.334593618286313 -10.151264569180341
13.464568063610292 -9.159747225124917
12.644095053220092 -8.588061962746009
13.601311121890138 -8.877436111349265
12.646085573203692 -9.173314720134485
12.353169294631723 -10.12945281358519
13.297374829376876 -9.800096003792802
14.231876263747585 -9.444136639315499
13.756475480135148 -10.323905981211816
13.2667157587588 -11.195763432471688
13.638195950670859 -10.26732255281538
13.110759205521099 -9.417728249711935
12.482904467775194 -8.639397710487101
11.75604187189584 -9.32618062139238
12.714550722027326 -9.611243393812103
11.898924509473858 -10.18982258579509
12.33624939856226 -9.290518998910317
11.696005130298959 -10.058690384055579
12.040438031065266 -10.997501321821915
11.211321790185266 -10.438425066639299
10.951627006822541 -9.472734319301319
10.090169078241452 -8.964905374394887
9.893445751637376 -7.984446332532441
10.136197248339887 -7.014357825823547
10.972330911786658 -6.465832077247345
11.295616643600331 -7.412133475114693
11.603440315214744 -6.4606900521021515
12.569717775822125 -6.718193196009466
13.110286440584128 -7.559493094189316
14.099639565228417 -7.705027951720359
15.099632226020944 -7.7011967167914905
16.035800299021428 -7.3496439624365255
15.064066545385344 -7.113564501143662
14.064358097945316 -7.137710310656848
14.137135909099554 -8.135058489681404
13.241253482360845 -8.579349697630382
13.549995700119139 -9.530495450380029
14.336075880418951 -10.148619992960093
15.31892173101108 -9.96419105278574
15.10223467477694 -8.987949935202291
14.852051969542122 -8.019751291327292
15.748766334584191 -7.577141590205412
16.643398484591987 -8.023945032641153
15.663940379745876 -8.225592796951258
14.982326020911238 -8.957304397126112
