0 0
0.7198242837117543 -0.6941563228688908
1.1087199022336889 0.22712550040477064
1.5926465451974632 -0.6479830667055119
0.606140592556558 -0.8117084630374806
0.5728422672859251 0.18773699397064003
-0.0526325616310076 -0.5925073513413486
0.7021538820874986 -1.248477948532084
1.4057031005346432 -0.537831413873389
2.189451284333452 -1.1589101402777542
2.7975999033648944 -1.9527333303964034
3.0302774963910495 -0.9801794050516157
2.033920081941249 -1.0654548568001019
1.4801296177375471 -1.8981109213051581
0.5284813214029369 -1.590921207799914
1.5209483026244102 -1.7134336201716236
0.9721446516851757 -0.8774823340814789
1.9248039126169134 -0.5734423160558983
0.9259135002383241 -0.6205373694918145
0.04818121630058814 -0.14138599702853372
0.8377838142524143 -0.7550045571354838
1.795968094725948 -1.0411564130676383
2.7959478774384072 -1.047515199614064
3.794104444598933 -1.1082067759184782
4.349609703045753 -0.2766937526663278
4.984929091180994 0.49555573749825854
5.961390714535203 0.7112469476030336
5.870021810020183 -0.28457016577056427
6.176221640383589 0.667397094110479
7.17506829260766 0.7154113143037195
6.953694498800797 -0.2597777152774977
7.9532100379341175 -0.2286539778568955
8.838003546258133 0.23732933474955392
9.180720747231893 -0.7021092849360067
8.88930190265408 0.254486270680332
8.113608840605652 -0.3766240790129164
7.524386237320946 0.43134666536982047
6.89640814195684 1.209577679749786
6.239473998496725 0.45562971658765583
5.369181716964882 -0.03690591126691989
4.724276738832381 -0.801168673136107
5.004942664598251 -1.7609741941214716
4.047501280300972 -2.049601974549674
4.997286201217992 -2.3625054804403063
4.509860730858673 -3.2356700759462145
5.294140722842737 -2.6152630368392464
5.655372557886457 -1.6827869988892372
5.612735526910671 -0.6836963705728818
4.688222435809222 -0.30254607950380225
3.8396212654633377 -0.8315792104961766
4.605688307575868 -1.4743398867894286
5.550946748976902 -1.148017225976412
5.959153041299846 -2.0609069361320014
6.9524438965670985 -2.176549821094502
7.850386538161978 -2.6166623208097546
7.788198158456663 -1.6185978913115244
7.125887364352616 -2.3678271032442053
6.645039932045418 -1.4910228224360114
5.683595787521684 -1.7660231078195439
6.471166292279269 -2.382247661075808
5.590210669100208 -1.9090487705559847
4.627614424374984 -2.179988744795476
5.21514843699247 -1.3707892737022258
4.240891589443601 -1.1453483834357512
3.241074590781566 -1.1644787045632181
2.246453838086066 -1.268062285827032
1.2645442009632697 -1.0787121748543205
2.2644269650435023 -1.0634001503221506
2.860535420896311 -1.8663040728812446
2.134368907311842 -2.5538229413849223
1.4602852584967674 -3.292477958561517
2.4385314313245194 -3.499925362372352
1.7659641152485888 -4.239961311057562
2.087207738926773 -5.186957897242596
2.336944618993433 -6.155271632937062
3.260693324921805 -5.772272509836684
2.3011052886729444 -5.490863908887716
1.3023116819149023 -5.4417586026646445
2.013627935778799 -6.1446307012636945
1.7233381067608267 -7.101569474210384
1.649278018986242 -6.104315693370813
2.4341644137785896 -5.484676001880774
2.598459642706382 -4.498264790594343
3.46077429046282 -3.9918919553585943
3.0172383753374397 -3.095635355944179
3.717107505393922 -3.8099064534932694
3.3498272639535673 -2.8797961244206833
3.5971727915651974 -1.9108687845388301
4.582403368083453 -1.739635869789634
4.897459618631754 -2.6887088696112738
4.083300781902501 -2.1080666488111754
3.5158747260205665 -2.931491005450127
4.4925841714664365 -2.716924793811807
3.9785892027260132 -3.574717992729548
4.370032006414113 -2.6545155522628865
3.5882435722285426 -2.030971773387919
3.9510466402777626 -2.9628376080519403
4.9163238869636805 -3.224065165997983
5.709034205057828 -3.8336636827178605
4.7310618557623005 -4.042398164807874
3.9264707915193497 -3.448568880130539
4.140723378216552 -2.4717905894762278
4.239275612693621 -3.466922468716149
3.4298191365946913 -2.8797425871623763
2.834852312928959 -3.6834928460967724
2.005625616109191 -4.242405258985748
2.5545494960609387 -5.078277602121181
1.5849073499168593 -4.833749263434019
2.1846656397472906 -4.033568037848417
1.4375463161836626 -3.368878097832903
2.412258565208673 -3.145414383551131
3.4044451001105918 -3.270177679272765
4.363271516102083 -2.9861848906373623
4.984984430332193 -2.2029396849198273
5.836610626659612 -2.727089302613947
6.081527433373159 -3.6966334005224635
6.224396515423474 -2.7068918052592856
5.3787936105576115 -3.240704251051265
4.824392582606797 -4.072953913236286
5.82320425237953 -4.02421739380984
6.596376728863436 -3.3900215868166486
6.44100044337367 -4.377876945615396
6.720179886911971 -3.417637997068919
6.092011711577103 -4.195715591847526
6.15385314927426 -3.197629605279461
6.131692226153006 -2.19787518869186
5.517514725428817 -1.4087072739841036
6.505767253619686 -1.2558774976826372
7.243214249077313 -1.93128250868753
8.221151737838122 -1.7223847631846119
8.501880016435129 -0.7625974775864115
7.824775119383637 -1.498483989481343
8.34222624482299 -2.354196752493294
9.181990970708956 -1.8112462895985004
9.171824172724438 -0.8112979728247074
9.541395493280278 -1.7405003399238297
10.413852646299462 -2.229190953856265
10.122954973174934 -3.185945124879698
9.76691265437733 -2.251475292715371
10.722490643094833 -2.5462136639509656
11.330331769560015 -3.3402723299055284
10.920901166155215 -2.427931066454411
11.13987680870675 -1.4522007410216395
10.16769387457961 -1.2179778928792273
9.170286537557116 -1.2899404112738457
10.044567619385761 -1.7753604252375605
9.401163299710305 -1.0098338865578336
8.778624956622414 -1.792423185861998
8.058104835927091 -2.4858572170958264
7.993307629568368 -3.483755669869507
7.129448017993442 -2.9800230309730202
6.1471406236648125 -2.7927473436900807
6.125953248761721 -3.792522866067337
7.117269895336509 -3.6610264546192792
6.119172624041068 -3.5993674160880533
5.326002222897701 -4.208367181892663
4.538550849716822 -3.5919904019312923
3.603426367058395 -3.946309752140689
3.178184238109689 -3.04123012483314
3.8779128221748373 -3.7556389074234597
3.4842565853757215 -4.6748966336510716
2.774345815038498 -5.379188262281719
3.2476394299584643 -4.498283526185931
4.005325998679844 -3.845664905872948
3.0270147873524356 -3.6385244371298766
2.5175462032153684 -2.778035179917811
2.3977166032026407 -1.785240706242222
2.8548858671806787 -2.6746204137202927
2.2780058500574807 -3.491449310028411
1.2914368674301833 -3.654794473769917
1.949829346135961 -2.902119680792457
2.0408130321736535 -3.897972063866874
2.5139396386696684 -4.77896651006138
3.5139310531844448 -4.774822731986167
4.203749039776469 -5.498805566985814
4.834893645884632 -4.723140377499672
5.78854901997602 -5.02404140353085
5.613609744480748 -4.039462178740285
6.06415423223671 -4.932216156358261
5.772279637245883 -5.888672752759238
5.68867194360437 -4.892174005362159
6.275442340249251 -4.082420646850316
7.026449484863153 -4.742714724317981
7.353485644682028 -3.79770289890471
6.981703047035291 -4.726022725304558
6.1588860588429295 -4.15771629041045
5.931563792893774 -5.1315358770915465
6.348548840315219 -4.222622531262069
7.221265174555139 -3.734394920458627
6.228019775909945 -3.618362260960753
6.5522663438060285 -2.6723896592393235
7.551690306877615 -2.706326984388547
8.10287469153187 -1.8719435149254289
8.300962993649527 -0.891759336026308
7.472622082645011 -0.3315349745815305
6.67306425729355 -0.9321240886347594
7.152488714411961 -1.8097072413426483
7.299191502114386 -2.7988878578532717
6.43388593534949 -3.3001325846341953
6.450751230896206 -4.299990355422682
6.988059178922938 -5.143376488215545
6.817512874196397 -4.158026825433788
5.990172651388171 -3.596325698744839
6.414278306669336 -2.6907129817633835
6.948997199990374 -3.535742984263605
7.89471523100104 -3.2107546678254466
8.671285644297143 -2.5807241977741
8.851281037067592 -1.5970567445250803
7.879382978634702 -1.8324588770863168
8.30166820984818 -2.738921884328741
9.2161791545293 -2.334360724479642
10.214973187256946 -2.2852640831724758
9.73282753160916 -1.4091730110002008
8.754529987670349 -1.2019680025585926
8.427884310784913 -2.147114870390283
9.05830776052104 -2.9233662948803136
9.129661716192551 -1.925915236928081
9.631796491312915 -1.0611258593251756
10.177603160227326 -1.8990370002992973
9.823708437878443 -0.9637517360651137
9.45868176824221 -1.8947487986030578
9.577227428938796 -0.9018001965445173
8.693006351555917 -0.43473158668953865
8.074308164716927 -1.2203603499118032
8.517658235419018 -2.116708895293816
8.189908028480497 -1.1719444792345763
7.235757776647175 -1.471272554974904
6.935584516471404 -2.4251572512959263
6.042340419377288 -2.874729251098536
6.771415953791145 -3.5591624948258906
7.733833011140045 -3.830738281161646
8.70729121522994 -4.059603142794173
9.605639362472884 -4.4988873404898895
10.53628101442905 -4.86481918611732
9.558635340381331 -4.654559974628788
9.222061385950635 -5.596217010496351
8.22267466760185 -5.5612000547741784
7.336458988246013 -5.097927165794182
7.505621922141579 -6.083515265253507
8.092603013039216 -6.89311590688407
8.114152698258213 -5.893348128313985
9.07193000661121 -6.180859219585417
8.450151635267137 -6.96405246325438
7.8227901216348865 -6.185324313504384
6.954698069822685 -6.681727566495823
6.010101946912416 -7.009962489352742
5.059721677385391 -7.3210530602380395
4.611087761720745 -6.427337440079476
4.3595577014745475 -5.459487953437805
4.486674792853958 -4.467600235457973
4.929835845472146 -5.3640422477724
3.943651357144646 -5.198391546046672
3.050436279886193 -4.7487618920444294
4.046724217283334 -4.662678526653953
4.670350707601953 -3.8809560691456113
5.572802614973605 -3.4501654530903543
6.560197303198342 -3.6084428351307913
6.871424277718207 -2.6581072258162655
7.862689318505703 -2.78999209573152
8.861902343716052 -2.8296573229460913
8.237005908171463 -2.0489496664935194
7.361829305296908 -2.5327532565803987
7.871088019030055 -3.393366736887825
8.539843299572249 -2.649884138068638
8.686884873461777 -1.6607538253453393
7.716246866294642 -1.4202089042960402
8.440461083152458 -2.109783967723525
7.443895233082282 -2.1925879922266076
6.480528682439685 -2.4607761521125058
5.7602938486216315 -3.154506491765516
4.791808662347555 -2.905435329308545
4.28078754225918 -2.045867173300179
5.106410849619148 -2.6100888977525325
4.624855984435914 -1.733672950945106
4.4800511093866415 -0.744212720232439
4.44263219829923 0.2550869470811413
5.107730249374382 -0.4916690923695185
5.0421846122428375 0.5061804801878985
4.429738830655019 -0.28433211592634833
4.0418815892554525 -1.206051574489483
3.082197990134406 -0.9249690428763038
3.748541565608221 -0.1793241948254558
3.311353300602889 -1.0786942081912714
3.7223919327284336 -0.16707628224841187
3.273210365208654 -1.0605167779729308
2.6179297279610516 -1.8159022997089356
1.6870773007961928 -1.450506953759796
1.9294144811904559 -2.4206990435021103
2.7127272254193406 -1.7990712250056937
1.8077820774605824 -2.2245994604800288
0.8552471206483034 -2.5290286904344303
-0.01212590198964203 -3.026687247680173
0.8972883859330996 -2.6107958520947716
1.8202629792935165 -2.995656736066075
0.8498661830892489 -2.7541405711485005
-0.1488969372849528 -2.8038620894317146
-0.6934774667520079 -3.6425706484230855
-0.4195624374839119 -2.6808167522827797
-1.344343797710696 -3.0613156823431664
-2.307098575545199 -3.331691786606906
-2.6435504129967464 -2.3899911117237043
-3.6056172895840906 -2.1171773932756173
-4.363651884139894 -2.769391739527384
-5.255255152418012 -3.222209155265535
-6.200931332674824 -2.897099078376359
-5.944676924922313 -3.8637084506190504
-6.514898595135029 -4.685199318991804
-7.514580329621828 -4.659971759984549
-7.340803139912734 -3.6751867639895806
-6.985014690274501 -4.609753283347096
-7.965056901535136 -4.410963786272011
-7.010360102791066 -4.7085440653024335
-6.893453432835943 -3.7154011599156993
-7.798914723373821 -3.290972306823121
-8.02674839720465 -2.3172722415726623
-8.691444970784314 -1.570158819747399
-8.609984371744757 -0.5734822569628031
-7.734943018542464 -0.08943408768013661
-7.04265587702149 -0.8110562281974015
-8.021760975032185 -1.014411107778555
-8.99539176980345 -1.2425406224693916
-8.102751652447932 -0.7917705914252589
-9.036487213890144 -1.149734138868565
-8.47833924042563 -0.3199927094356021
-8.116501866140315 -1.2522339413977526
-8.85806981087363 -1.92311171219062
-9.807652822547677 -2.2366274278095437
-10.807491679946994 -2.218675847532848
-10.608646182413752 -1.238644996941522
-10.008142636199233 -2.03826708954764
-9.93453503057971 -3.0355543703223224
-9.566209336563618 -3.9652511935542645
-9.81121675727853 -2.995729990178791
-10.716090316971952 -2.5700495455166537
-9.753341824734063 -2.2996510605104086
-10.380667358124814 -3.0784081954093505
-11.366485240108073 -3.246226858143992
-11.1670552372652 -4.226138932753797
-10.777099941193699 -3.3053051436985803
-10.75980748603271 -4.305155618016868
-10.045189452958777 -5.004670497633837
-9.05843208608216 -4.842467233441263
-8.108993172071784 -4.528515408215165
-8.130174179275976 -5.528291065517251
-8.953395206491297 -4.960570059784196
-8.821511675804954 -5.951835278751201
-7.982074725085837 -5.408378191422874
-8.759492871361543 -6.037362313512808
-9.73527711778106 -5.818627075292041
-8.865317205640523 -5.325504624709604
-9.660490790722356 -4.719122756916624
-10.228945900706512 -3.8964084760554596
-9.68432440084709 -3.0577265209074573
-10.66755261814057 -2.8753470464102273
-10.093012257125157 -2.056870795341036
-9.599567460967977 -2.926647912276978
-9.757881492802603 -1.939259099638175
-10.640590407648633 -1.469338923808976
-11.124488456490193 -2.3444633025845487
-11.239524425053894 -1.3511019756059857
-12.238820795833174 -1.3135951315990513
-13.118793281596375 -0.8385704750813787
-12.119348988332275 -0.8052372384874626
-11.707564795928887 0.10604415542261214
-12.638446700785593 -0.25927608657110723
-12.719135682702372 -1.2560154146791305
-12.79873521729472 -0.2591884918421308
-12.969257043575062 0.7261654074052497
-13.967113452967922 0.7916068792223607
-14.302096623710444 1.7338309902062004
-13.446372536494648 1.2163985921495137
-14.05438556589906 0.42247154507625173
-15.05137614086889 0.3449486876641936
-16.05049201031377 0.3869900889657745
-16.61950241638371 1.2093204105422826
-15.684890344573587 0.8536516387520263
-15.266914859214571 -0.05480666719211291
-15.603550935792436 0.8868281622116545
-15.248649127545757 -0.04807541918229774
-14.600110078495273 -0.80925680483009
-13.7948717913531 -1.4022081526827943
-13.054111048933848 -2.0739771029108316
-12.060185266240616 -1.9639246676917752
-12.606935994940763 -2.8012200998218324
-12.793716966796683 -3.783621681942178
-12.743259854972592 -2.784895453255672
-13.43544804175378 -3.50661251282997
-14.151110695625377 -4.205058620882312
-15.055570802927376 -4.631616840002817
-15.023513919642888 -3.6321307939601097
-16.021842184922438 -3.5743322235285895
-17.01144214476176 -3.4304853622975795
-16.03781399074539 -3.658626147135975
-15.550936190676984 -2.7851560515971823
-16.271853891357466 -2.092135367313108
-15.273373969660089 -2.1472520251145317
-15.166693420546917 -1.1529586778367216
-15.148718871520025 -0.15312023309313205
-16.12733280103437 -0.3588257919885926
-15.535892890551843 -1.165174867940453
-14.540200031180937 -1.0724617092315032
-14.545146808159734 -0.07247394460759438
-14.442785910582758 -1.0672212726498647
-15.335995044851005 -0.617579812751236
-15.896241635069387 -1.4459056895344484
-16.063637628409126 -2.4317954305368605
-17.03989816076059 -2.215195862271282
-16.49352389036029 -1.377654724986348
-17.245934882887344 -2.0363486587100863
-16.891166267212558 -2.971302790917756
-15.921685779440361 -3.2164712714142993
-16.3076841561395 -2.2939718116932495
-15.315841998348217 -2.421443902865907
-15.139996726300874 -1.4370260849153196
-14.681246755340734 -0.5484606882538969
-15.60454325090668 -0.9325486746263472
-15.131274631579501 -0.05163050932372093
-15.731552499918195 0.7481610140014225
-16.643918233712345 1.1575370853566773
-15.722348113009739 0.769325142433505
-15.910912309573225 -0.21273572318245404
-15.586535001738243 0.7331920553301178
-14.603247771489642 0.5511310138356974
-15.122993786706637 -0.3031898156341538
-15.813744371145411 -1.0262829148250474
-16.589794930246846 -0.3956122165059103
-16.043992064992036 -1.2335258351323408
-15.99477938718297 -0.23473751304258939
-15.006920239148341 -0.07938532076872129
-14.279845731451369 0.6071732421064382
-13.863787793033302 1.5165113485769122
-14.566388830785215 0.8049273537105752
-13.618933657436616 1.1248159194564864
-12.801123343619423 0.549328047634477
-12.27340293762318 1.3987461855943164
-11.631396379580861 0.6320470402767712
-11.534756900805544 1.6273664920820872
-12.447600755958236 2.035675316515226
-13.37212493433698 2.416798713321441
-14.19567674117128 2.9840397744761864
-13.295202963709654 2.5491294663619826
-13.554126133264166 1.583231546151029
-12.78552431808864 2.2229590269652317
-12.901821027023832 3.2161735433164798
-13.697986632951961 2.6110947650263343
-14.626617871356833 2.240090690845695
-15.281284980857992 2.996007998318807
-14.282533914915188 3.0459710674610516
-14.677419746413168 2.127240867629703
-13.848961404994522 1.5671901765901617
-12.974641961773345 1.0818392610605727
-13.92027823036016 0.7566131127680283
-14.166612020196295 1.7257981642339324
-13.254081544217541 2.1348068810236716
-14.079144003452974 1.5697653441784758
-14.452845023967267 2.497314559728021
-15.103442260940673 1.7378915977084552
-16.09595669300356 1.8600189990026832
-15.18682405607477 1.4435122782034853
-14.188008571232116 1.394854008212313
-15.173623117571601 1.2258452331619907
-14.186938053071126 1.0632027310547818
-13.339405834202536 0.5324587833929312
-13.913513109916778 -0.2863213067240499
-14.203718439891825 -1.243285708598056
-15.146234270878555 -1.5774472089828138
-14.30257073935949 -2.1143194894972583
-14.289423448843662 -1.1144059188562292
-13.329626028988503 -1.3950995469267276
-14.251556042713522 -1.0077430576394242
-13.44924054961831 -1.6046432582922514
-12.596448360323171 -2.1268936598021053
-12.388400793600098 -3.10501236935663
-12.779412047883849 -2.1846264725592874
-12.082394028705673 -2.9016800834845324
-11.354726713720346 -3.587610312226526
-11.414270512573157 -2.589384618298457
-11.20853097146071 -1.6107778324938415
-12.106462119981115 -2.050913780260922
-12.346197753240647 -3.021751988277918
-13.044807486139254 -2.3062490594933207
-13.553325358756103 -3.167300494210919
-13.752797847144208 -4.147203921277208
-14.15530189834042 -3.231785716973493
-13.566548794253382 -2.423472793392608
-14.26943672370625 -3.134773403985246
-13.652103491123139 -2.3480716307900362
-13.12510461866879 -3.1979376134201476
-12.15872406264991 -2.940821645521147
-13.141546428227162 -3.125375696468651
-14.113517628450913 -3.360475645289578
-13.144466983738695 -3.113613643388039
-13.699344354315837 -3.945545794240137
-14.561354061177836 -4.4524375630386555
-13.8664963870352 -3.7332902814022115
-14.86584270830694 -3.6971387923507315
-15.813516478058837 -3.377898403107407
-16.7935354618783 -3.1789944278996005
-17.730176416048298 -2.8287035159827876
-16.747207833407852 -2.644929835762163
-17.700921822012376 -2.945645029824668
-18.190774151814583 -2.073839607160098
-17.200515139357574 -1.9346020825926575
-17.481352239470816 -2.8943575322776205
-16.854741776618212 -3.6736901492285905
-17.850769436848992 -3.584645777956742
-18.058919808768103 -2.606548940895127
-19.055918937909567 -2.6839617078729434
-19.379511606422525 -1.7377652246387993
-20.216644237386294 -1.1907652628694438
-20.326529721402203 -0.19682100869691255
-19.400699080182953 -0.5747596595115045
-19.896922846561402 -1.442954322983463
-20.893916377682675 -1.3654694928401523
-21.880066829319716 -1.5313227012386004
-20.880128745666003 -1.542450542850364
-20.823121572720687 -2.5408243116528015
-20.088031541015614 -1.8628548099140927
-19.803327466232393 -0.9042393553120766
-20.771511690804036 -0.6540008544961454
-20.611864067145085 -1.6411749203325865
-20.67916416628868 -0.6434421421523452
-21.062476369381553 0.2801766942515507
-21.98268270970777 -0.11125694153289145
-22.017500636488887 0.8881367306377226
-21.73708064191063 -0.07174067124271033
-22.043718633840584 0.8800855428873513
-22.2215426517946 -0.10397676135902623
-23.070969717642352 -0.6316827967663151
-22.821219602792755 0.33662752546133334
-22.829244471886383 -0.6633402747582687
-23.537756032226753 0.04235893089811682
-22.67839450876159 0.5537274594444417
-23.286546915418032 -0.24009282895714235
-23.19538158540359 0.7557429419425367
-24.04391344186487 0.22659864350365289
-24.436221371350438 -0.6932353026315975
-25.42410623552574 -0.5380467233696571
-25.059524444617526 -1.4692180919899336
-24.230548495393503 -2.0285023449491315
-23.286221920914894 -2.357511950786862
-22.4541231727481 -2.9121394593899383
-23.453051336474502 -2.865852055982549
-23.939474542503234 -1.9921287218333865
-23.477434716307677 -2.878987898371116
-23.220742855384575 -1.9124946037560755
-22.22731456636287 -2.0269508599040327
-21.39181514279771 -1.4774595376592807
-20.91696808177659 -0.597391205857933
-20.981097428110274 -1.5953328008116732
-21.7353425001034 -0.9387397979749941
-20.818064653341025 -1.3369876502466425
-20.682752033953832 -2.32779060494277
-20.606478422134757 -3.324877530010024
-20.89299868979336 -4.282951710969329
-20.820526445049275 -5.280322140519832
-20.013316427387025 -4.690057803645488
-20.08588275833372 -3.6926942151718896
-19.087492876823667 -3.7494185000800093
-18.888103350788274 -4.729338811588747
-18.951356943772083 -5.727336298045821
-18.993552888247542 -6.726445652556039
-17.995945265342467 -6.657315118624326
-17.06893372537633 -7.032347923548926
-16.199447137714586 -6.538391372953292
-15.382361910741938 -5.961874476528689
-16.15274134375152 -6.599460179941053
-15.167203631553438 -6.768916421594679
-14.167499153336598 -6.744606830211904
-13.649672201817864 -7.600092217743926
-12.876998573546448 -8.234895702433388
-13.14472549323798 -7.271400867744336
-12.244834994596527 -7.707516781756696
-12.586269800750005 -8.647422241442369
-11.86386805977256 -7.955948652190575
-11.58121653600379 -8.91517131461635
-11.009086635284826 -8.095008296245425
-10.08117301058781 -8.467803555203536
-9.90359916546904 -7.48369607655614
-9.432296151681447 -8.365667430509731
-10.354640582029546 -8.75203610393686
-10.284978035923027 -7.754465490060349
-9.583104831165397 -7.0421635846555874
-8.58497754565431 -6.980992333905997
-9.095323399961899 -6.121023085042378
-10.089513962336586 -6.228657306761596
-10.337808381936624 -7.197341920655861
-9.482356054115561 -7.715223485133228
-8.490575894391444 -7.843177050060532
-7.924765485111774 -7.018641677410716
-8.244317915601375 -6.0710730813881435
-9.219499789111886 -6.292478396537824
-8.691178762255367 -7.141523090638949
-8.735450752605756 -8.140542605398503
-9.66831033308792 -8.500782807350813
-10.36239461302864 -9.220676558080164
-9.371004830852213 -9.089732677749023
-10.298381598650922 -8.715603915760292
-9.374929783525765 -9.099318321460748
-10.336682076142903 -9.373238980859922
-10.129073068859896 -8.395027091699417
-10.945266490512003 -7.817248329151132
-11.375305355490859 -8.72005870492652
-11.23073263506077 -7.730564526819624
-10.297189725334672 -7.372098858030921
-11.197605625208146 -6.937068735792193
-11.85911646116379 -7.687004342303356
-11.623038666972482 -6.715270183652048
-11.201739887909104 -5.808348280311023
-10.78413101307467 -6.71697517164735
-11.131238567233165 -7.654800499651508
-10.591297861890322 -6.813097443512426
-10.653423677257967 -7.8111657693623675
-11.151897109506574 -6.944260793403473
-10.275919476365647 -6.461909068790799
-9.92912599594518 -7.399850581859636
-10.899736784886523 -7.159195857429251
-10.114005705830754 -7.777764100556764
-10.393285100600089 -6.817554217428459
-10.82016638050261 -5.913246541430524
-9.990951164908177 -6.472175987985882
-10.28751802930526 -5.517163896469925
-11.204137438768052 -5.916924897814582
-10.306875262568166 -5.475426780988422
-10.590159968477142 -4.516390923787
-11.14858181636104 -5.345948058531759
-12.075587539289568 -4.9709008752897645
-11.361008844673831 -4.271345810122433
-11.028958197238389 -5.21460736851316
-11.40987545807931 -4.2899982400737695
-12.393738054070301 -4.1110725789464
-11.394408000532964 -4.1476709955387
-12.183522821959334 -3.533425280368275
-12.03679648064974 -2.54424815731806
-12.88508270505998 -3.0737861460174707
-12.256656031376792 -2.2959173165844593
-13.093112557841318 -1.7478840335304995
-13.956169532258857 -1.2427774517982444
-14.797868911036714 -0.7028310139315161
-15.3746133216996 -1.5197556645383639
-15.157790096363522 -0.5435447810941871
-14.40399157752381 -1.2006503989327935
-15.373070715438605 -0.953900273384052
-15.855869436781427 -1.8296316218407207
-15.420191522357527 -0.9295289860911969
-16.066712380548385 -1.6924252961649553
-15.130037116692764 -2.0426244539038074
-14.715856617992117 -1.132429686562178
-14.807724736716933 -2.128200869496271
-14.25846229600277 -1.2925509600122094
-14.77159510556478 -0.43424173848945413
-13.958320106117567 0.14763778106260472
-13.75674857454034 -0.8318360152472358
-14.55235098548754 -0.22601689727966556
-14.048632198441807 -1.0898845859781003
-14.037717718231724 -2.0898250212649945
-14.022163691626536 -1.0899459924538262
-13.037844943391596 -0.9135470075553913
-13.625861034513777 -1.7223962373759996
-12.88366025812928 -2.3925738314018306
-13.257451349324931 -3.320086753221664
-12.93990652642554 -4.2683300160238815
-12.740694984503238 -3.2883735059863497
-13.018629507156914 -4.24897352738822
-12.059610964517349 -4.532316843655756
-12.931295002939237 -5.022385142120888
-12.761591760116463 -4.036889931896386
-13.713324852530054 -4.343816830041307
-14.625342294881602 -3.933665413066378
-14.003290675681935 -3.1506891790393983
-14.791353652969278 -2.535094552820968
-15.59957200274502 -3.1239774775910587
-16.1827431813772 -2.311628183006055
-16.15948723630651 -3.3113577269422483
-16.41424223680057 -2.3443520962847675
-16.775598740119943 -3.276779829414148
-17.04331077350273 -4.240278800447358
-17.10356370206845 -5.238461942260149
-16.62636094282491 -4.359668720523459
-15.82639903974052 -4.959719513051559
-15.583796379291421 -3.989593774220237
-15.722614097830618 -4.979911723678678
-14.74120048857341 -5.171816198782151
-15.24083629834644 -6.038051765814842
-14.78157895534406 -5.149748499526582
-14.912860213329514 -6.141093662071776
-14.539781518870287 -7.06889336445403
-14.156732049608516 -7.9926211945524175
-14.787764212141488 -8.76837786377864
-13.790155978591851 -8.837499585067786
-12.925998820711078 -8.334277560029708
-13.340369546895369 -9.244385741116716
-12.739428866144687 -8.445092116583837
-12.680428814555745 -7.446834136945055
-12.777667767029525 -6.451573072639914
-13.177291746638158 -5.534893916707066
-12.886291740994462 -6.491616967916437
-13.861724894437707 -6.271321341169628
-14.44388047235872 -5.458243925977537
-14.79976777351919 -6.392772806683059
-15.50215475845672 -5.68097752474424
-14.734897840823312 -5.039637659817943
-14.189278021761805 -4.201604836446872
-13.217773804413179 -3.964582568138949
-14.153105629192527 -3.610810922080459
-14.58666441767647 -2.709685638377723
-14.586581951450228 -3.709685634977384
-15.283495286777962 -4.426840989863878
-16.258196199229964 -4.650354146669551
-16.00891530378595 -5.618785370436438
-15.296157804027471 -6.320195911088659
-14.31072649957496 -6.490269848554171
-13.546418610206375 -7.135121343279072
-12.991760168956398 -7.96719947275379
-12.835250204690832 -6.979523093019218
-12.885223684922172 -7.978273638087188
-12.0817578159347 -8.573624456825355
-11.48462141995957 -7.77148474044059
-12.322644289778205 -7.225849633742957
-12.07227515848457 -8.194000085943063
-11.807057555396177 -9.158188668644625
-12.787242913067413 -9.356271137851044
-12.837895441410337 -8.357554801060427
-12.217139863257243 -9.141558954232984
-11.2407463641518 -8.92555956788055
-10.597396192415978 -9.691131613169226
-10.386258371270799 -8.713675312109139
-11.335385063638743 -9.028569773531826
-11.475162758107835 -8.03838686309108
-11.178477151502145 -7.083411653552627
-10.193182624819475 -6.9125470999167975
-9.248901310401127 -6.58340761696108
-9.623487896084303 -7.510599554925502
-10.568748480622157 -7.8369160076507
-10.8570491355712 -6.879376069916533
-10.77529369569169 -5.882723649034454
-11.737529031118608 -5.610504694411804
-10.835121035982885 -5.179622099828169
-11.390773194066304 -6.011036965714773
-10.725601235097727 -5.26434675886731
-11.712188246064906 -5.427582998075541
-11.401393469606798 -4.4771059563084314
-12.382369392696319 -4.282976519285957
-11.966382976174662 -5.192347346434856
-11.043182461174641 -5.576665976094799
-10.680642051060165 -6.50863402867709
-9.68160215810684 -6.552443756909625
-8.773487495970512 -6.133722178276492
-8.412941163340095 -7.0664634832623685
-7.437079017622783 -7.284850920071364
-6.714079635058062 -6.594002244302906
