0 0
0.938475696456198 -0.3453452868667158
-0.027077217921601116 -0.6055520691313956
0.2019604658511613 0.36786548742488934
-0.7630342810566816 0.6301346972842781
-1.6828688158329628 1.0224412465960406
-0.8553323597951957 1.5838532289480856
-1.432967856305305 2.400148048955857
-2.432833351458838 2.4165490123842774
-1.4805191394093369 2.1114299511499164
-2.002296835931517 1.2583484571459684
-3.0013475153648175 1.214785400275946
-4.000461568989804 1.1727008680931248
-3.046217441028716 1.4717295360361549
-2.198981144787835 0.9405133292690475
-1.6625276123202766 0.09658346991871125
-2.2318277196648886 -0.7255463177531705
-3.206762902674444 -0.9480353937324748
-4.086005752990134 -1.4244092072117003
-5.055703159715749 -1.1801001009761436
-5.612407419999141 -2.010810860857296
-6.147972236551637 -2.855304985923357
-5.153229029617085 -2.752904047170022
-5.001688948786221 -1.7644529336081147
-5.818104145984724 -1.1869875876493037
-5.723792152453852 -0.19144489751681482
-4.76052338532628 -0.459984060911149
-3.780160347682033 -0.26278285802195855
-4.150542328434145 0.6660966757896879
-3.15805488339653 0.543750153801092
-3.896338330123286 -0.1307404334492126
-3.517967563288388 -1.0563945604344334
-2.56960987325626 -0.7391916415371971
-3.2597730646492344 -1.4628454049118265
-2.263598696949876 -1.3754575960436353
-2.892740438060808 -0.598167000711423
-3.736070606727723 -0.060771218613877465
-3.1666519024899094 -0.882818868853284
-4.027239794976273 -0.3735169158765864
-5.018546246325 -0.24194366816112886
-4.8674329237452625 0.7465727777005028
-4.830037112852861 -0.2527277543356309
-5.816829160013747 -0.09073560742712483
-6.776273109877351 0.19116385527212543
-5.9507934560742015 0.755595729954121
-5.744214559474445 1.7340256760819095
-5.352948121600198 0.8137482317243953
-6.224895893551636 1.303347131834396
-7.206924799196376 1.1146165607066763
-7.433463207629456 2.0886187935093568
-8.357986671002458 1.7074936622561305
-8.559388623884255 0.727984982674679
-9.426430678488988 1.226219942855921
-8.665631255151592 1.8752070285899016
-7.901831756909153 1.2297534466147155
-8.013385741716462 0.23599507131737452
-8.212733209016113 1.2159239397977424
-9.051320483663364 0.6711566658176543
-8.05229393527761 0.7152696527993461
-8.660769086545766 1.5088425796870997
-7.688338606477465 1.7420355500659954
-7.64046306971021 0.7431822410264513
-7.367493721026476 -0.21884048982723214
-8.084348090520407 0.4783824393263195
-7.091201971803376 0.5952618082384447
-7.972831106061661 0.12331894132870114
-7.729547250463091 1.093274077201023
-8.702852320065876 1.322789308690177
-9.698862348200421 1.2335479289640583
-10.384591078389098 0.5056907255279542
-11.352212251561062 0.7580976692306045
-10.758974698009355 -0.04692978685768712
-11.286918844330229 0.8023493064711926
-12.27618819152016 0.6562460597228426
-11.283582477653136 0.5348627956435826
-10.81795018514276 -0.3501154911926154
-11.633712058127756 -0.9285033944063769
-12.325150584839351 -0.20606809365003964
-12.040422171560243 0.7525401322021908
-11.7559761283071 -0.20615191870760574
-12.701776439607682 -0.5309007002968851
-13.36991867613067 -1.2749342692802075
-13.316326385473223 -0.27637136871655865
-13.760701527477172 -1.1722121654929554
-12.792893053506628 -0.9205243475302929
-13.739171522100008 -1.243877188675326
-13.447972802885364 -0.2872146013814826
-12.452829911343578 -0.38565557564451597
-13.364112714972585 -0.79743664831549
-14.303408803904404 -1.1405442951515647
-13.50225250584519 -1.7389994614589972
-13.309231408644221 -2.7201940680663377
-12.367116943127236 -3.0554854843949504
-12.48152420937982 -2.062051552304542
-12.28340905351529 -1.081872800740944
-13.089801160443736 -1.6732540397767302
-12.331950824314196 -2.325682478786208
-11.634689404077841 -3.0424994092851887
-11.222591184452652 -3.953638837354104
-12.044396985089614 -4.523406532155627
-11.949640357162036 -3.527906064318572
-11.166735404490336 -4.1500473947910965
-11.802113076956813 -4.92224893152298
-12.049774713834491 -5.891095520833728
-13.007142399170366 -5.6022233777069985
-13.958689493616486 -5.2947203256064626
-12.96197990100033 -5.375775788019169
-11.984256328717079 -5.165879108193886
-12.759255707899712 -5.79784110251517
-12.935458314258009 -4.813487181655125
-12.353365452758037 -5.626609497540488
-11.35422328701613 -5.668021242692914
-11.036450016776536 -4.71985451224872
-11.109263896531607 -5.7172000586442575
-11.878151430305607 -6.35658410630805
-11.424200939606298 -7.247611014989183
-12.303822712775307 -7.723284785726026
-11.886705684104808 -6.814432000951125
-12.49214160090976 -7.610326058374942
-11.508159133794166 -7.432060794206317
-11.163010009127431 -6.4935129362140955
-12.089980213741958 -6.118377974157903
-11.298253330410516 -6.7292532005423755
-10.324142261642464 -6.503183242999219
-10.307931183911242 -7.503051834844563
-11.06858180876729 -6.853890355006069
-11.307489067465163 -7.824932744266944
-10.362621051358447 -8.152384163776096
-9.526232690267259 -8.700521472697133
-8.76351407313441 -9.347251950623567
-7.764411375511465 -9.389605222074021
-6.8845378942910695 -8.914397207573948
-7.878883396174682 -8.808203879705253
-7.16669006029988 -8.106220509292875
-6.51496270087867 -7.347767182461317
-5.615027186931469 -6.911744166169074
-4.637053267910172 -7.120471293572597
-5.200691167858247 -6.2944493097597425
-4.817152005914102 -7.217973922997085
-4.091322922975537 -7.905849015118148
-3.50605094361046 -8.71668605803743
-3.481828423704952 -7.716979466316926
-4.327704131152016 -8.250359525515739
-3.8445925727428656 -9.125918331154448
-4.218413217334555 -8.198417320008339
-5.0913752957145455 -8.686205398696703
-4.965631007948197 -7.694142712121841
-4.285612661986253 -8.427337808365113
-5.035684505375352 -9.088694164465876
-5.901780468073082 -8.588816396007733
-6.86257615731894 -8.866073755741567
-7.037135564415475 -7.881427111815887
-7.44875145137107 -8.792784539835079
-7.40694950971382 -7.793658623008935
-6.487850084392297 -7.3996329304790605
-5.699072349795734 -8.014311452476303
-6.691502122174031 -8.137124916303208
-6.692464876482787 -9.13712445285517
-6.484040102689391 -8.159086051937717
-5.76133607401037 -8.85024369454258
-6.737113020761439 -8.63147589483439
-7.452994550110802 -9.329697661851444
-6.835929525252561 -8.542785497060038
-7.704808649452493 -9.03780980709901
-8.660367698567338 -9.332609575848469
-7.844715377703787 -8.754067190651064
-7.002604884913235 -8.214762158288067
-6.003816510886793 -8.165550534563426
-5.178557172620804 -8.730304485062918
-6.094953003178178 -8.330031226229579
-6.539158504802912 -9.225956151837924
-5.963682469731 -8.408137508703694
-5.678627402659125 -7.449626367017459
-5.507488435223454 -6.464379467085745
-4.510604455297219 -6.543261217614185
-3.788871725930113 -5.851089369472188
-3.494662075565935 -6.806830276639286
-4.222281750808506 -7.492811040363676
-3.294633841073462 -7.866267002378214
-2.385837922923523 -7.449026089770151
-3.3025085826199847 -7.049382621599266
-2.510781706910256 -6.438507385336647
-2.8123577547572545 -5.485065259476359
-1.8919309741210506 -5.094150254024185
-2.8087577486503634 -5.493435447220948
-2.1740577175340476 -4.720676836462745
-2.7582267604777897 -5.5323088523826405
-3.757465070678721 -5.571331915137732
-2.8117557592209237 -5.896345604421766
-2.7679992111474148 -4.897303380839253
-3.6860610266910134 -4.500866118664277
-4.655529660440132 -4.255650768050541
-4.288441159925137 -5.185836788580656
-5.106647236205697 -5.760761841728951
-6.08258671062151 -5.9788034484855235
-6.419449787619639 -5.037249802984986
-6.515988029151441 -4.041920526854746
-5.692083713101323 -3.4751915987118576
-4.695416517056816 -3.556766719482712
-3.6954382429328962 -3.563358477984579
-3.155629543709301 -2.7215707563810088
-3.025115199196792 -3.713017177463091
-2.0322992603678363 -3.59336555145166
-1.0323211161654724 -3.5867541130607563
-0.2030895834663261 -4.145659351162373
-0.23906533251376738 -5.145012014380156
0.7580062775175663 -5.221485568433332
1.1495190164064728 -6.141658256186944
1.810384081396731 -6.892162996928414
1.8330107958417214 -7.8919069800528066
1.842496184183376 -6.891951967360732
1.5227612490486953 -5.944444937701098
1.4788149413177574 -4.945411043362764
0.5904880177552883 -5.404622625178858
0.37033917141419526 -6.380088916474813
-0.18603830125446008 -5.549159251637386
0.802863163188704 -5.697732107913914
1.3474535285196327 -6.536434280314061
0.8161793967896177 -5.689234305718618
-0.16884955544033997 -5.861623293965407
-1.1682475509304742 -5.896316904476587
-2.117082743520017 -6.212088621550116
-1.2187193180595157 -5.772835669602295
-0.3499553625248414 -6.268062071931317
0.4346438840512269 -5.6480588281718465
0.7263834228669523 -6.604556628217193
0.2176590853071957 -7.465486095928913
-0.6343008784473853 -7.989093028808237
-1.009088736926466 -8.916203626922973
-0.013993502599266794 -9.015125184832746
-0.9536308368854244 -9.357297188385935
-0.7840217139600066 -10.342808601521506
-1.3497038998362996 -9.51818525442162
-1.8790985200600459 -10.36656095897601
-0.9930519551407107 -9.902964707055606
-0.3273449549277305 -10.649177940566936
-1.1578403141765765 -11.206203486001012
-0.7230239133604739 -12.106722612717004
-0.9861816203479844 -13.071475441815252
-1.3328713843843816 -14.009455296349659
-1.4283967566674802 -15.004882291789393
-1.3135044560555376 -15.99826024567205
-1.2089158133762978 -16.99277581408841
-0.2999155992538448 -17.409571460329268
0.5425759334993181 -16.870861875080198
1.1758044704152646 -16.0968970050536
0.9364206815307168 -17.067822028739403
0.6580536606395195 -16.107347249434834
-0.2743450363549783 -15.745915831537936
0.7113473269171959 -15.914470169918518
0.22108183618096333 -15.042897024053433
1.1636609411991645 -15.37688000383397
1.5448332459154759 -16.301384019031985
0.7493273373340857 -15.695438188604795
1.634009311869585 -15.229243160819244
2.42264847783875 -14.614386863868924
1.422930134574469 -14.638119418323113
1.003532356089432 -15.545921986837774
1.6648012318552936 -16.2960709546724
2.502131781213555 -16.842767900988537
2.5312434936268393 -15.843191736706713
2.9589131742538246 -16.747126825234872
2.034265373022862 -17.127950201196416
2.863310456503088 -17.68713196910133
2.971958500706375 -16.693051689400136
3.9290628613893053 -16.40330828091304
4.773347137682213 -15.867412711977675
5.345919989054927 -16.687266558630185
5.1447351248473865 -15.707713267372485
5.675651824042878 -16.555137280789243
4.7598586394269375 -16.956787430809126
3.765553134352068 -16.850220256792884
3.3959726012935576 -15.921021553832
4.325778611804866 -15.552971580571514
5.325412330153193 -15.580035008682122
5.5134250973966346 -14.59786842436281
4.539100505149272 -14.823016351162082
4.971251597042676 -15.724817567492675
4.257213536286159 -16.42492445061201
5.14186270259521 -15.958667169115303
4.826723518590048 -15.009621704079745
4.422691677542376 -14.094876782574504
5.274838647708895 -14.61817931575777
5.330065477445653 -13.619705481710414
5.560111043248036 -14.592885340551861
5.522404415627449 -15.592174192803043
5.95222821161536 -16.49508698172706
5.240062691945167 -17.197098571797255
4.244964094663443 -17.09821084916221
3.5275892099169575 -17.794898207117676
3.804987560023077 -16.834143214750526
4.8032569867795205 -16.892949265488202
5.0677451252644685 -15.92856032704025
5.3444024787589965 -14.967591696565039
5.21389405606649 -15.959038897179532
5.695569868884114 -15.082689417036775
5.019868632474733 -14.3455138347534
5.136301358125648 -13.352315254207948
5.391920056081573 -14.319092933540336
5.590810554078534 -15.299114652588706
5.089471753100839 -16.164365718253606
5.249825989693553 -15.177306186712185
5.996631380679576 -14.512263550489353
6.414697064489783 -15.4206803513139
5.424686497175707 -15.56167353060447
5.76944346477312 -16.50036551059207
5.784942416741791 -15.500485626562055
5.539573186913897 -16.469915325433337
5.541623351191574 -17.469913223844348
4.9849806901000635 -18.300665261369964
5.215303906844813 -17.32755107699675
6.204331464517293 -17.475282218481578
6.582141296347956 -16.549399001778692
6.5476980774408435 -17.548805658085982
6.891614308163384 -16.60980532462193
5.8942262239187535 -16.537576456384745
5.902573250488638 -15.537611293417834
4.9583790963166585 -15.867000727412702
5.122325026832565 -16.853470053781887
5.60763245649532 -15.979126472165296
4.918740948215921 -15.254262009096141
5.49647825845634 -14.438039245166976
6.2698123103943955 -15.072038018125623
5.471649943556209 -14.469595625723441
4.959675349762911 -15.328596216707048
5.9519218069779765 -15.452882049142415
6.799705147676564 -15.983224775343071
5.814553602782781 -16.15491179754741
4.820921159030847 -16.04224162969646
4.473714602752721 -16.980030309132015
5.261764300436896 -16.364418683202256
5.856989932548709 -15.56086006873963
5.998176451010882 -16.550843082232554
6.839383628517197 -16.01013014128157
7.833494223022907 -16.118500459595694
8.302912803225146 -15.235524697436327
7.885568873495363 -16.144273311915438
7.349431433545394 -16.98840401594408
6.3494422548103655 -16.993056156617254
6.313127640912387 -17.99239656349443
7.28620630949521 -17.76192334433637
8.26051888385027 -17.987123272075287
8.743813201134126 -17.111665333119262
8.836809527571953 -18.10733178493386
7.89594485655999 -18.446114415600707
8.735087456780237 -17.90220293705332
9.188681831669188 -18.79341118604404
8.540121386416473 -18.032248030831177
8.014531107331967 -18.882985862675906
7.398977575069198 -18.094890786610314
6.853737401980646 -18.93317066448546
7.008838978947245 -17.94527213689142
6.096319812873365 -17.536238187752925
5.3942406085155925 -18.248337050838913
5.357584115869835 -17.249009125907907
4.488195385438379 -16.754880361921455
3.5504773098946862 -16.407483167346378
3.059535096674497 -15.536291028218354
2.9118594634941735 -14.547255180857507
3.1192800811023056 -15.525507033598435
3.616472400251782 -16.39314739560263
3.8609323732857925 -17.362806779914568
4.69665624348565 -17.91195668001305
3.9150126054317314 -18.535681958553074
2.9848074708879007 -18.168641895796576
2.12140165124487 -17.66413184574153
1.1797179045254655 -17.3276326315307
2.0779006654789143 -16.8880103755813
1.1262353609059952 -17.195147393982097
2.1198679191551353 -17.082478235880735
1.4828312054522983 -16.31164477436347
2.480297967622466 -16.38277886159148
1.4831289399900285 -16.45797148310835
2.46445027268388 -16.6503472664075
2.584462845714592 -15.657574894554543
3.004234081005259 -14.74994495343176
3.4619849594665575 -15.639025452187585
2.7484260717056332 -14.938430195496968
2.5102039939142733 -15.909640904690791
2.597174030638939 -16.905851832512862
3.298108330177894 -16.19262598628333
2.6665687235095517 -15.4172823687761
1.8544750012638485 -16.00080939153436
0.9532236410525903 -16.434106040168245
1.787215492504152 -16.985882799113742
1.6410102045754784 -15.996628527562846
2.5293041591120367 -16.45590388106421
3.2010106995283354 -17.196721215878917
3.964245020510398 -16.55059942296751
3.0362354456152687 -16.178043079707916
3.967956943537236 -15.814869498193447
4.1124415303026485 -14.825362447088086
5.102551786663814 -14.965653858972159
6.098972405806844 -14.88112013938866
6.9941173902655285 -15.326895258477267
6.126541080860694 -15.824199337848718
7.126292337626692 -15.801896320232109
6.6565946371530575 -14.91906900406559
7.656546782438188 -14.928852006655045
8.238387684239385 -15.742154634826854
7.238875165712221 -15.710934043745231
7.155093929091094 -16.707418215415927
7.6243678972505595 -15.824365587987716
6.714269410920542 -16.23875760670889
5.781083818490069 -15.87936276801447
4.878940309377063 -15.447926690518312
5.542097274018948 -14.699446336569752
5.936671563231287 -15.618310379991073
6.241562832162603 -14.665923213902904
5.60815896200319 -15.439744599797011
5.327958219017812 -14.479803172609685
4.640120182455664 -15.205667371656814
3.938851903091209 -14.492769903322682
3.4455895837026813 -13.622889288369429
2.653458557259614 -14.233240365165607
3.1485978570927555 -15.102053966440787
3.0544603480143295 -16.09761317080008
2.327358639129619 -15.411083415482125
2.483093741042098 -14.423284560435052
1.7113470886956068 -13.787354450602232
2.199329783680809 -12.914501147122786
1.4581644481648435 -13.585823681698757
2.452039653335834 -13.475315417092341
2.7925330951946234 -14.415562308100844
2.6400439715656123 -15.403867456916156
1.9367669121100435 -14.692951584506819
1.411074803576168 -13.842276671849106
2.159824428855596 -13.179423748008594
2.804280106235072 -12.414782080367234
2.4293900795102137 -11.487712790690225
2.967040529811875 -12.330880622910133
3.1165588318777564 -13.319639581073009
3.925056769931857 -12.731140571590183
3.8555310334345965 -13.728720729755187
3.0749923810965254 -14.353828250271672
2.144945608121882 -13.986387098412694
1.3684105311736081 -14.616461121261548
0.6198415023110246 -13.953404254147022
0.9480663884004181 -14.898003864644298
1.3204568133917618 -15.826080031440304
1.061836465898985 -14.860100986189986
0.5422377572644607 -14.005690556721024
0.2945513523196843 -14.974530814351525
0.284180725621199 -13.974584590746534
-0.6731886828416751 -13.6857181583951
-1.1096812187068261 -12.786010280173501
-2.1009461920514365 -12.65412490334912
-2.7400186853945367 -11.884978396984934
-1.7514311822619149 -11.73433063347678
-0.7583706407461316 -11.616726378092975
-0.6067737069650007 -10.628283982367176
0.0739161419643235 -9.895712259213344
-0.5556753765608607 -9.11878593078757
0.4431114503074106 -9.16802894526079
0.6761936672064753 -10.140485977815658
1.6747249125983381 -10.08630708915803
2.318411330581278 -9.321017735185109
1.9587533432020112 -10.254101939378007
1.2373135858252597 -10.94657914223466
0.26143650103817717 -10.728258471231053
-0.22006569411045246 -9.851813586445335
0.3865676486855371 -10.646795339322823
1.1104359106893187 -9.956857125231426
0.11204231575027812 -9.90019823727288
0.7954855301683371 -9.170194557373996
1.70757247675011 -8.760197725831192
1.1403377015966731 -9.583753862264302
1.926125063502954 -10.20225060588416
2.7100500887932544 -9.581395103594293
3.6814704451141966 -9.344029370335901
3.714312327659172 -10.34348993021353
4.0514594433071105 -11.284941905839624
4.096254607926403 -10.285945713040707
3.27419607866226 -10.855348711332844
4.034034100218812 -10.205236274136766
4.287791559581386 -9.23796839406535
3.287876553009928 -9.224930770309436
3.9484154748765277 -8.474138966478767
3.4614818084864876 -9.34757791943195
2.490232462253605 -9.58564242212439
2.672659145813289 -8.602422962834952
2.2575580012523777 -9.512198231670185
2.3175031908151573 -10.510399901799163
2.3720350470535068 -9.511887870496986
3.320059553364391 -9.193690548958912
2.585147393057987 -9.871852857432167
1.704113524140086 -10.34490604875377
1.6552333214666666 -11.343710697214423
0.6733847616927497 -11.154044132765426
1.266590695253972 -11.959094889170114
1.548864450656576 -12.918428786731807
0.9301337134673842 -13.704031914817051
0.01824881245987453 -13.293585904586077
0.9269325079940824 -13.711071163571702
-0.053771166108088964 -13.515571026480952
0.5930990764976927 -12.75297094175034
0.9792135601869398 -11.830520072876888
0.8342901202838557 -12.81996294468236
1.8246330273140754 -12.958602500707809
2.686149240541534 -12.450872440197088
3.301598244855805 -13.239049148231887
2.3956841725912668 -12.815587587198207
1.5374576281212624 -12.30231651031283
0.5412167820249361 -12.215689859856543
-0.03926197845451085 -11.401414471162862
-0.8991843522312133 -10.890989637246799
-1.2833539145095665 -9.967727081188741
-1.666064758161819 -9.043858903280777
-2.246992247003539 -8.229903589576116
-2.98546708969851 -8.904184619048722
-3.7146144876165392 -8.219827934191063
-3.437616593076242 -7.258957408875481
-2.4683411112773435 -7.012979685527385
-1.6231143183308094 -6.478571911926254
-0.9787933115904461 -5.713816761389113
-0.18469269866104499 -6.321603086132562
-1.0444580212200925 -5.810913757748918
-1.5551198423180383 -4.951132096818116
-2.2504230552199225 -5.669848620997376
-3.0503125151932458 -6.269995979421609
-4.04506065182166 -6.372349018821023
-3.965731787430025 -5.3755005191610525
-4.631529480555683 -4.629368203932344
-4.82812017943398 -3.6488825604298283
-3.883732106657955 -3.3200495207297616
-3.2159896379774042 -2.57565715408405
-2.8352773964501687 -1.6509635890846455
-3.5902646823616653 -2.306703017601791
-2.917690268634255 -3.04673251566199
-3.895050483249509 -2.8351503545821273
-3.653253127364265 -3.805477123607338
-3.596958397492193 -2.807062929302875
-3.3536214574002 -3.777004748994482
-2.430861578949534 -3.3916293388789533
-1.8100798802894 -2.607645868001768
-2.5636159496623643 -3.2650524333431425
-2.8390275218651575 -4.226378842996381
-2.5115519850844485 -5.17123850072878
-3.3858979662534323 -4.6859353941926205
-3.793794579683188 -3.7729072715411127
-4.25638852320571 -4.659477541410502
-4.721425426561443 -3.774186245555115
-3.7502763094319747 -4.012659288682959
-3.7031586618355123 -3.0137699418156614
-3.1181650523368383 -3.824807842807787
-3.95169730135885 -3.2723370382938226
-4.21987282110703 -4.235707107689687
-3.273315195286104 -3.9131723638243923
-3.219364961024022 -4.911715989422727
-2.6968807661348295 -5.764364959451421
-2.6358361851009393 -4.766229918925142
-3.2715896002848615 -3.9943377016551533
-2.4883762916968446 -3.3725846049595183
-3.487616422295272 -3.3336081838611467
-3.1700263641221045 -4.28183629721234
-2.4108884720010533 -3.630906454029523
-3.2872459263453386 -4.112567758490659
-3.2206728096211354 -5.110349307793724
-4.140264210202534 -5.5032254409155295
-4.905243341251177 -4.859170374123829
-4.699447075854312 -5.837765232657585
-4.696166772933813 -4.837770612865683
-5.274781540624734 -5.653371587981567
-6.238903537575022 -5.387912033629894
-5.898773807635538 -4.447533510474832
-4.9244036379226 -4.222582910623265
-5.651291016122129 -4.909339591999002
-5.720805600373086 -3.911758656647681
-6.5310449176012035 -3.3256594766297303
-5.879755603078248 -2.566829964296282
-5.264640452222762 -1.7783926800510272
-5.337672206560698 -2.7757222960047114
-6.318795973350792 -2.969103148830472
-5.913892956608634 -3.8834627865185647
-6.6744482422766565 -4.532735962802963
-7.22240234612715 -3.6962275647139764
-7.0336523862948805 -4.6782527439549755
-6.14636484253815 -5.1394694117957505
-5.750885431337977 -4.220994569833945
-5.887412329595315 -3.2303582056456364
-4.9815624020269595 -3.653956964761388
-5.643929836524712 -2.9047778261591004
-6.634854728999731 -2.770361095528678
-7.526106231185929 -2.3168517132102457
-7.846617300570896 -3.2640964832679664
-8.46289281196769 -2.4765658527191476
-7.477218639365554 -2.6452265341629704
-8.475003225211864 -2.7117541242854553
-9.219759828916969 -3.3790903223428055
-9.161135354367602 -2.380810215867769
-10.154824880091475 -2.268644595169344
-9.168225578347286 -2.1054826578252466
-9.032454978778691 -1.1147423566903911
-8.855265969819529 -0.1305655153127504
-7.914908454346007 0.20962229030712204
-8.18377847993965 -0.7535541781228714
-7.884529843940277 -1.7077293474982411
-6.993048275993753 -2.160786313024218
-7.765442490622757 -1.5256428826026753
-8.542852384008807 -2.154637205045646
-7.649600943600423 -1.7050797957992314
-8.15454172032082 -2.5682337866983076
-7.275606789065328 -3.045175488186974
-7.263939489572082 -4.045107422931802
-7.182848426905445 -3.0484007260768067
-7.785747956636148 -3.8462178461303296
-8.34994631346052 -3.0205785700801426
-9.336797488763573 -2.8589470205516343
-10.208614402118885 -2.369115141650702
-9.945035670785947 -3.333753028315392
-10.942568684580541 -3.2635541224131486
-9.942569723463542 -3.2649955678416416
-10.703783279722176 -3.9134968567903106
-10.965799172873595 -2.9484332983983963
-11.749178929707876 -2.326889931784077
-12.162342136496191 -1.416232935678301
-13.017285252122543 -0.8975111711039697
-13.444234311440232 -1.8017868485097814
-14.412980630058053 -1.5537332854141894
-14.856467125257078 -2.4500143398698135
-14.007001724140759 -1.9223700161949613
-13.909542769612754 -0.9271304710691115
-14.778236067085778 -1.4224808066150183
-14.01620101493184 -0.774945032090751
-15.000545231907516 -0.5986882236930602
-14.74361256435867 0.36774108274700945
-15.204443292652421 -0.5197469677980396
-15.93061111704008 -1.2072644518114233
-16.62716502163434 -1.9247689172989124
-16.244929459319838 -2.848833836502166
-16.567066805851756 -1.9021408926342107
-15.829176466559415 -2.57706151550703
-16.51228507991229 -3.3073783113998223
-17.380331645918186 -2.810895522931413
-16.783024425668646 -3.6129080444282837
-16.1805803714048 -2.814746931944006
-16.461807820824916 -3.7743880740865556
-16.346335340525275 -2.781077394443248
-15.702128891400038 -3.5459290473181393
-15.257690773618178 -4.441738602671573
-15.095123472899882 -3.455041145120796
-14.405745742296954 -4.179443205132194
-13.5874006932486 -3.6047159822707315
-13.192367559980845 -4.523382855310497
-14.16974955436286 -4.311901326429523
-13.889830825771682 -5.271925026857746
-14.291188179751217 -4.35600348305252
-15.29118504944494 -4.358505602705405
-15.926553280875961 -5.130714907549769
-16.910976666897973 -4.95490080955716
-17.87371117868513 -4.684452552373016
-18.829444219748908 -4.978687754582041
-19.23016802049968 -5.894886660667317
-20.19152324662391 -5.619575692481101
-19.75118521060814 -6.517407755863655
-18.75220722179894 -6.472208443095341
-18.290769180383833 -7.3593808806377785
-18.636298815752454 -8.297788718990606
-18.93877063131443 -7.344630389650384
-19.70592871440149 -7.9860884752290024
-20.705728300059437 -7.966068771979493
-19.770365318209908 -8.319758031337987
-19.553621301471136 -7.343529558485477
-19.214280557363786 -6.402866037672285
-20.075640185350636 -6.9108616983568565
-20.561192640625045 -7.785069232742711
-20.70011170042789 -8.775372971412567
-20.535264225843537 -9.76169204256711
-21.42593236923138 -10.21634604106933
-20.7016629146704 -9.526828994731867
-21.359550206905222 -8.773712595550482
-21.874650657737284 -9.630842413928425
-20.968122972336598 -9.208696046418206
-21.967438596037617 -9.245686372546007
-21.641965672712555 -8.300135011602437
-21.248561406392604 -9.219500598973022
-20.683430576025046 -10.044501898710225
-21.331874219931535 -10.805764560790319
-20.397496798005875 -10.449479796317354
-21.378586796867864 -10.255927699627652
-21.84192039252991 -11.142111641668398
-21.50932920380261 -10.199040540859471
-21.731563407604202 -11.174033852970211
-22.08430133081154 -10.238311694671406
-22.097000274023284 -11.238231059841072
-21.097287574431203 -11.214261949004172
-20.10854299243782 -11.363875289247376
-19.201504614064927 -10.94282733454545
-19.409331060964046 -11.920993050551326
-19.09306722047955 -12.869664323017188
-19.682363216335332 -12.061747106176043
-19.687396494022217 -11.061759773198405
-20.280162527308388 -10.256385059302957
-21.265980123275682 -10.424205402173726
-21.958813624324616 -9.703107808345901
-22.750513481739578 -10.314018060158007
-23.6898404910418 -10.657041047136062
-24.48825796579036 -11.25914530390239
-23.862487594074015 -10.47913796939714
-24.862427314887267 -10.490117711648802
-24.518729395295722 -9.551037448801987
-23.538099644461695 -9.74690804838037
-24.131267916621024 -8.941829542330485
-24.112230279141706 -7.942010774573445
-24.27245765867737 -6.954930642645376
-23.945448185321514 -7.899951702905688
-24.489407567894887 -7.060840154832135
-23.866341831979142 -6.278670679125129
-24.04327578283414 -5.294447951773825
-23.61245211710004 -4.39201182159982
-23.925703081078293 -3.4423414400638395
-23.713421152623265 -4.419549904441536
-23.1429364111119 -3.5982417042494825
-24.10368529293574 -3.320822191463809
-24.188683045363007 -2.324441048485725
-25.012827942239117 -2.8908200637688335
-26.01089866696621 -2.8287327990301083
-25.5389140130008 -1.9471260349787247
-26.02536884509851 -2.8208317613699334
-25.936403345371108 -1.824797053210497
-26.917698396564422 -2.017306851671543
-27.73874513936357 -1.44644588248648
-28.726604681442634 -1.6017955690756007
-28.564810878072862 -2.5886201559151987
-29.53765405127723 -2.3571549093885125
-29.748733035328257 -1.3796859009324969
-29.173359737963292 -0.5617949738038445
-29.801918792779606 0.2159668885990511
-28.83788310207374 -0.04980592236034814
-28.717869343825082 0.9429663062152869
-28.05872731031392 1.694984776506257
-27.079054938276666 1.4943805804711257
-27.111887761937666 2.493841437979035
-27.194112087203848 1.4972275908273307
-26.85940981908036 2.43955152223998
-27.592469125156093 3.11971624771151
-28.56476635309648 2.8859683053902194
-27.862565108530102 2.173989785960434
-26.92466443529163 1.827085869668299
-27.35454696159552 2.7299706981921723
-26.358343933642058 2.817031177724244
-27.057963898765585 3.5315463310978816
-27.95740747867788 3.9685832249118427
-27.466357748058094 3.097451683720597
-28.251531579786462 2.4781762571380526
-29.059856757017336 1.8894399767419188
-28.10541211124681 1.591051943872002
-28.151779078450403 2.5899764176698667
-27.418418652360867 3.2698164616844667
-27.39601758260147 2.2700673971319487
-27.596058402407238 3.2498549610515144
