0 0
-0.5952064770453587 0.8035728029763407
-0.18912489390095827 -0.11026402481674913
-0.23496216775062959 0.8886848949614496
-0.611700806822055 1.8150044930649392
0.1441205118929838 2.469782420438686
-0.7328797044607023 1.9892924408183117
0.07098349882140542 1.3944782257821973
0.9707115914685456 0.9580273587862211
1.546383633406678 1.7757080422628342
2.132347992278732 0.9653712171514099
2.56648032027487 1.8662203287059773
1.8240282258867109 1.1963211664892777
0.9385660653272272 0.7316096837203117
-0.03968048414112835 0.9390553114237083
0.8481485713808876 1.399228722401445
1.0995789621850778 0.43135333859418434
0.4601931334571011 1.2002393912845934
-0.2645950095053917 0.5112675864761665
0.5839408155572083 -0.01787034789003683
-0.39738033207693557 0.1745063794082691
-0.6532423936175786 1.141219679960285
-1.1595912521781373 2.0035484069747684
-1.78338307060806 2.785138943803286
-0.8035523436979851 2.9849682374588316
0.19037012923561436 3.095050560279338
-0.7610950893996253 2.7872942642797347
-1.2085941442335733 3.681578668662772
-1.8696516491733655 2.9312434268123195
-2.7381268842602826 2.4355108718588205
-3.2441167874386423 3.298050272629333
-3.2074455204081906 4.297377655509629
-3.0131524862045636 5.278321189491044
-3.970915217851106 4.990761543732197
-3.5678529865958035 4.075588971079641
-2.693660402744045 4.561168342901166
-3.290601028787086 5.363453759058871
-2.5548047938623637 6.040656757184693
-3.550834588075152 6.1296772550513685
-2.744527924985411 6.721174985441847
-3.6311749605748 7.1836217761978745
-3.9974094592511995 6.253099185403193
-3.9004015536218484 5.257815574443279
-4.781272791892628 4.784459617908133
-5.777981206251927 4.865529567614369
-6.132175805839856 3.9303578263696144
-6.587953040047073 3.040263947737467
-5.794286344677903 2.4319111087847913
-4.9643494205667125 2.9897683503769903
-4.209750455812615 2.333582094507482
-4.5174707114350054 3.285058969833252
-3.6642473920484546 2.7635132218350575
-4.657642015982531 2.8782612986767835
-3.8206799632502806 3.4255222257364615
-4.284515921842768 4.311443330303108
-5.045066024554007 4.960722577827564
-5.114157032375481 5.958332938959711
-4.876007757000467 6.929561502500938
-5.61319910748994 7.605245535732083
-6.612742441016237 7.635463484092941
-6.073739535964772 8.477767389073847
-5.4998296069710655 7.658848960045388
-6.26841666216183 7.019103746235086
-5.282618121831383 7.187035988173195
-4.340317408330325 7.5218036170374525
-5.339917520538526 7.493526140605622
-6.206426601141378 6.99436483077402
-6.394211848397474 6.0121547204040615
-7.335181989735357 6.350644296477779
-6.470865407693257 6.853592450870517
-7.298934647994771 7.4142182915757715
-8.221866545031371 7.79918155402093
-9.219737081449317 7.864407258685289
-8.2661463630041 8.165513123283
-7.2664884687070295 8.139357925529088
-7.486154753485406 7.1637828523893194
-6.549420333047365 6.813741961111444
-5.549442098787076 6.807144158016892
-6.419134795450531 6.313550586978686
-7.032856409295038 5.524028085272691
-6.952459561678511 4.52726515112369
-7.942663283128066 4.666895341367244
-8.806606685945631 5.170484257774274
-9.07845494189928 4.20814412781244
-8.155639491739004 3.822901808037614
-7.158001643743967 3.7542088371611753
-6.174508713956986 3.5732622785892567
-7.059297269635356 3.1072695621863233
-8.046637391283205 3.265886976691819
-7.181102628077105 2.765038123561696
-6.77893920851786 3.680606025996253
-5.833055188103458 4.005110910281047
-6.832799745948429 3.9825096036957395
-7.597099566324271 4.627370662043548
-7.312857998540517 5.5861233575515366
-6.316997415899625 5.495229463685435
-7.195427494842633 5.017358564374564
-6.27414976584353 4.62845324678395
-5.524203441664216 3.9669545613355703
-6.1082965180965365 4.778641248465418
-6.268742612673561 5.7656858526931
-7.044858673814147 5.135095764252422
-6.897008334810166 4.146086018468081
-5.919778472693684 4.358269421654575
-4.9345180121659515 4.187208540911258
-4.488519244680028 5.082242115365891
-5.465977377669583 4.871112775262311
-6.2602802130167685 5.478634796064374
-5.464894317106202 4.872531441357816
-4.942959123697244 4.019546298532248
-5.679449782086323 4.695994012776017
-6.679188883735327 4.718835392638967
-7.387628614583244 5.424606706703325
-8.224170379799505 4.876703544594488
-7.297544758684334 5.25268886118667
-7.693788438779232 4.334543477282328
-8.504746176237882 3.7494387447293036
-7.63673645141025 4.245985940476755
-6.6583980094476285 4.038974122026331
-7.453843459002563 4.644999316867559
-8.280844057182833 5.207200357963604
-8.800189769668243 4.352636123442277
-7.803573423459206 4.270442094042646
-7.102331607617993 3.5575185948397374
-6.893738830529598 4.535521178346832
-6.17275819489463 5.2284763883275325
-5.273912948594344 5.666742543994813
-4.726994190188078 4.82955685867563
-5.691044466456893 5.095276757866528
-5.183229504147027 5.9567429290272
-4.349455462602899 6.50884875914238
-5.207511381603923 5.995292491663043
-5.156518192672711 6.993991492705211
-4.4429130869997735 7.694539673173562
-3.798357835054433 8.459097406238683
-4.273479448231419 7.57917726628728
-5.150993079040903 7.099625571739595
-5.149055096884111 8.099623693850411
-5.478294877512289 7.155377345246452
-4.784489003001953 7.875539416238079
-3.88956470229211 7.429321424670059
-3.1641014323846663 8.117582308358214
-2.2466024386505956 8.515320408742081
-1.342786687642032 8.087398583838482
-0.6648110997878536 8.822483002306035
-1.5448825747863169 8.34764176684514
-2.40612238148005 7.839442991397833
-2.3415846351354843 6.841527724806143
-2.1643216028996095 5.857364213288599
-2.9148965388808064 6.518149553226481
-2.878760887797076 7.517496447313191
-1.8800513561298118 7.5682829746305185
-2.872387959966227 7.444718964148465
-3.6611708184595595 6.830047017377598
-3.4976748334022405 7.816591016837397
-3.6761358173308096 8.80053800586437
-4.672097512709831 8.890317186846072
-3.837947773734259 8.338779143763833
-4.581475121166379 7.670073615432749
-4.0111306621084095 8.491479238752841
-3.684908625390837 7.546186065837772
-4.658404344901252 7.31748083175928
-5.18993925969916 8.16451721489213
-4.262152381175999 7.791406630694565
-5.25888516946346 7.872176357403905
-4.722456496700509 7.028230696216066
-4.205487020631673 6.172226863973994
-4.445854352442835 7.142908864321163
-3.4616675246186714 6.96577533294607
-2.690754735005126 6.328834620783421
-3.2083462429997955 5.4732067630953924
-2.900041561450603 6.424494429017143
-2.192721106149704 7.131387471501597
-1.6723227788594155 7.985311110332066
-1.10962337002589 8.811972694838326
-2.0350126602313914 9.190990717593126
-1.4700852691353716 10.016131337602493
-2.285422806896923 9.437145414183858
-3.1205432984672266 9.987212468786636
-4.1126953123269185 9.862174948840991
-4.485272224758056 10.790176265824583
-5.477745634882845 10.912636586725977
-6.390196163808421 11.32182362496575
-7.3212715450737464 11.686650480339129
-6.349916031303524 11.449019535661913
-5.3516960771759505 11.508659481851913
-5.3324944034447235 12.508475112718884
-5.548298910703231 13.484911702901222
-5.231494675210119 12.536420755989433
-4.6435891387131445 13.345350345110887
-5.602428145870469 13.06140007067264
-4.761351192755234 13.602315552923235
-4.151373834682557 12.809896709988088
-5.1318208247665655 12.613113327470131
-5.212994606757639 13.609813290908109
-5.32621052110364 14.603383699454378
-6.323222444934965 14.680631506789995
-6.266621923675514 13.682234601249338
-6.512056344501935 12.712821404994202
-6.8884590662274645 11.786365258661515
-6.042262615816923 11.25349419797929
-5.508289551663811 10.407992709654796
-6.494008926722891 10.23959641030966
-6.4999849649468455 9.239614266985518
-5.881772162396817 10.025625037117353
-6.194055123504649 10.975614169792944
-5.210788962403326 10.793439373421252
-6.069940833041362 11.30516006205829
-5.376203011775503 12.025387689510403
-4.794040765990127 12.83846033053464
-4.770540708746845 13.83818416605601
-3.8252055224362125 13.512083896931554
-3.8763573910837206 12.513393010653989
-4.1253114428975355 13.481908307428121
-4.107673761541871 12.482063863428758
-5.0583352955184 12.171833871620436
-6.001996731943479 12.502746387860238
-5.058916252881808 12.835310983108753
-4.176812091170035 13.306365383248238
-4.507147845872466 12.362501892501205
-4.12198794314496 11.439652040504177
-3.161621337568489 11.71839203206177
-3.5101817606652475 10.781105719641381
-3.531995227450941 9.781343661616178
-4.326442376542883 10.388676953392354
-5.016900868128468 11.11204896791694
-4.76854355946834 12.08071745983515
-4.010775328829031 11.428193660549812
-4.9394595698953 11.05732228069533
-5.638978721315571 11.771936132223736
-5.3632645179309675 12.733175789152222
-4.363536857898778 12.75651257913203
-4.396034445963058 11.757040765237308
-3.572357604443426 12.32410025130931
-4.18337395274455 13.115718228687768
-3.262477854860777 13.505526357005328
-2.314655117365187 13.186728524066698
-1.9070943815643098 12.273550421704707
-1.0899154778668927 12.84993452918156
-1.4133807347739349 11.903694481638622
-0.46600482123427145 12.22381770548358
-1.0661725595729616 11.423943536718628
-2.060255720460827 11.315321857302456
-1.1914840256517458 11.810534682558988
-0.986295351027848 12.789257119108845
-1.9817105447764103 12.884905391725303
-2.7986731539038683 12.308214750837438
-3.788131001263209 12.163393591129958
-2.812976022642503 12.38491733177924
-3.5471254743127405 11.705929421273988
-4.391637673690977 11.170393105884141
-4.9267593318827325 10.325618099782453
-4.168737179662959 10.977846906831102
-4.317738937026705 9.989009975733504
-4.184273784407238 8.997956469087036
-3.5805310771594785 9.795135710816991
-4.385172921971842 10.388896185736767
-5.194298953385317 9.801261039332914
-4.427034593099463 9.15993007841247
-5.057463536461449 8.383683115538226
-4.061021700999344 8.299399851832359
-3.8869874478353204 7.314660252382006
-4.517313147687727 6.5383294516884005
-4.976335532712007 7.426754153082178
-4.146526643965576 7.984801828605886
-3.1972343611469283 8.299196742338538
-3.004360679973271 9.280420337198812
-3.789054155549717 9.900304317785308
-3.4988515845083312 8.943339079252073
-3.1668432624345546 8.000062622388151
-4.140615003218512 7.772535488070986
-4.761688245128373 8.556288018008576
-5.597505376110874 9.105295962902074
-6.597504749268462 9.106415643406
-5.630983250909752 8.849829998424768
-4.673728225499225 8.560584745522855
-5.5880728611790085 8.155647852657307
-4.590386788730976 8.087658876762543
-3.750797411648718 7.544437303285728
-3.575554913044566 6.559912003111592
-2.777752247393405 5.956993346342785
-3.5615678859836093 5.335999751608162
-2.5616247832702523 5.346667053796874
-3.47804720271426 4.946454673752989
-2.8639572117776315 4.157218661503515
-2.6239541173838665 5.127990784445567
-3.588084579372481 4.862561976164286
-3.6070791504624413 5.86238156302439
-4.586100902494099 5.658625804703641
-5.50217528492302 5.257617418435383
-6.498021925160065 5.166570896653441
-7.029783539735146 6.0134649781444525
-6.029897738373684 6.0285773649760594
-6.640678864105171 5.236777885025373
-6.43113429981459 6.214576982783328
-6.0935421498719835 7.155869466710151
-6.455667773487637 6.2237401662796925
-5.463789094582215 6.096552563374239
-5.34089133011553 5.104133226859129
-5.775349433229313 4.203441183684119
-5.093344484022658 4.934788740771464
-4.29266120889495 5.533876624917661
-4.792670316275858 4.667856479345892
-4.4080744627074955 5.590941540116579
-4.418382205781518 6.590888413921743
-3.4603076695287354 6.304369334305716
-2.4914635861954353 6.552040774302453
-2.7209142950874465 7.525361056732113
-2.942444575388006 8.500514549732038
-2.9729228676270374 9.500049978669999
-3.9531589050922786 9.302218457282626
-3.03946405881826 8.895817512534341
-2.2965820558377703 9.565239897615461
-3.0768390052753674 10.190699003276523
-2.6695393892342043 9.277404405256409
-1.692116282995919 9.488695842355742
-1.257756140774144 8.587956553299758
-2.2572156135094805 8.620831503635888
-1.4105436731830987 8.088716266620484
-1.9118254609166145 8.954000364062873
-2.4821007128164636 8.13254669095004
-1.6240899535711897 7.618914977541153
-2.044557820361004 8.526222407796865
-2.6929887293953296 9.287495917259081
-1.999776528002775 8.56676237159849
-1.189514778110667 7.980694204350192
-1.7440479427377131 8.812855828873165
-1.5459527315356036 9.793038611469754
-0.7043346653308026 10.333111783028656
-0.3648848762396692 11.273735959140447
-0.9104977977208146 10.435698644987426
-0.29263056360085105 11.221981088515797
-1.210795902730239 11.618178526697086
-1.8138339699744281 10.820466116454902
-1.9746898342980763 11.807444024471435
-1.1169583803169685 11.293346025203343
-0.9319551848502922 12.276083944318668
-0.23778987093934245 11.556268331148939
-1.135578710744635 11.11584217488541
-1.5914613374695699 12.005882078850606
-2.351373300763293 11.355856073183848
-1.8457641564917897 10.493093421448714
-0.97801430793306 9.99609221387845
-0.2409004244213121 10.671860756157706
-1.2184751041287927 10.461271711820597
-0.7204354533082016 9.594117454372418
0.08528297917991312 9.001818705809756
-0.21652657125788144 8.0484504688391
-1.1217812188578558 7.6235810500777035
-1.148949489208912 8.623211924493921
-1.1044069814274824 7.6242044345317375
-1.40576354268915 6.6706929123231475
-0.48091820274272035 7.0510363060864325
-0.6419703566898166 8.037982203139052
-0.901572769637932 7.072266620168829
0.07444738471368362 6.854586445831687
0.805708277674881 7.536684317420209
0.3693642939476147 6.636904384400463
1.3446296543672418 6.857941659007202
0.6453898766005363 6.143054441896162
1.0360479220263947 7.063590313844696
0.24025549911679311 6.45802081358922
0.17005229706431232 5.460488102134814
0.4436416174525769 4.498641501179398
0.3136400529839085 3.5071277124524336
-0.09088930048056709 4.421652726973968
0.32378770271579443 3.511684055524184
0.8620852819724174 4.354438893046022
0.7866111826032129 3.3572911305131026
-0.04905837640080113 2.8080585858163807
0.8525422127219312 2.375489079617039
1.678966955530375 1.8124418840161751
1.9738839178839283 0.8569189982012132
2.9685692504627754 0.9598805888673854
2.007560035666339 1.2363969339111027
1.6999699199495177 2.1879158883798575
2.6872405879901966 2.0288667512350376
2.9068308559113927 3.00445893767069
1.9706512981764708 3.3559811072123082
0.9926783481900231 3.1472494395267243
0.5715162917494487 4.05423484305577
-0.40569873441042337 4.26648656306614
-0.980416706009078 5.084838109237788
-0.00014540377518224012 4.8871814017455755
0.9987561012137732 4.934040587939957
1.8216033734950587 4.365778002070319
1.7936304046656142 3.366169322128579
0.9700990466553266 3.9334400708665442
1.8615070220060033 4.386641815657104
1.4294302232500107 5.288478630151152
1.7483321255218556 4.340690902478231
2.3850965084463893 5.111749344257282
3.2535127972258464 5.607585153152237
4.129585209624138 6.089764713310729
5.100058284449998 5.848555237879019
5.526334835574206 6.75314813082128
5.676287653757994 7.741841284594856
6.438529964572047 7.094549495982601
6.065216591214179 6.166844195107281
5.232031195057408 6.719837952423838
4.310077926077503 7.107139088256497
3.4029255585317224 6.686336780686678
3.34258431086093 5.688158973966085
4.332864405044689 5.827246482619467
3.382207511142966 5.517002272234925
3.077870816834087 6.469566798394252
2.078265814987256 6.441462701134292
1.0784772382921468 6.462024848638082
0.13391657049683015 6.79036178663633
1.0537702987193909 6.398100242924669
0.5954358857004488 7.286880061463874
1.5748212667456332 7.488880743133464
2.3975578379745004 8.057303591339416
3.363437769745987 7.798313326269263
3.1001038544000243 6.833608579194509
3.178156060536211 7.830557852285811
4.12651345289081 7.513354043408325
4.650508531287533 6.661632752247882
5.127205164464056 5.782564882332158
6.1093674193105505 5.970600265052671
5.115753163364842 6.083430714761324
4.9319627732673865 7.066396173212344
5.284377951550118 8.00223993267006
4.688342727919487 8.805198220622543
3.872193699482888 9.383039689696886
2.92622201672907 9.058790440772684
3.6867434498287674 9.708103269689518
2.8135271285947705 10.195436068021998
3.281262918539344 11.079304401431973
2.3540375358845527 10.704800610048393
1.3839614561973836 10.461999457623671
1.6705933633880574 9.503958670506423
2.2553973294258416 8.692784015264731
3.0263895508646597 9.329628575955043
2.7022082493272874 10.275623546202526
2.0245138218291685 9.540279910248561
1.9205553301716043 10.534861546924144
1.920279772867522 9.53486158489006
2.4835696278179715 10.361120950531323
2.155063106396 11.305622652691374
3.0561291636617547 11.739304518168302
4.032667240011624 11.954649324093351
4.673355036638866 11.18684782158575
3.780766762126162 11.63772050006875
2.7922554864279956 11.486573360441223
2.590576760743387 10.50712163033594
1.8492331738035492 9.835995944563763
2.783667868367027 10.192130471949216
3.766784201478574 10.00914884563306
3.0846333152445466 9.277937406711231
4.076921120128232 9.40189269009648
3.4089391948314893 10.1460701873892
4.304811033405275 9.701757629778653
5.242821747104007 10.048363891964428
6.2166311267358445 9.820997904752058
7.216416292078914 9.800270551811277
7.615147186291832 10.717338528572087
8.202052902103233 11.526993813707623
7.44249661055354 12.177435386769552
8.42825603621585 12.345597078952746
7.556123675525984 11.856327066140269
7.221397513907849 10.914011621754266
8.190460499601 11.160825174379472
8.72043410373658 12.008839312775493
9.70122946697512 11.813799687443154
9.41770116488341 10.85483581851326
9.189534107020076 9.881213821172409
8.814168227227249 8.954337099980558
7.8162800268483945 9.0192920039113
7.017761747835969 8.417321441439151
7.742550502485897 7.728350280117426
8.033365109615687 8.685129703119376
8.63192329889486 7.884050372436803
8.14564294796827 8.75785322222771
8.083418850652357 9.755915425556351
7.1877464891018 10.200629964057677
8.180009923796183 10.324780180201286
7.716421475884641 9.438729532121297
6.7203766743470235 9.527581956567056
5.754958740310826 9.26687481696156
4.778557856760075 9.482840820307715
4.965080617948203 10.465291460064622
5.01808867110406 11.463885544916232
5.653091449267064 12.23639539710277
4.896314376108938 12.890068451115416
5.123521329038159 13.86391494853717
4.233648502872004 14.320123621461152
3.2337666930200406 14.304749411655056
3.889795169659043 13.550013273763998
4.889362935221192 13.52061459948959
5.438899427025166 12.685144884792653
5.261631480082501 11.700982258502297
6.239487512329716 11.910260972655777
5.362248199920792 11.430207653987614
5.636524126100141 10.468556617322825
5.690554202260058 9.470017308697395
4.70980556485115 9.274742860239412
5.698349507413635 9.425676201893994
6.350936822771568 10.18338973340437
7.103342061963412 10.842090238973224
7.561022997306302 11.731206745075578
6.688034749175963 12.218947986541092
7.565796938111583 12.698044573540988
8.56362815877839 12.763868999574134
7.563945251241063 12.789050031676053
7.284210136252895 11.828972813196959
7.7779692995155125 12.698571507247381
8.442423588929586 11.951242598881567
8.790394925838518 12.888747771501864
7.850974831484558 13.231515748891814
7.676692423180807 14.216211459330244
7.308549401292031 13.28644228612939
6.793453718443271 14.143574969854942
5.861271219705431 13.781586311128073
5.371634379637463 14.65351277869759
6.3598938397043545 14.806297724252758
5.403991849477339 14.512611863033614
4.690718584459086 15.213497908985595
3.848043229360491 14.67507591286224
4.820605501745174 14.907718613873774
5.818975513808617 14.964791541014757
5.15783793715046 15.71505623079469
6.126523146692903 15.963348326548289
5.33737035389898 16.577545257202907
5.611059179324425 15.615726965196957
4.707209031669502 15.18787779716671
5.080574294974829 14.260193378758734
5.2693526131671975 15.242213106962023
4.867873864980144 16.158081446164857
4.21747994358146 16.917678541346007
4.06673351589368 17.906251004314388
3.071162718575896 18.00026583042193
4.010406285544963 18.343517227953278
3.3923498288653153 19.12965094199727
3.6232792552904036 18.156680438841608
2.797936060726812 18.721311832927668
1.8097028920639318 18.568356923380694
2.6981374654650545 19.027360200913183
3.1102999165653102 18.116249826752604
2.1422155370205815 17.865625338560612
1.1444061087043993 17.93177928601149
0.9949708459534756 16.943007774363547
1.707289047473692 16.24115110823933
2.250211612965713 15.40136834592543
2.66031601332286 16.31340693107833
3.4965550000632826 16.861772098695084
3.58380746310863 17.857958330125996
3.0537556319944814 17.009993085359127
3.492966102617425 16.111608889986584
3.9035168955813013 17.02344662028553
4.897159921067398 17.136023429188775
3.898141914280008 17.180329434589293
4.674074002441385 16.549512983819717
4.308166771217436 17.480164313877342
4.782193200606779 18.360674929509198
5.130822669456876 17.423414296894503
5.838861105720359 18.129588193872834
4.988016540958489 17.604170715466203
5.023479459791217 18.60354170833515
4.879004355776492 19.59305014403438
3.9297496328066517 19.27854184379502
3.8747906390564193 18.28005323143834
4.51689179103529 17.51343330564238
3.5541814397449474 17.783967553970434
2.661542646031628 17.33319490178529
3.3082512538772417 16.570457740937343
3.261604671051597 17.569369196628333
2.8137886455723957 18.463494918953785
3.0717201908856255 17.497331724699144
4.0711973430821695 17.464998734780384
5.069827455877942 17.412673809386238
6.013443500113263 17.081631876903835
6.009490272370343 18.08162406286851
6.869486320663743 18.591924755519162
6.704371392936641 19.57819908887762
7.336626298076659 20.35295952599763
8.333284754905929 20.434641350357154
8.887182670918808 21.267225939835356
9.642995146950518 20.612437805340836
10.60791179713271 20.349881414824097
10.264222089293115 21.288964683083698
11.258809331924132 21.392869527993017
11.249964317185746 20.392908645900985
10.871307288500152 21.31844570870668
11.858314351186985 21.15776883356185
10.887042596061182 20.919795772702344
9.889175155345198 20.98506882042446
9.819742131776323 21.982655435830903
9.76520076345039 20.984143924058937
9.935190552547326 19.99869810028029
10.215752191050164 19.038862089807353
9.673310982696545 18.198768323921744
10.663693574817492 18.06041254621877
11.483117054077187 18.63360113790386
11.624592969826564 19.62354283581484
11.998324488004084 20.551079763554498
12.241923502436851 21.520955796956386
11.320193026151632 21.13312473955249
12.053381565947243 21.813150154601352
11.12113833866846 21.451317921110693
10.197306364647668 21.068519692566145
10.660453757113318 21.954800964427548
10.211313297007827 21.061339802934654
9.345666053049113 21.561994223694803
8.355130301737148 21.424739258856224
7.720153286172354 20.652208230544463
8.65781395363472 20.999760345620793
7.757703763775355 21.435422653046324
7.133204500730023 20.654397256240408
6.666745190506607 21.53893991315747
7.636916639164207 21.296520111553697
8.467533114367916 21.85336503711212
7.9409771262242765 21.003224583216365
8.038183519384337 20.007960338340258
7.830930490115479 20.986247710158416
8.795311738985395 21.250763885142295
9.08873316585224 20.29478069164179
9.799511861274818 20.998196391021168
8.829797560432667 21.242438432329006
9.82029394918696 21.379977168198955
9.22526925267389 20.57626975219514
8.589354502362555 21.34802906074702
9.438128895386273 20.819273890798566
9.190892439606062 19.850318713851127
9.867099117854552 20.58703068490368
10.427082365535004 21.415534615079785
10.683105080220091 22.382205380938192
10.37498786034557 23.333553781271526
11.284790756986208 23.74859436876184
11.54332352290335 22.782591879661926
11.950082414610744 21.86905632807295
12.875843712045457 22.247164804798874
13.568677199558138 21.526067197965364
13.910583593493985 20.58633318358375
14.330177309480582 21.494045204824275
14.94061886402449 20.70198390133444
13.965458247059466 20.923482820339462
12.965754058554339 20.899161317809675
13.934870144307693 21.145766290050904
13.12628482309088 20.557387348965566
13.647157137865404 21.411021949776377
13.714640049464741 22.408742379877953
14.714427044966495 22.42938126612638
15.517815650657932 23.024836342723404
15.038476100939397 22.14720681036044
15.281538149921936 21.177196067974354
14.466391073612801 20.597942027000386
14.357182148900797 21.59196084511363
14.815903072328599 20.70338045234686
15.508212415559685 21.42498129303023
15.764073395145296 22.391694879944932
15.378563364462504 23.314398524807654
16.203750289471333 23.879258276245544
16.506525675436766 22.92619633405423
15.739263165799784 22.284863159093227
15.649814989747602 23.280854636868483
16.353596793797113 22.57043844034083
15.460377491735471 22.120817179250437
14.698925691406656 22.769038712197318
14.342340426770365 21.834775928477306
13.631786388813927 22.538418564439482
12.792994073987066 21.993967049070672
13.581645121938807 21.379125992727964
14.293552555775326 20.67685268008658
15.24113463534567 20.996365125035354
15.12223576889178 20.00345875505076
14.197227769632693 20.383406384740304
14.806033480202748 19.590087024849666
15.443721698603033 20.360381602341594
16.265934460079656 20.929561868043933
16.966525253617746 20.215998598242532
17.135805354797725 19.230430616140588
18.089441361974366 18.929468216801077
17.7307399201723 17.99601587433837
18.50513813191594 17.36331736031431
19.25891116437869 16.70618250693039
18.74207485440421 15.850098265344341
18.903084128772413 16.83705115863126
19.480898088111246 17.65321966353278
20.386004951203386 18.078403819379997
20.733243803973068 19.01618054074132
19.811558538941853 19.404119031000203
19.40808397315199 18.489128170520885
20.232918453733973 19.054502453313308
19.91840818668802 20.00375652463599
19.905813909852665 19.003835835685614
18.92914210997849 18.78909833236926
18.26175808290447 18.044384588433736
19.252844133394124 17.911161315223616
18.27583864072378 18.124375450055194
17.343182028128133 17.7636100928192
18.343181038382415 17.76220314916199
18.46374888962894 16.769498060404107
19.166023044515207 17.481404663392713
18.21815944090047 17.16272835592306
17.63447192046279 17.974706729086602
17.32756916092692 18.926447605685517
18.185543069149478 19.44014087292708
17.25886280199843 19.815991484836733
18.222883500378344 20.081818671360423
18.52976904160731 19.130072242638672
17.81829203885835 19.83278162393321
18.222753078666184 20.74733685314442
19.166335506049695 21.07847459296434
18.531889848854316 20.305507124007253
17.969221470847394 21.132189830002158
16.97495560440098 21.239126198088798
16.649552771323762 22.1847016822387
16.919640770587712 21.22186604068112
16.506256491076343 20.311309377176393
15.722246122370935 19.690561649220495
15.194749279164231 20.54011863989679
14.631383430566387 19.713911086897163
13.72303355281317 20.132122157513084
12.726258003740549 20.051881863576845
13.712581941133067 20.216700219734523
13.098124979973917 19.42774987726482
12.125548593125247 19.660333564879377
11.679345868715377 18.76540165197806
11.79390421032926 19.75881817407072
10.921783543999979 20.248109031701812
10.062077929674734 20.75889886783567
9.446117574469243 21.546676019582993
10.419625384868356 21.318022257112474
9.506733164886347 20.9098215776712
9.89335686577787 19.987584019387576
10.551928961114035 20.740101657217103
10.536453731163492 19.74022140575797
10.894657553019977 18.806577993095832
10.79721571737794 17.811336771749616
11.248506630227496 16.918959882773095
12.243733033579359 16.821366819129647
11.491186958022103 16.162827219588834
12.486119214547712 16.263374745291173
12.1768648745658 17.214354110578533
13.166701375025873 17.072144046388427
12.86377611330815 18.025158362027625
12.438658407399751 18.930296437750428
13.438625726837701 18.938380994391515
12.521131339466757 19.33612972052752
11.638178010252398 18.866668946416116
12.286511570228825 18.10531252856158
11.511190605983142 18.736879945708115
12.51087622935388 18.761952927697923
12.044812684198433 17.877201679110424
11.426987128524846 17.090886486101525
11.306565080165205 18.083609272315716
12.064378724217828 18.736080329825306
11.313213733740142 19.39619483283267
11.347303405512342 18.39677605460281
12.271695194511752 18.015331667528535
