0 0
-0.9122815360839142 0.4095636689458356
-1.3213504183768838 -0.5029398376444572
-2.314682905997438 -0.3876551073565217
-3.2280077800138463 -0.7948868282512864
-3.49678801127584 -1.7580883581933588
-2.773692470770675 -2.4488363870009286
-2.4225256009222464 -3.38514927782368
-2.0509524499504574 -4.313552958060297
-1.267068431068671 -4.934460233699534
-0.4753122837627025 -5.545297530533322
0.463758843172827 -5.201574650067045
-0.0677756882902597 -6.048611273751238
-0.8820621114235904 -6.629074555191783
-0.26204945788581 -5.844482744469137
-0.7971419814765017 -4.99968928379526
-1.5200075903151724 -5.690677931718146
-2.163888837237882 -6.455803372323317
-2.9045906351338773 -5.783969429601129
-3.862500842200337 -5.496901432085048
-3.483438250779195 -6.422272466743626
-2.5618794195366785 -6.034033725040886
-1.6117566413645035 -6.3459098324912455
-2.410875861335478 -5.744737251385802
-1.485746004856023 -5.365086426745182
-1.2356754096644926 -4.396858820538586
-0.6572823061682855 -5.212617006417236
-0.4508070767362549 -6.191068834373519
-1.3865665568720822 -5.8384299321861315
-1.350716360735029 -6.837787107292677
-1.4890802623602866 -7.828168564473209
-1.4975159618248164 -6.828204145618946
-1.30538748409165 -7.809573927120259
-1.632035388626134 -6.864427829173899
-2.147723927995604 -6.007651703010837
-1.4664135736907966 -6.739646375885618
-2.155321320308983 -7.4644954061322295
-2.625797302951943 -8.346908206218528
-3.6210808461954778 -8.443916806603209
-4.378789993269667 -7.791324400548629
-4.580867640583782 -6.8119548970128125
-3.7909142707722268 -6.198787975593067
-3.064722314618153 -5.511295980863586
-3.2910169849314856 -4.5372370903504
-2.806974141547429 -3.662192791032544
-3.4523060600843554 -2.8982904969415717
-4.359997002199048 -2.4786511832411717
-3.39766238670705 -2.750518959606573
-2.3976638701789468 -2.748796478375084
-1.6038757009193332 -3.3569908077990527
-1.8221093649818745 -4.332887353478889
-0.917302490754065 -4.7587095233457255
-1.7090258812599788 -5.3695892765916655
-1.3169933437433818 -4.4496379248733815
-0.5222298976081551 -3.842718601826851
0.46647130353027044 -3.6928188524360177
0.284302084888594 -2.709551657936231
-0.4581373542145245 -2.0396384700795904
-1.1095317778925453 -2.798377756528618
-0.5655145887032011 -1.959303684788509
0.18248577831573964 -1.2956053715922722
1.071562440348234 -1.7533637019688562
0.3263850716462553 -1.0864973816509118
1.3262910975968163 -1.100206475995775
1.2092667643668022 -2.093335523719217
1.0863303444693373 -1.100920974922801
0.8412807200047017 -2.0704315120237347
0.2256080747186502 -1.2824294854740081
0.5898648830559854 -2.213728029218117
0.717838758723448 -1.2219504900760727
0.18707481587271058 -0.3744307929778051
0.1586094111946381 0.6251639852881248
-0.5937825502386544 1.2838796571607187
-1.5294982343014567 1.6366347543583097
-2.494764170277679 1.3753654051342816
-3.3285068089035814 0.8232121541820502
-3.2305455852097844 -0.17197807821194488
-3.150270043614458 -1.1687507892256328
-2.2468776376157793 -1.5975656219727266
-2.5015827310025265 -2.564584399144529
-2.0789710612533034 -3.470895260048101
-2.06325764536145 -4.470771796707007
-1.4777797223858011 -3.66008344616278
-1.950518449584426 -4.541286087901117
-1.662621393618076 -3.583624725432155
-2.5960815924886185 -3.9423057217569775
-2.379434307997195 -4.9185556662499295
-2.2921272976211315 -3.9223742139335385
-2.522127334651288 -2.94918359387695
-1.5287237763928951 -2.834512889511955
-1.7840978269104388 -1.8676705578351385
-2.20632101977771 -2.7741624637035622
-1.3956956855621088 -3.3597276330296113
-1.9251498842107073 -2.5113891088935385
-2.0112571584463526 -1.5151032376077376
-1.8581456492085549 -0.5268943195449002
-0.8890179728575104 -0.28033490088395085
-1.1698107128028616 0.6794335280581468
-0.21802270212416786 0.9861900809275106
-1.2179472342083137 0.9739047182425179
-0.9398289929801343 1.9344515645213156
-1.4535123997791564 1.0764717526496432
-0.4557991045815949 1.1440600695840326
-1.4144180813545506 0.8593678544274335
-0.8505293516079719 1.685218628154013
-1.2875022677647163 2.584693291802451
-1.6918215970676391 3.499311179202449
-0.7200255576951109 3.735134116720977
-1.3189386886667507 2.93432011737422
-0.3661319238655826 2.6307426660555633
-0.9815480144297379 3.418945073736948
-0.8689260824388367 4.412582985873274
-0.5323382092852076 5.354235046692936
-0.15370232641483605 4.428689332963477
0.6410739709942339 5.035591826842625
0.2998341236769436 5.975568085374122
-0.5382694162382463 6.521079273510193
-1.4264695475009552 6.06162249989062
-0.8998086586014308 5.211547027886185
-1.6710799755128245 5.84805355236945
-0.7935721121754497 6.3276158004468765
-1.4324241456089628 5.558286170588605
-0.5239668672785295 5.976263889430724
-0.9229431669382504 6.893225127602674
-0.25130138034234784 7.634101170202422
0.6873803196407542 7.978886126540186
-0.07528899465228944 8.625674745051503
0.45426167134921003 7.777396434508691
0.7988411286022512 6.838639278669547
1.7664866163740292 6.586325565219568
0.7696858036860976 6.506399725688917
1.7693276706760825 6.533160476066611
2.0859307477640234 7.481718587928213
2.9528247583299434 7.980211089822609
3.943354878690032 7.8429154939011525
4.900482746475355 8.132581240424146
5.7522439272629216 7.608651005656798
4.752987497323482 7.6472072921051355
5.065877675107056 6.69741798039092
4.870093230860091 5.71677102486059
4.913931893028438 6.715809648588066
4.334806590337413 7.531048192686067
5.212786548800938 8.009745584089432
4.380852837324056 8.564620614802022
5.051922760672641 7.823226550908249
5.805777379060565 8.480267808619816
6.188709290101704 7.556491238497808
6.906826948107954 6.860569526478691
6.009775405878943 6.418643593109134
5.968579471056055 5.419492505958613
6.602156701972537 6.193171956677192
6.068627695379239 5.347390188652149
5.689544629869412 6.272752836182117
6.454354003603344 6.917009479026188
6.372789293085521 7.913677527073352
6.04247403560658 8.857548191241182
7.011392047559077 9.104930256302538
7.406940349250487 10.023375432145409
7.862337322983025 10.913663922644554
7.593752121167658 9.950407991250515
6.635652218932483 10.23684223734715
5.815815988712433 9.66424416223811
5.564804030009038 10.63222814794649
6.563158937413789 10.574891607583035
5.576300090213324 10.413306906258407
4.602688813317535 10.185094107534605
5.364438673829954 9.537222862602937
6.361195414761234 9.617696457079973
6.175776248689766 10.600355977388691
6.906413814924691 9.917590463609397
6.791377042304888 8.924229229744686
6.460466044847636 9.867891198757874
5.489855726730017 10.108547822110763
6.051104382481268 9.280900586618845
6.977683431900608 8.904800513264489
7.159246306535157 9.88817985134031
6.7250333449546265 8.987369602733276
7.122684163462783 8.06983277702011
6.851960280260264 9.032489818267797
7.550491640469118 8.316910375574835
8.193031454763197 9.083162675438874
8.424304650525993 8.110273828282292
8.453537616326328 9.109846453813082
9.355611068961675 9.541428990589703
8.36027664305708 9.637914122134259
8.738228832187616 10.563739236684214
9.655294086269947 10.165002080458574
10.25144046338465 10.967877847344718
10.060287864204504 9.986317516123721
10.898383003217157 10.531841610883394
11.130000989936429 11.504648430466867
10.23363647165795 11.947966206301981
11.097357800543268 11.443996498850646
11.96449213567011 11.942070835515498
12.67370485638406 12.64706538640048
13.43317295919918 13.297609928154849
12.823939341423635 14.090600721904766
13.425069368941145 14.88975195290976
12.807701562542974 14.103077311381822
13.78089122117052 14.333081416433016
13.420230943676646 15.265778668620477
12.730123613137454 15.989485703501355
12.596500892243348 16.980517977678566
13.127490248137093 17.827896466860082
12.826373512347722 18.781483752548997
13.302972346649035 17.902362855776186
13.004978936610822 16.94779492861029
12.341288743467311 17.69580250044705
13.332155098971477 17.830650064495845
14.095495489252931 17.184653587287993
14.97573699146213 16.710127615618905
13.979775003810387 16.799903554226024
12.986499673860601 16.684127395569995
13.72783472039697 17.355262515182222
14.724328625299076 17.27159712512784
15.543746209879611 17.84479414368272
15.756774852498518 18.821840098294857
15.117616604126955 18.052764852601307
14.133460365963717 18.23006826171796
15.077622237955655 17.90058630549474
14.125936535785463 17.593512496313902
13.47685141373268 18.35422828051305
14.278706279678728 17.756709432309375
13.34236393853179 18.107797769021765
13.898720364884776 17.27685401228745
13.151184608190684 17.94107558109096
14.013804714647078 17.435223278598265
13.993850918178204 16.435422375414795
14.334680045145477 15.495297114499673
13.481506687375822 16.01692458846174
13.777190298992071 16.972210515198636
13.013672195536747 17.617996939410222
13.145412190384345 16.626712634199272
12.15152227242549 16.516336771893506
11.504893169240788 17.279141335929765
10.534302301885184 17.519876394045315
10.419801877632395 16.526453194776277
9.42038890797199 16.560712734682262
9.116439936426158 17.513401048191056
8.213903499046104 17.08278755652908
7.615514659545035 17.88399339572433
6.644141748879241 17.646433574995605
6.080884204220537 16.820152183225797
5.226509322412506 16.300495025731056
4.666343980566777 17.128875849866223
3.6930767709473358 16.89920012481112
4.692945536895227 16.88299978895532
4.873642686253825 15.899461004659715
5.592003373092115 15.203790160362486
5.1619174765991005 14.301002188777906
4.189463643784694 14.0679066224439
3.191904508416857 14.13773334687068
2.213850050158456 13.929383936790247
3.002498661361849 13.314539754865297
3.898081877582716 13.75943379036531
4.8817575750876685 13.939384122785524
3.912102252768391 14.183860207296664
4.104961495463543 13.202633774455064
4.787601157133381 13.933388926551366
3.94161484897296 13.400184306911683
2.965759664499839 13.1817657661764
1.9993334649766776 13.438710119831464
1.8385970387294834 14.425707486229815
1.235772448256562 13.627833741129027
2.208461120779967 13.395720091498816
1.5771456966043431 12.620193924823603
0.6850073254574296 12.168431679026844
1.6324208669599813 12.488443524710082
0.68708868128729 12.81455249228272
0.7069319409101852 11.814749389143138
0.44314941397284274 12.779331567333545
1.4113853970641295 12.529293408151291
0.4557954239251083 12.82399292161571
1.2354656926952963 12.197802637440187
0.23781813756060777 12.266354484488817
-0.7245671715149844 11.994666212979947
0.2716627913071882 12.081417934434524
0.8331085854560949 11.253904417788117
0.42015313052988035 10.343153193662296
1.3498681183533632 9.97487335248662
2.2343145020728765 10.441515179079003
2.229417345853044 9.441527170220418
1.2427182570028465 9.60408456950507
1.8493305794173902 10.399082362140264
1.9264900244981933 9.402063596000518
1.9892400469414377 10.400092871464606
1.2338410907600466 9.744827721315398
1.465312965293297 8.771986125113804
1.9485228120530533 7.896481559737693
1.1834890385874623 7.252491400296574
2.075634975565588 7.704238704808092
1.5746929192332106 6.8387578811051695
0.590503142421967 6.66164073563293
0.5538194120925146 5.662313810183047
-0.29546808911694544 5.1343831894672265
-1.294485982788483 5.178691745346253
-2.2337479016629507 5.521892922139476
-1.4813540231695828 4.863179439959472
-2.3381687260277992 5.378803881744369
-2.1721534814318244 4.392680695442708
-1.1869210587254113 4.221458403529384
-0.5036932705772857 3.4912530971242473
-1.4339345913444432 3.1243047558861727
-2.2538347695061876 2.551798251250339
-1.9165584057468557 3.4932039313103664
-1.318183399374627 4.294420101734451
-2.054288538226014 4.971287315120193
-1.7434735002854251 4.020816898857809
-1.0985126968726666 3.2566012473161976
-1.006654215607291 2.2608291752938805
-1.956238529234935 1.9473174030869718
-1.5812075285270657 2.8743296729669634
-1.8041434680292574 1.8994965760327882
-2.7778581579403308 2.1272677389384165
-2.2952252027570585 3.0030904553434326
-3.2365922045841624 3.340474758284529
-4.187982994046331 3.6484610659778283
-4.497643280179903 2.697613808427135
-4.86902069338836 1.7691318123935043
-5.837659937286775 2.01760316925362
-4.999842185111502 2.563553179913913
-5.99960906043483 2.5851447293309926
-5.4182777585318735 3.3988116866469533
-4.561596364864357 2.88296578936378
-4.00862018320738 2.049768728327155
-4.48567351574909 2.928643075381868
-5.449156727360343 3.196411820651486
-6.137743583251599 2.4712579460194917
-6.009052452853675 1.4795732214437298
-6.897447862390919 1.0204941473038258
-6.626776172724588 0.05782242942011584
-6.270783163949687 0.9923110477046798
-7.1628622317618555 1.4441903864350232
-6.994016834546553 2.4298329341363725
-6.185659422708594 1.841140913868868
-6.8134827274479965 2.619496808062581
-5.905246152140871 3.037953882652536
-6.634314831273052 3.722394428725353
-6.197310085401069 4.621853628514517
-5.203562937527171 4.733507585419294
-4.2337536711368955 4.977372274998486
-4.964734301241465 5.65977048602481
-4.406798471850694 4.829886391538096
-3.88348102452019 3.9777485803130075
-4.415856304765092 3.1312401273226302
-5.414803042430044 3.1771249320900954
-5.151105739547492 2.21251945187942
-4.239854189771193 1.8006692205691863
-3.284001333678978 2.0945149581601132
-4.1601992520663345 2.576466416103405
-3.278876638385001 3.0489814429691156
-3.85078566117483 3.869298497315533
-4.550286109976598 4.583930655930106
-5.4245088291947114 5.0694557708344625
-5.808725679539187 5.992698648906843
-5.263483986553804 5.154419759616152
-4.623958649282845 5.923189779185377
-4.630293713028015 6.923169712467713
-4.215733548899821 6.013147805963257
-4.038534343537385 5.028972800377908
-3.510038203652567 5.877908504731805
-4.503673122585032 5.765260167513393
-4.655533066340451 4.7768581453166545
-4.428650153871071 3.8029361032468536
-4.789225940237223 2.870206183984889
-4.886808116763091 1.8749787130896798
-5.3128540065137475 0.9702771601858662
-4.912108724956092 1.8864666707726636
-4.215591774427146 2.6040070094476806
-3.8427460716824537 3.5319003664369504
-4.260357322955697 4.440526165547891
-4.813106043595831 3.607178187911481
-5.750488571381534 3.955479776483922
-5.131395818656891 3.170161902292952
-4.249725432863379 2.6982961048306655
-3.903929927341642 1.75998620487172
-3.038980203150889 2.261844725395523
-3.50412723170433 1.3766112862237392
-2.569590230879002 1.7324772639293924
-3.1087775026007054 0.8902913663905497
-3.902370032810968 0.28184178261678017
-4.314116416569541 -0.6294566950850857
-3.315152769164607 -0.5839415199955484
-4.083222527736651 0.05642466115948608
-5.0696182310864994 -0.10796364868327066
-5.6007745556185995 0.7393101907037075
-6.471885069095841 1.2303972230201967
-5.480030166618728 1.1030243356692533
-4.831409555619022 0.34191244968509094
-5.483185370717257 1.10032413660258
-4.506726044129426 0.8846225290062505
-3.849808766173883 0.1306598708304758
-4.51553421919064 -0.6155369002732551
-3.6200971289390917 -1.0607249699717158
-3.9007413190675013 -2.020536846615868
-3.3588892161481256 -2.8610107002019567
-4.1075153641128805 -2.198018324240172
-3.5596051181652943 -1.3614811987127655
-3.0190551665425653 -0.5201692768902673
-2.838589861634116 0.4634120739517973
-2.969572705604084 1.4547967089878355
-2.3475181326666834 2.2377705963478602
-1.3478474613608364 2.2634328045715697
-1.9148777550885687 1.4397358663746127
-1.1959961959259533 0.7446032862893981
-0.2040749445777682 0.6177481282395552
0.14455306600022266 1.5550093032811934
1.143736876252881 1.5146148317661472
2.0443882739304944 1.949157188575425
2.575579921099226 1.1019054939898258
2.7311274072500518 0.11407707794169519
3.6806330150869857 -0.19967298291282454
3.9613667029299435 0.7601127205179427
2.9688332984528314 0.6381396046395948
2.406340626196773 1.4649418746281566
2.197660421235882 2.4429258070408935
2.8345493041031853 1.6719701981501882
3.471891294749157 2.4425512691345657
3.612601633373239 3.432602076216857
3.687359103367393 2.4354003309917127
2.7291975793519194 2.1491722857265008
3.6961669500983225 1.8942796886619628
2.7064578629851725 1.751185583662296
2.1033693309556942 2.5488598420751702
2.344119612014174 1.5782727505834984
1.3742907441004573 1.8220594749168761
0.48085931617967836 1.3728598716184783
-0.5056283083806126 1.536695663158039
-0.08248547876972273 0.6306326710052366
0.14618575502414263 1.6041363776418325
-0.8382335468875108 1.7799733419689407
-0.9776340058631199 2.770209431009019
-0.0356977406596396 2.4344177213220184
0.2961588760140141 1.4910878818862483
0.8261457183680603 0.6430820169704523
1.157933045678696 -0.3002721951026507
0.18789450387815554 -0.5432232754078864
-0.139388154107083 -1.4881497602637812
0.11828386465848179 -2.454382201628321
0.9605767366842912 -2.9934023475732694
1.8723931129221132 -2.5828041303042135
1.8867145784919341 -3.5827015728571645
1.3164845886865708 -2.7612164794278464
0.6455877743375076 -2.0196657633630055
1.0176668008274583 -1.091464708609085
1.7593317188760171 -0.4206941447528403
2.532738253159805 -1.0546044954548464
2.182147049822158 -0.11807590104768106
1.638179521701968 -0.9571821686627014
2.0128990010012977 -1.8843204063778973
2.1393973203931718 -2.876287227995955
2.35425657335111 -3.85293225123539
3.278657952022905 -3.4715111045881635
2.7312587816035725 -2.634639460771606
2.875852504012646 -1.6451483514432363
3.076115727829924 -2.6248904813867795
4.0681345859376465 -2.7509800731802727
4.926287139904074 -2.2375852990338108
5.162183968866905 -3.2093634044083252
4.199830427606508 -3.4811641800208566
3.792490545780018 -2.5678875402924657
4.753540402803949 -2.291512482962248
5.745645419639511 -2.1661026126580762
4.970839530937576 -1.5339034076342124
4.1240998761212415 -2.065910885928939
5.071991619506876 -1.7473182889946364
4.906312339095067 -2.7334979764969827
4.689911662191566 -3.709802614935061
4.5504216006538245 -4.700026086042566
4.891954013381834 -3.7601560891514088
5.364187968777178 -2.878682838637436
4.809179757895981 -2.0468379697739847
5.559335059484278 -1.3855762791408655
5.110633177395957 -0.4918947805014462
5.343099297829876 0.4807097140647688
6.281400653453475 0.1348910245251259
5.307923319373594 -0.0938924539708702
4.382383865979788 -0.4725436393796775
3.4722017518158723 -0.886751943323604
2.523215625073402 -0.5714341175504263
2.788391762837734 -1.535634105084336
2.3205346024521303 -0.6518300105724814
2.5298199135484536 -1.629684630932438
2.5306204111930577 -2.629684310534147
1.601668684719006 -2.999885188276054
1.1570268018441592 -3.895593620743624
1.8951497115147877 -4.570259886551664
1.8583224691447788 -5.569581533579997
1.6818600338263614 -6.553888908804573
2.659268597291668 -6.765247608802197
1.8343205772193953 -6.200039006444769
2.8090672553448077 -5.976725519428257
3.226934046985763 -6.885233826734082
3.6048163788104386 -7.811087456253751
2.6330416606102514 -8.04699823826031
1.6438719339347445 -7.90022204186354
2.297301622231994 -7.1432348276704865
1.3225186305888765 -7.366389749649129
1.792670542201562 -8.248975258258316
1.068618476486284 -7.55922993849642
0.9934224637862329 -8.55639871040718
1.9763670496341623 -8.740300698303566
2.7210659627757456 -8.072900122363041
3.246115972134943 -8.923971498730445
4.167977770401389 -9.311490304592759
4.669580591322069 -8.44639226966006
3.758073275966444 -8.85767613033682
3.920739688421126 -9.84435725322259
4.0474264349962565 -8.852414478541405
3.131476727170045 -8.451121402681531
4.1242745527167415 -8.570923229002132
3.258367748394498 -9.071128593056176
2.4691520480271394 -8.457012497929481
1.5411344098811883 -8.829548755614569
1.576772326518717 -7.8301839879257455
1.2970661068277036 -8.790269625078059
1.0907700794738946 -7.811779998613866
2.0811213717787194 -7.95035964297105
3.080908195797498 -7.929712451432169
3.786515968783186 -8.638315069760791
4.729537532698867 -8.971046688321493
5.484352242058824 -8.315108616142538
6.476554663990663 -8.190471727892733
7.002411185678386 -9.041045016092221
6.355572971095832 -8.27841776496907
6.9047602967817205 -9.114117041806129
7.537514844930768 -9.888469469190905
8.519094424899356 -10.079523200347063
7.593273666515323 -9.70156034060392
7.2808107308893995 -8.751630388523227
6.791866782950269 -9.623945592892436
6.002076492805622 -10.237322554958372
5.738288357953351 -9.27274191037174
4.7557422963862335 -9.086722457359572
4.245275747568364 -8.22682484569992
3.3691382875952227 -8.708886201993714
2.6037332304515846 -8.06533737051397
2.6481212044752196 -9.064351738659932
1.7546024208015725 -8.61532592289611
2.384036308225149 -9.3923799630779
2.926299672543579 -8.55217139152078
2.531769994106788 -9.471054590209581
2.5267279341677957 -10.471041878944579
3.5250804852825564 -10.528419432767038
4.3867699922419146 -11.035855333739898
3.795905169540748 -10.229084758362784
2.797115893965045 -10.179891435696362
2.9549663473096714 -11.167354465069561
3.8563248067157767 -10.734280651895581
4.835891638689603 -10.533161727632441
5.109036436558973 -11.495134658331066
4.138056561511107 -11.734295863905949
5.10499021503107 -11.479267807232697
5.519288683946043 -10.569126730995222
6.08844388182973 -9.74689661678024
7.029556403933658 -9.40880310791149
6.455913174828461 -10.22790837935208
5.496815293366616 -9.94483373588255
5.378749566512769 -8.951827953350307
4.4489181634970585 -9.31981377096538
5.4298408746000035 -9.514211905839273
4.431692789370214 -9.453380993039087
5.318945347036473 -9.91466496080155
5.618461768016365 -8.96057381548922
6.067972871024797 -8.06729907148705
5.069217181476015 -8.01742851309901
5.751549474952808 -7.286386352017517
5.183100052856776 -8.109104562900615
6.170734470059031 -7.952330017908253
5.50740678233426 -7.204000960141745
4.816671065221615 -6.480893658902932
5.107073764494252 -5.523989132706527
5.945868204426511 -6.068437374083729
5.18385783268473 -5.420872556202188
5.46215935130653 -4.4603787952996
6.339754614937386 -3.9809765078074664
7.160022028251169 -3.4089962890450383
7.934421051226326 -4.04169381015218
8.287983291263359 -3.1062828082818816
8.396827763565534 -2.1122240168367976
8.981585676182892 -1.3010161620724405
8.701477484405512 -0.3410477246229551
9.047771286248802 -1.279173837043306
8.424037577384754 -0.4975369261782291
9.408449032937112 -0.3216560398452097
8.505694358995171 0.10849974434928633
8.415764609346146 -0.8874483668131696
7.4879082576849045 -1.260386150742192
6.595723012436435 -0.8087164836613394
7.535358791881925 -1.1508927569268403
6.558871928096236 -0.9353158452363934
5.570283696302095 -0.7846728634611608
6.545442788624566 -0.5631672322442204
7.437671710933648 -1.0147506134654234
8.433877530256975 -1.1017791464091515
8.22015176551764 -0.1248854482584334
9.204210123261424 -0.3027313044221541
8.69408939276353 -1.1628341124144868
9.203879495206747 -0.3025352972049492
9.767707461911968 -1.128427556498531
9.30312763332324 -2.0139587998030626
9.10323994215585 -2.9937776151560698
8.53449446328338 -2.1712640406406556
9.147448791644216 -2.9613823807288457
10.06678475307926 -2.5679088873238833
9.096277079676453 -2.8089791174774006
8.97074632269601 -3.8010688458043886
9.236104935242237 -2.8369190614101063
9.34489149426154 -3.8309841923631742
9.94030648405068 -3.0275658767053857
9.971097234118211 -2.028040024258197
9.977797491087529 -1.0280624712318578
10.611924798444123 -0.25483381290065366
9.678365323857744 -0.6132563392714175
10.481258782477976 -1.209378888840583
9.777745630071902 -1.9200611275321575
10.777669263100636 -1.9324194490451199
10.002901438709824 -2.5646653017707246
10.991495675006114 -2.414061729562903
11.824423969446205 -2.9674426619423273
10.877016704332144 -3.287473088635004
9.924979346277174 -2.981491277300223
10.905614130270958 -2.7856458780142925
9.937907863132665 -3.0377263821023117
10.577679257237566 -2.2691611192357986
11.203279636253988 -3.049304802011291
10.379143779575298 -3.615696971569169
10.707479622291373 -2.67113592304561
9.767198169292755 -3.011533909448005
10.356558909459089 -3.819403897719998
9.786757153651857 -2.99762171302688
9.538993149575683 -3.9664421289369396
9.336566757804238 -2.987144648130217
8.581114439410538 -3.642348276503551
7.905441936687331 -4.379550195290906
8.089622054362541 -5.362442704293363
8.811709870941232 -6.054244110152457
9.063489323381438 -5.086459471232769
10.046663133005623 -5.2691320199889145
9.476016102544133 -6.090327469699568
9.665686764781737 -5.10847970151636
8.767873704322756 -5.548856481636834
9.267912884072116 -4.68285369947295
8.34107850238069 -5.0583241096448734
7.370368376279672 -4.818070387332508
6.373293597242498 -4.741638162401064
6.899641320420268 -3.891368749623221
7.38201405146646 -4.767334815371797
7.01738853318588 -3.8361805685261854
7.887994359364887 -4.328161762702516
6.887995602959733 -4.329738844864087
6.589164049127763 -3.3754329701916257
7.233028974975727 -2.610293795098103
6.697091691763365 -1.7660359977026907
6.8456461216651965 -0.7771317650509431
7.67554264492949 -0.21921442289904514
6.757035938830883 -0.6146198235347571
6.839770395534554 0.3819518044348277
6.860372311075291 -0.6178359535798683
6.0781090512663996 -1.2407839388508435
6.579401701396413 -2.106061743330785
7.569302284163308 -1.964298432711425
6.680912726615682 -2.423388831260918
5.996334149779551 -3.1523279042546886
5.671529483733894 -2.206546783215064
5.984679105291059 -1.2568429796433374
5.067843542408712 -1.6561079926788005
5.98760651158057 -1.2636336870992289
6.928993367929819 -0.9263047872212642
6.333287269618772 -1.7295072800180864
7.320809456971072 -1.5720273464172334
8.266338485989397 -1.8975651403577571
8.254753681097066 -0.8976322464615685
7.346537939091197 -0.479129957372573
6.352179705271004 -0.5852040014832114
5.459150536309159 -1.0352027830185808
6.385863902250197 -1.4109717777297353
6.289416762793972 -0.4156336697027635
7.084206834354466 -1.0225181250555626
6.1138755734806445 -1.2642974545504928
5.212595100669777 -1.6975335441480917
4.284112402990153 -2.0689092031640914
3.327459543024256 -2.360139877233754
2.500490487389542 -1.7978924396916787
1.5753012793021277 -2.1773986046463243
2.546016037980758 -1.9371636003620003
2.0168461407589042 -2.7856794928909574
1.480892560177014 -1.9414320413333876
2.37691904818014 -1.497431441337415
2.9155639719865287 -0.6548985659802515
2.4053367495815237 -1.5149382054834977
1.4886495461361882 -1.9145437247641628
0.9675927408956829 -2.768065725483862
-0.029867128738647497 -2.839296396329113
-0.9910175722840682 -3.115321440251655
-1.6985440709588602 -3.8220082546701706
-2.0973088082127123 -4.739061516112965
-1.8134104438404433 -5.6979158943721195
-1.2766650456197204 -4.854171633657489
-1.2069629039895928 -3.8566037856129696
-0.8171383202737829 -2.935714653344163
0.18283247629345534 -2.9280722706866924
0.8375674621034607 -2.1722137532666848
0.5675630555273704 -3.1350728397531205
0.18443446963411197 -4.0587678579660755
-0.02616258819686071 -3.081194904559048
0.09859489609009653 -4.073382170207217
0.9446668982747445 -4.606450802860894
1.271092225552428 -5.55167379544606
1.7137112297121766 -4.654964022355217
2.568782893011549 -4.136454185782712
2.9802606965403053 -5.04787396678549
1.984791770203065 -4.9527865507043805
2.5369406079822356 -5.78653211197539
2.427705219224966 -6.780548022231885
2.164976152739989 -7.745417670227889
2.3387086567568938 -6.760624789948987
1.6839546554806963 -6.004782744404543
2.631701191388987 -5.685758444900829
2.034835545659587 -4.883417245068721
1.7822396926955495 -5.850989120985632
0.7825699715516917 -5.876688316073449
1.5138513103700033 -6.558764267486557
1.884352783604874 -5.629932389087248
2.676518241243337 -6.240238777489372
1.6959053063110943 -6.4361935473817455
2.4092339926851274 -7.137023188019109
1.5806482052406166 -6.577161068524532
2.5368104307215487 -6.869998563670477
2.9121701004723644 -7.79687779977654
2.262482682661918 -7.036676340202307
1.3679586310980834 -6.589656518299718
1.0704622259702141 -5.634933579989344
0.07398697979018964 -5.5510462522785415
1.0706352415649705 -5.632852378585243
1.7475729565264793 -4.896812073939708
1.719982199658846 -5.896431376542189
1.0197896711602819 -6.6103854528207595
1.4003476605603544 -7.535142511027819
1.8330385953610941 -8.436684831133348
2.67824616754803 -7.902246658920822
1.7872144847147644 -8.356187778656983
0.973125933953473 -8.936928539684983
0.25492762143153713 -8.24109006425362
-0.7052879022553914 -7.961830063410968
-0.43208395861756843 -6.999873928662225
-1.0770844030550832 -7.7640561233484195
-1.8517222229534052 -7.1316509937177575
-1.7538067467626917 -6.136456259244978
-0.9030713480396519 -6.6620504766404425
-1.9030704217207721 -6.660689360590511
