0 0
0.05866508796651819 -0.9982777206037811
0.38958936301939834 -0.054620407708508845
1.3787497981575763 -0.2014592089745582
1.3580790511201777 0.7983271283080213
0.46494386562028733 1.2481154567716182
0.3604547493228035 0.2535894266570863
-0.18772378502274667 -0.5827719153971508
-0.3242697675470764 -1.5734056492546575
-0.16832538583711132 -0.5856398117136457
-0.3877317325187717 -1.561273377677736
-0.8892533538590068 -0.6961282665384187
-1.7029516356435663 -1.2774157222957707
-2.634258177871045 -1.641652080179354
-1.7817288737813128 -2.164331509340553
-1.540903818669309 -1.1937629683140574
-2.5079083816167085 -1.448522021615228
-2.1225226060240088 -2.3712775710273206
-2.918425677679308 -1.7658535043355017
-3.877473007255087 -1.4826076400522485
-4.030358625203315 -0.49436374919099524
-3.714563773276215 0.45446374382148136
-3.3847803322051004 1.3985203533504305
-3.853707374306193 2.281757257689419
-3.0534534846364068 2.881418588832571
-2.287008253786747 3.52372825566611
-1.4428169589342534 2.9876862258818115
-2.3449018271752524 2.5561275502760257
-2.2286915207505276 1.5629029207582756
-2.4879547880624453 2.5287096085704635
-3.4741877276910764 2.363347615381373
-2.638127354575074 1.8147101645040826
-1.9150156301607022 2.505441251117732
-2.764800515037323 1.9783116186408358
-3.7574485703403666 1.857275102237373
-3.795838246354393 2.856537946926166
-4.334772507713728 2.0141901197591054
-4.193457418973071 1.0242254508470174
-3.5974387797098144 0.22125485259900168
-3.586103948054722 1.2211906113312068
-4.4385585744978115 1.743991825805478
-4.470819729245148 0.7445123523322265
-3.7012319156146734 0.10597136139157814
-3.7862542905164838 -0.8904076808238109
-4.729823599816455 -0.559232563178818
-3.729947786540077 -0.5434731842284055
-4.511517591559811 0.08034460958755729
-5.33946731578695 -0.48045772114244645
-4.584641434252844 0.17546749453862387
-5.45675255096966 -0.3138403841011424
-6.453376387175618 -0.39594354546609445
-6.038611630783399 -1.305872222261646
-6.245950980757886 -2.2841413028075648
-5.752091014303347 -1.4145998526549448
-6.748936161071354 -1.4939708383176629
-7.217623451789124 -0.610606687177468
-8.106701795909155 -0.15285162383377893
-7.183145327619908 0.23061082528098592
-6.80371038786903 1.1558292462477582
-7.445112811670516 0.38862462507972917
-7.898534024751752 1.2799209863019323
-7.3330801772674725 0.4551410481576873
-8.321617566111877 0.6061173074062436
-7.464638829880139 1.1214690762463757
-7.2056150092294144 2.0873400098267902
-7.371917022908028 3.073414875263709
-7.792764987978658 3.9805460621908866
-8.747156491618194 4.279104026044918
-9.715830044781898 4.5274415934832835
-9.749504653493654 5.526874443017513
-9.264729601771224 6.401513310909579
-8.619959940377862 7.1658902360889645
-8.29672784968493 6.219570514458756
-8.774894140107916 7.097839834601
-7.992058470383045 7.720068341024816
-7.800792040046506 8.701606497504898
-6.950720161106812 9.22827318587235
-7.828569080299021 9.707210838467207
-8.768246901978106 9.365150037666458
-8.053623438956821 8.665640705277342
-7.13185521678361 9.053382042500544
-6.1559575247895 9.271610580415661
-5.212452053849424 9.602967527386971
-4.534281425455311 8.868063044625073
-4.194437690693404 9.808544961486358
-3.2201928476333093 9.58305219936125
-2.25556721147601 9.319428638069537
-1.5482993010194663 10.026374253260999
-0.6120781221615788 9.674962949717775
-0.7407079648877228 8.683270273753973
-1.6883236981908545 9.002682894037468
-1.5393195051167672 9.991519458109781
-1.4533495105148369 10.987817184709689
-1.9317236517262728 10.109661059057638
-2.8318293693780907 10.545332606270106
-2.408388581099646 11.451256388286081
-2.1132678968046408 12.40671637263982
-1.5230220128405976 11.599492861793225
-1.5567032186920537 10.600060234562958
-0.6342445290112689 10.213964435787046
-1.626743508561916 10.091711519294538
-2.4176596772874515 9.479787002668083
-2.156901401718752 8.51438287914134
-1.395023800439152 9.162103899850443
-1.647235276054091 10.129776040385725
-0.6966507802551285 10.440242006872605
-0.44072673192779627 9.4735451146216
-1.1301670425466646 10.197887615165204
-1.1169347547893964 11.19780006461301
-1.4786195162195503 12.130100516907875
-1.1366238609751254 11.190398983550642
-2.111055614291832 10.965715298944641
-2.810509380188481 11.680393149009268
-3.091360458717396 12.640144508314972
-2.091406907234685 12.630506309462834
-2.143471958640298 13.629150004892857
-3.1418254134222687 13.571788176776034
-3.1299030301096757 12.571859250913727
-2.1323898705600293 12.642339720018873
-3.1059876844040852 12.870609947771147
-2.1414157914553607 13.13443008220617
-1.14143816303315 13.14111907727952
-0.26421184742107995 12.661042009302228
0.5582544129207941 12.092228111265927
0.2486429591071727 11.141364951990411
-0.7414438291463324 11.000908012945525
-0.38397485942288595 11.934833029038817
-1.3735307830545476 12.078982513968487
-0.43547783896525605 12.425474467822271
-1.188864222577202 11.767896368287232
-0.41038170027104004 12.395562651007467
-1.1370499392735245 13.082551202895363
-0.9700571964251017 12.096593078107114
-0.7264316209573709 11.12672371629697
-0.6008763004852778 10.134637096338235
-0.9963125132084181 9.216143655062153
0.0026171296845624026 9.26239912554622
-0.6603375761113541 8.513739618117743
-1.6240092340053809 8.246649865840016
-1.9040527848179236 7.2866625692322415
-1.4532604300975458 6.394033725352739
-2.063765060166444 7.186046412539275
-1.793833036950687 6.223167031286022
-1.9507473569517733 5.235554811749124
-1.222708500574297 4.550018945725634
-0.8857205309064036 5.491527898576913
-1.509271667955296 4.709745333227037
-1.9232429704562257 3.799455401004515
-1.3279847098253867 4.6029898452884845
-0.3599473726894943 4.352183717151929
-1.1401826415195035 4.977669868296592
-0.43810441275514 4.265570043345697
-1.4010470967262583 4.5352761563400055
-2.3314095040870733 4.901917385567965
-2.1771869638736394 5.889953522604519
-1.718230907144899 5.0014945545075085
-2.672773463947585 5.299569221751457
-3.2066698354191865 4.4540193033377316
-3.951844051614051 3.787149460326092
-4.7173159752498615 4.430618755728205
-5.558246894369398 3.889476270546371
-6.4630808315674955 4.315240931003986
-6.051817384786871 3.4037244049101805
-5.134526759418503 3.8019428231322774
-5.794080732235848 3.0502856160618887
-6.073908092610949 2.090235279680768
-5.32014324114038 2.7473795170347537
-6.21749567261374 2.306064874484964
-6.496902537121708 3.2662376735507497
-6.208569192744692 4.223767768388695
-7.066312377004196 4.73784619611774
-6.4605397964321165 5.53348404126278
-5.635673412241781 6.098811776503819
-5.196211102474897 6.997072806658393
-5.606705783753674 7.908935798912073
-4.754191107075015 8.431639085727337
-5.079967288909023 9.377086006156853
-5.3628491761043025 10.336240757954933
-5.506392849871068 9.3465967746349
-6.1914725461742295 10.07506490002761
-5.620706009741023 9.253952507667075
-5.230845502711124 8.333078583039827
-6.228150647678479 8.406443750671631
-6.577733880393782 7.469538438804782
-5.83468983678308 6.800295919791938
-5.711310347528598 7.792655482466326
-6.142303264175465 6.8903001722917665
-7.0894163216750385 7.211200244454127
-6.089766605907369 7.237666180402366
-6.210260214385432 6.244952077391869
-6.6937913004161205 7.120279266985556
-6.769133206611854 8.117437026405195
-7.654651276138984 7.652832088268561
-7.464669096900932 6.6710445493519375
-6.732922874453559 7.35262173935612
-7.708128395177585 7.131320604362689
-8.695362564179197 6.972045070912952
-9.499769800669315 6.3779667950247205
-10.164136842522874 5.63056032348547
-10.368006488838986 4.6515622809384265
-9.794622461951818 3.8322755437635507
-10.12947627080294 4.774545635986527
-9.19686516341983 5.135428612012895
-8.355986427060687 5.676652180179555
-8.640471024737005 6.6353327910635675
-8.14579913671188 5.766252977008691
-8.279230139322769 6.757311082036975
-8.329364389362961 5.758568594218965
-7.524582990064701 5.164997284818372
-8.496954062851257 4.931556721059796
-7.59985469910182 4.489727872340799
-6.80365995844924 3.8846874315790507
-6.350055089267563 4.775890339257585
-6.852660573016053 3.9113744471503624
-7.539709718127768 3.184763497465966
-6.936442980102068 3.9823029904014766
-6.160194550111055 3.351875853504208
-6.836708020280312 4.088306111355927
-6.263679140006985 4.907841285935211
-7.177241619130099 5.314539695986726
-8.129681944634248 5.0098145307089785
-7.220567757029917 5.42636151953079
-7.472585676403946 6.3940840873746865
-6.51991039716469 6.6980739101096045
-6.306961985819797 5.72101046585141
-5.981220773748722 4.7755514964833745
-6.871803421288679 5.230372942658377
-6.1835628589557174 4.504890394033252
-5.685400783071538 3.6378064614461207
-6.6199746499099685 3.28203731238642
-5.7563210036384245 3.7861229988345344
-5.734822310148115 2.7863541224544934
-6.529588487437599 3.393269869026174
-5.5347740800492105 3.494976775637715
-4.547127293909818 3.3382801712439716
-5.295150195978325 2.674607256337081
-4.986771039104541 3.625870782183528
-5.9681265884363075 3.818071941898411
-6.3396041196486514 2.8896299976690574
-5.341311643724416 2.9480434594142793
-4.918365085239254 3.8541980867630325
-5.138840065682381 4.829590716937468
-5.298377619492974 5.816782577177479
-6.296043453623827 5.748497268303687
-6.0455930379082945 6.716626696256333
-5.167197798400676 7.194561632424797
-4.275192198100752 7.646585978045222
-4.43972982641754 6.660215171062428
-3.535966189420817 7.088247048896842
-3.719728275836939 8.07121779901914
-3.4709827869615975 7.102648915684471
-3.1074499951049637 6.171067513312718
-2.5507785070277222 7.00180023468697
-2.1160592724003906 7.902366271713143
-2.1954565044835195 8.89920932833617
-3.1519396766358785 9.19099682188132
-4.14972350029863 9.124457801472698
-3.1820482795061182 8.872258144327482
-2.1921162899217377 9.01380197498608
-2.656110714301436 8.127963855381514
-2.239882838169482 9.03722418946119
-1.5045816261677505 8.359483732037566
-0.6685604601976217 8.90818092544204
0.11644371245604224 9.527671400684667
0.7360058908919874 10.312618983043965
0.8086859727367974 9.315263677396558
1.800892811087806 9.190661952169755
2.587184671731121 9.808517202115949
2.485693211489178 10.803353612536254
3.036760218579989 9.968892616625734
2.0588579793940656 9.759829921256241
2.847236950788848 10.375019808577632
2.7908819642490763 11.373430603537352
3.0948656458849086 10.420753364752294
2.781779093073228 9.471028767593465
3.7438078901693825 9.198080799002883
4.027782913156787 10.156912476785434
3.0698990665679924 10.444068421255082
2.0947527016137006 10.22250676636771
1.1676354064232664 9.847735474832762
1.456791019084463 8.89045336820665
1.5413722390420337 9.886869956401814
0.5733354045715274 9.636061888133822
1.5176844896880635 9.965006876603873
0.5189752378177598 9.914214847419577
0.5173275447848545 10.914213489972491
-0.14931361814669109 11.659592292921218
-0.4322288215726452 10.700447367651606
0.1516665360706575 9.888618437813182
0.5963447955943973 10.78430881149537
1.5323219280738067 10.432248010673094
2.456133905767738 10.049401527250264
3.2816505345121825 10.61377932240738
4.185650214972823 10.18624619184665
5.10805114517561 9.8000124233061
4.213567366529675 9.352912021003338
4.236040211691773 8.353164567277988
5.207564496088521 8.590104569868064
5.129683764922844 9.587067253077972
6.108782362795475 9.790453426757127
6.716202252400345 8.996072486834468
6.782226678116837 7.998254479776664
7.5670091507101755 7.378483174608148
8.249041696002438 6.647161352725224
7.745501512547967 5.783189545519319
8.568477102321017 5.215112808944321
8.564029954488579 4.215122697555135
9.564026444681053 4.21247324426558
8.61587241168204 3.894662090106841
8.977492294996992 4.82698770918597
9.928402110072891 4.517519579013707
9.003228275632608 4.897063220861471
9.958266978817788 5.193544376111466
9.33840270267067 5.978253417193962
8.350440374632125 5.823558755435194
7.6093561147808915 6.494970789733618
7.860349936333785 7.462959478480689
7.474837582294066 6.540256804331126
7.103279595574701 7.468666553582529
6.875505560482935 6.494952535537181
6.10079870720023 5.862631974842838
6.070077289104197 4.863103989006439
5.657346441055978 5.773957021646392
4.936752794605959 6.467314647043174
5.895224267625522 6.7525030679296245
6.380275712992562 5.878017450353586
5.7460426575703165 5.104875528446772
5.958011576313486 4.127599120521741
6.156471936683409 5.107708035572431
5.5049535022615 4.349075232690546
4.506910786241084 4.286539347004076
4.195601222715571 3.3362307888727942
4.32939220741538 2.3452212165612774
4.31966511403143 3.3451739072693427
4.661959123005477 2.4055810106271456
5.559321875602135 2.8468746659771282
6.1614831510048305 3.6452491385183037
5.381754363697538 3.0191317228171446
6.327155453708413 3.3450408804151612
5.471885198974309 2.8268586814088064
5.459513341318109 1.826935215768493
5.569977591947268 2.8208153138351255
5.41263599262341 3.8083595513871504
6.116401899736449 4.518791496041501
6.491824585121343 3.5919377819644662
7.122862532556387 2.816185818449732
7.516900196368338 1.8970915254103182
6.59141069942976 2.275864796717017
5.699162352055023 2.7274097962542174
5.9242891517307745 3.7017392703376784
5.893731682901095 4.701272281847915
6.609439200781062 5.399672417049861
6.915915523235106 6.351550699066551
5.975812450719419 6.692441023139505
6.70975407978954 7.3716535709608015
5.730400967494413 7.169496499756631
5.041229430326736 6.444898271523949
6.001325068551351 6.72457016046181
5.113834063771979 7.1853951993167975
6.074191951932716 6.9066251746594665
5.156837646897507 6.508553473789676
4.452264409196477 7.2181847531985595
5.152862154677795 7.931741197375539
4.815846242477318 8.873240148476219
4.840071900632687 9.872946664153165
4.867784164658967 10.872562605613954
3.8682263899482665 10.842826179880644
3.861331173751592 11.842802407594885
2.876161498125074 12.014385361952073
2.881769856016962 11.014401088914862
2.049030464345857 10.460735932381388
2.9548162772738937 10.037000093563975
2.494155435663277 9.149423849511331
3.471657761800104 9.360348486282604
2.547072836759062 8.979372481281171
3.399832723020177 8.457069335221405
4.10567043505119 9.165442911997689
4.833854172125566 8.480060941808512
5.829098758823452 8.382653484965859
4.931155797748014 7.942541637073674
5.929026124938806 7.8773127315781775
6.8935347119947314 7.613261248917348
6.132255346581435 6.9648372149735644
6.676331761518034 6.125801545463776
7.626243139279564 6.438320943900401
6.837346801306017 5.823794648342655
7.832671512985545 5.920379938734438
7.914090237199133 4.923699954312442
7.208271573390489 5.632092510611123
6.4745021652561405 4.9526939120799165
7.473715793225455 4.992343952185806
6.941431053263622 4.14577856451409
6.014048150681762 3.7716650095620596
6.001199895307315 2.771747551801754
6.761894014047916 3.4208580645139275
7.759049803615447 3.3454900916610426
8.140906127335995 2.4212683931305286
8.029194196437823 3.4150090255366923
7.877170017430483 4.403385800353434
7.919678030417952 5.402481926275188
7.074151858195273 4.8685479490022825
6.756574563978191 3.9203155607146027
6.297189024863366 3.032078584197535
5.416286048604304 3.505375474550647
6.226548759512861 2.919308635946792
7.070526447010648 3.4556869194425794
6.112129355391494 3.7411252048493338
6.035599428955227 2.7440579200788124
5.320641538577753 2.0448904043953444
6.153943247428758 1.492071933262193
6.595329847360469 2.389388972775387
5.714699113441397 2.8631922130314633
6.486701270588196 3.498812122537678
7.446520727884139 3.2181938597746815
8.180037001282209 3.897865748747742
7.287865295017531 3.4461693390423127
7.5543850843700495 4.409998785512739
8.382074800957596 4.971184791267716
8.392729951072937 3.971241558990994
7.414562373736843 4.1790592450728985
6.666014497733802 3.5159784978547823
5.666314417664002 3.540468289777832
6.390427522487503 2.8507870507819684
6.014547337786359 1.9241187785566622
6.622124277985248 2.718379605828508
7.504232438695886 3.1894265173009164
7.167107037633187 4.130886268941056
8.021891274102734 3.6119027344400347
7.755461663452954 4.575757112740516
7.680545856837406 5.5729469752637675
7.550472899808524 4.581442549731656
7.403755639299956 5.5706210197100825
7.30826998778931 6.566051826122857
6.313431586323852 6.464579884337691
5.324381855505485 6.612162505157742
5.258278559714942 7.60997529034624
5.853632756145885 6.806511924167006
4.944097479273724 6.390885192441192
5.841233533811897 5.949130849341228
6.612076979118063 5.312106216514114
6.782376014441854 6.297498645228576
6.392476367220671 5.376641291944803
6.157642883802076 4.404605677851632
6.119329296203446 5.40387144280374
6.078442270853419 4.404707666860063
5.099869819104814 4.198804882326376
5.419247487792795 3.25117736861467
6.274560457560746 3.769289059031639
6.868641244510197 2.9648836770397473
7.014156596599865 1.9755276833215003
7.262715716187605 2.944144410448266
7.208658655335271 1.9456065623062906
6.440918264219163 1.3048455367679974
6.523123221260028 0.30823009185561323
5.710385224055745 0.8908594319170037
6.039841824177303 1.8350301519863903
5.920426123546424 2.827874495497918
6.189539205864705 3.7909830817565773
6.7006927202907685 4.650472514320983
7.034755558487735 3.7079217092522123
8.032807523393238 3.645533606634284
7.828962263924503 4.6245367272585876
8.798171010307433 4.3782961823947675
9.733272408079012 4.023915912224942
9.05037464983656 4.75442987635392
8.580075013910507 3.8719230761263965
9.4389257144711 3.3596970770336343
10.083410053036825 4.1243145875207405
9.903766651473418 3.1405827905990753
9.046017061937407 3.654650530931809
8.674459022926806 2.726240802607834
9.12712044468694 3.617923278184255
10.04289959041377 3.2162411199399092
10.953442939020848 2.802827513115691
9.995666410922421 2.515313822617786
9.899435288025389 1.519954806490451
10.54866770893804 2.280544882441944
11.542671814075481 2.1712021233313528
10.676383284598447 1.671658147592962
10.967725202321118 2.6282771349529646
10.183408417756759 3.2486376603336704
10.916172298325929 2.568154673527086
11.91609831132152 2.5803189053047237
12.873079165780165 2.870469976644466
12.406536984945484 3.754968927182012
11.43781042147092 3.5068382252953643
11.232373679805216 2.5281678286991562
10.55752096743636 3.266120277443925
11.557225380919279 3.2418080240976317
10.575064278589327 3.0537666215554995
9.620268210588694 2.7565050052466833
8.85411868932152 2.113842643611836
9.844657272618832 1.9766081180748725
9.925088533312927 0.9798479602118294
9.619071053390911 0.027822066665766698
8.643090635154472 0.24568033072527934
8.089845417442461 -0.5873381138957205
7.4351228849791475 0.16853119060395594
7.832211396896966 -0.7492491282648313
7.309292895500723 -1.601631812801247
7.840413244835751 -2.4489282039904445
7.266503229250055 -3.2678465723339727
6.386487821658512 -3.7427917085355036
5.74877858386318 -4.5130688846419345
6.52806291354565 -5.139739398956548
7.380040395326253 -5.663317827216138
8.12387312114905 -4.994952002240753
8.714987830058748 -4.188364498673655
8.176240364019687 -5.030831808328155
8.820088093152949 -5.795985454133977
7.94370870970139 -6.2776068575838915
7.577115326988308 -5.347225596083543
6.580049900870437 -5.423779734053933
5.617528908058847 -5.152572546839083
5.83464932109296 -6.128717375357831
5.074111866599072 -6.778011438407815
5.97214928165543 -6.338092353621879
6.0189499887782585 -5.3391881070532685
5.926070592177891 -6.334865473315629
6.844368815206563 -5.938976128192042
6.578789661276799 -6.903065186836497
7.493535456027035 -6.499035322857658
6.54114597892255 -6.194151272929417
6.397377625060583 -7.183762641309864
6.505259896487145 -8.177926317729318
5.510047640987568 -8.080189085809003
6.483586476747643 -7.851667456051738
6.0330348950153185 -8.744417853530507
7.030093609679369 -8.667776353594304
6.961451371312608 -9.665417693511612
7.445900912111667 -10.5402368990733
6.887002137413327 -11.369472788094448
6.657931958826358 -10.396062877891078
6.555167566463022 -9.401357152733032
5.629004546758769 -9.77848055552355
6.2575778968573 -10.556230864778334
7.192367200750456 -10.91143356370804
7.689591475073016 -10.043811514066375
6.6904127515071306 -10.00329141567992
7.576132398622194 -10.467511952401818
7.6660500678427725 -11.463461154300157
8.660911426806258 -11.564707766299405
8.14280897720057 -12.420026333683852
7.1756110553840164 -12.674050308996696
7.979496212742426 -13.268834852994644
7.665471398387688 -14.21824962851137
6.680852167692016 -14.043535660711818
6.983841097808865 -13.090541585060429
7.982328042014814 -13.14553087720232
8.864816350795218 -13.615865210273917
7.907357404885164 -13.327295691965404
7.148325606545384 -12.676242138784806
7.915252397476149 -12.034507538383176
8.817482875780039 -11.60325336272857
7.820658778594532 -11.682888275111887
7.292444630432308 -12.53199946552293
6.658893137301051 -13.305699992568863
6.238191598604547 -14.212899097142051
5.246621068539632 -14.34246716383591
4.2944374944014125 -14.036940665572065
5.125354629931141 -13.480544481290512
4.8412750098318496 -14.439345174575744
5.085017532085061 -15.409185152533778
4.195410507301478 -15.865911921462097
3.496769521070273 -16.58138433347942
4.483636794075366 -16.7429175668139
3.506324392825068 -16.53111466229563
2.7646671431301733 -17.201893704883428
2.3659772011684495 -18.11897948613759
1.5836811708897391 -18.741886317862985
2.550433479534107 -18.486171684471024
3.1627765961610255 -19.27676380909638
4.162555057561102 -19.297812042288182
4.110974540427737 -18.299143203156685
3.1697523582478 -17.961355098315146
4.132769445939251 -18.230795423460204
3.903945564981051 -17.257327585520386
2.903945840683275 -17.25658501944766
2.546762586358317 -18.190619345813577
2.5145185099456864 -17.191139321232647
1.5238659491110416 -17.054729997094743
1.477034314306247 -16.05582720003113
2.4757127545598445 -16.004432910731225
1.4783850780033432 -15.931374676599743
1.2866970959149766 -14.94991875934065
2.271427452627353 -15.124005302672165
1.4084832480685634 -15.62930452077803
0.6970021830297906 -14.926599252481788
0.9276935275311493 -15.899626232360637
-0.03893156579969004 -15.643431132986846
0.9419686854552775 -15.837942564753572
0.008076994835042872 -15.480386540904888
-0.9063335741779381 -15.885174524023652
-0.7862033183898136 -14.89241638548019
0.1652139927696903 -14.584512017167528
1.036625956111428 -14.09396009316264
1.846601012102873 -13.50749576460407
2.5823075868102983 -14.184796167624965
1.632724905001772 -13.87127945290416
2.542099917645423 -13.455302186242434
2.25324123848938 -14.412673934037525
1.4071174093983967 -14.94566029957084
0.5924861295959073 -14.36568109479936
1.4519835151973473 -13.85454095340535
0.960393900721408 -12.983713960863549
0.9058762132065096 -13.982226765863079
1.721274599215152 -13.403326539490259
1.224633567022512 -12.535370500774802
2.0617116897317276 -11.988287128260506
2.1695985863871394 -12.982450302759574
1.2046072052646328 -13.24473189639374
1.9901573486628563 -12.625933890411957
2.2378029809404048 -11.657083210062373
3.2337065478467584 -11.566661501257453
4.2179709898254245 -11.743363250701044
5.211104076416401 -11.626373198481721
5.833458207626566 -12.409109000247323
4.870946459709572 -12.680348995678992
3.885316176044083 -12.849265969134853
4.250942790040835 -11.918504356724204
5.250422566503302 -11.950756123226766
4.254518447091404 -12.041171746536072
3.720604663561236 -11.195632822679517
4.575378379828391 -10.676631961428942
4.9455226477581595 -11.605606245744033
5.945337308998447 -11.586354150560162
4.988954942657011 -11.878471882564153
5.961717375312857 -11.646667547804253
5.91754521225917 -10.64764361415143
5.027754708396456 -11.10401282787617
4.0479329331849465 -11.303886009722474
3.3886906228309304 -10.551955443620058
2.783189085245992 -11.347799579102801
1.7866821973471696 -11.43131019142365
1.3846961969058535 -12.346956004742967
0.759353085421581 -13.127305921715584
0.5855821950975364 -14.112092029292244
1.5236098916983276 -14.45865232766731
1.871736133400362 -13.521204665214404
2.261415269992202 -14.442155353636448
2.2048094149534827 -15.44055195678338
2.1875023925193298 -16.44040217905393
1.7787269410927173 -17.353037171978794
1.3445761436296462 -16.45219696136307
0.3654767441913399 -16.248814646449635
0.7787519138036545 -15.338208455946894
1.5274575463192814 -14.675305841802572
2.52483523822707 -14.747678071868341
3.279988668193356 -14.092129982701609
3.117406315712228 -15.078824960220853
3.937518533011221 -15.65102767870175
3.5750695812813773 -16.583031303903894
2.6477599115008577 -16.208736264754904
3.1241411001504633 -17.08797511916296
3.9814601653216943 -17.602760531246407
3.2775824974146794 -16.892439316145957
3.6888427055742525 -17.803957303453142
3.950617877884039 -16.83882842130207
3.4910673712570635 -15.950676783427719
3.1917817174202914 -14.996513224383728
2.229407515001691 -15.268240835272213
1.4391471172646217 -15.881012002812305
1.3959123667912154 -16.8800769438204
0.40994996325045074 -17.047044422103202
1.3608468811708625 -16.737536665351513
1.3456747850900017 -17.737421562477433
1.4632053487698526 -16.744352296715423
2.13869270745127 -17.481723864014842
2.1558680985516565 -16.48187137192386
1.8347032838660013 -15.534848055522447
2.5059723394739573 -16.276061826969798
3.345246286101101 -16.819770611626527
2.9918723986553695 -17.755252784450516
3.710305205276927 -17.05965641990433
4.663272638800706 -16.756583704796054
5.004515378487255 -15.816608496287223
5.1494085005394785 -14.82716118430848
6.103661696794878 -15.126160912462796
5.104530426753569 -15.0844871170316
5.214038729849805 -16.078472997994194
6.077023384884593 -15.573242867088991
6.162546710717478 -16.569579035627743
7.161560725545634 -16.52518311039887
7.978137816376725 -17.102419504547605
8.861476139460208 -16.63368353732079
8.842916275889928 -17.63351128821804
9.340620558135825 -16.76616450207417
8.608587819379474 -17.447433956393734
8.709794643344534 -16.452568549023017
7.766576503236632 -16.784742509729437
8.388622990790923 -17.567722820670504
7.58311512928026 -16.97513773391543
7.883194653320281 -16.021223545294717
7.218036715144447 -15.274520848579568
6.218272787481216 -15.296248456441193
5.720920674692669 -14.42869968207472
6.42219507332701 -13.715808233241138
5.423495126792382 -13.766782901378667
6.367982748403914 -14.095329903529942
7.3272194843684595 -13.812726144927751
6.604138951303801 -14.503489883627843
7.376347340986285 -15.138859227320143
7.09138696442666 -16.097398524266804
6.572056177550518 -15.242825219159158
7.530674154885622 -15.52752079961301
8.32499477931224 -16.135019561431097
8.014029179855429 -17.085440729100707
7.161098625693298 -17.607465124868455
6.926461719503574 -16.635382040840287
6.932867989860469 -15.635402561200772
7.856199570762372 -16.019406196221578
8.833637416672886 -15.808182955592585
7.833922063234125 -15.784324789300648
8.040610920896796 -14.805918066041809
7.984100397205737 -13.807516062482039
7.38359348931006 -14.607135630507717
6.407204336883154 -14.8231546644447
6.838540704654039 -13.9209634774792
7.056062633164921 -12.944908043286599
8.046508714789734 -12.80700750161234
9.046462150647685 -12.797357314262847
10.046335874734702 -12.781465936715238
10.331559417537296 -11.823004914747658
9.65174856636891 -11.089617427375726
9.63616526278971 -12.089496000328241
10.320451677471715 -12.818709345434904
9.884415051488716 -11.918780425574361
8.916963346456615 -11.665724703587122
7.9198962836651745 -11.742257522014572
6.996175010574602 -11.359192240841857
6.929075675247884 -12.356938540859408
7.4634357136586225 -11.511681568483745
8.117164670748563 -12.268410351246828
8.69945720984495 -11.455431016384813
8.110339042252868 -12.263477911442859
7.618844827108397 -13.134358750868966
6.768760135183779 -13.66100475774211
6.961106016821974 -12.679677563674389
6.442309501740974 -13.534575321268717
6.9151810464611465 -14.415706697508355
7.447720871192052 -13.569301750053784
8.44770732450908 -13.574506861237118
7.565030734214672 -13.104525971257283
6.863206222121554 -13.816875853144868
5.948062204572304 -14.220002913938135
5.581964908375829 -13.289426334758522
6.250197899925852 -14.033378395716825
6.9673969848977615 -14.730246727983012
7.503869356571915 -15.574164611683972
7.39744616443952 -16.56848553783224
7.180777062998251 -15.592240435165584
