0 0
-0.9776295237070365 -0.21033429196484565
-0.42673927536914635 0.6242434062072405
-1.334013230828464 0.20370331329670227
-1.7380906695083462 -0.7110214669240513
-2.2672109418399735 -1.5595683055886616
-2.701812837045078 -2.4601909750147266
-1.7073421397978268 -2.3551765364047625
-2.140482394959956 -3.256503069553591
-1.2087726372267302 -2.8932993700340317
-1.077868777923059 -3.8846944374110106
-2.058914215165191 -3.690916600529717
-1.2548514391356727 -4.285461007789347
-0.261669913194422 -4.1688828943674485
0.05881771440228378 -5.1161355958982675
1.0401343297173415 -5.3085354412895756
0.37546627782825803 -6.055674237496794
0.45027969300440773 -7.0528717870874855
0.053406634937187614 -7.970745294592944
1.0276540143733113 -7.745263491198865
1.7352885455790688 -7.038684854212714
0.8196981399174332 -6.636572669542364
-0.056696773764293606 -7.1181658124262706
-1.0561845531762852 -7.150168606149412
-0.19376284232348262 -6.643978135427447
-1.1224006130212616 -7.014965858719552
-0.3621518124141835 -7.664597878539618
0.48603967142437976 -8.194287605402181
1.4385431618339997 -7.889759937106685
0.9249361480178198 -8.747785481807323
1.61211464346434 -8.021296861527654
2.279708012205623 -8.765822948386043
1.9015810093810943 -9.69157667899421
0.9562423310773878 -10.01766682497075
1.7075845271896122 -9.357754024412024
0.7134114794823548 -9.24995814688202
0.844587699613852 -10.241317213654506
-0.018560117189853065 -10.746268544326083
-0.7955918590618699 -10.116807130001632
-1.35674842681518 -9.289097454772858
-2.354598795014086 -9.35463097814302
-1.4276206194620715 -8.97951571312404
-1.8080099030783534 -9.904342179500242
-1.487896147701451 -8.956963066568942
-1.417906718727381 -9.954510799678433
-2.4108097939449036 -10.073437177003175
-2.9187080347006695 -9.212020102040531
-3.4968887975278626 -10.02792880128118
-2.759976824084748 -9.351940085845651
-2.5423044621306707 -8.375918189143874
-1.8764346727130063 -9.121986164291497
-1.494590424102158 -8.197759476837161
-2.041646414124992 -9.034855495093213
-1.4386912262232987 -9.832630551974809
-1.068723208472596 -10.761675042751012
-1.1374151597706434 -11.759312960949226
-2.0713781713410233 -12.116682647714047
-2.9435070840331896 -12.605958806592016
-3.015694818087205 -13.603349868839992
-2.19291180282337 -14.171705487967094
-1.3566061255670538 -14.719968941234638
-2.1007782931534367 -15.387956804140684
-2.8477966150538223 -14.723153354431574
-3.4982534660711044 -15.48269656252752
-3.949673369749579 -14.59038491822217
-3.6588410423058892 -13.633610881516697
-2.728150030644432 -13.267804592871226
-3.267071236966407 -12.425448413231955
-3.8401398524241115 -13.244955803056714
-3.224063834753839 -14.032642505021103
-2.35443204174681 -14.526343370516981
-3.3444565589400703 -14.38544817770952
-4.134029485698499 -14.99910491671768
-4.8486736163360025 -15.698593134306345
-5.635941976527256 -16.315203650792867
-6.55966975014274 -15.932154045322008
-7.514237323643691 -16.23014858825947
-8.494265510867592 -16.031289964492153
-7.778020057975532 -16.72913840879181
-7.963010705435395 -17.71187869002199
-7.25225051340517 -18.415313085985932
-6.267442330390103 -18.588958824967808
-5.532612743096939 -19.26721060538461
-6.275509240121565 -19.936616905555542
-6.812520802505062 -19.093042023362838
-5.908917396418538 -19.521412055588286
-5.384416861854854 -18.670001937465173
-6.330946643739169 -18.9926183846684
-7.330295528167746 -19.0286989499544
-6.7588618337188455 -19.849347189365464
-7.757983799395706 -19.80745091623758
-8.246834367424915 -20.679818454685407
-9.211095164978897 -20.94477338349512
-10.200642854385402 -20.800567383653764
-10.818494691993825 -20.014272841663363
-11.406902270522515 -19.205708359676922
-11.940773422704519 -18.360142517847997
-12.58461738877934 -17.59498570558724
-11.792061317729214 -16.98518666144107
-11.342799332235714 -17.87858672210283
-10.76124199818562 -17.065081302813848
-11.598368583527893 -16.518072088894023
-10.600423181456176 -16.582142163686537
-9.60490178960119 -16.487605618588294
-8.651126570770629 -16.18708468430132
-8.961015029772195 -17.137857603024624
-9.959107902410198 -17.199587803001776
-9.701802604185886 -18.165917965785543
-9.29602962217318 -19.079891864246825
-8.603914296244339 -19.801678796529764
-7.925649337270508 -20.53649621972292
-7.794524662173776 -21.52786210554953
-7.5004635840511895 -20.572075475420515
-8.401825399304554 -21.005142303985295
-8.9762566035592 -21.823695168239375
-8.287140703373378 -21.09904402726802
-7.326995161182301 -20.819543512401584
-6.3397772641125245 -20.660167153724622
-7.187908793789565 -20.130381434430788
-7.753269181928906 -19.305537430074246
-6.761169135118682 -19.430986611495054
-5.790183844087708 -19.670125827437346
-6.788993741315162 -19.718898660044058
-7.696405739410241 -19.29865650876328
-8.16229862186916 -18.413815380608558
-9.094050832345928 -18.050720601974028
-10.093903784337511 -18.067869199401102
-11.048207940055343 -17.769032156215896
-10.123936972577424 -18.15076921058373
-9.289662595700538 -17.599419716989438
-8.865090123024016 -16.69402576105349
-9.28312554008403 -15.785595031672617
-10.269436899956531 -15.620701425409504
-10.19406081241457 -16.617856601611717
-10.660164899877392 -17.502586492397853
-10.982426051648991 -18.44923729922096
-11.892287111390559 -18.03432423366873
-12.79528278717396 -17.60467459789968
-11.918632388278303 -18.085802520718637
-12.318798370604291 -17.169359840247527
-12.929543679603597 -17.961186947345624
-13.721156251492282 -18.57221029880429
-12.809434729326732 -18.983019093768725
-12.002161259336003 -18.392841540273906
-11.25750130511569 -17.72539749574238
-12.158628872711803 -18.158951537262368
-13.096445154466116 -18.50608353186459
-14.02671136668933 -18.87296876514044
-14.86501322755866 -18.327762391312124
-15.830561642907265 -18.067538915011852
-16.465711581141864 -17.295150051834383
-17.30385928593709 -17.84059338064728
-17.305848281516703 -16.840595358700945
-18.139480379009754 -17.39291548872459
-17.197810203339984 -17.056378298723157
-16.668654980978673 -16.207853254515413
-16.623876822830933 -17.206850209742452
-16.20367604942422 -16.29941904980336
-15.849330781892126 -17.234533711958548
-14.933079080296704 -16.833930642420267
-15.908299608209212 -17.05516563499162
-15.630798229839241 -16.09444039591295
-15.398644577246344 -17.067119521620796
-14.771505768932872 -17.84602703545486
-15.035363546913116 -18.810588631725068
-14.804924196547189 -19.7836753214927
-13.856596063506833 -20.100966594748353
-13.51953215137588 -21.042448362569154
-13.941988641611406 -20.136065157816393
-13.529601715636831 -21.047073952112715
-14.25928996177988 -21.73085393386173
-15.22266134045103 -21.999024750240487
-14.29682632130085 -22.376952676325853
-14.707498250475544 -21.465169496733285
-15.635241034871187 -21.838389707871187
-15.82568947162525 -22.82008690810043
-15.205682524473335 -22.03549058802025
-15.753633117157161 -21.198979889955098
-16.518508564966048 -21.84315808683788
-17.36512348991516 -21.310952140935914
-16.393733948120108 -21.073460334569457
-16.492703459213338 -20.078369868393658
-16.536790197033877 -19.079342161296232
-17.39729400169681 -19.5887861740794
-17.56599735680412 -18.603119304404082
-16.781487980037046 -19.223236259312213
-16.58819916945634 -20.204378163271215
-17.146056540691394 -19.37444132630185
-16.250568171545535 -18.92935641224107
-16.30100845501575 -17.930629333503617
-17.106765896781447 -18.522875013132605
-16.633188634221554 -17.6421227344604
-16.528395201025596 -18.63661674467816
-16.347519376569046 -19.62012268575181
-16.93891532498251 -20.426504005103975
-16.07492700541319 -20.93001585565745
-15.341222160845552 -21.609484177993362
-16.092034344463695 -20.948968421231605
-16.23414258269363 -21.938819545708
-15.581352953241336 -22.69635878540423
-15.130941064090258 -21.80353790184955
-14.210127328028966 -21.41353525637026
-13.52022039266432 -20.68963718306452
-13.825534729717585 -21.641888807158555
-14.816381844782308 -21.776877675469667
-14.801525899517404 -20.776988031113707
-15.582421587621228 -20.152326583367124
-14.87466270173649 -19.44587250881507
-15.872627707279294 -19.382108508689996
-16.85163427111958 -19.58593723080157
-16.318673028420136 -20.432076884629627
-15.638203012846189 -19.699300958507056
-14.92491824583491 -20.400175298991613
-15.178849857401334 -19.43295312355968
-14.260162565963425 -19.03796747755406
-14.36219783155662 -18.043186695383774
-13.36349123833355 -17.992342416917356
-13.104275583156772 -17.026522949257238
-12.236243265491547 -16.530015249932507
-11.251899135853176 -16.706272546083557
-11.866172808550365 -15.917179487546665
-12.166814423843338 -16.870916673124555
-12.290733276699596 -15.878624318066436
-13.263974076393596 -15.648836707845643
-14.147768847522814 -16.11671148011345
-13.286992699608163 -15.607727764085901
-12.287685140718388 -15.57052020106761
-12.794726062974382 -16.43244218312735
-13.788703560508065 -16.32285781199407
-14.330992816096751 -17.16304967298361
-15.167071743169945 -17.7116588487218
-16.149848124220224 -17.896457617250473
-16.258802004557396 -18.890504422969133
-17.16440249165363 -19.314636192318076
-17.189627523056902 -18.314954394048897
-17.416424182775422 -19.288896525358822
-16.416676464926432 -19.31135761740125
-16.681740388584196 -18.347126775551047
-16.412085893677247 -19.310083915498865
-17.376814041773724 -19.0468357431019
-17.14967431213477 -18.072973564341712
-16.667436794662457 -17.19693305343931
-16.06375900339501 -17.994161455047315
-15.53113602199906 -17.1478088336838
-14.950170668221595 -17.96173712150173
-14.187280200658678 -18.608264873807563
-15.160798344297312 -18.83687463739256
-15.306740656029133 -17.847581535401865
-15.181726706862749 -16.855426551282033
-16.099833399706842 -17.251759871298
-16.616328580476488 -18.1080499671427
-17.04652594942367 -17.205315109196626
-17.564085562966977 -16.34966795853877
-18.401226466724545 -15.80268065772095
-19.39516345060861 -15.69272943186399
-20.38683039287079 -15.821557517405829
-20.978491725940575 -15.01537089698219
-21.581401712509397 -15.813180114837927
-21.780945831685063 -16.793068957769822
-21.450830902699025 -15.849128210868544
-21.472198823151174 -16.84889989079129
-20.659033724071573 -17.43093298404189
-19.678265624105155 -17.235756310004597
-19.700983543578563 -18.235498224768
-19.248303481371494 -19.127171237301297
-18.302363510804753 -19.451512989291686
-19.30223646105614 -19.46745298162512
-19.3730210550047 -20.464944606281456
-18.39657012170764 -20.249205006617185
-19.36370867627331 -19.99495509752649
-18.560665751530586 -20.59087628444692
-18.338694670818487 -21.565929533929996
-18.09019258463931 -22.534560894750303
-19.053749646054555 -22.802063772112064
-19.187903025958455 -21.81110319234092
-20.179541944026813 -21.68205957114167
-21.040150212172797 -22.19132709297943
-20.040886990515794 -22.229706955455296
-19.525478411260305 -21.37276238523512
-19.58144165729835 -22.37119521476993
-20.57595449774763 -22.26658063556847
-20.41298265277244 -23.253211355617964
-20.743671518396955 -24.196951189551008
-21.36969147802125 -24.976758223471577
-22.015306788442324 -24.213095424227106
-21.726530317712836 -23.25569887631552
-21.35288715673293 -24.183271400840123
-22.30199252052171 -24.498230141673535
-21.751032089315608 -25.332761509115876
-22.364726323888842 -24.543217725370116
-22.581800140171683 -23.56706253366933
-21.66721258123977 -23.162674604760756
-20.782181459532712 -23.628206465764862
-20.10035525260363 -24.35972066490573
-19.479752336016638 -23.575595662164638
-18.579352091340066 -23.140533138627656
-19.57137207431568 -23.014452397128164
-19.079578386693953 -22.143740637235474
-18.451299552827543 -22.921728880665583
-19.406770031746447 -23.21681558642252
-18.75254860281638 -23.973118648646057
-19.270017777996635 -23.117416800606527
-20.093513525634762 -22.55009435823189
-19.108740029473914 -22.723936704221405
-20.017211193472935 -22.30598916662576
-21.014290303295738 -22.382364874510987
-20.539321897587502 -23.262367723130794
-19.63939560176755 -23.698409764787073
-18.90148081520219 -23.023515871076217
-18.792587167896695 -22.029462465279273
-17.91847207137459 -22.51518131197163
-16.95707323470141 -22.240022672558915
-17.74766456034782 -22.852366820740848
-18.207426103620083 -23.740409231511812
-17.287658866983037 -24.132873536142252
-17.60372625022318 -23.18413679222868
-17.204526298763252 -24.101000685483505
-16.21345425739336 -24.23432813507628
-15.214366529095395 -24.19162320369342
-16.203830605581267 -24.046844609474647
-16.314365844725174 -25.040716814995758
-17.296115627216484 -24.85053962241403
-17.99029846768568 -25.570338333164553
-17.454471541676252 -24.726010490816993
-17.46029709047194 -23.726027459470345
-16.949528322354805 -22.866309328036497
-16.821413467667437 -21.874549990289463
-15.822907225795113 -21.819912229152976
-15.424936063736872 -20.902514303403187
-15.801974668194402 -21.828711847531178
-15.581131872406877 -22.804021264869466
-14.97023381163044 -23.595730529271233
-15.956043042561049 -23.42786105553643
-16.673135480516905 -22.73088298168724
-15.859930688309976 -22.148905348155086
-14.864228327094038 -22.24151640510297
-15.331641914674147 -21.357477640033537
-15.274546642819256 -20.359108905581273
-15.904482940138786 -19.582462099549495
-15.320726008837427 -20.394390572481452
-14.473228776418896 -20.925190385068955
-14.565415061564263 -21.92093216325801
-15.287214912204826 -21.228830309760085
-14.289649642669675 -21.159091274655914
-14.15184041935314 -20.168632482999797
-15.080099127017165 -20.540567654294357
-14.412768214908098 -21.285328994418617
-13.816289814428439 -22.08795812282178
-12.817628715922122 -22.13968829129393
-13.512271052864957 -21.420333007914014
-12.513193320721939 -21.463271162694607
-12.19575968135589 -22.41155165105173
-13.094144133108768 -21.972341704842997
-14.024421130614785 -21.60548381967329
-14.986176634073644 -21.33157443398781
-15.685365104708664 -22.046511831618584
-16.38291575028289 -21.329976349692547
-16.644331137207903 -20.364749953721713
-16.671326724639382 -21.364385506440417
-17.367580286123054 -20.64658958967765
-18.127588132201833 -19.996675692381483
-17.768285703185825 -20.929896869007475
-18.735182902604894 -21.185063100620436
-19.12698755222065 -22.10511153224753
-18.2745867471422 -21.582222569367637
-19.270186776452107 -21.488517811547567
-18.770789116400866 -20.6221449258134
-19.160325168110337 -21.54315614421337
-19.07462566441167 -22.539477174336593
-19.155701998317465 -21.542769279273855
-18.50564594677163 -20.78288301814747
-17.794057531101103 -20.080286457749175
-18.738140470069855 -20.40999451701998
-19.205988838176815 -21.293803265822376
-18.53859619079318 -22.03850928447555
-17.911287925600824 -21.259738239545552
-17.724084250017423 -22.242059360080006
-18.717763550818002 -22.12980319249678
-17.744671180378973 -22.360218553515423
-18.53239700204817 -22.97624455124246
-18.42941432091893 -23.970927700485188
-19.133685707229283 -23.2609968486239
-18.99747477730696 -24.251676707392463
-18.018690356373444 -24.45656950213606
-18.63323905533431 -23.6676906162445
-19.506122775151287 -23.17976233085977
-19.39553497127576 -22.185895972824653
-20.038710447328473 -22.951614790018255
-19.317834908602478 -22.258550249252746
-20.05832784506671 -22.930614391315526
-19.818033097552338 -21.959914419997403
-20.05365024045095 -20.988068464111237
-21.022851341827828 -21.234339097946954
-20.68123880607305 -22.174179975657214
-19.88204585067513 -22.775254530136387
-20.74745349938196 -22.274186070183347
-21.743559084561607 -22.362354449854948
-22.5441029291078 -22.96162863831896
-21.7409833203224 -23.557446474561196
-20.919641433009303 -22.987010234351164
-21.89568236836489 -22.769423257465625
-22.400156949681513 -23.632849801420246
-23.089511595892212 -22.908425773831624
-22.66699528218451 -23.814781093036434
-23.462720158827246 -24.42043934708066
-22.852725799216355 -23.628033591647938
-22.942390841704025 -22.63206161405234
-22.251105580981974 -23.354643573630938
-22.971114041993452 -24.048608858117042
-23.331283967226966 -23.115722142080585
-23.38440847331191 -22.117134245672247
-22.39966170828421 -22.29112794891313
-22.51026067034293 -21.29726283251577
-23.46638067375881 -21.59023815411815
-22.466881892441677 -21.55858083039095
-22.84984506780464 -22.482344439933954
-22.265335384268525 -23.293731172542092
-22.795668566305793 -24.141520483650826
-21.83613546846737 -23.859924613381754
-21.78596181692339 -22.861184104194937
-21.61777434207304 -21.875429077170747
-22.00067593052289 -20.951639938047222
-21.14695652630616 -21.472373246818453
-21.863533350722513 -22.169881422189448
-21.60646064531303 -23.13627348762327
-22.426223353942646 -23.708976815307196
-23.280771406068723 -24.22834915439307
-22.995849149579907 -23.269798525705507
-23.963015154898414 -23.015653059178472
-24.91637129373154 -23.317500823041637
-23.951330862991036 -23.57960188568005
-24.91598368906749 -23.843125936086658
-25.5054159476979 -23.03530812711866
-24.639555445250483 -22.535022618332423
-23.91362507887719 -23.222790822873122
-23.251377296201824 -22.473505914215835
-23.323831842251135 -23.47087762965436
-24.32381854493245 -23.476034611382914
-23.323818850851605 -23.476816812263756
-23.70185209587627 -22.551024791529013
-23.936009125997888 -23.523223580483528
-24.49409023870992 -22.69343717927289
-24.1666379832292 -23.638304905666693
-24.73175881323337 -22.81329675570974
-23.846286499380934 -23.277988891860993
-23.172827728203774 -22.53876410634271
-23.69527340869286 -21.686091536748556
-24.384847526388757 -22.410306654102456
-24.90018780374687 -23.26729230073399
-24.517751457964437 -24.191274141153258
-25.036764975344298 -25.046040172753123
-24.69715939481809 -24.105472232795854
-24.128103145350117 -23.283173634389264
-23.379594534018114 -23.94629870461496
-23.030971923820772 -23.009035520840417
-22.06193038621409 -23.25593326970192
-21.890708067994147 -22.2707008515673
-22.536905604158846 -21.507530658062162
-22.67105368439691 -20.516569360852003
-21.804014288849203 -21.014808948368156
-22.79441354695566 -21.153045374617456
-23.792495410007756 -21.091137421602866
-23.278016606113617 -21.948640518007572
-22.821382668980508 -21.05898583923703
-21.963254043435875 -21.572420608239753
-22.336065377150337 -22.500327774638443
-21.54349236652678 -23.110104801781244
-22.191505803061993 -22.348475898659895
-22.946205125029824 -21.692405069083318
-23.630509469757776 -20.96320854976466
-23.06877550062355 -21.790526474096474
-23.52260996678573 -22.68161248415571
-22.564635447521848 -22.394759175928087
-23.505879246046163 -22.057031309533382
-23.360587362567806 -23.046420145429217
-22.863577074501556 -22.178675497761308
-22.365703786452766 -23.045925282452828
-21.715094687422013 -22.28651248281195
-21.59718751808152 -21.293487861053702
-22.571691787517068 -21.069118904083513
-21.578630896007912 -20.951517604111796
-21.77845266782322 -21.931349865015974
-22.157275432706182 -21.005880625761407
-22.91795800221512 -21.65500467280117
-21.9544567894738 -21.92270863811735
-22.103300491776437 -22.911569372642106
-21.604636434656626 -23.778364710733403
-21.91588588556115 -22.828036462541426
-22.685912714972766 -22.19002495638633
-21.685920524137202 -22.19397695181782
-20.73312066823385 -21.890377817117887
-19.90037578701425 -22.444034717013984
-18.904121189403522 -22.357566360145793
-18.644577346575684 -21.391835034336093
-17.676760920354027 -21.14017779693661
-17.07615104919385 -20.34063556374004
-16.234387604724454 -19.80078900817539
-17.07152107563059 -20.347787684488825
-17.113849942844464 -21.346891416340725
-16.267724508041734 -21.879875232774108
-17.09007625584257 -21.310895792997137
-18.059856723238216 -21.554874982802083
-18.18536839030233 -20.562782839182958
-18.390373177018628 -21.541543809708145
-17.42267461730269 -21.793653899795185
-18.2810366817892 -21.280609490167272
-17.65928659127303 -20.497393795136116
-16.65956801391245 -20.473671103886307
-17.51067822905701 -19.94868405483026
-17.50268780545245 -20.948652130886
-16.629714000244505 -20.46088503951886
-17.035219238451102 -19.546792318955454
-16.119960538061164 -19.94965893628745
-16.49334169471071 -20.877336957941
-15.714837823610615 -21.50497676123758
-14.762053724386114 -21.201328181025264
-14.586224017619262 -20.216907582795887
-14.401975217913163 -21.199787219275787
-13.61573273386043 -20.581869137107457
-14.225413713732397 -21.37451603376596
-13.280659140147899 -21.04673745653558
-13.136201824154469 -20.057226423824993
-13.101383672723308 -21.056620088168987
-13.403332761529414 -22.00994413998409
-13.747894412433606 -21.071180448352283
-14.684159048408771 -20.71988494393714
-15.65173771715752 -20.972454775434095
-16.077294992184676 -20.06752328318097
-15.103602736174318 -19.83965623732866
-15.656197603625344 -19.006206231349427
-15.156896735799226 -18.13977755950847
-15.944696930688865 -17.523846676266004
-16.66399503939204 -16.82914513544719
-17.456016083659502 -16.218651347241707
-16.499637801799693 -15.926520243134522
-17.245993550402286 -15.260973027282889
-16.250968034446856 -15.1613526348041
-16.353383002116484 -16.1560943974728
-15.504598114663013 -16.68483272106075
-16.03965659975102 -15.84001770134618
-16.758305162140427 -16.535391157681435
-17.07803368288221 -17.482900351844886
-17.928424689161645 -16.95674910321095
-17.80948174663926 -17.94965019416821
-17.285486166923086 -18.80137117690722
-16.4350542820181 -19.327456349799363
-16.963775611005286 -18.47866087604021
-16.209478114593892 -17.822128099320338
-17.204029499364232 -17.717880590710283
-18.19874399982172 -17.615201174177027
-17.21048471230313 -17.767987235822897
-17.72492346327296 -16.910460110012522
-18.21922198308636 -17.779752335509958
-18.40558865555802 -16.79727207444013
-18.790310944903915 -15.874239702266514
-19.760809283275545 -16.115347510555473
-19.139933987081363 -16.89925685899813
-19.323319597458145 -15.91621580293448
-19.07400924711825 -14.947792161539144
-18.22260876403641 -14.423275986947736
-17.222701976629942 -14.409622544214127
-18.0191235448699 -13.80488071033606
-18.667726076101992 -14.56600800355272
-17.672653233559934 -14.4668614552756
-17.83075182284968 -13.479438123535564
-17.014156398454706 -14.056648581563822
-17.901474222455303 -14.517806991669122
-18.82543129198539 -14.900303179448002
-18.604548692642272 -15.875603583071126
-17.75450317823752 -15.348894343129048
-18.12771780985812 -16.27663937208059
-18.122364497406075 -15.276653701160358
-18.763377728986413 -16.04418352920545
-19.407975551116763 -15.279661686675881
-20.16410896424786 -14.625244188784267
-20.22909464541901 -13.627357992245443
-19.548048317928043 -12.895117662974332
-20.481661638401754 -12.536835416925143
-21.125389681222167 -11.77158107561985
-20.85447087681441 -10.808978872517097
-21.8413965077613 -10.970155170340588
-22.635287360697113 -11.578215458161495
-22.71827386911418 -10.581664787387176
-23.50329059258191 -9.962190216580597
-24.43005466170745 -9.586546289200074
-24.578897263830186 -8.597685389076435
-25.222598594790217 -7.832408578686702
-25.534087994851514 -8.782658205705546
-26.174278695977833 -9.550874234040933
-26.307983928440724 -8.55985308854905
-26.80502617407534 -9.427579431386754
-27.63910380264884 -8.875932343555045
-28.06023056765545 -9.782934133958497
-28.77098586464264 -10.486373475909636
-28.784028735789263 -11.486288414048001
-28.049608178020527 -10.807593751974796
-27.35029295055078 -11.52240716303319
-26.409175787448028 -11.860487753001653
-26.948690772576082 -12.702463750772536
-26.083801043081927 -12.200501844035054
-27.075989270782415 -12.32525167695104
-28.05823120508896 -12.512870392674559
-28.729215734580066 -11.771399043812316
-28.0760803693306 -12.528640217191343
-28.040568911035862 -13.528009486445598
-28.29579395343671 -14.494891163659249
-29.07486219168224 -13.867952027732155
-28.447712180145007 -13.08905353432698
-28.308086553282134 -12.098849169398635
-29.279398730812538 -11.861041150650019
-30.253300062014876 -12.088012948638916
-30.415982966449484 -11.101334544798679
-29.89364000084378 -10.248599048714317
-30.799010654090274 -10.673221210453454
-30.820871452278915 -9.673460186256893
-31.75575829694671 -9.318514292257403
-30.84241836952781 -8.911316334278196
-31.101601527119897 -7.9454881451986905
-32.04709109338555 -8.271140536688108
-31.509701369004684 -9.114474565486812
-31.048305896467426 -10.001669142748261
-31.20116998427784 -10.989916364175112
-31.987640492413814 -11.607544196961445
-31.37404897612264 -12.397167810549274
-31.86129674377635 -13.270431581077101
-32.079339358730564 -14.246370830243732
-32.777017261787066 -14.962782404401132
-33.459191120327866 -14.231592397136568
-33.48261552821215 -13.231866786223618
-33.27510380076905 -14.210099316337793
-34.09973485724792 -13.644428368974793
-35.042755967778234 -13.311695465440785
-34.04447451013595 -13.253094003619424
-35.024727436794265 -13.055346184977083
-34.21463284091438 -12.469046990259734
-34.1052103648522 -13.463042323112168
-33.140814898053584 -13.198577989754558
-33.093777959525276 -12.199684839105359
-32.9050343667729 -13.181711242108316
-33.876254771214896 -13.419893789738351
-33.02707938109548 -12.891782857437626
-32.62469861323193 -11.976310456076703
-31.90364854890852 -11.283427489956733
-30.916298521630818 -11.441983232945494
-30.121254302734823 -10.835431759449587
-29.498366605155596 -10.05312049390086
-29.559718443247732 -11.051236695534074
-29.544241695170847 -10.051356467572262
-30.51537487343691 -10.289894410195338
-30.499388097628948 -9.290022206861698
-31.49309223565217 -9.402058299597595
-32.27971301923623 -8.78462187142576
-33.18003324936948 -8.349393789596451
-32.3774651157603 -7.752833322489323
-32.66824866249704 -6.796044459182897
-31.672752374372894 -6.70124393001219
-32.449976881823716 -7.33046731245902
-31.481556938127387 -7.081142599180929
-32.33621082603953 -6.561944436745184
-32.140050487196916 -5.581372602831344
-31.45712024134974 -4.850889010060694
-30.649736149527726 -5.440915219879158
-29.739901314877404 -5.855885789506479
-29.809926092437507 -4.858340537135611
-28.85038464824651 -4.576773108479782
-28.580582749887938 -3.613857257721207
-28.727576982742885 -2.6247199085591273
-27.795087788720874 -2.2635220361509734
-26.871092000392903 -2.6459246814767785
-27.74217560596992 -2.1547899218690465
-27.244071713473303 -3.021907279716137
-28.168944474300737 -3.4021839898621087
-29.051394503583712 -3.8725901397139944
-28.170157400830902 -3.3999156547543805
-28.851985696334886 -4.13142790718091
-29.357126717531887 -4.994464724879929
-29.2183099591571 -4.004146640831014
-28.274087876926796 -3.6748372734746204
-28.993192943302873 -2.9799359110408865
-29.92390029674177 -2.6141712021708767
-29.312424007274437 -1.822908447190421
-28.91754945506205 -2.7416434949681077
-29.785874506517093 -3.237639064520497
-30.522359835140836 -2.5611855474759224
-30.895055522767496 -3.4891391693905587
-29.90059999293869 -3.383981196830651
-29.723892877861882 -2.399717718141519
-30.643782033338088 -2.0075392617759573
-30.531183620352444 -1.0138986842062234
-29.6934387595792 -1.5599605380726327
-28.996310506335522 -2.276906978561331
-29.98440365062235 -2.430763854304243
-30.113567641910407 -1.4391406076250726
-31.006006514585813 -0.9879722814563914
-31.252848874099843 -0.01891663313192815
-32.17897277610923 0.35830282305625977
-32.44197409858453 1.3230982958774375
-33.28082228888016 1.867463718767012
-33.12181527852166 2.8547411725037275
-33.596277945928456 1.9744655467834504
-34.06300163838742 1.0900623610714844
-33.41063128298219 0.3321620250190105
-33.42617480874994 1.3320412171250906
-32.446403497410294 1.1319208096805125
-31.68406262698767 0.48474510148120264
-31.590844723395353 1.4803908328785975
-31.544373653305243 2.4793104691079995
-32.542207282081925 2.5450983804774974
-33.00497481442613 1.6586187072711351
-32.572028747298106 2.5600385334111975
-31.63174806977512 2.2196384049198605
-32.32579967983107 1.4997131570095381
-32.599090848539255 0.5377817992162114
-31.94535616736711 1.2945056369752388
-32.034316842849364 0.29847049792755387
-31.167712482929176 0.7974663730280602
-30.28944751135614 1.2756406505752897
-29.63488578207539 0.519632090728913
-29.668766010359242 1.5190579909993804
-30.34613795101583 2.2546987008646853
-30.790415650780798 3.1505878265334535
-31.422095931091206 3.925816840094585
-30.925883106022606 4.79401775707028
-30.166314831061452 5.444445336184619
-29.68135458695823 6.3189815342000815
-29.74905129446934 5.321275587644607
-30.736155801391657 5.481352732839186
-29.80782690179216 5.853112674425671
-30.807524393297275 5.82851744158716
-31.35050180384045 6.668264743839349
-30.906919101181785 7.564498187704301
-31.331178398623535 6.658957438464252
-30.358406216752318 6.427194019915262
-30.26296629269346 7.422629211625722
-31.17487016790041 7.012225358838555
-31.086212572714526 8.008287520962917
-30.309569452378135 8.638228362339435
-31.204262190263563 9.084910469407843
-30.22822220196549 8.867319244301918
-29.846296785676934 9.791512393158158
-29.0649540490313 9.167410215713542
-28.864975161165546 8.187610009340847
-27.86498573469684 8.19220859072959
-28.206786652929374 7.252436207492353
-27.207005550715998 7.2315137875316875
-26.667859277421673 8.073725931823635
-25.78688237492771 8.54688520444982
-25.66001853263204 9.538805345145622
-26.642081140373612 9.727360468321377
-27.6381192803313 9.63843339848528
-26.789491808205966 10.167424337494792
