0 0
-0.18961267725498443 0.9818589677872261
-0.1842266052584094 -0.018126527221800304
-0.6618727784279135 0.860425766757635
0.20497906302905822 1.3589915948712927
-0.6640633368463255 1.853729209389164
-1.32452895148108 2.604585501821435
-1.562272495419375 1.6332575410812633
-0.5987868519941042 1.9010175360644421
0.011010693297706764 1.1084603117859162
-0.6693020687350143 0.3755383883756458
-1.6616158614108605 0.49928545648345046
-2.150757233099717 -0.3729190599588481
-1.8915455016155516 -1.3387395806877156
-1.0715748578966282 -1.911145156690583
-0.28815081329735504 -1.2896576134978686
0.5115012319897125 -0.6891939539245272
0.8725082670569991 0.24336913811371497
1.503905349979995 1.0188288235109195
1.5243487206800286 0.01903781105160507
0.5373076843318803 -0.141430231139896
-0.461652561619739 -0.09584046246006532
0.1887803841838278 -0.855404141826907
1.1361784110939814 -1.175461915684609
0.8777090405853366 -0.20944246220095109
0.5949258007090943 -1.1686263023719037
1.5161357706769172 -0.7795605094372346
0.576083121698169 -1.120589858831152
1.5498135140047078 -1.3482938840449241
1.6298551311104337 -2.3450854066468674
0.7952852277402355 -2.895987463630373
0.7235559511399285 -1.8985633257239374
0.3052065126111675 -2.8068494850826884
0.004207580833485047 -3.7604739620486973
-0.3886967714125656 -4.680053306089282
-1.369556556266341 -4.874768694429817
-1.05285407902812 -3.9262437654420896
-0.3041081926881981 -3.2633866181704887
-0.21937192278309858 -4.259790032738389
-0.42320878658158856 -3.2807851640289445
-1.4050545249726607 -3.0911039946860424
-2.1634453816621297 -3.7429040472250197
-1.189857524292925 -3.971216736279397
-0.3287093749696687 -4.479570810638137
-1.2999259097440679 -4.2413724844878296
-1.9114340302703727 -5.032610639868614
-1.1748589745881075 -4.356254825709626
-1.9744162755360994 -4.956844637894916
-2.7621649217007525 -4.340847827460189
-2.3332763124176052 -5.244205210131725
-2.4558912034130893 -6.236659535784128
-1.7157642615892386 -5.564192354438841
-2.641547449574698 -5.942247229878214
-3.5344356549261655 -5.491968812957932
-4.45905402131442 -5.8728636495434605
-4.849168411457605 -6.793630049127639
-4.807469892116027 -7.792760287627465
-4.663982110384637 -8.78241237623932
-5.638887651921847 -8.559793452784819
-4.7271878398471365 -8.148936479297769
-5.6411029147525085 -8.554841931171365
-6.0184640376404825 -9.480908118294472
-6.0061342044544785 -8.48098413357683
-6.303954025042083 -7.526362033232843
-5.37353718567266 -7.15985895682309
-5.309251975892281 -8.157790523516665
-5.5071907986266275 -9.138004899280732
-4.5123550455468715 -9.239502802678953
-4.538930402235944 -8.239855989841114
-4.268782176647102 -7.277037244587783
-3.8313043990975317 -6.3778080223366995
-2.902137361076184 -6.747468157399482
-3.9015968585068435 -6.71459395785557
-4.578496182059615 -5.978518346404001
-4.383531428403792 -6.959328595551064
-5.0984309059513215 -6.260101352802135
-6.01959900604701 -5.8709364374177975
-5.125639826437891 -6.319084833814115
-5.494097430994185 -7.248729386126792
-5.195935685424866 -6.2942140256013275
-4.265808122097733 -5.926977431647062
-5.164976063310938 -5.489373714233229
-4.294257320279202 -4.997592390336891
-4.790266575060487 -5.865909624515342
-5.597142697756567 -6.456630305229114
-6.577844882543256 -6.652137913149152
-7.251646705932068 -5.9132258055220595
-6.363518741008058 -5.453629550184905
-6.303641723992688 -4.455423788413645
-6.298430631608595 -3.455437366247742
-6.404444771344115 -4.449801988595167
-6.334415554508978 -5.4473469293319035
-5.563699072852305 -6.084525165701257
-6.563698323458226 -6.083300915891239
-5.563897928403916 -6.103280156348418
-6.317947934375037 -5.446463143402687
-7.267405880761701 -5.132568880882298
-7.842849898908709 -4.314727709273271
-7.921643320936075 -5.311618674547416
-8.6961140763053 -4.679008961471636
-8.577005989726498 -3.68612766760437
-7.876290137802729 -4.399568131036847
-8.874791763301841 -4.344846070808535
-8.497717199932827 -3.4186631657298094
-7.958000466354687 -4.260509854560824
-6.971872746871142 -4.094521539110056
-7.93685825599445 -4.356824736158875
-8.801049805202366 -4.859987698108204
-9.745140175260309 -5.1896744784981035
-8.799330043647018 -4.864954299054865
-9.783735103532463 -4.689037619709401
-10.200148617563269 -5.598212952267713
-9.285140313791807 -5.194777946313506
-9.806665837679537 -6.048013627666336
-10.499117868881125 -5.326549710006696
-10.395017473161566 -6.321116503948175
-10.46271900992888 -5.323410885080894
-11.462277678218332 -5.293704511229173
-10.92647135828381 -4.449363592217057
-10.075252083821091 -4.974173792940291
-11.061965221688943 -4.8117016920768645
-12.028833319395366 -5.066978172853228
-11.541979235929757 -5.940461487755615
-11.2363064467579 -6.892598109233804
-11.958718916543798 -7.584060489626143
-12.782729037339147 -7.017485410023418
-12.106473437225231 -7.7541524741131385
-13.061273806453697 -7.456904673581015
-12.179514065434617 -7.92860347484933
-13.023092945371346 -8.465608757248576
-13.13272109803394 -9.459581426965299
-12.360681744929353 -10.095156156842007
-12.42345488495293 -9.097128335139836
-13.391282488842783 -8.845514088427088
-13.755017001927108 -7.914011429283642
-14.283637057883517 -8.76286997841927
-14.651510195789351 -7.832993989694259
-14.729708424496296 -8.829931819765472
-15.714745884630174 -9.002272186867902
-15.48499659979108 -8.029022339133043
-16.328745393927957 -7.492284067353804
-15.535175640673865 -8.100763357650722
-15.002251309555682 -7.254600455307305
-14.586235346396784 -6.3452431446768935
-14.99419761265204 -7.258241934003514
-15.757935274182561 -6.612715184472641
-15.180086948548771 -5.796571010590217
-16.145846516701145 -6.056009744248357
-15.592707326281227 -5.222920891831283
-15.747864266550906 -4.235031057949918
-15.597950701092852 -3.2463319516027673
-16.09943552711309 -4.1114983918161245
-16.78766195149593 -3.3860024312614074
-16.291813969658733 -4.254411769596722
-16.167793906471505 -5.24669148012548
-15.176514377203409 -5.114915553439224
-14.180419399880961 -5.203203696204779
-14.286636715183338 -6.197546636004703
-15.275640037647676 -6.049653336107443
-16.27513499627989 -6.017875550331963
-15.338192199551862 -5.668392795879808
-15.33058955204204 -6.668363895337608
-14.725998489021357 -7.464899924978151
-15.300611979966266 -6.646475013319112
-16.25712255092875 -6.35477734854096
-15.476462820065564 -6.979733654700534
-16.418034091050778 -6.642919846112934
-15.470003111687955 -6.324741810779937
-16.045343547754822 -7.142655854323871
-17.044689179497936 -7.106485309457155
-16.242450168708185 -7.703488299036841
-15.593221038813963 -8.464081184157909
-15.97792531822428 -7.541041305602605
-16.490608560920695 -8.399619137053131
-15.491164352742668 -8.36628334938586
-15.66875877139982 -7.38217958328097
-16.007262620143926 -8.323144590274019
-16.15866896340243 -9.311616197970006
-16.903705964530886 -9.978639336211488
-17.644911294638234 -9.3073609598128
-18.024902721298652 -8.382370951399423
-18.583209198237455 -7.552736165600166
-17.63306835078605 -7.8645572200598135
-16.79878468002494 -7.313221789762276
-17.700513964470705 -7.745522955123796
-17.39567773526724 -6.7931181707148705
-18.16001732539549 -6.148304251074035
-17.401311801891836 -6.799737999512852
-16.66622794766782 -6.121761799886962
-15.818979610272672 -6.652958801743295
-16.716967338049205 -7.092979302132472
-15.82672938054509 -7.548475052956672
-16.657422072541813 -8.105206273082898
-16.196928901175507 -7.217543026617775
-16.79245580564679 -8.020878389994024
-16.454150855751774 -7.079841854637117
-15.672183123043391 -6.456522943482551
-14.866511277770066 -7.048885060547674
-15.602598708235519 -6.37199858948272
-15.461247901260341 -7.361958159044764
-14.668412069322128 -7.971393425168117
-13.865772670820991 -8.567858005821261
-14.7874202965866 -8.95588590935478
-15.346112316706407 -8.12651070677488
-15.410328182715325 -7.1285746754819295
-14.925550720897181 -6.253937143407551
-15.42576230105342 -5.388033929949143
-16.136829338110484 -4.684909709906277
-15.778005663154893 -3.751504347648612
-14.785635091398618 -3.8747952569328015
-15.298324643195642 -3.0162211928718343
-14.309796716700152 -3.1672593951205665
-13.406655811595988 -2.7379151212241615
-14.022728512781315 -1.9502258253376334
-14.309865882075616 -0.992336410449491
-13.502004720129795 -1.5817092491683682
-13.872358598516055 -0.6528185102952455
-12.875849219823989 -0.5693376251852206
-11.88535106817887 -0.7068636648562757
-12.74501837440058 -1.2177179714971333
-12.581029235015396 -2.2041801158106935
-11.603793731327576 -2.4163375345638727
-11.568696413406531 -3.4157214339112403
-10.571058622220974 -3.3470276379875847
-10.374778222178978 -4.327575446388253
-11.15715748358343 -4.9503777355011165
-10.970903500142327 -3.967876105145054
-10.65100322217483 -4.91532732402459
-11.156153593491435 -4.05229597907894
-12.14224643494955 -3.8861005879723836
-11.145250088968693 -3.9635491909347267
-11.222898090103568 -4.960530027219837
-11.289489878479214 -3.9627497238860157
-10.779349944726484 -4.822841142277549
-11.777445916827146 -4.761161076807149
-11.741246368533687 -3.7618164952421362
-11.2623031025835 -2.883970638612985
-11.312734334113422 -1.8852431027522902
-11.726293085184297 -2.7957205376251695
-11.09296629935448 -3.569605013726398
-12.083975480959326 -3.435811135036482
-12.757317309547517 -2.6964798277908657
-12.018771429247607 -2.022276607172608
-12.746663073015542 -1.3365844350335245
-12.245195227759037 -0.4714081523178003
-12.834781959964548 -1.2791132254770732
-12.368066100160547 -2.163520544650434
-12.292330902014447 -3.1606485102404935
-11.929621867935758 -2.2287460708200872
-12.214231597633788 -1.270102601243825
-12.100218954054244 -0.27662330246402467
-11.438996069348544 0.47356620475496713
-10.488769421565825 0.7851256980200862
-9.983309093940312 -0.07772414824327611
-9.283061177419002 0.6361756034078684
-8.755763222165191 1.485856052980029
-8.586001644005172 0.5003708899356433
-7.830963630141182 -0.15531012825866175
-8.83087837649285 -0.16836769420639652
-9.629130960315388 0.43395515312769084
-10.629010598893677 0.41844037447794624
-10.208658282517884 -0.4889205956532944
-10.259943781164864 -1.4876046285828943
-10.290727049673603 -2.4871307114741406
-10.894551057693944 -1.6900130493073489
-10.695232769299784 -0.7100782453986283
-10.601753295837463 0.28554296170837556
-11.39427454627268 0.8953872595488979
-11.69924966931654 1.8477475770361302
-11.512345878296223 0.8653693540984302
-12.071275171828152 1.6945846728377179
-13.066079548273022 1.5927796994516783
-13.950423528640478 1.125943834946983
-14.492532480807428 0.2856356272157651
-13.780271792042898 -0.41627940413822784
-14.554681991392968 0.21640443724116432
-14.574001616856219 1.2162177958596416
-14.794554178415613 2.191592886575818
-14.024300729565258 2.8293307829988974
-14.686717774271013 2.080195508910636
-15.619171230227922 1.7189053866072208
-14.660834932613392 2.0045477165838452
-15.077563892770069 1.0955169284546784
-14.445643211830308 0.3204838627080422
-13.53693246333749 -0.09694250873202459
-12.784969854923533 0.562263252428539
-12.148171198740457 1.3332933889883423
-12.728861838515645 0.519169085900981
-13.403827113137462 1.2570185814315358
-13.689134738135849 0.29858258507195623
-13.054208764390092 -0.4739903939164384
-13.051051160162178 0.5260046208389052
-12.418340084787454 1.3003925695430159
-12.363404598891796 0.3019026635402522
-12.774174496241027 1.2136417114216629
-13.081375779446018 2.1652862730081868
-14.06212682584971 2.3605486221133454
-14.690726515895943 1.5828196013909739
-13.739306622101756 1.890715989308497
-12.7490940251388 2.0302832233424195
-13.33819938277335 1.222226989156784
-13.2216461174068 0.2290425469042915
-13.628624547983666 1.1424803154715821
-12.636319961264814 1.018659448180444
-12.90504446880939 1.9818765260216362
-13.78373045610907 1.5044763419797955
-13.845416863691897 2.50257192213208
-13.066781860016704 3.130049038090688
-13.9148371194236 3.659956838554411
-13.060103607629133 4.179023909187386
-13.642202171089144 3.365905675215357
-13.948832230589675 4.317734444800886
-13.001240473178498 4.637218186619462
-12.549610930241062 5.529423743621951
-11.624101983030334 5.150698000328881
-11.100424163529842 4.298781606917409
-10.11243670672605 4.14424751618538
-9.222996115631137 3.687196714946907
-9.309337723085715 2.6909311244429697
-10.20232545765169 3.1410121237250177
-9.437481156293801 2.496796946412063
-8.909729396808032 3.3461956044988743
-8.213707543311298 2.628175006288091
-7.972271349943903 3.598591702626454
-7.177344656493511 4.20529719299227
-7.645399306961998 5.088996714421824
-8.52380413582323 5.566914025923791
-7.523929857571178 5.582770497471326
-6.816602073650911 6.289656206829242
-7.502923280190672 7.0169547710061595
-8.199452478914264 6.299426321866009
-8.896373752796698 5.582278681550512
-7.927541142173839 5.829994996301266
-6.932724865990363 5.9316836222160845
-7.921996490682479 6.077771447099006
-8.57322126468581 6.8366563485987735
-7.749027651972097 6.270348226847091
-8.71651061070597 6.523284433348943
-8.069078455934443 5.761161342918076
-9.013653938272151 6.089455659296665
-8.896392277446305 7.082556713016962
-8.142671273659472 7.739751241638869
-7.145313798594899 7.667100935838963
-7.336543779453258 8.648646194306911
-6.336635144293901 8.662163639840413
-5.350736757283713 8.494818575704334
-5.758190872496601 9.408044256462427
-4.964818553014166 10.016780950509254
-4.446800301945135 9.16141138619253
-4.272095671182812 8.176790498748941
-3.474855905821009 8.78045328253295
-2.4748622956186237 8.78402813279548
-1.631171004583007 9.320856788355757
-1.9255179008911092 10.27655543575136
-1.4103890885382229 9.419442662142249
-0.42578632145836826 9.244635937275344
-1.129622316158129 8.53427342942108
-1.6405465244264406 9.393899192998115
-1.3195432027285956 10.340977261300274
-1.226627933032089 11.336651280574266
-0.4140889747596501 10.75374439153491
0.5451266548076148 10.471069001743235
1.200092226083541 11.226727721300682
0.3772913229285191 10.658397998545237
0.40488678796344124 9.658778825905223
-0.4638490974757844 10.154054467694849
-1.162828196568643 9.438912370604113
-0.3939330221583007 10.078287229953846
-1.0004737150530127 10.873339673420817
-0.5148173865412966 11.747489506445179
0.4002149053358993 11.344108910950098
-0.2502036290591103 12.103684930921403
-1.24698859237914 12.183808191583257
-0.249800905662242 12.108863428856287
-1.0633355528956367 12.690379875528981
-1.979116387093209 13.092058184274174
-0.9987853086727874 12.894698166329675
-0.0762834550437449 12.508705510893098
0.6571479063371826 13.188469027230154
1.6423791589645091 13.359698051774442
0.644193692665048 13.299483644291454
-0.3532335548629424 13.371169667257838
0.6315173760090663 13.545139791551385
1.6303438707660298 13.496708052252476
1.0672876630022188 12.670289449546416
0.5800953992344209 11.796994712287106
0.5925118678637936 10.797071799604945
0.05040211383037363 11.637379490026628
-0.8981215385520221 11.954085790676237
-1.886042735482486 12.109042909439717
-1.6528661595252423 13.081477320814004
-1.137641320541942 12.224422266984536
-0.972003856226558 13.210608978725862
0.027618769768180784 13.183138893189366
-0.6446486518843406 13.923447284189137
0.31044728975589664 13.62715057097357
0.32212424426021186 14.627082393016204
0.23625057909794778 15.623388427140057
-0.48103458282982825 16.32016816025393
0.49785311953085454 16.524566952244058
-0.03153579813081764 17.37294621522554
0.9098629678869742 17.71024187683443
1.9098606173667023 17.708073689799416
2.492088307687477 18.52109946837211
1.5918252900364998 18.95644588107119
2.5917953803771256 18.948711643929748
3.4741186134262865 18.478067710130876
2.5925752190207927 18.005964708890637
3.4824284381685553 17.549717792876553
2.8233271951350125 16.797663571804936
1.8799407024400763 16.46596804063102
1.1730107731140396 17.173251629457372
1.6710483629909998 16.306096188334184
0.710677615468543 16.584821908896814
1.7106416004911855 16.576334939023145
1.7356141432859116 17.576023076447193
2.1499210786748213 16.665885854217134
2.696088141882833 15.828209580787632
3.6924250849373115 15.91372388312857
3.728709281421721 16.913065394867917
2.807088634603152 16.524973416906864
3.804196165696117 16.448969657541344
4.279384903052162 15.569085765263523
3.63904758660708 14.800991942109144
2.8384814874673143 14.201747483721634
1.9919155314614483 13.669463647660578
1.0686483848744825 13.28530511784097
0.07428725776849443 13.179258199448643
-0.718583053027837 12.569867790714039
-1.3469373045585233 13.347795123170812
-1.8867103017595828 12.505984508191062
-2.8863086844159844 12.53432305774297
-1.915276734468654 12.29537337228286
-2.9149174566295746 12.26856989121056
-2.0226967473912785 11.816970283143512
-1.2724214342712985 11.155844762139584
-0.284139487308245 11.308484184658527
0.0022197112771175087 12.266606519950606
-0.9948523761706793 12.190139190766876
-1.4636699541338074 11.306844178558165
-1.77803657143325 10.357542524747478
-2.775662460813244 10.28867609723177
-2.42912748765272 11.226713150005612
-1.5886650460136837 11.768582953735391
-1.059175392433637 12.61689934916323
-0.11741658975327296 12.95318844737197
0.3136647115546852 12.050875357772446
0.3391141047324336 13.050551469514087
-0.2700579548036595 12.25751338601459
-0.8147373269303697 11.418869014674955
0.07630449314423304 11.872790235679371
-0.914001622618465 11.733888122365723
0.07708133329264588 11.867134415006438
-0.7199643573507358 11.263215407997373
-0.5931770861101198 12.25514533891556
-0.639436021985403 13.25407482133746
-1.4658642921261642 12.691032803090021
-1.0015179188477643 11.80537912042213
-1.6241832982437443 12.587867347363378
-2.5680549178428547 12.25755482002699
-1.5689736946156794 12.300411667728271
-2.1414307567000335 11.48047696784678
-2.320312757117614 12.46434750299183
-2.105129338450898 13.440921154249585
-1.2502648792655062 12.922069772424628
-1.493817754939353 13.891957393106013
-0.9918329656362496 14.756833841685992
-0.32813918369233386 14.008829454126012
-1.3082795843338553 13.810524650779552
-1.9885169967999206 14.543516507952244
-0.9908638085148795 14.611986325424562
-0.28473918965668765 13.903898744229712
-1.2295194246034278 13.576194139968523
-1.501001747085161 12.613750713797444
-1.5820306824527604 11.617038964276453
-0.9821672840280454 12.417141397237604
-0.002009596162752536 12.615360737662707
0.025947983925243456 11.615751627202211
-0.6929101739312504 10.920594847127983
-0.9047243758095083 9.94328489430714
-0.07371018521796402 9.387033678546238
-0.5306078266864293 10.27655295614541
-1.2054428137617017 11.01452161416492
-1.9789376395602667 11.64832422891406
-2.97715232551107 11.588596172256075
-3.5921908075212414 10.80009907927055
-4.489822747303856 10.35935323336602
-3.7493562502974798 9.68725996096173
-4.11396017443646 8.756097258474965
-4.904457862452009 9.368562282163722
-4.261454003599971 10.134425218661754
-3.9495977801857904 11.084554523502861
-4.705020545909686 11.739792224666386
-4.174915867157208 10.891860016547877
-4.6848003378952585 10.031617128463251
-4.199662519100906 9.157179425264529
-4.8113567522782485 8.366085141947057
-5.763681867494652 8.061000112933728
-5.7270354460504675 9.060328407237124
-6.6913583253753215 9.325057295745015
-7.534626403126965 8.787564087373925
-7.810033629531174 9.748891742049656
-8.200552709558403 8.828296908186958
-8.945869915384403 9.49500693713487
-8.954692787541333 10.494968014840849
-8.475527012251154 9.617243593515703
-8.337785126347352 8.62677543508371
-7.916461221906894 9.533685666334327
-7.129049431051406 8.91725832136839
-7.6353082138893535 8.05487670931985
-8.6320349000356 8.13572170374697
-8.557159328816157 9.132914588215447
-9.34177176844497 8.51292804031322
-9.286667919639813 7.5144474116343964
-9.213206047431367 8.511745437969369
-10.107468363155576 8.959288632170304
-10.763222245480872 9.714263364075487
-10.700632647998212 8.716224015008047
-9.947096151482397 8.058817939268955
-10.479723562456861 8.905167773013039
-9.520579991680648 8.622247977596288
-10.48720168300606 8.366040042787077
-10.206166678229213 7.40634252476899
-10.26006897084075 6.4077963100892585
-11.164548416567916 6.83431352223559
-11.187749408521897 5.834582701478146
-11.375338428540859 4.852335095439665
-10.444689664103153 4.486421338865015
-10.04350780979388 3.570422911042689
-9.12185709874793 3.9584434863070603
-9.808775443712845 4.685178092164426
-8.808841048121822 4.673723638270144
-9.668045797235308 4.162091740221528
-10.594384232197363 4.538784060175159
-11.592995548324389 4.591466498454454
-11.396374155342638 5.571945987185308
-10.53850398378644 5.058079497954751
-9.618792391939294 4.665484811513391
-10.098933271534808 3.788293420914255
-9.73513914199989 4.719772798740694
-8.892955230734009 5.258963172917479
-9.891196045394631 5.199673410346712
-8.997451813377495 5.6482503243047315
-8.178290056836932 5.074687758736354
-8.963003032442778 5.694547053992801
-8.595441337795595 4.76454791387057
-7.61871589146398 4.550054551529665
-6.810498312501272 5.138938534208477
-5.931784353975745 5.616287231800079
-6.597212519947004 6.362749123615144
-7.515212934131637 6.759328547636164
-8.515059349257115 6.776854133524556
-7.517382398392413 6.8449768295465985
-7.115754051860214 5.929174082629004
-6.295276230333477 6.500852440084261
-5.3213370621862035 6.274043055912006
-4.584392816997422 6.949996589435678
-5.470697434555943 6.486893874161361
-5.2298841050218625 7.457465324554742
-6.166207747615784 7.106327123386527
-6.775698105526631 6.313533642324966
-6.29407289245626 5.437156352492032
-7.287563481944212 5.551070568456861
-6.362815734198067 5.931651181518578
-7.321479827174816 5.647110926304894
-7.81709731766537 6.515651830994964
-7.70017548979243 7.508792951967633
-6.712733797219716 7.350809080103659
-7.68959392682953 7.564688221626853
-8.017782246790215 8.509300537151791
-7.747082229825751 7.546636784424267
-7.276501958534869 6.664279595825569
-6.424530564354994 6.140691261827188
-6.619499082745315 5.159881761038843
-7.615993800006306 5.076226047121999
-7.570419796938236 6.075187012447647
-7.550172250280088 7.07498200986178
-8.215898184850893 6.328785668380647
-7.557577543766917 7.081523294331936
-8.556920541283377 7.117766546322025
-9.315912624510563 6.46666669407319
-10.078384628771001 5.819645486755324
-9.403407494880243 5.08180683994654
-8.476382605897317 5.45680664688808
-9.059929706344773 4.644727351770069
-8.133799570874185 4.267523199919603
-7.433045311610063 3.554120460842165
-6.978230187680476 4.444706337130867
-7.7617607779050415 3.823353125034603
-7.565072151546 4.803819128657877
-6.570041561646403 4.704249428627904
-7.418503086877468 4.174992364241821
-6.666294367415067 3.5160674501850417
-5.847888525878668 2.9414267985260265
-5.95419040011619 3.9357607019677174
-6.6495552195544105 3.217103782507778
-7.4916163925521655 3.7564858186654955
-6.825494793090235 4.5023289755894425
-7.776308603875914 4.192566006176998
-6.8007060744105505 3.9730216951580504
-7.434495143763541 4.746527619872704
-6.916347742749243 5.60181895668264
-7.817453736242367 6.035417836398409
-7.541264094776301 6.996520995246015
-6.585419372233035 6.702648801280362
-5.642980488333494 7.037027254704304
-6.544607967299951 7.469540710185855
-6.816613082723404 8.431836515634197
-6.4321036237726945 7.508715463996097
-7.262257953015994 6.951181797175333
-6.906939418272128 6.016436516969291
-5.945389132941334 5.7418075877206265
-6.936887477914265 5.611688288937015
-7.071603838709753 6.602572491119096
-7.905830925596106 6.0511514473557035
-8.48241876632104 6.868186613017598
-9.440943509281261 6.583177284866678
-10.39193501638337 6.273960284332003
-10.52321647824244 5.282615148785283
-11.471282105050848 5.600689931288362
-10.621660936678175 6.12808339944383
-9.703388143183599 6.524031725273941
-10.698897775937336 6.6186920183989875
-9.924509446217584 7.251402627440635
-9.4803133644446 6.355473031469206
-9.212742075596374 5.391934965078418
-8.333369228161109 4.915801165402744
-9.215680616843082 5.386467303341399
-8.920885708988182 4.43090675460426
-9.891655718322692 4.670918398023229
-10.882249858502881 4.53408547274327
-9.882309007009706 4.54496175497135
-10.28680241289251 5.459502669636916
-11.203236552213403 5.859688211963441
-10.91176161539944 6.816266677751426
-11.420139131945405 5.955132367280314
-12.244830034532383 6.52071606152041
-12.977561111772262 5.840197752841735
-13.125212884885753 4.851158343163616
-12.446723284510986 4.116548336300594
-13.226064527774934 3.489948602381241
-12.33990134375362 3.953321898207843
-13.116843810467739 3.32375029511874
-12.900925252649856 4.300161671737143
-13.68736685844141 4.917826306211227
-13.182111882329204 5.7807964152612765
-13.608093472168443 6.685528245760256
-14.531043236627317 7.070448669075661
-13.58798828648894 7.4030856499113815
-14.49583432192743 6.983781970057966
-15.495834282837423 6.983502363164924
-16.461586522815335 7.242968374383434
-16.910773327777502 8.136406236939012
-16.06035874417238 8.662519376854492
-15.198915731050228 8.154665130891118
-15.848060161350647 7.393999955791098
-16.20762226439826 6.460878798570891
-16.915157578857183 7.167556786620267
-17.762727793294165 7.698240055245963
-18.722772765023336 7.978085820369428
-19.722543976772567 7.956696006029946
-20.58042179076754 7.442842275620987
-21.23655651487968 6.688198502828627
-21.110508410925693 7.680222633326269
-21.55289519972204 8.57704699132423
-20.630661923192754 8.190413077056407
-21.28200994494171 7.431633955991704
-21.447167470151747 8.417901157041447
-21.05729554928702 7.497032064650327
-20.71914304293006 6.5559407394089835
-20.871695182377195 5.56764531558567
-21.660301004755862 4.952746253210008
-21.163867782676576 5.820821167037137
-20.837672805786436 6.766123677904235
-20.202038649126216 7.538114104585065
-20.73992233367156 8.381133168367091
-21.6268851788351 8.84297395402748
-21.100971558190718 7.992435969208037
-20.29672512048667 7.398140026566371
-19.90356182793721 6.478671361851979
-19.08277361083283 7.049903978797664
-18.21822945253309 6.547347117985085
-19.112249446624695 6.099320053886893
-18.661333820057603 6.991886632757964
-18.75516680441754 5.996298680316741
-18.168102883361094 5.186758099126502
-19.01589869778132 4.65643531340865
-18.31452922403596 3.9436374028490304
-19.206030023890392 4.396656523702564
-18.748075552741145 5.28563217148737
-18.127883878343866 4.501181862667048
-17.74261466518222 5.423986085343671
-18.260375315123042 6.279511601837983
-18.339428017823057 5.282641163819169
-18.29707515286423 6.281743878673742
-19.008748746989138 5.579233597307458
-19.510509743325773 6.444239899339568
-18.805901939176888 7.153836857008136
-19.778600049194154 7.385910954590874
-20.64752144753897 6.890960852561902
-21.598793154247772 6.5826069325036025
-20.995229913727965 7.379922061353688
-21.06866215491681 8.377222269893716
-20.173763453207318 7.9309529412605855
-20.467276914915875 6.974998001006674
-21.451481812553606 7.152031103747107
-22.4044549301703 7.45508594548358
-21.68047353590095 8.144905444158276
-22.017546429737067 9.086383996352083
-21.023550030196354 8.976971210535694
-20.15240382917649 8.485947487637652
-19.196672448415487 8.780188082778213
-19.60737137776859 7.868417064688575
-20.043777611266037 8.768166807319588
-21.036337003242217 8.889928268381281
-21.605592091457538 9.71208922862019
-21.81629540368223 10.689639285761789
-22.77724376370494 10.412911532600566
-22.106086918508154 9.671596154947103
-22.854619624420767 10.334694027194587
-21.90799569123312 10.65703411020684
-22.903594862140796 10.750747987983527
-22.426908902691522 9.871674330054951
-21.502065274602373 10.252021886354317
-21.728060933162915 9.277893577397132
-22.172634892554516 10.173635724798311
-21.177838212032164 10.071755577459827
-20.22586569546958 9.765572090463055
-21.22535291930471 9.797592230849105
-20.98726173538231 8.826349424884278
-21.977103263046992 8.684174356357994
-22.977073738395607 8.691858654052947
-23.471635010068116 7.822715887551567
-22.921906284706804 8.65805912749107
-23.917532140772675 8.751489073081885
-24.78823837436995 9.243292544780537
-24.25926858905282 8.394651886891964
-25.045758706560054 7.777049024962507
-25.681553369689215 7.005190782578274
-26.45699144671671 6.3737671619432055
-26.92679256477742 7.256539448248631
-27.48959739909948 6.429949635546034
-26.50413916976396 6.599867492862158
-26.799663725230506 7.555202636733825
-25.810655630171834 7.7030640174537925
-25.65974019833671 8.691610694365924
-25.13413849305194 9.542341466938387
-25.896812889889 8.895558841623492
-26.889640411124347 9.015114322793014
-25.941573247434377 9.33318452437257
-26.381085930161305 8.434948140271937
