0 0
-0.7209854054169965 0.6929502472585526
-0.7083844513937628 1.692870852085608
-1.4061979326645568 0.9765913358653441
-2.354118952160498 1.295096815877502
-3.1863227182020575 1.8495667355180954
-4.000118036148329 1.2684151369754029
-3.7239097098668497 2.229512926221005
-3.002479134131013 2.9219996946097297
-2.2324715356402884 2.2839649790443874
-1.5051894792686076 1.5976262795091074
-1.1422165583271697 2.529425967566171
-2.129881044093452 2.3728409633160035
-1.8873626152599485 3.3429877623501127
-0.8877090324024378 3.316668296547365
-1.7819201936504783 2.8690229021787523
-1.8311346734143958 1.8702346688772347
-2.718359560620157 2.331571855241746
-3.6938471805669595 2.111517536196373
-4.675249050410141 1.9195530346125989
-4.147635458042605 1.070068545555251
-4.279768372336921 2.06130055319024
-3.2808735335103134 2.014299479100756
-4.275134598166495 2.12128048353031
-3.9512394299711797 3.0673734599442186
-4.933216326847245 2.878372470524446
-4.516381442769576 3.787354692251557
-4.293622185794485 4.762228178111084
-5.199920560275237 4.339589731665963
-5.8665250743162085 3.5941781528316916
-6.114263242073829 4.563005175698053
-6.625863114107772 3.7037813568156546
-7.515689117459942 4.160081349976189
-6.627905715527206 3.699819868584648
-6.298752355708711 2.7555433912115235
-6.367730581413152 1.7579252255896924
-5.407754766677577 1.477842318002013
-4.605539480553198 0.8808074490802886
-3.9106368313158177 1.599911271961846
-4.910589407054096 1.60965017715614
-4.124753708926409 2.22808550566525
-4.003315352516576 3.220684480877535
-3.5128024396192634 4.092118403949729
-3.650023773963529 3.1015779931633847
-4.523940104840115 3.587654372580452
-3.833854164753456 4.311381804211112
-4.650235460980266 3.733868532354063
-3.712820562806163 3.3856540744674954
-2.7376119448350282 3.1643665885248207
-2.2772932421411753 4.052120322366728
-1.4144894459020754 4.557659251822609
-1.618641370702194 5.536598469343496
-0.7348497236905399 6.004479142883692
-0.2875491435677853 5.110095449482562
-0.5037940445421178 4.1337562959080465
0.31604395765633697 4.706351833920042
1.295564337036481 4.9076968770151685
1.1172256047347546 5.891666031288316
0.19586369988498176 6.2803718844621494
-0.40729787748048485 5.482752857864863
-1.3961686956966262 5.631529552546991
-1.8187942971267603 4.725225188099915
-2.4384878475874006 3.9403813160352312
-3.2886498318374793 3.413860090882846
-3.074697191816472 4.390704125428813
-3.8046078081970887 3.707161520981315
-3.001143158366089 4.302513985049408
-2.0723371740156313 4.673080367003812
-1.086258349981618 4.8393589067848
-1.906855375530733 5.410866143536834
-0.9242502639729564 5.5965734259479705
-0.9585635082360717 4.597162298699459
-1.9549341902947919 4.512042007735196
-2.2319742387156363 5.472900380010203
-1.3695653866096058 5.979112758176877
-0.6768418777894665 6.70031601685498
-0.43677360596191267 7.671072023718564
-0.9954558795329311 6.841690255654232
-0.36886430610410237 6.062342451328086
-0.5139893308182393 7.05175577608257
0.45717193918435906 7.290179322836955
1.075744196469467 8.075907241723133
2.0472042017958465 8.31311065243063
3.0261977041930423 8.109219205174814
2.0640338152623148 8.38169058135532
2.934780578109298 8.873422291733549
1.9986615504207061 9.22510562372323
1.5041354225287795 10.09426838686499
0.5205806205110111 9.913658444093866
1.5201357120683674 9.943484924639934
0.8803313326130432 9.174947120735801
1.1077780650526583 10.148737644361155
1.8478311356593342 9.476189168275134
2.6461894962113606 8.874006531414288
1.939769775760043 8.166213356427779
2.632750478329398 8.887169489536086
1.659416643980923 8.657776274918707
0.6762379749625449 8.840422667675996
-0.27778094365842176 8.540676270010767
-0.09527508404566654 9.523881035665923
0.6659224794403384 8.875360974801982
-0.24183815603229952 8.455872442555494
0.6462298142536083 7.996160271569922
0.7666370250170242 7.003435685596464
0.06664268854394528 6.289287291419446
-0.6417280967599504 6.9951278049406955
-0.8714424582211575 6.021869713713877
-0.706476946712034 7.008169049621863
-0.10964382178889265 7.810534440821208
0.887463476017963 7.734527620993574
1.8860563158105517 7.681496117950822
0.8975917395573794 7.832948359573837
0.4876147929511348 6.920852474673889
1.2424356935019951 6.264921527018887
0.367543110438999 6.7492385390072736
1.0251903911976379 5.995912544426728
0.7904910208996319 6.967980549034286
0.7126358115775118 5.971015872437663
1.3870848354112488 6.709337289064405
2.242276236588811 7.2276496151304155
2.4177389821533426 8.21213568660068
1.577462837275427 8.754294335290442
0.7191192722055814 9.267369694573256
1.7185065848319048 9.23236970369418
0.9044237515206087 9.813118479420702
0.7156104661329894 8.83110547377305
0.5661890873975789 9.819879083643787
1.358556933795144 10.429922685360324
2.2862764744632007 10.803200670061607
3.006137670787834 10.109082626767767
2.7800456016795123 11.08318856365878
3.640945850630811 11.591962345761978
3.3692152034678045 10.62958900064462
2.40380191547736 10.890313344294153
3.380683314894566 11.104095316108154
4.0764459833411815 10.385823564473688
4.264320196898112 11.368016661517423
3.942200641190296 12.314715658997931
3.400940229831226 11.473860637549281
3.3502621351377333 12.47257567734704
2.3688547573109338 12.664512017697495
2.2860097908238974 11.667949570317623
1.360259758077449 11.289813514287587
2.316816894332114 10.998268586222848
1.3486722767501411 10.747876894174059
1.113420922579782 9.7759423282896
1.104760600279926 10.775904826995259
1.5102121111437556 9.861788274066564
2.5046013063782233 9.756004870826985
1.506644783098531 9.81990148766629
2.025709573807999 10.674636384020554
3.011872833644122 10.508859350178737
2.8741046865549027 11.499323856179634
3.7366328759290885 12.005332870461878
4.724054277015887 12.163443517401873
5.3097652246399 11.352923507881206
5.924084459956827 12.14198109584271
4.9414025796258745 12.327281722040311
4.786507520127872 11.33935079300574
4.065007420309372 10.646936461870188
3.2249528441080884 11.189438359565747
2.4185855648623056 10.598023267636437
1.8430001177534914 9.780281625626843
2.7780984228457366 9.425893194927406
3.7766640424683793 9.479434798448853
3.2676968401182718 8.61864888608045
4.196986740088287 8.24929772280393
4.319510511186659 9.241763301812005
4.943409511101255 10.023268284461231
5.893173412963698 10.336235584221171
4.900094493092488 10.218786621231153
5.307558908050446 9.305565535982367
4.456849706151782 8.779928918341492
4.349944216586019 7.78565973129972
3.8337675404174387 6.929177601317106
4.361001706557497 6.07945756856832
3.4730234656055754 6.539343036479551
2.7221908869354787 5.878850463616227
2.199426907637638 6.731327924871764
3.1173766648504557 7.128024588877058
3.579889656409268 6.241412084657025
3.0775893643252172 5.3767188346704895
2.3366807561537573 6.048324697016427
1.7816069634135958 6.880125805823726
1.2164389281661123 7.705101618762807
0.5504132191445285 6.959172831999421
-0.2667713587726189 7.535548894665432
-0.34011147296598027 6.538241906998092
-1.303724160307201 6.270939477538443
-1.2440989490306718 7.269160311913397
-0.27906692763304686 7.007028288541177
-0.7947159086664423 6.150228353691027
-0.8312315278015536 7.1495614360810675
-0.7433502906055894 8.145692395417694
0.25534240594521995 8.094575882859882
-0.547526833638889 8.690731050689227
0.3376930786938943 8.225558279764767
-0.6573426251246968 8.126039697950912
-1.6087070340036083 7.817971910737644
-2.323728968744373 7.118869891830838
-1.3517414112601096 7.353902204706697
-2.346201610982712 7.459016005740061
-3.0655609262983945 6.7643778441994264
-2.2212689860370647 7.300261338636192
-1.2636618390541154 7.012184001715745
-1.6949538502574029 6.109971609275792
-1.0145407112380327 6.842800347965677
-0.24921984729676616 7.486449301368223
0.6082876245903442 8.000920812394613
1.1935819173156061 7.190099875995437
0.3699527147301269 7.757228553323967
1.369768688686505 7.77641235434616
0.5103611079519585 8.287703475113961
1.4398674433386462 7.918897330268176
2.4398185424151153 7.928786691003938
1.4817652863572577 7.642196463401988
0.7156522422488071 8.284902308751851
0.5392608101374964 9.269222410485897
1.3924411811736772 9.790838413383206
0.7334380305400529 10.542978591445086
0.015964807066667253 9.846392506600788
-0.48973459928649143 8.983682757951764
0.016249860476609257 9.846225351959875
0.9793038699521267 9.576917025253978
0.33253906414498535 10.339606533487343
0.17110340033058505 9.352723294978954
-0.8287443912172079 9.335276411675586
-0.7928103947251852 10.334630577072474
-0.7467884997347553 9.3356901458247
0.10381875211275393 9.861491727321397
1.0964935988673319 9.740675136487294
0.9707752576234432 10.732741111448075
1.708884761317688 10.058060179039106
0.7434644932316651 9.797361682747487
0.11971232428813439 10.578983862408634
0.819753541513456 9.864881422848532
0.5177557261947093 10.818190040003913
0.4942230436122293 9.818466971924321
1.0510043204470327 8.987807830178319
0.5811554037505512 8.105060983410151
1.0726360209273142 8.97594949690631
0.0739793458483341 9.027764989958063
0.5777131808975341 8.163906075883187
-0.10466310529974421 7.43290497873243
0.7363248177493404 7.973958870027546
0.5713476124083334 8.960256249988515
1.4337536817527425 8.454039130999117
1.04767136376673 9.376503462959192
0.3537684702212215 10.096572052976262
0.6512714975120388 11.051292927762605
-0.25253144777701375 11.479241798641866
0.39728688868396056 12.239331352312412
-0.06855917573949882 13.124197129852245
0.9017753969427815 13.36596316770185
0.09069225201544717 13.950894045682132
1.087557574613097 13.871776862957496
2.0719778483505324 14.047608386452893
1.9029037203300012 15.033211724126877
1.76039195208014 16.02300483175609
0.7620848392309146 15.964842056421313
1.510535492237167 15.301651570953892
2.1476554452151104 14.530886908091496
1.9038260155704045 15.500705040134374
1.6441752016138673 16.466407610707584
1.8886440480866034 15.496750463513644
2.1023641330947713 16.473645404264236
3.01430795632454 16.883960482311668
3.983671445654583 17.129591151312678
3.0123033687639538 16.892011566335768
2.0883288127475907 17.274465511059006
1.616686998657678 16.392675287024982
1.8385605799876588 17.36775072713606
2.0104133989068984 18.35287336347608
2.432850070392558 17.446480921658452
2.1371381973166197 16.491203742970548
1.3308921778426042 17.082784131491252
0.8929539304839131 16.18377907505364
1.8871098848488166 16.075825666581242
2.4648811216963327 15.259626917579695
2.9215334808308553 14.369981694529026
3.2748693311488974 13.434485154246794
3.41518560195502 14.424591887961428
4.404978476913133 14.282078503740317
3.8752009773031992 13.43394183968962
4.530529825890595 12.678598142946795
3.6710934045104358 12.167355502310016
3.094662321258976 12.984501270371963
2.9381781060612986 11.996820810712075
2.783923237167363 11.008789720400381
3.403484923953113 10.223841749979924
4.318093774481703 9.81950197882852
5.240214967822802 9.43260082247048
4.6665129675368116 10.25166493160227
5.624485203107951 9.964803996871112
6.60102513041353 10.180140408975555
6.892762662062213 9.223641996730384
7.408160181795683 10.080593218593442
7.412032759114236 11.080585720137785
7.636860399460197 10.106187171218265
8.0323408189719 11.024661579017875
7.082279397237129 10.712598612725323
7.674938925456483 9.90714552060213
7.413724690204445 8.941864668569059
7.950861801750375 9.785359614256402
8.924475408102849 9.557156753789382
9.06703070388622 10.546943593287724
9.825042841141196 11.199184039575858
10.644544891218914 11.772260290975632
11.436981908550862 11.162306543907835
10.443341173920862 11.049709516931301
11.373133247944335 10.681624337817649
10.728192728194653 11.445857107322471
9.889497965258363 11.990458883506903
8.921767295641697 11.738472076147312
8.985129750304248 12.736462656934092
8.75457531770017 11.763403227296513
9.601860127528024 12.294542051931819
10.5043317748313 12.725291312887322
9.901362853178219 13.523055989668965
9.394330545749426 14.38498303949594
10.054286337764802 15.136287473520763
10.92986106780286 15.619370170497982
11.913231525417357 15.800981136827257
10.914767095222036 15.856377721873026
11.31214366749076 14.938722089398642
11.494085164699738 15.922031446413694
11.740625387353939 16.891164006290627
12.54601716544809 17.483906854225836
13.535985139749739 17.342614922902463
14.445897012612592 17.75741654250298
15.44027987006237 17.863259505471788
14.62759446208149 18.445962197807212
14.066149450214947 19.273476245210745
13.099964090172781 19.531324747320394
13.872329392728092 20.16650333591469
14.702073486783078 19.608359323691257
14.757936681961521 20.6067977561569
13.782146868145706 20.388087355733656
13.368432861530957 21.29849425417565
12.533475415526155 20.748179741045988
12.812440075049276 21.708481109751222
11.971944598770841 22.250299671961383
11.490887003259784 21.373610679329946
10.571370996597938 20.980558121148917
9.719476449884723 21.50427147908462
8.837675073336522 21.032650516533444
9.20933839122224 21.961018104366076
9.932592503264715 21.27043611110702
9.125216957166838 20.680398207610004
8.53680437195458 19.871837369105055
9.517619977771837 19.676899565215386
10.168024206745141 20.436487834565067
9.229858667068434 20.782674807403613
8.298478662077049 20.418626340434933
8.548088241467518 21.386972899202256
9.07697442631555 22.235665660734302
8.420565873329068 22.990071262228746
7.693540540325645 22.30346062644507
6.693783181554949 22.281432835274803
5.707812987712188 22.44835430439627
5.707515085716255 23.448354260023468
5.6580893802255146 24.447132062959007
6.457482815080859 23.84632415995658
5.4577542751676535 23.823025093816284
5.060745124622627 24.740839745248433
4.0616421914611225 24.698492030456745
5.044545957026556 24.882612066404196
4.0810327997257145 25.15027303798609
5.080773768471417 25.12751352543847
5.952446358039948 25.617602187411883
6.282605635604988 26.56152742356024
6.415922119206293 27.55260094010691
5.418594336200899 27.47954415913796
6.396040996338714 27.690726607711298
6.971042307383982 26.872574120520664
6.788547534977083 27.855780944156542
6.449363901046824 28.79650112703446
5.759273646779852 28.07277780906982
5.082132751946199 28.80863119701057
5.857424695942756 28.17702815587315
5.771275404511303 29.173310394792352
6.369752465693278 28.372170452435846
7.3435173854123175 28.14461412726651
7.024021476623017 27.197026472077347
7.990744051033234 26.941199452148485
8.009767803370089 27.941018484197297
8.45025065923522 28.838779506791226
9.448002966225271 28.77176955308261
10.446469588710709 28.71641249587648
9.56930134275374 29.1965956570606
10.560875631178506 29.0670563559396
10.034929855998078 28.21653825409234
10.790277869095062 27.561214380644685
10.488593357466577 26.60780656892743
11.252591406568488 25.962588016056795
11.42442112342488 24.977461349883836
10.473105383847049 24.66924330428708
11.183076999793926 25.373473596556433
11.012215513419099 26.35876865514233
11.67141637232902 25.60680174921334
10.805327352212421 26.106691546302127
11.206301638665007 25.190602237553335
10.92518462498742 26.15027573652108
9.92736821054836 26.0842272461827
8.930825596634328 26.001144042986212
9.700061329511433 26.64010913378932
10.457306550456627 25.98697846129287
9.476546031492655 26.182193226209666
10.089676771283663 26.97217467910798
10.426902740790295 26.030750945877127
10.523664881677158 25.0354434114482
10.010148646368746 24.177363534003987
10.765101842818087 23.521584858557063
9.772074049247708 23.403704405568682
9.500000356805785 24.365980824214084
8.581941113938782 23.969537604337052
7.667529481533299 23.564752023416066
8.628967871064336 23.289731618471336
7.985910682768575 22.523913459518997
7.031354464378651 22.821944373910657
7.656180645554459 23.602708258396394
6.675080913210355 23.409205505975848
7.670767758891534 23.501983226024702
8.620508339787941 23.18894516284619
7.869673551511515 22.528455101820366
8.034738918142358 23.514737731059586
7.180076619732124 22.995553413426496
6.205185037486554 23.21823345938196
6.85971753362081 23.97426732866578
7.6352596462095095 24.605563163913768
6.867387650838159 23.964959855520483
7.312755134800747 24.860307723239412
6.3852687227411655 24.48645085832338
5.390328564968619 24.385981547329724
5.817647215755285 25.290082631661484
5.447873028270064 26.219204286919634
6.278886725108284 26.775456240324992
6.94313441836657 26.027943697285718
7.743984942299058 25.42907940688508
8.524822789072852 24.80434565796026
9.524776315081619 24.81398649934646
10.271684546736727 24.14905936537926
9.317811618283578 23.848848712063607
9.621144133101714 22.895963941771782
9.06594087346955 23.727678640748433
8.075925298666512 23.586720626973378
7.359538266405037 22.889017523921947
8.161058046050073 22.291049261521863
8.066946630351268 23.286610932858785
8.911208587355945 22.750680202302465
8.665181891049464 21.781417149924774
9.109771240363338 22.67715165884841
9.992206742222931 23.147585060147474
10.874559964525346 22.67699735196488
10.200619173089256 23.41578271297205
9.511460595576322 24.140393267021842
9.733053739354272 23.165254057149422
10.231507434771709 24.032170381557204
11.23071116619917 23.992271721160634
10.938037562582354 23.036059317065213
11.711990481744724 23.66930246066808
12.419321814339895 24.376184619113985
12.80753420785883 25.297754550002736
11.926640355237435 24.824440679073692
11.740187061998485 23.841976853052422
12.738480861588064 23.900367688814555
13.390754654102247 24.658351131641087
13.65808325454166 23.69474570441109
13.514674517278564 24.684409250307677
14.39078640837627 25.16651707463456
13.61087235249275 24.540630451167242
12.640172900500723 24.780927296553063
12.642591345306545 25.780924372111148
12.284383646295286 26.714566297245756
11.828820096339449 25.824363032843948
12.620319376193919 26.43553313190791
12.57224223665781 25.436689506181626
12.078638135026251 24.567002786234436
13.030965965823716 24.261926234056798
13.552014373585626 23.40839910691392
14.406290434205996 23.928218702784392
13.430017376457704 24.144761808688965
14.273305051457047 23.60729934749358
14.580972397010727 24.55879333301317
15.49778006278327 24.958122400300667
14.535262389590843 24.68690343195178
15.12593016293699 25.493818285904972
14.376596325565844 26.156010705199115
14.631923731047063 25.18915605427674
13.704200389679595 24.815887515712372
13.500464159833454 25.794913331841897
14.309444210470383 26.38274942946731
13.481851402680352 26.94407833883704
13.441057591484325 27.94324592486458
14.174279679422291 28.623235167249995
14.992339809370744 28.04810246622464
14.353165717267164 27.279040388116794
13.835567334048955 26.423416689467736
14.46508013087941 27.20040680435125
13.636741426543388 26.640179180167188
12.653347908844642 26.821665238441884
11.675834154194336 26.61079357256555
12.365179192944915 27.335226742395566
13.20677427984312 26.795117762921237
13.371214447670951 27.78150482244947
12.890508795430891 26.90462280307374
12.064890896744942 26.340393164212575
11.107247891820025 26.05243505073359
12.100727809105067 25.938427796791977
11.284180748405793 26.5157066701828
10.35115235481201 26.155903923184113
11.30122624174006 25.843878909158914
10.317579777542944 26.023988968490734
10.745234117640493 26.927931314769374
10.806250630005499 27.926068071541117
11.032089298071627 28.900232788622432
10.086095377445321 29.224417153048094
11.05636068320074 28.982373280067712
10.075390860529428 29.176533541213534
11.065065967721926 29.03320461111386
11.172448423984916 30.027422398164024
10.904487415085548 29.063992640626076
10.779712605936304 30.056177727694898
9.79488075866903 30.229689204572168
10.286295938531506 31.100614643975984
11.056459452013584 31.738461147847364
10.4290330768631 32.51713703919467
9.76456551897906 33.26445415027913
9.12897801843191 34.03648298986236
9.815484110716726 33.309358939059585
8.87953686581104 32.95721869036106
8.952679826364523 33.954540156750646
7.978749280002515 34.18138656043164
7.352544444207412 33.40172797898279
7.865011254179004 32.54302094589319
8.75457370289233 32.999834529140394
8.107108205609016 32.237739764804836
8.794180056501192 31.51115028531067
9.149131613207249 30.57626559060659
8.60454369931438 31.414969354781885
9.602952320117039 31.358575863074666
8.631469868358337 31.121464399992632
8.712343354567082 32.11818877474648
8.017841472228401 31.398697888474782
7.021384811528321 31.482805696355182
7.570005552976624 32.31887703425208
8.526920458308993 32.02850853741962
7.557604785793137 31.78268923993642
7.636000424919474 30.78576691409254
6.838908781042874 30.181908560451475
5.933180793493396 30.605767985933053
6.018573396034561 31.60211536683554
5.273072703713526 32.26862021884253
4.582196299057842 32.99159310456511
3.7340556353577967 32.46182200816739
4.666296207461414 32.099982933820904
5.650104000258092 31.920756186842308
4.6741435309309 32.13870380052653
5.577979154758237 32.5665836494335
5.855642621172379 33.52726205525872
6.341174189353394 34.40148119043003
7.26202365971343 34.011562925998064
8.241186486376208 34.21463965751047
8.863142049294508 34.997692195821266
7.961905850401795 35.43102037838665
7.33299712967483 34.65354123333286
8.315579526260128 34.83936866381795
8.798427971735656 35.71507259706358
8.634806227140148 34.72854944746418
9.17086541890771 33.88436905032059
9.435867056880483 34.848617012139414
9.612742746586111 33.8643838129477
10.577537718641418 33.601380653467054
9.643767705696686 33.2435069845206
9.228625054542782 34.15326331409073
9.636180195591525 35.06644391342732
10.406587558608818 34.42889195867482
9.413087770164415 34.54272591828672
9.988508483772563 33.72486834978797
10.66531300832561 32.98870557190218
11.392672885876504 32.30244934531538
10.499618560485237 32.752398200075504
9.962573825308928 31.908844436276535
8.993151315634522 31.663446804387842
8.32756261475116 30.917128051269312
9.327546620217225 30.92278391654771
8.630547081546375 30.205712341952385
7.672136099106489 30.491103982927754
8.596986621836683 30.871434773957994
9.572893469165818 31.089622366034416
8.94049941630743 31.864269228746284
9.841306012585521 32.2984897673
10.344660994091683 31.434410047255064
10.753375964356817 32.347072127699505
11.695900257987663 32.68120975789951
11.870960444766892 31.69665202419121
12.3348341039972 32.582553389057686
11.56205609138765 33.217229797337716
11.496960386852656 32.21935077197888
11.963653109777068 31.334931243491752
11.151699363323353 30.751209465912936
10.519447839505116 29.976446269426734
9.705992569972882 30.558073748549102
8.71947127385677 30.721706667943057
9.71871803487936 30.760512731720038
8.760640492731527 30.474003703534244
7.780282983809259 30.27677501723399
7.221992445528047 31.106420528802442
7.471139008888492 30.137954736961717
8.013433360471174 30.978143308796348
7.705538990549286 31.929563855647427
7.518393528381965 32.91189606828742
7.316257646103918 33.89125355414009
7.2846943973266765 32.89175179760005
6.285059346628268 32.86473762696333
5.627033508568236 33.617732976514304
5.629801978619869 32.61773680873486
5.912334241856877 33.57699460527872
4.9835295249852924 33.947564164089336
5.659101996134656 34.68485775298398
4.905613644288384 34.027396496610656
3.9110417127303734 33.92334519696972
3.1422779938939853 34.56287810824235
2.809729997796846 33.619791775878355
2.1495007217596984 32.868727662061524
2.436654812350183 33.82661206440721
2.2011275390118925 34.79847980412997
3.116274645127037 35.201599853456564
3.30766145472471 36.18311454469252
3.403375337756208 35.18770565755366
3.0649188585709704 34.246723611126875
3.622299397441041 33.41646646126973
2.7115732999612936 33.00345559534813
1.9610966110380224 33.66435251573947
0.9900600376668238 33.90328341197418
1.8637155007635002 34.38982850937146
1.120298313399665 33.72100051539091
1.178799170320008 34.71928787368991
0.46769672251536576 34.016199466214545
0.5672269626685489 33.02116492847475
1.5671448746401526 33.03397778601506
1.6075422775300108 34.03316147775535
2.0258150246122324 34.94148295666482
3.0251731980079404 34.977305313750776
3.3385996056605607 35.92691780681622
3.217391759428554 34.93429065727224
2.9438116015368787 33.97244145016753
3.4862151919338564 34.81255950444589
3.8591215008472806 33.88469050249973
4.3650370155643925 34.747273537325086
4.508247651174795 33.75758130544284
5.069402473349207 34.5852921641069
5.915913984643986 34.052921746779425
4.916683237649275 34.013705496826205
4.30021472080893 34.80108505443782
4.990210566861378 34.07727172737734
5.163460044138752 33.092393755939696
5.704906484173283 32.251658510708516
5.725653157245999 33.25144327532359
6.723450330332227 33.185104739153935
7.68677138285327 33.4534562805502
7.731143308988248 34.45247136160307
6.837081430939113 34.90041483819275
6.940954360602288 35.895005414502016
7.524622283419099 36.706997874981
6.587171317569196 36.35888052892211
7.295710338388337 35.65320889425294
6.308816518825067 35.81457986099671
6.595519031858028 36.77259952103537
7.556454254607547 37.04937288983976
6.785153207236135 36.41290239223302
7.726119131656447 36.75140369072363
8.302698700463468 37.56844469387727
8.635675097508189 36.625509532261624
9.137044983248112 37.490742586226354
9.6579151612636 36.6371066816077
10.268118070804615 37.429351851481066
9.83734483404756 38.331812054755346
8.964541965105168 37.843739158595426
9.59897259694589 38.61671896000176
10.195677340934905 39.41917983038798
11.19507932032907 39.38460117247554
11.177367760073585 40.38444431048936
10.860539755672967 41.332927318048014
11.80410275700674 41.00173422857603
12.80409141404231 41.00649718986054
13.706684040087664 41.43699289414637
12.848427852316405 41.95021440202805
12.010604976630132 41.4042722540153
11.258266416380096 42.06304891629235
10.268638736430212 41.91939288586894
11.230132101376618 41.64456474108744
11.79647144388402 42.4687369009717
12.581385206233822 41.84913187704607
12.80295824175972 40.87398809794073
12.451595357056892 41.810227449417326
11.86273839889136 41.00199018052901
12.605224826689883 41.67185128892014
11.61138654005549 41.78269108330651
10.611867872046812 41.75166799026022
11.606710066146817 41.65023323862999
12.108125280892168 40.78502645269851
11.84383598725643 41.74946990322815
11.950106740631128 42.74380713323474
10.953994045099522 42.655719121560296
11.949301039328429 42.55895142426922
12.191712935755357 41.588778000354345
12.632041783596378 42.48661456998102
13.261902767123498 43.263322456789346
12.354297462445802 43.683146956933044
12.053469438994187 44.63682536200794
11.497387482890245 45.46795282401098
11.02049112388537 44.58899328980711
10.066460381059702 44.289284528267665
9.067450201516627 44.244802383880156
8.100313032028305 43.99054720616667
7.364423630617995 44.667648962841376
7.628427118539048 43.70312723765033
8.491100593816139 43.19736595497505
7.572996546702061 43.5937054037721
7.5089178719050675 44.59165025366926
6.596235440538511 45.00031977721466
5.747856487749722 45.52970919197945
5.602925204167421 46.51915091489151
4.664360332800104 46.17404805741964
3.763851029970638 46.60888480324224
4.7623033794993 46.55327090461344
4.340370617181771 47.45989802977742
3.453128274758301 47.9212016454265
3.7115313015650497 46.95516444338037
3.7073180112127084 47.95515556743318
4.609398394512555 48.38672361776314
5.195787160150798 47.57669385563507
5.0425527820133755 46.588503982504996
4.111784675537149 46.954114064377286
3.379305699756009 47.63490371620714
4.294016222764286 48.03901342791663
3.4764515250978727 48.614850180069205
2.5692537931751493 48.19414568140741
1.9003016196122418 47.45084023309867
2.19438786951657 46.49506134778198
1.1981414017990166 46.58162332303842
0.9071463683832495 47.53834788660275
0.05850938725803734 48.06732357060598
-0.5879922410840569 48.83023617670908
-0.5986944387525021 49.83017890655167
-1.065846927926807 48.94600214149943
-0.5812031360051573 48.07129053476736
0.18887098151144688 48.70924496380679
-0.806065104234052 48.608735336002155
0.189160246239776 48.70633913600116
