0 0
0.9978493061791232 -0.06554969227877867
1.0741295440736978 -1.0626361104526234
1.8450750171958161 -0.42573495841055564
0.8654241494829874 -0.6264441445219584
0.6428607969088271 -1.6013623739601766
-0.1380158963202388 -0.976677181265777
-1.0952578421022978 -1.2659657175671266
-2.0700085073409418 -1.4892618004186196
-1.782177587009171 -0.5315805584069752
-1.9746210471444412 0.449727504665557
-1.2738011939655862 1.1630658068689141
-0.38874656706236643 1.628552978977021
-1.1388327310043795 0.9672128647674295
-1.6986880744709572 1.7958032306249625
-2.274395968978116 2.6134586716281603
-2.882850790847258 1.8198701575075291
-2.6914493119663145 0.8383583267677323
-3.404802262960904 0.13755338435699926
-2.6311278720555973 0.7711367939072359
-3.026695354177759 -0.14730012123039804
-2.037645142089816 -0.29487951670549406
-1.1315589639202073 -0.7179726952489357
-1.9090268376730177 -0.08905004079746492
-1.2980493451926978 -0.8806980078146615
-0.868804067452472 -1.7838859680630896
-1.7988482143393396 -1.4164381692651125
-0.8379868621592503 -1.6934678822683398
-1.2179649181645098 -2.618463383313866
-0.9772927366754578 -1.6478569228690056
-0.2218545895999774 -2.303076890470089
-1.1369284141601421 -1.8997905212424238
-0.8195067885980687 -2.848075031094573
-0.7816682979692192 -1.8487911632037064
-0.4323063183517318 -0.911803325930591
0.2119328272204149 -0.14697921326646324
0.7505433601542841 0.6955756477441972
1.7502679078873689 0.7190453869817538
1.274176195232565 -0.16035024704278222
0.4802642099562454 -0.7683829432315751
1.0517854688259167 0.052204316394131145
2.02229120756087 0.2932823350572249
1.024416484551866 0.3584439585767753
2.024361552069006 0.3479624535253749
1.0627999161998307 0.07337326869721039
1.2128010009395653 1.062059100787922
0.6060536973582353 1.8569538797346614
0.8622841561753345 0.890338158791546
1.8621342024962395 0.9076553430916662
1.6743514090825744 -0.07455523641649653
2.4763979278544097 0.5227063325179029
2.7911782975812707 1.4718708698003597
3.3107850233611895 2.326276423693985
3.7033384001478713 3.2460056481798514
2.901794101105716 2.648070253113612
2.0834663208217075 2.0733184423157276
2.773629686690197 2.796972039289499
1.919679695775717 3.317327122878734
1.12806501787471 3.9283477458790426
2.109396047221392 3.736021432439145
2.7767667194563184 2.9912957206225714
1.8371907982664286 3.3336363234148343
1.4766313897077104 2.400900072966838
1.5550232515157985 3.3978226958429874
1.7319210067191233 4.382051929408027
0.748584965599265 4.20025470656146
0.5536279027387419 3.2194429286750004
1.4055821638745503 3.7430591401625164
0.9798199631675295 4.64789423477872
0.5681114199909925 5.559209808811916
-0.10618346966024639 6.297671995921197
-0.3500559203532445 7.2674793106971745
0.11830720519817994 6.383943243168689
1.0324685201409705 6.789293820153684
0.889683874271317 7.779047600092856
1.26758380210282 8.704894047699016
1.1983795675010442 9.702496560683613
0.24800082472092388 10.013591795735
-0.18613001830611525 10.91444162291633
-1.163917807680923 10.704844297195015
-1.9995374360368108 11.25415280496307
-2.0842516630644705 12.250558093858661
-1.2511383379857834 12.803660423971575
-0.3817933709942566 12.309454668879123
0.6050892986394324 12.470893810281334
-0.36942727119597174 12.246578284478419
-0.6898122511126552 11.29929085996367
-0.5754494233066746 10.305851811196096
-1.199830995657678 9.524732324748287
-2.177251326579199 9.736036599909166
-1.3854710539876989 9.12523057510675
-2.0027766513928205 8.33850711707826
-1.3219179092661273 9.070921872029071
-0.5687240844540482 9.728720520754463
-0.1182042022821751 8.835954125907612
-0.48354689486893526 9.766827219821845
-1.419353996444428 9.414314711333315
-0.6372385634860864 10.037448284115577
0.34779953653832696 9.865111574444382
1.345953345505827 9.925848496029785
2.315638997996931 9.681492740310993
3.196111225390181 10.155590469465194
4.194889705976916 10.205002479309492
3.3784100756542794 9.627628239090715
2.485983739843146 10.07882136309718
3.468162186784853 9.890870576019347
3.5352643868418103 10.888616683377084
2.6460711534044155 11.3461485332074
2.478661314690973 12.332035923278871
3.005113575416881 13.182240614618893
2.220213179266356 12.562618658808134
1.42100535107583 13.163673437808336
0.7090647905253565 12.461433707913283
0.5954997260792647 13.454964269163089
-0.4040321207868577 13.424368728631855
-1.3822506473461318 13.216790997898997
-1.6869189545485366 12.264332483009019
-0.8395975635220932 11.73325201800488
-1.6483905024737693 12.321345532594108
-0.8906019351086316 11.66884535085414
-1.540296049821918 10.9086496146737
-0.5500416009877676 10.769379637420263
-0.864239909905097 9.820022263891468
-1.7851530356698828 9.430254365272134
-1.5328261560837944 10.397896419876185
-1.6476109528426461 9.404506038186776
-2.647122126573334 9.373242423752384
-1.825971748500967 9.943954309550822
-2.825759912114644 9.923372086687596
-3.273356263539438 10.817607797331727
-4.271593254321175 10.876961906161892
-3.319807319744679 10.570198911747072
-2.6239279516277985 11.288357602447986
-1.978887328672886 12.052505883044061
-1.8057534753212865 11.06760757924634
-2.752097163031885 10.744445662043361
-3.107147117440414 11.679292991757952
-3.700653717717581 12.484122113638765
-3.3468915122850866 11.548786718174904
-2.4574571499618045 12.005849640668707
-1.7937155279611376 11.257887703653244
-0.8290528854095786 11.521375817361326
-0.33075640630199504 10.654369116747665
-0.7461006793008895 9.744704818840454
-0.40534294401606585 10.684855958734225
-1.277238152791531 11.174548459099901
-2.2422960177805957 10.912511596764183
-3.2263485679728583 10.73463360919938
-2.6006316096053954 11.514683792207736
-2.897272561407315 12.469672873671001
-3.8785763137658638 12.662138313703833
-3.050617661179796 13.22292746267862
-3.9366264358741008 12.759258991500454
-4.492473327274683 13.590543679991892
-5.492309328411745 13.608653644935243
-5.099745351274731 14.52837834497019
-5.663847372554127 13.702673246530983
-6.071142743268575 12.789376755245387
-6.489669696711506 13.697581131606665
-7.429637233556104 13.35631726056506
-7.440080958034655 14.356262723387417
-7.125737710585518 15.305572115937144
-7.273672223930988 14.316574957315726
-7.204110348209734 15.31415259612192
-6.690716277024006 14.455999621605521
-5.850263758351103 14.997884815956109
-6.130602304021359 15.95778600868976
-5.228069794150477 15.527164285333674
-4.345859681817217 15.99802022688792
-3.6036340029664675 15.327870212596684
-2.612516939703563 15.46086256917824
-3.6024512261071893 15.319334802988907
-3.4963132804611825 16.313686217979626
-3.0129234335614994 15.438281022704718
-2.4566440774173315 14.607285668970517
-2.814332721266332 13.673444764928794
-1.9899086115744757 14.239417279596061
-2.7090271937998014 13.544529904046442
-3.7079905935950026 13.49900929476215
-3.059319518034016 12.737940417635675
-2.406956966917875 13.495847471238715
-2.5661368347671587 12.50859787277261
-2.8334597001445974 13.472204891035966
-2.3631245505946064 12.589717017409486
-1.4138027072712633 12.275411373506659
-0.9821756320248233 11.37335923093717
-1.4431255568382657 10.485933083691958
-0.8306572241824395 9.695437959422495
-0.790562040005544 8.696242094636306
-0.2272563671013611 7.869993512868104
-1.2247570794356286 7.940649927245205
-0.22774316568110753 7.863427807487377
0.7554966347908745 8.045744824706881
1.7228334939465761 8.299239205155013
2.0801152038152386 9.233235875273984
2.762946886086458 8.502660147722995
2.107369901194244 7.747531803082408
2.0289186342400205 6.750613853242363
1.9549328611242873 5.753354556280702
1.0773264365356716 5.273972700636596
0.6798893468304763 6.191602124601775
0.9751361824966794 5.236181114769411
1.8723363215067308 4.7945569413364515
1.7815628195542854 5.790428505014866
1.9341115573609957 6.77872445390547
0.934843614891356 6.8169812069367035
0.1835351383811984 6.157030016980972
0.06143610032861496 7.149547938686487
0.33936202308543656 8.110150448291666
0.7103569721936326 7.1815155643161575
1.3225779385691467 6.390828844856275
2.108688492601989 7.0089147586564335
2.186907325506392 6.011978544960154
1.4926561255527382 6.731711322706806
1.563712974396063 5.734239055306626
2.4616440325839823 5.294102923250277
1.620149006743435 4.7538380609043935
2.562155278159644 4.418242791848748
1.5830089279491708 4.2150866330213335
0.9985071952181755 3.403694172842867
0.5703325360999448 2.4999981723598577
-0.23182501857182636 3.097110605225733
0.7335489528211809 3.3579804872682812
1.4043580831991314 2.616350451063181
2.4006406406261114 2.5302048431266377
1.4529097748471642 2.211133995116533
0.4531089351624079 2.1911770172477203
1.0605084351910437 2.985573547555452
0.9334766578146008 1.9936748997407765
0.0002726054581213555 2.3530218026986915
-0.8452402450250676 1.8190667299933256
-0.08727218493347111 2.4713583977930775
-1.0872698171920767 2.4691822826346392
-0.09205060733899795 2.5668486757256797
-0.6834428516150431 1.7604646397910995
-0.3616361311047635 2.707270023507531
-0.35536534833874345 3.7072503619559933
0.5773904928700041 4.067759086803203
1.4777904713318484 3.6326960123118024
0.5072141818576146 3.3919021869955612
-0.40627924260897363 3.798755678385651
-1.3965427473463552 3.6595501067111025
-2.3415128116393102 3.986706915581358
-2.545874371127969 4.965602391617162
-1.7052513983693207 5.50722312392937
-0.8160274208477633 5.049751028823295
-1.2767904861282573 5.937274210308333
-0.8568450238289202 6.844823552600087
-0.22120916359820408 6.07283452859213
0.7699780069240703 5.940365690777164
-0.14828180938399993 6.336344111595609
-0.21637961887848445 5.33866546175787
-1.186077734370215 5.094359168732523
-0.19660780882126427 4.949620554554571
0.7913770923366658 4.795070125619691
0.29662966443402783 3.9260333124847557
-0.5977435872932185 3.4787118546998292
0.22057425747641446 2.90394589804305
-0.29248377557507055 2.045591976445821
-0.5177259766241633 3.0198947788982005
-1.5014891648973745 2.8404233622365873
-0.6115405597514915 2.384362532742432
-0.350704436416544 1.4189794394765531
-0.8626319451217257 2.2780080919852495
-1.252133014627009 3.199034105110959
-2.241576417518349 3.0541142911626746
-1.2431367821690937 3.109955983146766
-0.24605608331656426 3.0336010227594317
0.569119896638324 3.6128143873364134
1.4701900309955815 4.046487781689115
0.992111712490441 3.1681705716930355
0.0016047637762197642 3.030707905674792
-0.39488717248535204 3.9487461099340426
0.1489208285244042 3.109536447193096
-0.8257095658555933 2.885715996048232
0.1415588533164921 2.6319605916282773
1.0447179609821569 3.0612665736976634
1.9100408631351198 2.5600517744253617
2.0526699742937167 3.549827979761754
1.1250281682720344 3.9232991027697204
2.101423365492062 3.7073073926379103
2.935974353614285 3.156376681727526
2.0837501957383076 2.633199861969061
3.024416083152654 2.293865678228342
2.8517444551847317 3.2788451241534373
3.1956131338327785 2.339827375734992
2.4997084636003075 1.6216932030704154
2.4657993991117753 2.6211181253860003
2.855077727354735 3.5422383038428435
3.726769190895115 4.032293395022224
2.9233503011856024 4.627707610218615
3.43596870688378 5.486324154514996
3.511202130241059 6.483490104600509
2.687178913773314 7.050046137771238
1.6938445314939132 7.165314541861869
1.3623036278606295 8.108755387499805
1.1857017080234342 9.093037746332786
0.3523841823832744 9.645832374979774
0.4475389217992534 10.641294868279585
1.329403564264456 10.169792214660626
2.297424926175377 10.420659994345714
3.14980181201498 10.94358794778326
3.9864204750913412 10.395802211758378
3.0271042187618376 10.678135915630136
3.9742935449323387 10.998810798320802
2.9919476808585213 11.185884589475696
2.967282975332433 10.186188809599983
3.7467859411850215 9.559790273341301
3.6855001298292933 8.561670015393156
3.31405287867995 7.633215956425457
3.03333019914973 8.59300487967753
3.0739135358813923 9.592181036708773
3.7933616138038464 8.897634808460655
4.1910612068427575 7.980119122656491
3.30289411526169 8.43963976140129
2.313167360582722 8.296667907273852
3.100028717207294 7.679538094794388
2.4629205085530668 8.450312465453793
1.5445808002285513 8.846105568115327
1.1525564659145418 7.926150720687662
0.8261455260102186 8.871378681716521
0.9855774082113307 7.884169749961034
1.9829787365572673 7.956215500798684
2.0602227965681705 6.959203286634267
2.7574126017482934 6.242316701773801
3.178868011344096 5.335467575555755
3.1255693585840656 6.334046192197412
2.8244232661385014 5.380468177033069
1.8493990376591016 5.158369654124538
2.786128692811011 4.808316010865416
2.4012692098012565 3.8853408333349124
1.8663330161741105 4.730233293206404
2.015508784326979 5.719043988029231
2.9985952996595944 5.902185745613828
3.2687875260313786 4.939379347209528
2.807996763870849 4.051870545277109
1.8889788852241265 3.6576546923136872
2.434982591812334 4.495437451978709
3.1035757509615864 5.239065845424536
2.3168895869615103 5.856418969147779
1.3304506746153448 5.692290141060468
0.33287410208737833 5.622712975673002
1.2674615330689485 5.978446490893692
1.6510909399315665 5.054959361481356
0.8297835382813007 5.6254452526254655
1.4712120027816216 6.392628102361277
2.0915778940725063 7.176940642693807
2.286090162607742 8.157840728018137
2.5452547922337896 9.123673888947494
2.292071720293416 8.156255503716556
3.2709761801418065 7.9519369815778855
3.889020913765698 7.16579405103677
2.892406889970614 7.248016235238914
3.2802096553377083 6.326273855192497
4.1535692619901425 5.83919788835785
4.139740584850409 4.839293509085229
3.2148515024627007 4.459056497104512
4.20979632397783 4.358633381537295
4.374537798286987 5.344970163089339
4.443195817860927 6.342610417062777
5.236360732148703 6.951617328963508
4.772479222264888 7.837514583044314
4.823765287645563 6.838830579218394
4.141723406706996 7.570143694543
5.0619735535115336 7.961474331353135
4.811324720495044 6.993396254694298
3.9049668946569045 7.415907191288797
4.429984117595076 6.564815588922583
3.926149433534762 7.428615687983612
4.77298149868086 6.896755317735559
4.256528730918565 6.040439640738656
3.3877667124329616 6.535669441171566
4.302911750237034 6.9387941858630615
5.23704327677368 7.2957231579714
4.239854969064125 7.370659657538393
3.9165561245022804 6.424362739491539
3.0678914107978774 6.953293929452032
2.1338894959703927 6.596025930467247
3.10361932508704 6.840206311582105
2.7322731692794426 7.768700809447827
2.1549739225611373 8.585233466319846
3.1509399060862773 8.674965064214906
2.4382279609479585 9.37642189343332
1.4438462961211744 9.482276060362702
0.6508319459801942 8.873073105289043
1.6375304916100388 8.710512408772482
2.0042526186792022 9.640842931499684
1.7267359630072798 10.601563757663389
0.9176347697563468 10.013894412640257
0.9162322485942291 11.013893429106968
0.14040709537948104 11.644841391810163
0.3358488341130338 10.664126077990293
-0.6636095527476904 10.631218131628374
-1.508585018165651 10.096413061680733
-2.50830588716789 10.120038981375176
-3.495643388340391 9.961405256151181
-2.6463566545622648 9.433473400862562
-2.7320543607576635 8.437152216127014
-2.7911244691946386 9.435406052728329
-1.9247865823321846 9.934864425154599
-1.6449993664396105 8.974802388709515
-0.9846622319739392 8.223833102489587
-1.430321224123992 7.328630297134399
-1.5742024309819898 8.31822526393298
-0.6370650739486593 8.6671859695326
0.18505666045873126 9.236497706470267
-0.015528292590161585 8.256821394308758
0.5234597528967149 7.414507980654294
0.6765636756738359 6.426297887187193
0.6816234457822435 7.426285086468489
1.2526826381992335 6.605376200686361
1.630378013773586 7.531306113406406
2.6294652699109844 7.488590137193232
2.549177539527537 6.4918184078841215
2.6308932862453385 5.495162731766059
3.481946916438003 4.970083958117869
3.662149285441557 3.9864544007104543
4.63851858669788 3.770345660571977
5.630143582254446 3.8994962245949067
6.137464681865956 4.761253326038792
6.93313301552129 4.155520791979291
5.934227947669246 4.108737617445025
5.802882389206072 5.100074262723508
5.537238649004 4.13600299809031
4.656483016149065 4.6095740225357495
5.627450339534415 4.370361863735475
5.491262512038167 5.361044898637079
4.741130358749147 4.699756948798298
5.282862779779229 5.5403079490385485
6.25216007149861 5.294416183691527
6.801882770443565 6.129763389507572
7.00614841493723 5.150847894441942
8.005961537059315 5.170179754996123
7.838894299401448 4.184234250365481
8.038116096948027 3.2042798252097446
8.633031265437928 4.008068318720714
8.121888722224538 4.867564275963881
7.431693888143926 4.143940692179856
7.282926664278617 3.1550684491153596
7.746866333166542 2.2692016512093973
8.139629368875914 3.188841362063794
9.001720152496315 3.6955952281534024
8.619794665807758 4.619788347916641
8.41314741164675 3.6413728368234675
9.383336208501893 3.399022473801724
10.068142165167192 4.127747937687628
10.948915673161304 4.601285716133812
11.94891567289738 4.601262741189204
11.755847965994553 3.6200773048157915
12.296582013505114 2.7788836946029907
12.1703310525295 1.7868853605052295
11.393995194226964 2.417204831181541
12.026669907264932 1.6427871741757594
11.772165814587082 0.6757154773454654
10.991368452377838 1.3004998234738614
10.934843240553194 0.3020986513851167
11.844077794096414 0.7183828411438229
12.316314984326233 1.599854358643876
11.489580558471243 2.162446741374232
11.623791026458772 3.1533995910510306
10.984644970807377 2.3843142124712116
10.689260748997501 3.339692756036941
11.668574101516976 3.542042348517548
12.146306746934012 4.420547624257449
11.988722517780127 5.4080531739745
12.235261911863653 4.4389204033156355
13.175222575195356 4.780203205972058
12.243052357687384 5.142223489369469
12.305732237737898 6.140257172486854
13.058830944722958 5.482349627662027
12.706549783121652 6.4182438434689395
13.694457974211184 6.263203829349336
14.626319272596598 5.900389110007009
13.738927013230786 6.361404270297471
14.204709551991348 7.246303488618838
14.263569939141332 6.248037264195436
13.503704748232435 5.5979565833219125
12.971063443049893 4.751615493681667
12.688678494730969 5.710916666912952
13.535909372777356 5.179691818769769
13.717860944538687 6.162999311639411
14.151884903345929 7.063900639855377
14.71607818227989 6.238257893865476
13.856296279381192 6.748919307571167
14.178883652044611 5.802379616381139
13.254436556671362 5.421069286261482
14.193659173840814 5.764378003595259
13.571843988411683 4.981213988098037
13.066363750685863 4.118375805546609
13.953375719016625 3.656629372925863
12.953402471920455 3.6493146554369424
13.437137923873252 2.7741003888004663
13.364661408772394 1.7767302695574467
13.549463873676292 2.7595059555435437
12.566547674919427 2.5754523051549802
11.986238507309073 1.7610560441202319
11.504334577431196 0.8848319846649703
12.153308647881675 1.6456425102775816
11.859079106361943 2.601377294041931
12.16876202593669 1.6505374077710298
13.12433656001282 1.9452869791450837
13.805666752180333 2.6772631872563717
14.561142779357048 2.022086896200837
13.818873908539477 2.6921890700633067
14.396994319026978 1.876237606446896
13.667207963484366 1.1925623361146778
14.333248065336193 0.4466464006868248
15.017033246132737 -0.2830369734714723
15.740911824803645 -0.9729643633766604
15.455108232005879 -0.01467614663605532
15.440571608260893 0.9852181910667325
14.447571503452156 0.8671047208364571
14.691238509863629 1.8369636744923334
14.295948082542912 0.9184074823796218
15.29328258243753 0.845442454318551
16.288745555967537 0.9405921696664992
17.288743867487927 0.9387545199795726
17.613155534951964 1.8846705151996566
18.402348181350444 1.2705247939977848
17.671144091944157 0.5883660297533279
16.75061073608195 0.9790300039627005
17.71071242661858 0.6993788930607381
16.728551915253554 0.5113344038695126
16.16060831930052 1.3344018809428895
16.18156334518953 0.3346214616057278
16.699532215715855 1.1900209292029933
17.257919777298344 0.36044071543824785
17.94220007177737 -0.3687783727565802
17.624157834810326 0.5792981724152738
16.698675648528948 0.20050703883920712
17.212242812469235 1.0585564360899316
16.21615746324995 0.9701597332628799
16.542304300338806 1.9154788543309644
16.70393374600952 0.9286273344495901
17.073249157234077 -0.0006767745653412094
16.55147223084458 -0.8537587396118022
17.475092673740267 -0.4704504075015104
18.329030588111504 -0.9908253092783934
17.621024068071616 -0.2846194132530149
16.98783834675612 0.4893804848879183
17.95787623718255 0.7323341659405853
16.968713327048523 0.8791562937523814
17.95370518968912 1.0517570774464418
18.94273702894354 0.9040546030561405
19.453377162837594 0.044260061519232674
19.79280807347167 -0.8963709271825651
19.54062316101826 0.07130813631465971
18.541230675048343 0.03645617816494485
19.462690804496695 0.42492912424616525
20.03577929067974 1.2444226184268237
19.053116957370023 1.059018360939837
18.797185958457188 2.0257134130609695
18.573230478798905 1.0511140373526593
17.764228978080407 1.638920614242728
17.822787016347235 2.6372046200017807
16.954178310935575 3.1327032747760204
15.960472321949776 3.020683600371231
16.44875151516034 3.8933710756323583
15.460730870387424 4.047692835285734
15.744325025461857 3.0887484389792443
15.882899223440624 4.079100493379366
16.699443297632843 4.656383591089295
15.822367577292066 4.176031448605569
15.484628888625132 5.117271363918099
14.67037675560783 5.697782745268002
14.574176181855126 4.7024207761283074
14.815096631225725 3.731875910047883
14.777981512962658 2.732564913412542
13.787796448017172 2.872327344555199
12.962274580683832 2.307957211969786
13.682143703261115 3.002067034951577
14.320745967679779 2.232530065157822
15.066867825567975 2.8983394772131534
14.375794641313774 3.6211242681466365
13.377701309123545 3.6828470373441102
13.068063977265508 4.633701770055598
13.244510734511596 3.6493915842618416
13.558589177883295 4.598788619968827
14.549613111169997 4.465104052224617
15.136765720104105 5.274580311185849
14.890969116335667 6.243901738564766
15.067428012542619 7.2282097482596095
14.067455854608616 7.220747620090417
15.061591630823392 7.328886690041319
14.065351224417173 7.242254983123054
13.122656612847688 6.9085981694389025
14.116886725038713 7.015866449991087
15.106174840720312 6.8698903417707715
16.10289935633665 6.9507620919025594
16.976927005950422 7.43663827747932
17.895199572365218 7.04068942501226
18.30490955327725 6.128473588961895
19.304519974260135 6.100562905301041
19.783142387780316 6.978583739493553
18.920554889135193 7.4844916433467645
18.398512815565507 6.631571908891604
17.42593482942187 6.864148908762162
16.568391520995593 7.378560683679219
17.237126985126785 6.635060260671109
16.984377683341545 5.667528457345205
15.996837506785933 5.510161371560058
16.785903983852176 6.124469189164774
17.320178747826937 5.279158313462991
16.320424795755304 5.30134018257158
15.821712730608821 4.434572465084749
15.059311433982298 5.081676987478307
15.608297769432742 4.245845662695194
15.449055430663446 3.258606138798746
15.00972544355706 4.15693189398397
15.325611734236276 5.105728948870275
15.621596173909413 4.150536187449116
16.17331048834748 4.984569349406201
17.164380796826674 4.851229019232052
18.153467630707844 4.703895265316254
17.966022543718733 3.721620181969615
17.664631353585598 4.67512075905918
17.722815295397226 5.673426638494567
17.943901903814396 4.69817246056012
17.142778078107423 4.099673825737431
16.281085336641887 3.592243417399886
15.2922321922754 3.443349297715764
16.236395345465244 3.113871012909909
15.879831541949196 2.1796000382873597
16.213336273004185 1.2368516124791065
15.617844237349699 2.0402128235616908
16.22517420977669 1.2457631369283382
17.178531230235247 1.5476081162511348
17.97023542126593 0.9367034805636558
18.961535752345693 1.068322831728874
19.89716956906716 1.4212950133625302
18.898432609404495 1.371050755941676
18.00657304438538 1.8233631659902154
18.85713618910724 1.29749023757418
19.22525977087834 0.3677133672746339
18.8023061210997 1.273864684737081
19.581313804880587 1.9008790614545044
19.757737371648705 2.8851934040752014
18.917684323207563 3.4276976674729616
19.157855819881277 2.4569671939709146
20.154868562569607 2.3797299560794904
21.129968814335957 2.1579654435776012
21.991337855067872 1.649985743522001
21.201093061937467 2.262777035015512
20.73000569357518 1.3806904795293198
21.258154812517937 2.2298421197915217
21.157147436022544 3.2247277965873624
20.32523199750229 3.779630223282048
19.32939816626749 3.8708167385582923
18.330999170845455 3.8142530935177903
19.30356228204981 3.581613899217892
18.62261251163532 4.313944022982069
18.96772901244922 5.252503877688188
18.2393191784591 5.9376455519034455
17.276359181248523 6.207289843095023
16.731657339254845 7.045919620367863
16.266537302894015 6.160671998639512
16.808091491554546 5.320006154951168
16.833204863613023 4.320321545414814
17.6741893299799 4.861380809571356
17.97085333584262 3.906398889519733
17.019576351338678 3.598061251932159
17.63228330916508 2.8077510698953105
16.708468546890394 3.1905908340308637
17.70565773290329 3.265515645001159
17.729206413530587 2.2657929536308403
16.821779799052095 2.6860035429025757
16.27661334262659 3.5243313635004947
16.918996885650582 2.757948049712973
17.64436775172341 2.0695897806025094
17.071530385973926 1.2499207300698025
17.00014827270732 0.2524716868071436
17.338989494413042 1.1933152585410283
17.12519549393007 2.1701940255113668
16.181847549197464 1.8383888791245653
15.968142125571788 0.8614907309468903
16.900613804878944 0.5002476447983923
17.8468248574846 0.8237977088177
16.859758817689396 0.6634835388793724
17.671400249570258 0.07932757849346261
18.408395515125836 -0.5965703269247046
19.07420076980386 -1.3426958946699274
18.161925452135346 -0.9331183748121883
17.279305442355586 -0.46303123572372706
16.668139754299215 -1.2545339215957239
16.844934510274108 -0.2702861813088703
16.129782350726693 0.428682622497613
17.124905097305838 0.5273270305539077
17.765923096133054 1.2948528771412071
17.812421578054686 0.29593451652359193
18.751047066413634 0.6408724712385352
18.07538448898014 -0.09633854431666566
19.07090778275396 -0.001822029602407113
19.527711510196117 -0.8913895394604
19.036349657939557 -1.762345066537991
19.174775259350024 -2.7527179018248593
18.18570394383668 -2.6052800070057343
17.891324037840864 -1.6495915269318688
18.73625306043443 -1.1147130858080156
17.966291445945014 -1.7528032927637835
17.19786519528883 -1.1128649384651212
17.829946561731077 -1.8877669620761726
18.76610993049963 -1.536201680832541
19.166919548970828 -0.6200403141830986
19.92981164144737 -1.2665661491168334
20.058324589725828 -0.2748583180875639
19.143794565859103 -0.6793763466676571
20.131036713209934 -0.8386024202050111
21.09780314282896 -0.5829411783992133
21.919665311428673 -1.152627562144319
20.968705418865405 -1.4619417757460527
20.506756802053836 -0.5750350865019821
20.55029349205805 0.42401674229544173
20.333610944353282 1.4002588605838158
20.04417917047608 0.4430602143926
20.4935021289767 -0.4503091823097103
21.47078082227357 -0.23835080047978657
21.644996277135817 -1.2230583587361155
20.85216852981935 -1.8325041422846617
21.533703331199767 -2.5642898448693456
21.660833280484706 -3.5561759149372785
21.948689044098717 -4.513849689953695
21.276509068477534 -3.773461899418284
21.554665238014863 -2.8129260357732457
21.911342444715842 -1.8786983492749347
20.919236395262196 -1.7532966481800882
19.923965814227554 -1.6561551507293963
19.1685372113466 -2.3113861221809353
19.767054224848064 -3.112496217329716
20.312584699013787 -2.274405230767684
21.26922974337069 -2.5656615768056357
21.593143920857862 -3.5117480451703456
21.026097290624932 -4.3354337371314715
21.582963085596354 -5.166036221109725
20.77594702532938 -5.756565711034804
20.582849392490825 -4.775386163657186
20.937184604884315 -3.8402676913457565
21.93179925515243 -3.9439098520335545
22.92974198980881 -3.879798243517248
22.58570403012813 -4.8187539838473
23.54968741161239 -4.552791504872962
24.491927518111684 -4.217853328929699
24.584871279553926 -3.2221819688871562
25.16647297999927 -2.4087082679975174
25.140969591666707 -1.4090335323041727
24.41066509354167 -0.7259117715482005
24.809698839077296 0.19102446937796713
25.73341077336412 -0.19206333055318803
25.85016260556042 -1.1852244502506957
25.002535577205446 -1.7158169688580693
24.36702028746541 -0.943728686013005
25.31563105237101 -0.6272834036888449
