0 0
-0.7703454841493029 0.6376267207785258
0.22956857042526901 0.6507371541901259
0.549703566623248 -0.2966347813290343
0.5158326916226295 0.7027914359710186
1.4345833634108542 0.3079532373520324
2.0590442184087325 1.0890093432594883
2.291358134211806 2.0616502042787253
3.2744265435475866 1.878411282196058
4.271308833951644 1.9573143814936202
3.9443633363013166 2.9023575771022547
4.6114918268926575 3.6473002440514093
5.590867878905607 3.4452543365364883
4.634887523230153 3.151823664038481
5.326981554767115 2.430016313347928
4.789928574186191 3.2735648276902536
4.88139457088405 2.277756627559291
5.627020329361781 1.6113916912859996
5.086923012482519 2.4529942627529726
4.944799988630398 1.4631452610910376
5.85469825258651 1.8779767319917562
6.507660810190989 2.635366920974038
7.002956572707607 1.766642506885725
8.00110000789522 1.8275496722431066
7.11545957784822 1.3631780229511135
8.115429196483941 1.3553830370286752
8.965263320896648 0.8283327918113071
8.213823059499498 0.16853165999098108
8.782015282078106 -0.6543642011003121
7.841649575462016 -0.3141990385389137
8.611481489786401 -0.9524457178782204
7.6547841593239 -1.2435302724082122
8.219922764762336 -0.41853429869494563
7.383202530895838 0.1290962795586743
8.28146011681894 0.5685656292653418
9.257059235354987 0.7881250970905448
8.930798932529626 -0.1571548692687893
8.8524064759962 -1.1540774453792186
9.741367544595105 -1.6120602163602786
10.121974874665938 -2.5367969682504325
9.638172631100055 -1.6616196210112473
9.672869634940856 -0.6622217433246517
9.537970782604066 0.32863763097536325
10.37594284034987 -0.2170755083545085
9.763070662613387 0.5731065553223009
8.895779989525204 1.0709086127449752
9.02119206208682 2.063013351195407
9.313376632933972 3.0193752997059415
10.295937238087628 3.205317917736556
9.824322948300907 2.3235129723722387
10.747691693682658 1.9395987110427975
10.336587494678222 2.8511870707539786
9.727069438129915 2.058414884850881
10.653949604319095 1.683057511771417
9.660569199337694 1.568186405748249
9.836282706158467 0.5837450598465513
10.702227731190193 0.08360586559878724
9.756571720516154 -0.24156287440563262
9.882443751905734 -1.2336093610754157
10.8640078153127 -1.424742794644762
11.617179264089502 -2.0825670635399227
11.74425916560062 -1.0906745801366435
12.09119159344022 -0.15278445303575494
12.454957724745244 -1.084274765231956
11.665965759745568 -1.6986782801681493
10.79633632030166 -2.192383291336228
11.50146344939897 -2.9014641977291324
11.02120024326532 -3.778588620393458
11.688668261475971 -3.0339501546492125
11.512674386336846 -2.049558893049683
11.6008866446243 -1.0534571926757563
10.606763947970043 -1.1617164370702537
9.935644965458366 -1.9030660923021767
10.93507677311898 -1.9367716087087523
9.949648910378132 -1.7666777307060422
10.63149424048357 -1.0351813562697743
10.751400835056153 -0.04239617881293556
11.71135513090131 -0.32255283122088196
10.739331903901329 -0.08766808039072763
11.527443595996283 -0.7032003385082273
10.873172767139991 -1.4594606657155325
9.928946836844636 -1.1301623320454814
9.054095822928504 -1.6145544288533438
8.462800729348134 -0.8080991527792268
9.460036236163447 -0.7337934063876723
10.372316275440895 -1.1433604093748997
9.395286582560958 -1.356463621999524
10.383817896013005 -1.5074796553362908
9.662534994390226 -0.8148390733411093
9.434329182416889 -1.7884519878926728
10.25618180493182 -2.358152143119376
9.33875632713164 -1.9602444997106228
9.105724472374318 -0.987775397544203
8.519096470544739 -1.7976319203119304
8.020474568909929 -2.6644515089288965
8.742888432678875 -1.9729905849176967
7.897400721353039 -1.4389957066679142
7.024287012807222 -1.926512323768676
6.069612368952535 -1.6288609767518554
5.259929958693786 -2.2157292707647307
5.721156445361997 -3.1030117105750192
5.622762994606436 -4.098159302065052
6.622759042657205 -4.095347917558513
6.606662182999413 -3.095477480397199
6.6677949111828525 -4.093607126056945
7.422057016768691 -3.437033690653701
8.178855681349983 -4.090681746787866
9.000756298215737 -4.660312658866638
8.1105197338193 -4.204814185310877
8.942425312977967 -4.759731392977645
9.930126413406498 -4.916085274324639
10.417465838955275 -4.042872651702985
10.134470686930356 -3.0837513121789426
9.98517883876702 -4.0725444877581305
10.93603520950804 -3.7629121861143635
10.600743224138927 -4.705026449113942
9.989071565390455 -3.913914711188197
10.767993768541414 -3.286794147469818
11.22464757025872 -2.39714966489426
11.516578940198535 -1.440710395915271
12.015051640749606 -2.307615792602431
13.012338324533198 -2.234000098977185
13.74542439342358 -2.9141359792238064
13.820120713980163 -3.911342306768567
12.821694576027836 -3.8552598045633175
13.797436214355315 -4.074185032058934
14.422936076191204 -3.293960754787787
14.412096797111412 -4.2939020080767145
15.061545143148146 -5.054307719411229
14.241085914717413 -4.482602677905693
13.586240512542302 -5.238365537042154
12.586582234662046 -5.2122250040430025
11.862027452922492 -4.523007789909209
11.819092560107482 -5.522085662238971
11.866803732348897 -6.520946835797814
11.994651343588243 -5.529153012314127
12.779725460445109 -6.148554845570546
12.04437287753703 -6.82623956489836
12.90908223040327 -7.328512135387382
11.9356207718331 -7.557363153909127
10.943262119483288 -7.680749964818822
11.164678418174654 -8.655929344560732
10.424935334942381 -9.328818764012405
10.594839330726067 -10.314279383325394
10.36834439897367 -11.288291727133457
11.30500516455687 -11.638529660854369
12.18703587387293 -12.109721583348177
12.638512496693307 -13.002004531210964
13.497766143187517 -12.490454757497398
14.17987977115991 -13.221700953066536
15.055159250057947 -13.705318398802294
15.216650146942076 -12.718444196979407
16.215153954903244 -12.663761974209622
15.328745499559455 -13.126665906246325
15.014685184968277 -12.177262873388893
14.950320902523977 -11.179336403579905
15.223122887245172 -12.141406607427928
14.428676734666304 -11.534072012124291
15.368275889535346 -11.876348841853364
15.779566169777771 -12.787853260590929
16.672058318125064 -13.23891618872672
17.44376163764464 -12.602933495060874
16.508909996164636 -12.247894893748086
17.197757070604716 -11.522988204556063
17.46619940160486 -12.486283961282526
17.50899445801314 -11.487200089354342
18.50135302934008 -11.61058755190203
18.07689800067979 -12.516036572358175
19.015214217287145 -12.17025820743107
18.14575496508933 -12.664262872153598
17.167075365479516 -12.869655767131915
16.88924508069172 -11.909025592270261
17.735026758231918 -12.442554742305468
17.53384815171964 -11.463000165836256
17.04564487950082 -10.590270216198432
17.027976802529157 -11.590114123544035
17.661315343637813 -10.816239267804196
17.18140228647114 -9.938923214399873
17.970816966548032 -9.32506291850259
16.976332075556137 -9.220182979577926
16.05915971024787 -9.618673697556192
16.85533572943194 -9.013608621323723
17.136138516498267 -9.973374110792781
16.69187864564043 -10.869272077720588
17.579990200565753 -10.409644112940244
17.283794147064267 -11.364771276144257
16.288654512373018 -11.266297383834852
16.82353852713601 -10.42137188963372
16.2976606038737 -11.271931946199581
16.900268463251347 -12.06996939382738
17.178201190347327 -13.030569934743838
16.178257704923713 -13.01993856799843
15.713958606396787 -13.90561703511112
14.948982768041887 -13.261558057428783
14.951202457071611 -14.261555593916054
14.00613452667999 -13.934681601458259
14.78638456356027 -13.309213872515894
13.891191326994383 -12.863535659893053
13.059099237656207 -13.418173158499874
13.843130180506785 -14.038894900227062
13.821991910425925 -15.038671462033744
12.911236341003479 -14.625725590561471
12.32372089626734 -13.81651263824515
11.324055280042547 -13.790654259759515
10.853040922870036 -14.672779803736884
11.19295624689754 -15.613235848691286
10.264942786333366 -15.240689184484362
9.781693543915397 -16.116172005390894
8.92049835921084 -16.62444639373019
8.38031545704875 -17.465994034812823
9.077968235734481 -18.1824300754976
9.728869659440928 -17.423267815755377
9.037753759017473 -18.146011762241184
10.030046069336967 -18.022092551136527
10.088201153379854 -17.023784990211556
11.052632091349626 -16.7594500400314
10.078000799219675 -16.983266581871142
11.054769620354005 -17.19756233558514
10.065944418324545 -17.346641911085605
9.789321034048102 -16.38566350171761
10.74347079652453 -16.086333866087966
11.250393393290278 -15.22434228788765
10.345279179179457 -15.649510794969903
11.306299448990185 -15.373032873585727
10.37062823426819 -15.020159839846016
11.370564298038222 -15.008851950029733
11.362191615717947 -14.008887001548656
12.280954616676988 -14.403696510133159
12.512728139850594 -15.376466284517464
12.408018433152519 -16.370969113735764
13.311518612789014 -16.799556824008494
14.05016363564713 -16.125462223668947
13.089792375120751 -15.846738270706565
12.640945187410582 -16.740346799137594
13.63998036264471 -16.696429619755104
14.189089773098296 -15.860679145420022
14.626963861992209 -14.961642837879928
13.675210663945075 -15.268507384556555
13.688392880949316 -14.268594273753994
12.755812707520914 -14.629557180613206
12.895077477990512 -15.619812361718587
13.730436439668356 -15.07010752715324
14.730257940208817 -15.051213955309342
15.374997785259666 -15.81561603026977
14.73538766148765 -16.584315509629775
14.808111187908544 -17.581667648397676
13.849202786350181 -17.865383487611467
14.556125073323255 -17.158092260336055
14.839873540074791 -18.11699100765829
13.864120686733694 -17.898115771058286
13.638335472021952 -18.872292878579078
14.342008501176302 -19.582816817683693
14.60075534468143 -18.61687164792708
14.038502971308654 -17.789905948132535
14.933178347994472 -18.236622827545087
14.000072660968591 -18.596225075647013
13.001449440335584 -18.648681373768014
13.784040431052638 -19.271217590584754
12.916932145228737 -18.77309790551345
13.466140635516648 -17.937412537569465
12.57076280916578 -18.38271978889061
11.613003668295102 -18.670291394023423
11.051479414787936 -17.8428311153857
10.79657862925149 -18.80979832761831
10.284633740386244 -19.668816622397152
11.182782772947911 -19.22912546339058
11.542633418311581 -18.296115542204664
11.68693809161768 -19.285648846981225
12.415509828559435 -19.970618352966472
12.170472407529942 -20.94013197447739
12.177452779149755 -19.940156337568144
13.094224632901238 -20.339567614535973
12.170291364363313 -20.72212129088588
12.257761029351675 -21.718288474498564
13.032462966756002 -21.08596189101343
12.163712274153541 -20.59071222256049
12.229988464092237 -21.58851353877891
13.205504724599846 -21.368586220136475
12.215547035776343 -21.227222241912784
11.230989856633677 -21.402285547601434
11.192732995219409 -20.40301760928122
12.108129172275852 -20.000463465059045
12.635524764651109 -20.850083314840788
12.436016809510352 -19.87018710817625
12.459544734942114 -18.870463928128455
13.134560275904064 -18.13266041806643
12.680810647628624 -19.02378963139068
11.714151312843146 -18.767723760037043
12.59670194864948 -18.297506389837007
12.979962067913078 -17.37386593977971
13.97134606579181 -17.50485360618378
14.865371918785867 -17.952868978886826
14.140090538787666 -17.2644164243648
15.11958528629309 -17.465886123350245
15.33408200174766 -18.442610833316774
16.329844890194206 -18.53456881281063
17.094052053988314 -17.88959795237912
17.335731803502675 -16.919241884394445
17.591478781154482 -15.952498131675057
16.651448964791008 -16.29359041295339
17.02896356855201 -15.367586782319485
16.034285483136966 -15.264555202718565
17.02058737778238 -15.429505415264245
16.37685018631624 -16.194752060682102
17.115729190352024 -15.520913936652978
16.44425242622462 -14.779888326274367
17.30890784461851 -14.277522914007475
16.95484018415774 -13.342303104649357
17.25760732330633 -14.295367666707866
16.70139410096587 -13.464328045935401
15.77677316812277 -13.845216652418127
15.37775586838914 -12.928273254757572
16.014143583769048 -13.699642605790878
15.346921006106268 -14.444501002975896
14.347006761345254 -14.431405082847412
15.330688232658773 -14.611323850613507
16.267687585326208 -14.960654944421101
17.047414372601438 -14.33453503800904
17.51262883841898 -15.2197330389072
18.507180442600763 -15.323978454247348
19.03919099419212 -16.17071617810017
19.784937537621357 -16.836945937990365
20.18029027846939 -17.755475311665453
20.025766965671348 -16.767486169112804
20.996061676445482 -17.00941213763156
21.218374129595112 -17.984387610745934
20.218555347351806 -18.003424487420254
20.036273222572003 -18.98667075717456
19.939873184115058 -19.982013428110307
19.801429919489788 -20.972383794427827
19.61612955138406 -21.95506572342616
20.388863907469055 -21.32033616296288
19.448569722552346 -20.979973347996523
18.55634017812801 -21.431555500053424
18.65875959021416 -20.436814194975604
17.701258280867535 -20.14838527374977
17.568125536686406 -19.15728705842154
16.69098851591305 -18.677046861448353
17.65537043685335 -18.41253313673165
17.23965580030578 -19.322028238950526
16.241730413244944 -19.386409306505247
17.22906580857016 -19.227762475027262
18.22863020939989 -19.257275329750325
17.26592655065196 -18.986717266789057
16.89258422755137 -19.914410917614507
17.25088118652833 -18.980803243488023
18.10977288083294 -19.49296050200786
17.496811711824478 -18.70284746877288
17.183227829957286 -19.652407971865287
18.14937109385906 -19.910414160971733
17.752732756491923 -20.82838912213932
16.822421975009185 -21.19516132645281
16.157048008525692 -21.941671530486232
17.141836560071393 -22.115428569896206
16.559897877493466 -22.92866123630814
15.730928175827595 -23.487954749340428
14.840315437197866 -23.942717269553402
15.710733111797424 -24.435031266657585
15.761573831813745 -25.43373804103544
14.968663656799407 -24.82439950265244
13.96899388830897 -24.79870214935919
13.77935396125158 -25.780555854381312
13.020967696470336 -26.432361249718873
12.98470323713162 -25.433019021556333
13.402981542962731 -26.341337940698203
14.352090516715814 -26.02639007843943
13.977537482159802 -26.953595570390853
14.458291661518457 -26.076740155268617
14.37633420650871 -27.07337598422939
13.779866767098872 -26.27073871016104
14.15664968106003 -27.19704030022064
14.71374388649155 -26.366590996364813
14.616159852946257 -25.371363707552337
13.673830331847906 -25.70605023800516
12.762133782869615 -26.11691445229143
11.96452415911266 -26.72008846374276
11.673805545780688 -25.76327986853558
12.660828075653608 -25.923861702885738
13.49308016750659 -26.478259083476892
12.862228574974356 -25.70235556615045
11.99932789092242 -26.207729100739176
11.199045357786114 -26.807352204994622
11.220440717558523 -25.807581111903705
11.51923206529858 -24.853262648016685
10.528842849994465 -24.714954288871983
9.779253143297039 -25.37685705485296
9.044616843990381 -26.055318186931295
8.105281109115753 -26.398317279040214
7.22183071005289 -26.866841976783746
8.007825141886416 -27.485075551678133
7.0554575117575 -27.790027838245443
7.945897293008256 -28.245128921485314
8.464953878480843 -27.39038904229543
8.564753229268765 -28.385396624971214
8.209294906475394 -29.320088756508078
7.21005323002115 -29.359025526236852
6.22024599173293 -29.216611934777866
5.242855668394514 -29.005168902628718
4.328933678987676 -28.599279019435446
3.3516218753382265 -28.81108468141704
4.34276850208021 -28.67831283086886
5.34088403705167 -28.616950148001862
4.829189523168056 -27.757782687921225
3.8492039715082256 -27.95685131563031
4.827218411955062 -28.1653884928373
3.98409104853182 -27.627674582800587
4.447156332860932 -28.513998757383003
3.7792551682630227 -29.258248738457077
3.0258068188694214 -29.915755837122983
2.298790712168529 -30.60237624214855
2.9722028721541167 -29.863108994947957
2.3246536381951692 -30.6251326098046
3.316653948325877 -30.49889717618717
4.268799578493407 -30.193252449498036
3.9800660152765244 -31.150661938417006
3.0066161875865243 -30.921761451370102
2.3399310253289003 -30.17642200224271
2.2251297844976676 -29.18303352077959
3.1490002407496456 -29.565738864438078
4.1470279097351 -29.50296329642424
3.7269029303969385 -28.595497042651623
2.7294144898739416 -28.666326492903615
2.0157386414118914 -29.366802604788933
2.3119224876648907 -28.411671656060552
3.257671251827859 -28.736570525070924
4.163325754935558 -29.160586941027603
3.2381738363997306 -28.78098988146381
2.611177346219529 -28.001967801352016
3.0494905888531854 -28.900790087085948
3.0332029060916272 -27.90092274018924
2.2420236713573694 -27.289338389077056
2.239054982249996 -28.289333982509838
3.0618571691348118 -28.85766184673749
4.053462104185688 -28.986966343112318
3.2324334316659735 -29.557853301187656
2.5250345385739217 -30.26466784974487
1.578288653032856 -29.9426861294391
2.5275188885898574 -30.257268328402102
3.5273641207667836 -30.274861272813666
4.252145192052119 -29.585882028781974
3.4481992394582344 -28.991179661788273
3.9550655361314813 -29.853204346641757
3.8267084808181604 -28.861476326289758
4.554203748124511 -29.54758902552135
4.354947824986262 -30.52753651242783
3.566191334062943 -31.14224229410418
4.085647064918954 -30.287744930924603
5.085190810621289 -30.257540619521354
4.2068707083795545 -30.73561362440457
3.214787177574284 -30.861193351689465
2.5676313517765053 -31.623551100476735
3.036884288890307 -32.50661490395306
3.5913027744750328 -31.674376871391495
4.5912746710846974 -31.666879805907538
4.598653495237342 -30.666907029801045
5.304495417064393 -31.37527641182676
4.342522634184793 -31.648421730290906
4.6186202034229735 -32.60955134291387
5.608043790860219 -32.46449630293658
6.174990126326036 -31.640741574451287
7.159303309604587 -31.464311539525127
7.427992058609548 -30.501084486251525
6.848028791845585 -29.68644185957129
6.227784660634898 -30.47085069283281
5.892245677996298 -29.528824370944797
6.228364853908352 -30.470643833253895
7.227420182162618 -30.51410014564648
7.1845372101742795 -29.51502004339569
7.609405595953244 -30.420275175811728
6.60943088489241 -30.427386943440197
7.219691152712155 -31.21958793152376
6.554613752880201 -31.96636236348616
5.560964802005964 -32.078886860492496
5.368072401059651 -31.097666945459597
4.456348568915869 -30.686863277144603
3.8537481082299534 -29.888820242727835
3.3517309182324735 -29.02396260071556
3.007980106050924 -28.08490169793847
3.3143499490175925 -29.03681425659109
4.17328267995883 -28.52472582309759
5.092063792272939 -28.1299584641951
5.689479320953734 -27.328026617906996
6.653606041843488 -27.593469014796362
6.676153102224227 -26.59372323207548
5.683948677572022 -26.46910228800673
6.675717089531328 -26.34105769796203
5.760972459785529 -25.93702519635947
6.151159471694691 -26.857760823853813
6.2550783327501795 -27.85234660211375
5.644578350973499 -27.0603303319206
4.928181891895777 -26.362636908258814
3.9376916998446774 -26.225053553703926
2.977208022537664 -26.503389871181177
2.721785639450694 -25.536560306977552
2.599619481514335 -26.52906996932602
2.121225585856039 -25.650924605165347
3.121011461940329 -25.67161764704828
3.713687971065945 -26.477058244194136
3.1174048257604445 -27.279832440730484
2.858915153661762 -28.245846462066776
2.9834487380794648 -29.238061855190708
3.947869014166004 -29.502435702371482
4.003291710645891 -28.503972721227516
4.116400553931326 -27.510390117932435
3.8156057716882366 -26.556701227897886
4.76816892389027 -26.861042222617503
4.5086523712799425 -27.82678088236001
3.5533610982914725 -27.531114543809153
4.498853473051065 -27.856758781085762
4.005887537254621 -28.726807392454308
3.0996129809210426 -28.304117874554496
2.4680500398296603 -29.07944248492102
3.4517243805271653 -28.89948473584272
3.979735279702384 -28.050247142261174
4.729885882623712 -27.388980121356028
5.537563074044482 -27.978605048287257
5.626495180566158 -26.982567358021665
4.671888627097683 -26.684697708552235
3.672227067877083 -26.658682962413977
3.1633876774049967 -25.79782148998999
3.4991017212313484 -24.855857541222438
3.6075897393400047 -23.861759784496844
3.965404762898194 -22.927967297422732
3.153737490712924 -22.343847241900477
3.8612798508272848 -21.63717630812451
3.388274625450091 -20.756116686551785
3.4615167017975077 -19.758802494207007
3.646310385954587 -20.74157983129596
2.646788159280204 -20.710671606114246
3.6247509143643724 -20.501892177845598
3.7891988942641137 -19.51550642069635
4.317312768008349 -20.364679981494646
3.558249075709397 -21.015696349210145
2.5702962069162476 -21.17045141065689
2.1833038290649553 -20.2483684970938
2.02594336889932 -19.26082726475134
2.0665396005877024 -20.26000289794738
1.1511000254860368 -19.85754745403131
0.15187379098989295 -19.896878514208442
1.1504046888915989 -19.951063806821967
0.5210192239735477 -20.728157067988146
0.19978200036940408 -19.781158310770852
0.8524230064119587 -19.023491024139204
-0.14747298876323567 -19.00906885950945
0.3516485020407077 -18.14253684197193
0.4911502176292195 -17.152315012608497
0.4839488240259178 -18.15228908223739
1.4206028633207215 -17.802033160556217
1.5954234935759246 -16.817432862345225
1.0732452126650913 -15.96459651054905
0.576059438383963 -16.832240622989442
0.014521748667609136 -16.004789462480243
1.0142828070914118 -15.98293022966393
1.8319745508458485 -16.558586561337464
1.211050911573441 -15.774715504216008
2.0333527810263474 -16.34376702692222
2.7855366659936833 -17.00272029020835
3.1097836817093114 -16.056747841984034
3.6211908459928552 -15.197409310135576
3.366910987421527 -16.16453999082198
2.387632997749304 -16.367060653825853
3.3293986486529916 -16.030790734299956
4.295892878564931 -16.28747907362788
5.2871889172122755 -16.155827397747615
5.818911666274082 -17.002745881505145
5.205621871049005 -16.212887902452717
4.766559811850669 -17.11134463940365
5.385710849631848 -17.896616561997657
5.482685807567079 -18.89190338373974
6.403022948588067 -19.283029382437494
6.0763573663525525 -18.33788939419092
6.552531179174224 -17.458538212931195
5.553758630767905 -17.40900643979569
5.19262162996993 -16.476493669558927
6.146212537694447 -16.175388404402153
5.890760868009914 -15.208566577768421
6.874689235900559 -15.03000295644523
6.4035797757443165 -15.912077713226816
7.302391776587532 -16.350412045831753
7.074461751053455 -15.376734530706733
6.756486586558063 -16.324833573404344
6.446035519525976 -17.27542293531549
7.257536618847421 -16.691072042614806
6.822287767040305 -15.790761853290823
7.822005667017492 -15.767010633002085
8.27671303183619 -14.876369733211583
7.996125721752007 -13.916541226956573
7.079180641740329 -14.31555466061812
7.900762678077887 -13.74546435411622
7.836644354861994 -12.747522050860173
6.844556268887004 -12.621978314789901
5.98502422100108 -13.13306016602024
6.533174031154689 -12.296679997897776
7.214022542937016 -11.564255732868421
6.962983375150606 -12.53223266246804
7.008780158646883 -11.533281885591924
7.283857636248113 -12.494703947600355
7.853323465967498 -11.672688942395455
6.854109452162753 -11.71232925793672
7.828443199827886 -11.937437561117248
8.7246297154896 -12.381115066909594
8.938225859137752 -13.358037114679341
8.274680293460307 -12.609901243149444
7.689974294241252 -11.798655969217295
8.482319223728576 -12.40872933588374
7.498779348562759 -12.228038124257912
7.843644199023892 -13.166690474660562
8.664498570366202 -12.59555292463586
8.109066934145856 -11.7639907216194
8.235979155511503 -12.755904673566866
9.205183499908967 -12.50964680303055
9.652617572107802 -11.615329884351514
10.091906667667878 -10.716984132136917
9.268468237029017 -10.149578500382164
9.53947822692983 -11.112155035195869
10.481713856540857 -11.447105805147979
9.767513444809062 -10.74716454198218
9.293553010629807 -9.866618400753561
8.308869703841015 -10.04097087515955
8.078230446088352 -11.01401020261929
7.935041095380393 -10.02431489099867
8.844507630728122 -10.440092020098623
8.408752196297021 -9.540026910585004
7.793483115759739 -8.751709741842113
7.068767973093437 -9.44075833373543
7.938494262449788 -8.947223956409559
8.901542263341426 -9.216553769053126
9.184695778751225 -10.175628368190791
8.192504365348277 -10.30035286125234
7.976010668201171 -11.27663687684185
7.042885147872078 -10.917086096964294
7.1966673858907395 -9.9289813336573
8.169223863294024 -10.161648259241737
9.097282608598103 -10.534082099359168
8.180819509594585 -10.934201316799253
9.011901029388348 -11.490351932601563
8.017442405350094 -11.385223225409174
8.690342834488792 -12.124956293795979
7.934933352934006 -11.46970327764334
7.528600125642765 -10.555978314430075
7.3279937366240375 -9.576306391445208
8.277074036040492 -9.261272130991568
7.303223731867179 -9.034081495045573
6.3105467791610215 -8.913282208764501
6.910209202514142 -8.113029137531242
5.916646825780143 -7.9997427590972645
6.146232911619592 -7.026454400393164
7.132435992890854 -6.860914427905948
7.3140717966832876 -7.844280298160085
6.713400265047653 -8.643776208770328
6.499253464972342 -7.666974720228514
5.510278705584772 -7.518890537095069
6.503464634957583 -7.635431129576263
7.407652317806551 -8.06256651114072
8.23108949938026 -8.629973955577208
7.244374802214432 -8.792436586347941
6.6362778028966 -7.998573852986154
7.287863657091717 -7.239998955818565
7.7456262629409025 -8.12907341652822
7.467822220042028 -9.089711180593865
7.159160185784084 -10.040882957197727
6.260528408163674 -10.47958664791708
5.263330874937422 -10.554400281216616
6.124080791779517 -10.04537220668995
5.604219251684854 -9.19112167017832
6.597248565771777 -9.073254026763964
6.626414427242608 -8.073679440990263
5.675599920123204 -7.763918608974198
4.726536663937901 -7.44883300828932
4.249537548526805 -8.327736782258366
4.021936078467752 -9.301491151094243
4.923545603047872 -9.734042032709816
4.073177153851436 -9.207854327977703
4.2994733852400016 -10.181912855818474
3.5096906055747796 -10.795299488330363
2.6803851621570507 -10.23650392507156
3.571331234977443 -10.690613047778779
4.395686865001653 -10.124540795104805
4.128987315897331 -9.160761074158389
3.268326627762718 -9.669940001353588
3.0937866936741862 -8.685289905426933
2.101423992844212 -8.561935659446345
3.0909229358978783 -8.706475763554781
2.979250656415565 -7.712730674512715
3.090620867327105 -8.706509662075604
3.8410739820130924 -8.045585973093207
3.572976653919795 -9.00897780545906
3.118152933203813 -8.11839631953311
2.132545442771251 -8.28744623761421
1.242206522070012 -7.832147866999343
0.4574236038690003 -7.212377126079845
-0.3829786056801028 -7.75434034086936
0.5618764897175332 -8.081829040981477
-0.38053190715286667 -8.416293409051026
-0.859573521270367 -7.538501217274578
-1.4898598000904753 -6.7621384111516285
-1.672618792488875 -5.778980666586942
-2.388223862138444 -5.080475559739587
-3.3330258512372968 -4.752833679945732
-3.2523479251975895 -3.756093456893641
-3.8684626033006135 -4.543749919716112
-2.868462603926931 -4.543785312300035
-2.9510006963087845 -5.540373222775556
-1.965996459243315 -5.712903373656705
-2.9563148810844755 -5.851717722201924
-1.9563322264150798 -5.845827869882215
-2.428147231503189 -6.727525437630764
-2.399480867420336 -7.727114472969922
-3.3114945150200574 -7.316954618045221
-2.323856355214845 -7.160203652189908
-3.294406918293209 -6.919306154261287
-4.1338761399408535 -7.462713391889107
-4.706218120871169 -8.282728426424915
-5.686607746259485 -8.085659447559756
-5.239632557258619 -7.191113093021524
-5.923082601531733 -6.461115807421722
-5.872963440329201 -7.4598590525454895
-5.55884063164455 -8.40924141022024
-4.889100999411244 -9.151837414125456
-3.9350353862070895 -8.85223967431192
-3.4191809019778177 -7.995563451284484
-3.0109256950551373 -7.082695615275065
-2.4819617331563064 -7.931339902955299
-1.652604895362149 -8.49005918453065
-2.6455832040692266 -8.371762614685066
-1.764966704045868 -8.845592309709144
-2.637300654031116 -8.356681806955178
-2.0527847397619956 -7.54529956290116
-1.959088957165558 -6.5496986888940905
-1.0904386649932443 -6.054272942783784
-0.7770349414732933 -7.0038929226093085
-1.7243858092889242 -7.324090257465443
-1.0070407934302705 -6.627372145010522
-1.548683199940986 -7.467981152498118
-1.024905195374585 -8.31983595346624
-2.017822126939893 -8.438646588558111
-2.060391345990359 -7.439553068616442
-3.06015964072603 -7.418027343510682
-2.108820104708915 -7.109882755353206
-2.755447909954077 -6.34707709105605
-3.243357832457928 -7.2199710751814345
-4.1463772431937915 -7.649570823591804
-4.954823974858832 -7.061001471637327
-4.507938910945228 -7.955592853023786
-3.5102406528300674 -8.023402776736873
-2.600947441675006 -7.607246728904672
-3.5982214656053495 -7.533459730092001
-4.526376222682758 -7.9056542315486675
-4.232293563014646 -8.86143422154769
-4.553561200112729 -7.9144457816217235
-5.356865578852587 -7.318877082731856
